pedestrian -1 -1 -10 294.7 159.38 319.498 222.34 1.44084184038 0.745920477962 0.203999456901 -14.3122202574 1.46542546802 34.7716913164 0.00753464155925 0.019066
pedestrian -1 -1 -10 840.31 124.22 872.366 208.146 1.89979140758 1.18786958831 1.12299980119 5.59469293863 1.15103868043 16.0631860164 0.00753464155925 0.0050767
pedestrian -1 -1 -10 303.8 162.55 320.893 214.472 1.56782784128 0.58493500193 0.647999565128 -14.750563368 1.13099092877 37.1587119506 0.00753464155925 0.0039748
pedestrian -1 -1 -10 837.74 113.68 874.248 175.163 1.54783005619 1.17487052414 1.12299980119 5.59463338786 0.79917354884 16.0722914928 0.00753464155925 0.0037158
pedestrian -1 -1 -10 850.35 120.14 870.238 171.715 1.4788376261 1.18087038563 1.11799968828 5.68184849355 0.733598896301 16.0370897706 0.00753464155925 0.002589
pedestrian -1 -1 -10 842.6 120.56 864.612 186.159 1.66581707168 1.19286915503 1.09799971348 5.58241868725 0.91765814029 16.1045068594 0.00753464155925 0.002226
pedestrian -1 -1 -10 307.75 153.01 331.701 221.08 1.28485891998 0.787915694071 0.763000254717 -14.6923872138 0.849482617441 37.2618620635 0.00753464155925 0.0022171
pedestrian -1 -1 -10 837.51 185.14 853.754 226.529 1.51583353448 1.18387031637 0.662999903859 5.38127876286 1.30805423473 15.4435421733 0.00753464155925 0.0018839
pedestrian -1 -1 -10 302.96 163.96 341.859 228.474 1.56782784128 0.787915694071 0.763000254717 -14.6922999646 1.13245153875 37.2597667952 0.00753464155925 0.0015833
pedestrian -1 -1 -10 796.07 182.44 815.666 232.64 1.63582036424 0.660927843833 0.984999831994 3.04268718248 1.2365558354 11.5320677317 0.00753464155925 0.0015395
pedestrian -1 -1 -10 698.22 159.51 733.095 248.659 1.92978805543 1.17287184174 0.670999917623 2.10587699857 1.5321872388 12.2110190016 0.00753464155925 0.0012764
pedestrian -1 -1 -10 840.15 169.09 863.153 217.202 2.02277792894 1.19287010859 0.78899979281 5.44437141924 1.2815368763 15.4827173223 0.00753464155925 0.0012734
pedestrian -1 -1 -10 97.858 124.27 130.001 196.065 1.40584559727 0.546940964903 0.204000410575 -14.6712724504 0.748618149474 21.8084587127 0.00753464155925 0.0012445
pedestrian -1 -1 -10 857.01 116.99 877.65 170.633 1.54982987046 1.18687024711 1.17699968548 5.81057393556 0.798912667969 16.0636821573 0.00753464155925 0.00099633
pedestrian -1 -1 -10 851.91 146.01 881.832 215.901 2.00278014385 1.15587350563 1.18199979839 5.80809683666 1.25163532197 16.0448491262 0.00753464155925 0.00098948
pedestrian -1 -1 -10 825.03 140.91 862.691 220.86 2.04277565444 1.16487329786 0.561999625786 5.31980855237 1.30515879992 16.8026364386 0.00753464155925 0.00063757
pedestrian -1 -1 -10 286.13 153.22 331.976 229.665 1.44084184038 0.745920477962 0.203999456901 -14.3122202574 1.46542546802 34.7716913164 0.00753464155925 0.00061302
pedestrian -1 -1 -10 855.07 114.22 892.825 192.619 1.55182962513 1.18786958831 1.17199957257 5.97507213707 0.798800297266 16.0629589595 0.00753464155925 0.00046632
pedestrian -1 -1 -10 790.57 186.68 810.098 237.849 1.63582036424 0.660927843833 1.07199969855 2.99918848043 1.23658750655 11.5323950161 0.00753464155925 0.00046257
pedestrian -1 -1 -10 827.96 147.55 853.012 203.106 2.04277565444 1.15987277757 0.561999625786 5.32113071678 1.30775662162 16.9781111953 0.00753464155925 0.0004625
pedestrian -1 -1 -10 783.91 174.92 807.231 223.895 1.69381396485 0.853906541838 1.15399969062 2.95893453209 1.29603939731 11.628760683 0.00753464155925 0.00045721
pedestrian -1 -1 -10 687.63 151.81 706.819 197.625 1.43184278047 1.13587523878 0.636999769721 2.09700895621 1.4687991783 18.1916629392 0.00753464155925 0.00041281
pedestrian -1 -1 -10 706.11 165.47 727.163 238.486 1.92978805543 1.19486974457 0.659999764587 2.10024146937 1.53192479657 12.1930627398 0.00753464155925 0.00034509
pedestrian -1 -1 -10 695.9 149.61 713.129 197.482 0.3099659431 0.106986722675 0.0239996836629 5.60917586778 -0.0991848808184 40.5606956711 0.00753464155925 0.00028995
pedestrian -1 -1 -10 827.48 180.57 846.378 227.715 2.00078032958 1.18987017785 0.787999865595 5.42935337033 1.25632386502 16.3456601167 0.00753464155925 0.00025593
pedestrian -1 -1 -10 357.82 118.53 388.401 207.57 0.323964419485 0.0809924086165 0.137000041986 -14.3021157955 0.473753496133 45.2609739925 0.00753464155925 0.00021832
pedestrian -1 -1 -10 863.87 123.1 882.154 178.792 1.65681805647 1.18087038563 1.1779996127 5.95413133061 0.903855826741 16.0658390661 0.00753464155925 0.00016923
pedestrian -1 -1 -10 622.53 158.14 649.916 210.091 1.52083298075 0.611932471468 0.645999770303 1.16527357106 1.48135215546 29.1986739445 0.00753464155925 0.00016633
pedestrian -1 -1 -10 862.4 141.69 901.823 200.425 1.97478310168 1.08288154804 1.18199979839 6.15132194158 1.22186988093 16.0750011725 0.00753464155925 0.00016138
pedestrian -1 -1 -10 676.11 150.84 704.487 206.68 1.43184278047 1.16087402591 0.62499980868 2.10111403627 1.46507199575 17.9401533086 0.00753464155925 0.00015288
pedestrian -1 -1 -10 784.77 174.31 819.054 238.16 1.63582036424 0.660927843833 1.04499975641 3.0126880694 1.23657767758 11.5322934451 0.00753464155925 0.00014943
pedestrian -1 -1 -10 319.9 149.77 339.153 205.783 1.28485891998 0.462950532684 0.607000165142 -14.6131651403 0.851831238004 37.4237531759 0.00753464155925 0.00012404
pedestrian -1 -1 -10 689.98 154.15 720.101 213.733 0.3099659431 0.106986722675 0.0239996836629 5.60917586778 -0.0991848808184 40.5606956711 0.00753464155925 9.9829e-05
pedestrian -1 -1 -10 818.59 162.95 851.493 230.981 2.04277565444 1.1678732286 0.831999524062 5.45409273747 1.30366166667 16.7071332194 0.00753464155925 5.4218e-05
pedestrian -1 -1 -10 696.92 171.29 718.15 236.222 1.84879697812 1.18886988308 0.456999758064 2.00766551513 1.46465405761 13.1162838264 0.00753464155925 5.0037e-05
pedestrian -1 -1 -10 316.5 136.01 347.034 220.641 1.28485891998 0.403958887602 0.607000165142 -14.6129429019 0.852267897466 37.4532481612 0.00753464155925 2.4777e-05
pedestrian -1 -1 -10 530.52 156.43 550.819 203.763 1.92078912961 0.311966097218 0.417999854879 -2.90035630372 0.904024517676 32.6612872156 0.00753464155925 2.3013e-05
pedestrian -1 -1 -10 275.27 101.79 320.787 200.89 1.42584345686 0.735919437395 0.673999580057 -14.6428825481 0.291080214094 34.0003478811 0.00753464155925 1.6651e-05
pedestrian -1 -1 -10 1113.3 0.0 1241.98 375.0 1.73480956137 0.178980292635 1.19599973307 9.30130657387 0.995927483966 11.685232662 0.00753464155925 1.3551e-05
pedestrian -1 -1 -10 773.61 178.65 808.419 244.461 1.68781470084 0.800912851101 1.18399965282 2.90873439896 1.28968427475 11.6026852018 0.00753464155925 9.3373e-06
pedestrian -1 -1 -10 799.98 172.78 829.206 254.85 1.63382057977 0.660927843833 0.848999717223 3.11068593179 1.23650632636 11.5315413058 0.00753464155925 3.7576e-06
pedestrian -1 -1 -10 540.32 149.07 559.455 201.031 2.2637514062 0.271969563511 0.613999894063 -2.78341650286 1.12820746763 39.0275049973 0.00753464155925 2.0195e-06
pedestrian -1 -1 -10 531.44 131.01 561.93 201.928 1.68881460797 0.311966097218 0.417999854879 -2.90042782955 0.672049996038 32.6630048914 0.00753464155925 6.1927e-07
