pedestrian -1 -1 -10 405.54 187.98 420.147 217.875 1.58082642543 1.17687111368 0.27499953435 -7.06726938517 1.51140884156 26.6988504513 0.00753464155925 0.015257
pedestrian -1 -1 -10 920.47 153.51 931.773 185.806 0.350961509819 0.0339966722237 0.0129985769536 19.6955936214 -0.12671949118 44.4883262889 0.00753464155925 0.0058517
pedestrian -1 -1 -10 335.26 133.1 352.212 174.887 1.51383375001 1.0308871985 0.571999851607 -7.39523848256 0.710416444563 19.6677114616 0.00753464155925 0.0012839
pedestrian -1 -1 -10 409.81 189.88 425.309 221.322 1.29685759699 1.0318865397 0.0850000121274 -7.15658062906 1.23685551132 27.4680922504 0.00753464155925 0.001051
pedestrian -1 -1 -10 77.168 171.07 101.742 223.666 1.56882768882 0.35695933693 0.27999964726 -14.0626180093 0.65925520879 19.650104415 0.00753464155925 0.00050158
pedestrian -1 -1 -10 342.05 126.41 355.671 170.822 0.688924310331 0.229976254541 0.333999531548 -8.1682854927 -0.182273645904 23.0336093696 0.00753464155924 0.00049942
pedestrian -1 -1 -10 887.08 174.21 910.023 227.389 0.95389529061 0.591934204615 0.307000066241 10.336918155 1.66776902246 25.4161004007 0.00753464155925 0.00048845
pedestrian -1 -1 -10 65.907 163.34 97.14 223.841 1.56882768882 0.35695933693 0.27999964726 -14.0626180093 0.65925520879 19.650104415 0.00753464155925 0.00017453
pedestrian -1 -1 -10 338.56 121.87 364.756 175.29 0.688924310331 0.229976254541 0.333999531548 -8.1682854927 -0.182273645904 23.0336093696 0.00753464155924 0.00016261
pedestrian -1 -1 -10 874.76 188.48 890.545 227.949 1.43384255004 0.348960793044 0.539000346175 11.0635177806 0.997585701436 29.9672264089 0.00753464155925 1.5298e-05
