pedestrian -1 -1 -10 859.03 157.22 872.153 180.657 1.15787285948 0.387956078412 0.468000268727 9.90726363418 0.72773894133 27.0929931238 0.00753464155925 0.38555
pedestrian -1 -1 -10 770.89 173.74 796.446 214.021 2.30174728131 1.13587523878 0.718999642576 6.35199758951 1.4029017489 25.0009603885 0.00753464155925 0.22728
pedestrian -1 -1 -10 780.61 181.07 793.253 215.558 2.30174728131 1.16087211877 0.851999498866 6.41774603005 1.40138048868 24.9009740779 0.00753464155925 0.12538
pedestrian -1 -1 -10 769.44 176.66 782.536 215.033 1.54083082545 0.589935522213 0.0919999794671 6.07494684473 1.27059000197 25.4364357416 0.00753464155925 0.10882
pedestrian -1 -1 -10 716.53 161.13 729.561 195.202 0.611932787063 0.467951052967 0.58199960059 7.41226091184 0.754642536683 45.4148780899 0.00753464155925 0.026509
pedestrian -1 -1 -10 751.34 158.91 762.645 188.808 0.0999890208244 0.0 0.0 16.0239700609 0.586913556192 75.6388626024 0.0 0.0073222
pedestrian -1 -1 -10 783.64 171.56 805.845 215.925 2.30174728131 1.13587523878 1.01099937009 6.49799332086 1.40279545027 24.9998619159 0.00753464155925 0.0044115
pedestrian -1 -1 -10 1046.1 162.41 1112.15 315.12 2.0357764535 1.19786872174 0.377000216474 6.08701332116 1.40174790762 9.17482242129 0.00753464155925 0.0029753
pedestrian -1 -1 -10 723.17 162.24 738.881 198.025 0.0999890208244 0.211982391508 0.409999721906 11.9590243406 0.509548452663 68.6246661805 0.00753464155925 0.0029558
pedestrian -1 -1 -10 794.48 163.04 813.418 210.288 2.30174728131 0.747917253224 0.856999611777 6.5726856965 1.39820983026 24.693325034 0.00753464155925 0.0028831
pedestrian -1 -1 -10 858.22 155.18 874.989 191.982 1.15787285948 0.387956078412 0.468000268727 9.90726363418 0.72773894133 27.0929931238 0.00753464155925 0.0026382
pedestrian -1 -1 -10 731.44 162.43 750.238 198.76 0.535941148579 0.334962387675 0.283999832955 7.19089811812 0.595932139305 38.3348554046 0.00753464155925 0.0025407
pedestrian -1 -1 -10 252.34 170.46 268.913 212.619 2.50172537064 0.614932402211 0.232000279934 -8.94668210934 1.69211071331 18.6370377075 0.00753464155925 0.0019428
pedestrian -1 -1 -10 781.42 161.85 815.751 220.112 2.30174728131 1.15687284683 0.944999405548 6.53088313232 1.40255679271 24.9851159664 0.00753464155925 0.0017944
pedestrian -1 -1 -10 253.78 211.83 280.861 274.862 2.34374260617 0.675925590403 0.962000075546 -5.57852509121 1.68862562533 12.1251473244 0.00753464155925 0.0014201
pedestrian -1 -1 -10 256.49 174.38 275.032 216.747 2.34374260617 0.675925590403 0.962000075546 -5.57852509121 1.68862562533 12.1251473244 0.00753464155925 0.0013776
pedestrian -1 -1 -10 819.02 148.73 887.426 229.779 1.42284371311 1.17887027287 0.630999848805 2.48297116441 1.38821408975 7.1608601533 0.00753464155925 0.0012003
pedestrian -1 -1 -10 789.1 156.11 808.4 203.641 2.30174728131 0.6859256774 0.894999706956 6.55410808175 1.39905261365 24.749460972 0.00753464155925 0.0010334
pedestrian -1 -1 -10 234.98 201.0 255.66 249.014 2.56671811259 1.19287010859 0.133999783505 -8.93293086555 1.75675713756 17.8033439585 0.00753464155925 0.00097786
pedestrian -1 -1 -10 401.56 174.04 422.314 225.035 2.54072100389 1.03288778804 1.06999984412 -5.5815180695 1.7346901563 20.5046020158 0.00753464155925 0.00092755
pedestrian -1 -1 -10 739.72 156.31 753.829 191.858 0.291967942476 0.167980864438 0.379000070904 7.82978565345 0.36809947078 39.7233029113 0.00753464155925 0.00078252
pedestrian -1 -1 -10 789.99 179.81 809.23 228.42 2.13476556123 0.754916455909 0.980999646298 6.51076528837 1.39830677932 24.6960545804 0.00753464155925 0.0007326
pedestrian -1 -1 -10 240.59 168.16 260.47 215.823 2.57871681941 1.18586899877 0.147000267807 -8.92456829401 1.76238547849 18.1838387836 0.00753464155925 0.00060435
pedestrian -1 -1 -10 248.67 207.7 266.781 257.467 2.57171755887 1.03688515285 0.232000279934 -8.9482458284 1.76597884418 18.4254454042 0.00753464155925 0.00035681
pedestrian -1 -1 -10 239.93 194.62 261.039 241.62 2.57171755887 1.19086951905 0.147000267807 -8.92513493732 1.76126788324 18.1082968821 0.00753464155925 0.00028293
pedestrian -1 -1 -10 268.31 186.16 283.293 224.683 2.34374260617 0.675925590403 0.962000075546 -5.57852509121 1.68862562533 12.1251473244 0.00753464155925 0.00027237
pedestrian -1 -1 -10 781.0 177.04 805.884 243.393 2.01777842307 1.16087211877 1.01099937009 6.49798670799 1.40261042196 24.9852611582 0.00753464155925 0.00024244
pedestrian -1 -1 -10 240.99 212.0 260.498 257.884 2.34574236084 1.18587090591 0.145999863755 -8.9243277543 1.76173380958 18.138116337 0.00753464155925 0.00021668
pedestrian -1 -1 -10 236.42 191.75 267.227 259.25 2.57871681941 1.19086951905 0.164000460967 -8.91579346369 1.76291956623 18.2202688199 0.00753464155925 0.00020157
pedestrian -1 -1 -10 238.91 164.82 270.713 225.99 2.57871681941 1.18886892951 0.204999860953 -8.93548646292 1.7645183773 18.3274096019 0.00753464155925 0.00014255
pedestrian -1 -1 -10 713.65 158.86 749.239 193.885 0.0999890208244 0.211982391508 0.409999721906 11.9590243406 0.509548452663 68.6246661805 0.00753464155925 0.00010455
pedestrian -1 -1 -10 799.62 160.15 839.964 234.333 1.76780587101 0.795914237957 0.276999865616 5.99829825122 0.960173985352 20.141556917 0.00753464155925 9.2866e-05
pedestrian -1 -1 -10 204.26 165.93 222.428 206.985 2.35774112725 1.19086951905 0.104000059717 -8.94132172416 1.56743570985 16.430473908 0.00753464155925 7.8134e-05
pedestrian -1 -1 -10 245.38 184.01 278.406 256.314 2.50172537064 0.598933407299 0.232000279934 -8.94662183656 1.69222913876 18.6450369779 0.00753464155925 6.0796e-05
pedestrian -1 -1 -10 784.98 140.85 803.045 195.835 2.16276260339 1.15287357489 1.01099937009 6.49745701198 1.26284121951 24.9354007684 0.00753464155925 6.0639e-05
pedestrian -1 -1 -10 847.65 153.07 890.048 213.744 1.54383045931 1.18487013435 0.880999772277 2.60118558756 1.50057693546 6.7851498515 0.00753464155925 5.562e-05
pedestrian -1 -1 -10 843.9 145.94 901.294 250.47 1.54383045931 1.17987056764 0.887999739616 2.5971847111 1.49959512239 6.71868564655 0.00753464155925 3.4409e-05
pedestrian -1 -1 -10 664.11 161.83 676.517 199.836 0.100988913059 0.165982182036 0.778999566989 6.41797281292 0.870268098837 70.3983231153 0.00753464155925 3.3633e-05
pedestrian -1 -1 -10 779.49 150.53 798.113 198.445 2.16276260339 1.15287357489 0.90999956885 6.44695854072 1.26287798715 24.9357807192 0.00753464155925 2.4348e-05
pedestrian -1 -1 -10 848.32 159.86 867.681 209.199 1.42484349385 1.19086951905 0.734999670103 2.53329105134 1.38684473515 7.07050374665 0.00753464155925 2.4084e-06
