pedestrian -1 -1 -10 204.71 166.38 224.868 227.323 2.28474906862 1.18087038563 0.723000305109 -9.56450121828 1.45820393353 18.0774724752 0.00753464155925 0.0024802
pedestrian -1 -1 -10 758.84 196.45 782.253 243.595 2.24775324964 0.997890821049 1.07799973868 3.03574366976 1.57709798282 13.5963928953 0.00753464155925 0.00078191
pedestrian -1 -1 -10 213.62 167.91 234.438 228.156 2.29074845183 1.17886979609 0.746999511935 -9.55321115856 1.46466678726 18.5143957564 0.00753464155925 0.00037698
pedestrian -1 -1 -10 765.01 171.99 797.042 238.567 0.450950435286 0.562938052674 0.412999980387 6.62008493467 1.55502708843 27.1667907073 0.00753464155925 0.00025051
pedestrian -1 -1 -10 927.13 148.67 952.297 194.354 1.9407869147 1.15287357489 0.652999678038 9.81219882783 1.07907385464 21.3070049847 0.00753464155925 0.0002491
pedestrian -1 -1 -10 750.32 163.86 767.722 211.452 0.353961141824 0.115988422041 0.208999569812 7.53717496346 1.00034844643 35.1989829394 0.00753464155925 0.00019387
pedestrian -1 -1 -10 235.24 169.63 256.683 226.558 2.1457644503 1.14387378266 0.539999796552 -9.99355489986 1.30414015438 19.6086677236 0.00753464155925 0.00016942
pedestrian -1 -1 -10 746.31 170.18 776.32 242.355 0.958894736883 0.55693819119 0.697999740557 7.20726379191 1.82816054084 34.5631015589 0.00753464155925 0.00011407
pedestrian -1 -1 -10 919.5 149.02 937.725 195.195 2.23875411523 1.10587974563 1.11599983385 9.0964900141 1.39509806047 20.4683083428 0.00753464155925 0.00010599
pedestrian -1 -1 -10 913.22 147.43 931.799 194.208 2.24275374377 1.00388972896 1.19299947459 9.03355864999 1.40025411934 20.5437469022 0.00753464155925 7.5283e-05
pedestrian -1 -1 -10 220.59 169.88 240.474 225.121 2.29074845183 1.17387118294 0.742999803076 -9.55303746506 1.4689387734 18.8028717972 0.00753464155925 5.5019e-05
pedestrian -1 -1 -10 748.95 196.42 767.93 238.359 0.101988775495 0.0879916113014 0.283999832955 6.38700233636 1.70995111455 29.8495399973 0.00753464155925 4.5826e-05
pedestrian -1 -1 -10 907.29 190.99 954.246 275.388 0.820909876702 0.690924290544 0.941000173527 8.33274822317 1.62644770893 18.3543528987 0.00753464155925 2.9068e-05
pedestrian -1 -1 -10 927.09 126.8 963.127 195.63 0.343962249277 0.337964225556 0.968000115671 9.25638694073 -0.496636137029 19.6149643683 0.00753464155925 2.3628e-05
pedestrian -1 -1 -10 879.8 191.74 945.877 260.933 1.45783999347 1.09887958938 0.842999677098 3.36490299313 1.73875721634 8.31244475642 0.00753464155925 1.9154e-05
pedestrian -1 -1 -10 1208.2 95.453 1241.94 162.594 1.46683897888 1.18786958831 0.721999901057 11.7636565707 0.647746290965 13.869653558 0.00753464155925 1.6711e-05
