pedestrian -1 -1 -10 387.88 147.61 408.809 200.581 0.0999890208244 0.0 0.0 -17.9222733265 0.736582090242 61.1003865714 0.0 0.019074
pedestrian -1 -1 -10 608.03 183.45 618.926 207.105 0.763916093829 0.483948140739 0.779999762425 0.333269056353 1.70333167283 36.7190909914 0.00753464155925 0.0062558
pedestrian -1 -1 -10 602.45 183.93 613.108 209.28 0.763916093829 0.483948140739 0.779999762425 0.333269056353 1.70333167283 36.7190909914 0.00753464155925 0.0047713
pedestrian -1 -1 -10 485.92 168.71 500.837 199.523 0.100988913059 0.187979131292 0.121999703255 -7.18855127881 0.795152384915 46.7956857381 0.00753464155925 0.0013763
pedestrian -1 -1 -10 34.294 196.41 51.222 238.929 2.09676980531 1.19186981382 1.13699973587 -7.91778503988 1.41536182924 10.186720172 0.00753464155925 0.0008984
pedestrian -1 -1 -10 390.25 157.93 417.825 205.567 0.375958711386 0.172981384721 0.293999581939 -11.9241950183 0.995865420323 43.0004050295 0.00753464155925 0.00040997
pedestrian -1 -1 -10 378.33 145.22 400.46 203.652 2.08577103543 0.868904288408 0.519999344911 -10.2791736409 1.00789572179 34.4393060131 0.00753464155925 0.00024784
pedestrian -1 -1 -10 950.41 246.72 997.748 338.898 1.46483910502 0.773915381562 1.01999966869 2.9389918894 1.58601518851 5.88213126003 0.00753464155925 8.38e-05
pedestrian -1 -1 -10 964.12 265.75 980.633 321.373 1.46483910502 0.773915381562 1.00599973401 2.93199212018 1.58602028501 5.88218392633 0.00753464155925 5.5598e-05
pedestrian -1 -1 -10 483.21 167.84 515.527 206.533 0.343962249277 0.0289961519404 0.0760001903584 -6.36805370334 -0.0621070021318 46.8204960906 0.00753464155925 5.1281e-05
pedestrian -1 -1 -10 30.141 185.06 66.782 234.046 2.14076500403 1.19086951905 0.884000030758 -7.63210758041 1.46960241228 9.67451998222 0.00753464155925 3.5697e-05
pedestrian -1 -1 -10 803.38 173.2 863.546 244.02 1.3318538103 1.17987056764 0.606999688305 2.21675950474 1.47770752246 7.51941703225 0.00753464155925 7.9745e-10
