pedestrian -1 -1 -10 866.92 140.06 888.753 211.218 1.96778390074 1.08688081998 0.493999806819 3.12260900831 1.38806699904 8.53226588221 0.00753464155925 0.017521
pedestrian -1 -1 -10 855.58 202.1 875.499 255.339 2.32574463534 1.18387031637 0.721999662639 3.00807100864 1.74483031607 8.44398480491 0.00753464155925 0.013479
pedestrian -1 -1 -10 886.92 185.88 899.163 232.272 2.24575337577 0.9278987942 0.493999806819 3.12209578537 1.66485968021 8.45071887624 0.00753464155925 0.01202
pedestrian -1 -1 -10 848.51 205.08 867.965 250.534 2.32274494374 1.19486974457 0.721999662639 3.00985181639 1.74533141734 8.68047466027 0.00753464155925 0.0046108
pedestrian -1 -1 -10 856.85 199.64 888.082 274.723 2.27075072634 0.982892120908 0.493999806819 3.12231066846 1.69026409446 8.47802966401 0.00753464155925 0.0041046
pedestrian -1 -1 -10 857.12 124.56 887.665 229.85 1.96778390074 1.11687726669 0.493999806819 3.12272201348 1.38828903442 8.54726367984 0.00753464155925 0.0018419
pedestrian -1 -1 -10 578.73 174.22 596.75 220.942 0.340962557674 0.520942836565 0.792999620878 -1.36467796379 -0.0596906723312 46.6517220691 0.00753464155925 0.0017455
pedestrian -1 -1 -10 893.25 294.56 912.568 338.911 2.31274608099 1.194868791 1.0259994704 2.86259713036 1.76328228888 7.05001933042 0.00753464155925 0.00098961
pedestrian -1 -1 -10 851.54 218.23 873.295 271.29 2.31974525214 1.19586908577 0.721999662639 3.00888280537 1.74042960595 8.55201461039 0.00753464155925 0.00095945
pedestrian -1 -1 -10 842.13 118.22 884.995 271.79 2.10776851559 1.08688081998 0.493999806819 3.12265217045 1.52805161389 8.5312293538 0.00753464155925 0.00073124
pedestrian -1 -1 -10 780.93 256.38 796.416 295.946 2.19475897611 1.16787227503 0.854999757347 3.04040963247 1.86932136531 12.2584551152 0.00753464155925 0.00071154
pedestrian -1 -1 -10 881.91 179.84 895.861 231.451 2.25375251365 0.987891687622 0.493999806819 3.12232426212 1.67330288885 8.48065524117 0.00753464155925 0.00066653
pedestrian -1 -1 -10 882.21 183.58 908.329 250.674 2.20875749719 1.05388444253 0.493999806819 3.12255900211 1.62879635446 8.51398385157 0.00753464155925 0.00051589
pedestrian -1 -1 -10 840.63 204.36 872.781 268.718 2.32274494374 1.19486974457 0.721999662639 3.00985181639 1.74533141734 8.68047466027 0.00753464155925 0.00049195
pedestrian -1 -1 -10 875.36 181.52 894.304 243.545 2.25375251365 1.01388886239 0.493999806819 3.12242220089 1.67349532139 8.49365345959 0.00753464155925 0.00038305
pedestrian -1 -1 -10 848.3 188.94 880.58 256.443 2.32574463534 1.18686929354 0.721999662639 3.00812751302 1.74494133729 8.45148394211 0.00753464155925 0.00034735
pedestrian -1 -1 -10 842.29 216.2 861.663 266.876 2.32374488067 1.18486965757 0.654999770886 3.04504621428 1.74963752276 8.905184081 0.00753464155925 0.00030767
pedestrian -1 -1 -10 866.11 181.78 902.181 270.589 2.25375251365 1.04888487581 0.493999806819 3.12255404085 1.67375436384 8.51115096961 0.00753464155925 0.00030698
pedestrian -1 -1 -10 186.52 276.75 218.114 356.891 2.34274275863 1.19586908577 1.14599979606 -3.57633219367 1.79591972981 6.28466195834 0.00753464155925 0.00029813
pedestrian -1 -1 -10 1059.4 174.99 1078.02 216.877 1.30085713613 1.19386897301 1.1979995875 5.19240544161 0.694882263626 8.13344233593 0.00753464155925 0.00015133
pedestrian -1 -1 -10 845.64 222.65 867.285 278.687 2.32374488067 1.18987017785 0.654999770886 3.04407812817 1.74773540298 8.77670181964 0.00753464155925 0.00012735
pedestrian -1 -1 -10 1081.4 176.33 1115.69 237.492 0.436952033399 1.18586995234 0.643999856269 4.80455825158 0.531486730525 6.66718675995 0.00753464155925 0.00011901
pedestrian -1 -1 -10 572.96 163.61 601.73 222.333 0.340962557674 0.520942836565 0.792999620878 -1.36467796379 -0.0596906723312 46.6517220691 0.00753464155925 0.00011871
pedestrian -1 -1 -10 184.01 283.11 207.392 346.48 2.35574134278 1.18487013435 1.12799967569 -3.56831906781 1.80696523369 6.15301612603 0.00753464155925 0.00011329
pedestrian -1 -1 -10 193.31 274.95 212.856 334.341 2.31374589873 1.18387031637 1.01199977414 -3.71434276167 1.76897800042 6.41790423875 0.00753464155925 8.1545e-05
pedestrian -1 -1 -10 882.48 129.62 913.572 211.208 1.86879482281 0.787913786932 0.556999751294 3.09601551723 1.3173173905 6.92705965221 0.00753464155925 5.6086e-05
pedestrian -1 -1 -10 779.79 241.14 799.847 283.948 2.20875749719 1.19786872174 0.897999727019 3.27599604215 1.8023025018 12.8078523847 0.00753464155925 5.4612e-05
pedestrian -1 -1 -10 722.73 203.74 742.738 273.459 0.289968217605 0.974891669883 0.298999933268 3.92979592085 2.04682796462 21.6338233327 0.00753464155925 5.3574e-05
pedestrian -1 -1 -10 564.89 129.35 586.473 175.232 0.329963787792 0.306965576935 0.980999646298 -1.81729229682 -0.658904882818 47.0279726358 0.00753464155925 5.241e-05
pedestrian -1 -1 -10 773.17 250.1 803.94 301.074 2.20875749719 1.14787400817 0.817999827801 3.05536499812 1.87633444827 11.787277517 0.00753464155925 4.6824e-05
pedestrian -1 -1 -10 1061.1 191.1 1084.81 241.103 2.13776531243 1.19586908577 1.0149997942 3.04781820261 1.61527259776 4.62568522442 0.00753464155925 3.7417e-05
pedestrian -1 -1 -10 186.51 257.88 207.484 312.05 2.34274275863 1.1878700651 1.15499961783 -3.58140454162 1.79479801718 6.20870632183 0.00753464155925 3.4493e-05
pedestrian -1 -1 -10 774.63 231.66 794.265 278.285 2.36574020553 1.18586995234 1.07199969855 3.23406503878 1.86232286077 13.4835346332 0.00753464155925 2.6234e-05
pedestrian -1 -1 -10 566.32 168.08 589.394 226.035 0.377958495856 0.321963323506 0.554999777656 -1.68107070016 1.01579549888 44.6376801372 0.00753464155925 2.2176e-05
pedestrian -1 -1 -10 344.27 264.86 367.07 327.284 0.724920400977 1.17387118294 0.570999924392 -3.44342142233 1.88786545005 9.04270606895 0.00753464155925 1.8463e-05
pedestrian -1 -1 -10 752.17 140.85 773.513 190.557 1.32485451996 0.977893507765 0.591999826411 3.787645101 0.922651136024 17.9851908753 0.00753464155925 9.9007e-06
pedestrian -1 -1 -10 198.65 274.59 219.865 323.344 0.725920218714 0.48594682314 0.216999941203 -6.89290158582 1.89234290015 12.7131411393 0.00753464155925 5.441e-06
pedestrian -1 -1 -10 558.09 126.88 578.583 178.336 0.101988894691 0.0679933444475 0.152999831095 -2.23045050258 -0.884809467696 47.1522582699 0.00753464155925 3.6833e-06
pedestrian -1 -1 -10 32.938 0.0 220.348 375.0 1.79880245579 0.82790936707 0.691999938851 -3.87671938099 1.24978431339 6.12796160062 0.00753464155925 3.0006e-06
pedestrian -1 -1 -10 188.7 252.04 219.504 323.963 2.34074300396 1.19186981382 1.16799962529 -3.58708380002 1.79441646596 6.31775496761 0.00753464155925 2.4463e-06
pedestrian -1 -1 -10 558.03 131.29 594.269 185.35 0.329963787792 0.306965576935 0.980999646298 -1.81729229682 -0.658904882818 47.0279726358 0.00753464155925 4.0795e-07
pedestrian -1 -1 -10 376.59 194.21 394.884 254.937 0.946896089666 1.13287530803 0.876999586581 -3.53503434328 1.45095490102 11.0082777495 0.00753464155925 5.6053e-08
