pedestrian -1 -1 -10 769.84 137.97 834.127 323.47 1.86899157912 0.718999061719 0.67998482371 2.06675752655 1.46110252584 7.40978296413 0.78592802392802 0.99837
pedestrian -1 -1 -10 673.76 176.56 686.056 214.609 1.47099338621 0.922999710197 0.977996372405 1.3633085899 1.43642763914 13.1940021685 0.00692802392802 0.0014943
pedestrian -1 -1 -10 329.75 223.07 350.957 276.905 0.987995535135 0.646998920674 1.07599617321 -3.75764185803 1.3929112187 10.2576376087 0.00692802392802 0.0014121
pedestrian -1 -1 -10 668.94 176.43 681.782 213.179 2.26198982894 1.17999950552 1.03899613286 1.32915883726 1.43694123115 12.8242701139 0.00692802392802 0.0004546
pedestrian -1 -1 -10 179.57 196.13 199.269 235.806 2.24598992765 1.12599964129 1.19799497887 -7.68573063086 1.33428723386 13.2746259897 0.00692802392802 0.0004381
pedestrian -1 -1 -10 682.45 163.7 699.291 205.015 2.06899073273 0.624999576452 1.13299564256 1.85489831336 1.16564164517 14.4409640206 0.00692802392802 0.00039426
pedestrian -1 -1 -10 678.61 169.62 691.919 214.079 1.47099338621 1.08799956023 0.892996653436 1.40523587162 1.43640671705 13.1112096498 0.00692802392802 0.00039403
pedestrian -1 -1 -10 647.22 216.99 662.214 263.035 1.47199342847 1.0369989997 0.744997207273 1.18412446666 1.43819954488 12.9512390811 0.00692802392802 0.00023152
pedestrian -1 -1 -10 673.72 162.88 686.636 201.77 1.30499417931 0.710999960676 0.691997552201 1.77963950613 0.284951449963 17.8479900461 0.00692802392802 0.00022907
pedestrian -1 -1 -10 770.97 215.42 790.034 262.84 1.86299168319 0.583999238026 0.355998609805 2.07787016407 1.45505202968 7.42720278196 0.00692802392802 0.00018342
pedestrian -1 -1 -10 685.35 159.69 708.424 201.76 0.991995555162 0.501998561174 0.681997599288 2.66168693594 0.976574405793 17.8033642663 0.00692802392802 0.00016347
pedestrian -1 -1 -10 776.78 199.47 817.941 318.71 1.86899157912 0.618999061719 0.377998482371 2.06675752655 1.46110252584 7.40978296413 0.00692802392802 4.1921e-05
pedestrian -1 -1 -10 764.55 160.82 808.704 317.83 1.86899157912 0.618999061719 0.377998482371 2.06675752655 1.46110252584 7.40978296413 0.00692802392802 3.2628e-05
