pedestrian -1 -1 -10 476.89 163.53 516.957 244.378 1.91478968681 1.03888574239 0.620999742193 -2.1846987518 1.71002620723 14.9239735421 0.00753464155925 0.12338
pedestrian -1 -1 -10 475.3 167.23 498.89 237.188 1.9087904228 1.09587965864 0.620999742193 -2.18699462768 1.69951958338 14.6195598594 0.00753464155925 0.012745
pedestrian -1 -1 -10 467.32 155.59 485.168 198.959 0.339962680339 0.354960654529 0.55799944009 -8.60233297831 -0.685777220481 48.7127911412 0.00753464155925 0.012257
pedestrian -1 -1 -10 491.82 159.1 510.399 249.785 1.9087904228 1.02888660896 0.620999742193 -2.18526563101 1.70291675927 14.8490284993 0.00753464155925 0.011801
pedestrian -1 -1 -10 458.72 154.18 476.386 200.42 0.549939617514 0.120988942324 0.687999514737 -6.94456232474 0.341072550415 37.5551175523 0.00753464155925 0.0069814
pedestrian -1 -1 -10 498.92 163.74 518.01 216.036 1.89479190171 1.07088277864 0.620999742193 -2.18542815879 1.68860738019 14.8281346638 0.00753464155925 0.0045429
pedestrian -1 -1 -10 486.15 161.67 505.847 228.092 1.91478968681 1.10887776924 0.620999742193 -2.18496243172 1.70950812233 14.8889785221 0.00753464155925 0.0028417
pedestrian -1 -1 -10 869.33 173.71 881.065 208.952 0.737918985127 0.163981592495 0.276999865616 7.19109090464 1.18423394283 19.2405077549 0.00753464155925 0.0019372
pedestrian -1 -1 -10 496.39 161.95 525.872 258.555 1.83579836417 1.18586995234 0.614999702068 -2.1857725596 1.6230763632 14.3871100989 0.00753464155925 0.0016882
pedestrian -1 -1 -10 506.22 158.13 521.838 204.293 0.0999890208244 0.261968522944 0.143000082111 -7.32042921648 0.637567528948 55.6662294727 0.00753464155925 0.0013513
pedestrian -1 -1 -10 813.57 226.62 830.891 268.773 0.267970558645 0.597934066099 0.543999982248 4.33916966676 1.48501187994 13.4282602885 0.00753464155925 0.0012684
pedestrian -1 -1 -10 473.96 155.99 491.547 200.125 0.339962680339 0.479946961656 0.684999256256 -8.37736836296 -0.685015517419 48.7735934287 0.00753464155925 0.00087958
pedestrian -1 -1 -10 346.89 227.92 359.687 267.896 1.82080008495 1.19786872174 0.430999862344 -3.66808113344 1.5556314405 9.83853729412 0.00753464155925 0.00035114
pedestrian -1 -1 -10 480.72 158.27 496.942 207.618 0.353961141824 0.622932853236 0.859999870258 -7.90667184147 -0.0566084988299 48.0732542255 0.00753464155925 0.00017223
pedestrian -1 -1 -10 862.02 172.86 886.834 213.793 0.737918985127 0.163981592495 0.276999865616 7.19109090464 1.18423394283 19.2405077549 0.00753464155925 0.00016858
pedestrian -1 -1 -10 687.27 173.2 706.377 217.083 1.2538623352 0.594934135357 0.798999780212 3.49299528707 1.30892681187 26.5648506163 0.00753464155925 0.00012225
pedestrian -1 -1 -10 374.87 201.76 397.246 260.573 1.94578633118 1.19086951905 0.502999867006 -3.60734319659 1.75846731726 11.5177343933 0.00753464155925 0.00010602
pedestrian -1 -1 -10 352.22 223.07 367.317 263.602 1.82479959429 1.19686938054 0.519999821748 -3.71054827783 1.56365261697 10.108305096 0.00753464155925 0.00010477
pedestrian -1 -1 -10 322.71 222.8 343.427 268.887 2.09876953018 1.1938694498 0.413999669183 -3.66490844447 1.75604787138 9.12450524094 0.00753464155925 5.6214e-05
pedestrian -1 -1 -10 378.02 186.01 410.637 258.13 1.94578633118 1.17887074966 0.502999867006 -3.60625834051 1.7605988696 11.6617141087 0.00753464155925 4.0642e-05
