pedestrian -1 -1 -10 665.89 180.1 679.59 227.488 0.104988467098 0.133986099354 0.116999947972 1.71284874346 0.772571453252 19.3712059648 0.00753464155925 0.00021873
pedestrian -1 -1 -10 670.77 175.75 700.105 241.076 1.20886728894 1.1578731416 0.309999847885 1.77112264117 1.53773353315 15.2000349495 0.00753464155925 1.5065e-05
pedestrian -1 -1 -10 691.19 179.03 724.165 254.829 1.43584236431 1.09588061221 0.692999627647 2.09909128245 1.61594802113 13.2708205136 0.00753464155925 1.3358e-05
pedestrian -1 -1 -10 677.72 173.12 711.137 248.766 1.27486005723 1.15187423369 0.364999897806 1.7967309752 1.50607517828 14.9547654221 0.00753464155925 2.4184e-06
pedestrian -1 -1 -10 504.45 180.76 527.489 241.868 1.31785533392 1.17586986534 0.691999938851 -2.63672260821 1.6420382892 18.9540233211 0.00753464155925 1.1429e-06
pedestrian -1 -1 -10 863.87 256.96 925.48 343.566 1.44684110439 0.711921898598 1.13199962296 2.91005713458 1.62665172094 7.74687155752 0.00753464155925 1.1786e-07
pedestrian -1 -1 -10 143.97 207.36 185.257 309.38 0.880903231983 0.695922903687 0.888999666831 -8.3936757357 1.6439001199 14.1094649849 0.00753464155925 3.0969e-08
pedestrian -1 -1 -10 131.5 224.56 197.682 340.12 0.740918557534 1.17487147771 0.622000027036 -5.41932509849 1.49206150092 8.50399477151 0.00753464155925 5.6812e-09
pedestrian -1 -1 -10 857.93 268.0 902.793 347.276 1.44684110439 0.676925885174 1.19199954738 2.78492887089 1.62648368765 7.73031452124 0.00753464155925 3.9891e-09
pedestrian -1 -1 -10 122.33 215.25 164.963 297.253 0.991891106127 0.908900822116 1.09999956791 -5.69010704556 1.52871236762 8.80839187294 0.00753464155925 1.5785e-09
pedestrian -1 -1 -10 105.19 200.62 185.142 322.3 1.97978254796 1.19587003934 0.592999276789 -11.2482576124 1.53868394234 17.4291193134 0.00753464155925 1.9224e-10
pedestrian -1 -1 -10 105.83 245.75 162.512 329.466 0.431952587126 0.833909228554 0.33300008117 -5.27604743279 1.44243770152 8.3308394864 0.00753464155925 2.958e-13
