pedestrian -1 -1 -10 851.26 94.544 915.473 211.654 1.67581596422 0.767916473648 1.14299953758 3.38045164013 1.09168713703 8.99011274262 0.00753464155925 0.0009015
pedestrian -1 -1 -10 892.06 106.73 918.241 153.271 1.48283719504 0.389956667953 1.19599949465 3.62779003943 0.892381511959 8.84475125861 0.00753464155925 0.00021015
pedestrian -1 -1 -10 866.05 101.96 898.456 171.283 1.53483147204 0.722921326796 1.1389995903 3.37857776221 0.951037157565 9.01366865692 0.00753464155925 0.00020805
pedestrian -1 -1 -10 872.42 106.46 890.484 181.12 1.64981879592 0.767916473648 1.13499964303 3.37644379023 1.06569288098 8.99033533572 0.00753464155925 0.00011757
pedestrian -1 -1 -10 873.65 96.104 923.049 173.139 1.54083085525 0.648929074434 1.19799934908 3.53579503218 0.954374360228 8.97547377728 0.00753464155925 0.00010142
pedestrian -1 -1 -10 965.88 102.44 1005.58 161.22 1.53983091831 0.302967258562 1.19499956744 4.59391290175 0.932970093273 8.78978603119 0.00753464155925 1.6411e-05
pedestrian -1 -1 -10 975.82 101.39 1023.56 178.335 1.57882661116 0.302967258562 1.12499965562 4.75891843603 0.968845962368 8.78830028115 0.00753464155925 1.5418e-05
pedestrian -1 -1 -10 906.65 116.56 922.959 155.857 1.59082531798 0.35796153884 1.19499980586 3.74716890508 0.998986703079 8.82307014097 0.00753464155925 6.2302e-06
pedestrian -1 -1 -10 1141.1 188.21 1168.36 241.856 1.0428854462 0.958894582111 0.223999908543 8.3238105448 1.44275763767 10.8817504556 0.00753464155925 3.765e-06
pedestrian -1 -1 -10 1183.8 193.99 1222.51 286.833 0.115987177382 0.439952335088 0.320000550542 11.0519049871 1.33508105706 13.3747756475 0.00753464155925 2.8896e-06
pedestrian -1 -1 -10 907.9 99.299 931.26 167.777 1.5338315947 0.275969789023 1.19899951472 3.80883985299 0.940340994948 8.78204577957 0.00753464155925 1.14e-07
pedestrian -1 -1 -10 863.2 75.389 935.15 237.799 1.6548182422 0.693924221286 1.19899975313 3.54216011049 1.06702408059 8.9520987137 0.00753464155925 1.8742e-08
