pedestrian -1 -1 -10 248.64 227.6 264.794 263.8 2.17876075995 1.17087220577 1.0499996309 -3.89760102262 1.59538969975 7.85655396851 0.00753464155925 0.011284
pedestrian -1 -1 -10 221.2 199.77 250.753 280.367 0.876903663045 0.855906177809 0.633999630449 -4.45682937733 1.51524986848 9.36802655834 0.00753464155925 0.0057469
pedestrian -1 -1 -10 272.37 215.02 292.825 261.615 1.1498737812 1.17787045488 1.15499937941 -4.64537336999 1.59912128442 10.2983541393 0.00753464155925 0.0055106
pedestrian -1 -1 -10 228.36 205.05 261.964 268.955 2.28674894249 1.12987633086 0.208999569812 -7.90218404889 1.54014429313 15.8459427998 0.00753464155925 0.0043053
pedestrian -1 -1 -10 230.22 230.26 250.862 276.639 0.996890492802 1.12187683341 0.674000056894 -5.02562458479 1.60376788232 10.3250211047 0.00753464155925 0.0037175
pedestrian -1 -1 -10 242.38 210.86 259.557 254.576 1.02188772417 1.00489002373 0.991999799333 -4.79379100349 1.58641791551 9.90615855555 0.00753464155925 0.0032861
pedestrian -1 -1 -10 235.78 202.42 255.287 256.536 2.28674894249 1.12987633086 0.208999569812 -7.90218404889 1.54014429313 15.8459427998 0.00753464155925 0.0031258
pedestrian -1 -1 -10 261.21 210.71 299.222 266.865 1.11987710356 1.1838693628 1.1779996127 -4.47843276932 1.56702794069 9.82628417635 0.00753464155925 0.0025111
pedestrian -1 -1 -10 252.53 228.17 270.921 272.724 2.19975848198 1.18686977033 1.12899936448 -3.78942148397 1.61567191185 7.81258762806 0.00753464155925 0.002369
pedestrian -1 -1 -10 378.32 193.14 395.83 230.006 1.85179663992 0.374958921383 0.173000282736 -7.98176975113 1.11717205723 24.8263228382 0.00753464155925 0.0022917
pedestrian -1 -1 -10 221.42 207.02 238.66 275.121 2.16676199354 1.14787448496 1.10999979373 -4.11431612416 1.58410402084 7.89577044865 0.00753464155925 0.0015232
pedestrian -1 -1 -10 341.01 186.31 358.813 229.478 2.14076500403 1.18587090591 0.218000345255 -7.96104972452 1.2680773202 22.7282823876 0.00753464155925 0.0014822
pedestrian -1 -1 -10 385.27 192.87 403.41 235.752 1.45783996367 0.983891462109 0.218999795632 -8.22315222513 1.04293047991 26.8911092659 0.00753464155925 0.0011613
pedestrian -1 -1 -10 227.27 189.48 245.716 236.451 1.69881341112 0.574937775642 0.667999063095 -8.30677325652 1.2780716427 16.4971085483 0.00753464155925 0.0010943
pedestrian -1 -1 -10 256.32 206.94 314.074 299.39 2.25075288164 1.18087038563 0.975999771806 -3.68895953256 1.66845898459 7.93744420712 0.00753464155925 0.00092696
pedestrian -1 -1 -10 279.3 212.21 302.289 257.275 1.12487654983 1.18786958831 1.1839994144 -4.46695602253 1.57189140734 10.1552081003 0.00753464155925 0.00048979
pedestrian -1 -1 -10 203.38 142.83 223.969 189.76 1.85579614926 0.762915953364 0.818999516598 -4.04147313026 1.27395133048 7.95601905224 0.00753464155925 0.0004592
pedestrian -1 -1 -10 225.66 177.67 243.466 223.239 2.14476445377 0.782913266648 0.208999569812 -7.90412256907 1.39443696911 15.5955282182 0.00753464155925 0.00039211
pedestrian -1 -1 -10 372.3 195.65 390.537 236.926 2.32774439001 1.03588771879 0.498999919729 -7.8894278284 1.59147563601 24.7156139444 0.00753464155925 0.00036628
pedestrian -1 -1 -10 372.94 190.18 414.923 247.093 1.20086812127 1.06488291716 0.729999795612 -4.18251695641 1.69455477373 13.9258320975 0.00753464155925 0.00034666
pedestrian -1 -1 -10 246.55 216.26 289.785 287.874 2.24275374377 1.18987017785 1.10299958797 -3.75315697914 1.65913685291 7.84549422263 0.00753464155925 0.00029339
pedestrian -1 -1 -10 481.87 173.98 496.093 222.338 1.04488526046 0.386958644351 0.260000149293 -4.08418695501 1.85421617563 24.8450803321 0.00753464155925 0.00029167
pedestrian -1 -1 -10 366.02 195.86 383.509 235.884 1.81880027068 1.11987624386 0.437999591265 -8.0417081377 1.08456449888 23.9723952286 0.00753464155925 0.00026268
pedestrian -1 -1 -10 484.18 141.89 502.792 193.997 0.0999890208244 0.0 0.0 -9.35873042374 0.44901600141 62.231281819 0.0 0.00023326
pedestrian -1 -1 -10 477.2 171.97 490.421 220.947 2.05077479232 0.368959059898 0.309999847885 -4.83555322666 1.10261606911 29.0408897196 0.00753464155925 0.0001802
pedestrian -1 -1 -10 213.22 188.2 340.45 322.38 2.25075288164 1.18087038563 1.06399956558 -3.73295818407 1.66849101975 7.9377752532 0.00753464155925 0.00017523
pedestrian -1 -1 -10 270.0 201.52 319.259 267.3 1.19086922872 1.14987459771 1.10999979373 -4.80155069455 1.61567319288 11.1397048998 0.00753464155925 0.00015191
pedestrian -1 -1 -10 517.59 179.53 530.239 212.196 0.0999890208244 0.0 0.0 -6.31115444879 1.47815257955 60.4688462006 0.0 0.00013413
pedestrian -1 -1 -10 194.56 142.24 226.481 205.081 1.85579614926 0.64292921295 0.776999474141 -4.06207326883 1.27475115163 8.0091697153 0.00753464155925 6.0112e-05
pedestrian -1 -1 -10 222.23 132.4 254.078 197.689 1.46483913481 0.603933927583 0.699999594987 -8.29096989623 1.04384146893 16.4822224515 0.00753464155925 5.9822e-05
pedestrian -1 -1 -10 471.52 140.08 495.012 209.209 2.05077479232 0.368959059898 0.309999847885 -4.83555322666 1.10261606911 29.0408897196 0.00753464155925 2.8615e-05
pedestrian -1 -1 -10 123.02 221.46 194.045 370.66 1.31185599541 0.99989045702 0.745999823139 -3.50281768202 1.64174862223 5.121599864 0.00753464155925 2.0659e-05
pedestrian -1 -1 -10 186.14 155.54 215.535 235.813 2.22175608134 0.87090392438 0.742999326239 -7.82238082503 1.50125793279 13.5606207533 0.00753464155925 1.7358e-05
pedestrian -1 -1 -10 166.63 301.46 198.058 355.967 1.29085830318 0.733919801424 0.676999838538 -3.51230875501 1.64372499658 5.25450493627 0.00753464155925 1.8838e-06
pedestrian -1 -1 -10 157.87 296.69 189.938 363.132 1.30485676467 0.916899366002 0.667999778351 -3.49050313221 1.64235419 5.16295211912 0.00753464155925 3.9169e-07
