pedestrian -1 -1 -10 687.67 159.2 700.891 197.96 2.18176045155 0.349962041385 0.556999989713 3.35763091434 1.28605339908 25.8994847422 0.00753464155925 0.027489
pedestrian -1 -1 -10 21.681 119.34 33.941 164.438 1.60382390213 1.19686890375 1.18899976573 -5.60202466224 1.00933677467 6.97169218579 0.00753464155925 0.01423
pedestrian -1 -1 -10 10.798 118.25 36.174 171.714 1.6318207655 1.19686890375 1.18899976573 -5.60234689913 1.0376822036 6.92747599314 0.00753464155925 0.0046166
pedestrian -1 -1 -10 140.79 255.92 157.431 300.582 1.88679288303 1.01088893165 0.598999793751 -5.33929723277 1.2759956612 8.78310970276 0.00753464155925 0.0024286
pedestrian -1 -1 -10 505.32 163.07 523.689 205.506 1.90379091692 0.938896315257 1.19599973307 -2.07679005608 1.18915344105 16.2239689684 0.00753464155925 0.0018429
pedestrian -1 -1 -10 1007.7 188.31 1030.98 263.963 1.49183618045 1.13287530803 0.76299977788 7.25481903869 1.75801279574 12.2736524606 0.00753464155925 0.0015309
pedestrian -1 -1 -10 18.625 117.27 54.883 180.69 1.68481491984 1.19786872174 1.15099967055 -5.53360641368 1.09005553671 7.02308843639 0.00753464155925 0.0013483
pedestrian -1 -1 -10 53.882 263.24 72.728 317.551 0.0999890208244 0.0 0.0 -5.54653277328 1.20482506332 8.074901957 0.0 0.0012189
pedestrian -1 -1 -10 65.93 262.03 83.319 313.391 0.129985698465 0.987891210837 0.821999298242 -5.77057191526 1.2329117582 7.9363773309 0.00753464155925 0.00080205
pedestrian -1 -1 -10 469.86 175.81 488.804 220.132 2.1137679584 1.16287270831 1.1089996281 -2.47018840564 1.45094161677 13.9642997224 0.00753464155925 0.0007107
pedestrian -1 -1 -10 1009.1 166.36 1115.96 230.171 1.5768268267 1.18287097517 1.17999946713 7.64820078166 1.76259321253 12.1272298033 0.00753464155925 0.00070914
pedestrian -1 -1 -10 148.04 251.87 168.88 303.406 1.88679288303 1.04988517058 0.722999828272 -5.27727259878 1.27600233618 8.78614320628 0.00753464155925 0.00042363
pedestrian -1 -1 -10 460.39 171.67 483.153 220.151 2.04277565444 1.06188298641 0.991999799333 -2.52939788983 1.37863748006 13.8737783471 0.00753464155925 0.00024101
pedestrian -1 -1 -10 446.73 177.71 463.652 220.372 2.20675768292 0.781913925447 0.95099992251 -3.66620060006 1.4860304026 16.8923829306 0.00753464155925 0.00023701
pedestrian -1 -1 -10 986.16 169.15 1075.66 239.963 0.724920371178 0.779914289476 0.741999875861 7.48035463505 1.00433557248 12.8450119648 0.00753464155925 0.00012045
pedestrian -1 -1 -10 442.94 169.83 469.046 225.794 1.54083082545 0.74291864008 0.877999513796 -4.44082505066 0.73490702236 21.0394802644 0.00753464155925 8.7115e-05
pedestrian -1 -1 -10 999.92 195.86 1021.67 263.659 1.49183618045 1.11087835878 0.794999832935 7.28868840422 1.76362996794 12.6543662396 0.00753464155925 3.2911e-05
pedestrian -1 -1 -10 967.4 171.23 1015.32 241.026 0.986891689652 0.310966756018 0.466999864675 11.4796182092 1.58337179889 21.9260035062 0.00753464155925 1.3576e-05
pedestrian -1 -1 -10 979.48 182.48 1009.91 253.088 0.489946187736 0.323963913047 0.282999905741 7.68132426842 0.928859067053 13.8330126071 0.00753464155925 6.9257e-06
pedestrian -1 -1 -10 962.33 173.32 985.977 239.168 0.102988712428 0.0969894963879 0.006000516962 14.0566055287 1.11736940549 27.4327045044 0.00753464155925 7.0359e-07
