pedestrian -1 -1 -10 400.48 180.19 410.359 200.216 0.0999890208244 0.0799930674157 0.279998693586 -16.5383559429 1.47692496117 59.2847485479 0.00753464155925 0.010504
pedestrian -1 -1 -10 398.9 175.87 412.199 206.339 0.0999890208244 0.0799930674157 0.279998693586 -16.5383559429 1.47692496117 59.2847485479 0.00753464155925 0.00092791
pedestrian -1 -1 -10 359.68 190.13 372.485 221.745 0.626931110984 0.579934481646 0.502999151751 -13.1023600044 2.13601423759 38.5651484547 0.00753464155925 0.00029023
pedestrian -1 -1 -10 731.35 179.85 744.327 224.663 0.922898705835 0.476947030914 0.804999820337 3.2824602856 1.46036900474 19.1537234065 0.00753464155925 0.00020415
pedestrian -1 -1 -10 917.98 260.83 939.632 319.346 1.24486326039 0.658928207861 1.1879996001 3.43113463185 1.44650534751 8.02865661829 0.00753464155925 8.1577e-05
pedestrian -1 -1 -10 354.48 191.35 367.962 230.782 0.626931110984 0.795910423678 0.659999645378 -13.1816716723 2.13447272552 38.4577541685 0.00753464155925 6.6219e-05
pedestrian -1 -1 -10 370.41 191.03 383.333 220.14 0.317965080977 0.0819879355379 0.206000265005 -13.1290770982 1.44092294153 40.3165937501 0.00753464155925 6.0391e-05
pedestrian -1 -1 -10 70.494 137.84 94.823 178.601 0.103988530165 0.298967033049 0.174001640462 -23.4754795898 -0.891039499329 32.5429044163 0.00753464155925 4.3109e-05
pedestrian -1 -1 -10 1192.1 166.43 1241.96 335.91 1.61082310307 1.19086951905 0.700999045364 9.47191976148 0.876309261979 10.9076930755 0.00753464155925 1.1245e-05
pedestrian -1 -1 -10 929.27 260.83 950.128 310.249 0.831908706182 0.480947256427 1.18699967288 3.55607981256 1.43209808441 7.93585917141 0.00753464155925 1.0473e-05
pedestrian -1 -1 -10 928.11 266.97 958.729 342.847 0.897901444669 0.732919983438 0.629999683172 3.17035818584 1.58220946304 6.03576957621 0.00753464155925 9.0265e-06
pedestrian -1 -1 -10 349.43 187.89 383.279 222.404 0.626931110984 0.579934481646 0.502999151751 -13.1023600044 2.13601423759 38.5651484547 0.00753464155925 8.7095e-06
pedestrian -1 -1 -10 781.13 195.17 801.56 248.14 1.39484679759 0.786913492161 1.18299972561 3.44468914071 1.68900208167 13.7348619741 0.00753464155925 3.6986e-06
pedestrian -1 -1 -10 923.52 243.79 946.168 309.004 1.23186479544 0.711921898598 1.17999946713 3.53132719072 1.43382633765 8.05449658243 0.00753464155925 3.9744e-07
pedestrian -1 -1 -10 917.73 223.69 963.293 340.44 0.831908706182 0.390956962724 1.19099962016 3.5887397225 1.43140794489 7.89061701764 0.00753464155925 1.7524e-08
