pedestrian -1 -1 -10 1050.7 136.9 1075.95 188.767 2.01477873147 1.1818706804 0.097999542755 9.14134276361 1.24031435574 14.3387580716 0.00753464155925 0.0041216
pedestrian -1 -1 -10 1059.5 139.81 1083.09 191.648 2.07477220595 1.169871911 0.178999846024 9.09913566092 1.30693163679 14.1085021877 0.00753464155925 0.0037271
pedestrian -1 -1 -10 1054.6 135.55 1093.59 208.229 2.09576992797 1.17787045488 0.179999296401 9.09813013075 1.32692315568 14.0403600072 0.00753464155925 0.0011694
pedestrian -1 -1 -10 1029.4 134.69 1045.64 183.558 1.87479411662 1.19586908577 0.198999343991 9.10764890145 1.08884706871 15.2513441015 0.00753464155925 0.0011081
pedestrian -1 -1 -10 1036.7 133.99 1058.94 181.111 1.84779707098 1.17487147771 0.0899991713637 9.1495267525 1.06567277597 14.9036240093 0.00753464155925 0.00065874
pedestrian -1 -1 -10 1040.8 129.31 1082.57 208.771 2.12976617455 1.18687024711 0.102000205288 9.14628425786 1.35408295577 14.4584044302 0.00753464155925 0.00035391
pedestrian -1 -1 -10 423.97 247.3 444.259 301.525 1.9927812215 1.1938694498 0.726999775549 -2.72508954386 1.78765000487 10.3513425205 0.00753464155925 0.00016794
pedestrian -1 -1 -10 993.61 137.38 1023.4 218.234 2.23575448323 1.19386849623 0.225999762972 9.10526476959 1.43661323013 16.1810142364 0.00753464155925 0.00011656
pedestrian -1 -1 -10 1028.5 129.73 1065.19 195.01 1.95878494513 1.18387031637 0.0899991713637 9.14961747831 1.17677167134 14.910301327 0.00753464155925 6.4668e-05
pedestrian -1 -1 -10 1079.9 169.12 1109.59 243.662 2.17776088262 1.1828700216 0.32600011383 9.00448746379 1.41980730232 13.285693376 0.00753464155925 2.3277e-05
pedestrian -1 -1 -10 1048.2 87.717 1120.86 247.357 2.07477226554 1.19586908577 0.328999418637 9.00781499097 1.31248207809 13.534029425 0.00753464155925 1.6134e-05
pedestrian -1 -1 -10 413.93 238.79 433.94 288.092 1.39284710252 0.840907477669 0.643999856269 -2.75545874652 1.78166761097 9.94166267665 0.00753464155925 9.0743e-06
pedestrian -1 -1 -10 1089.3 193.29 1129.95 252.853 2.16076272953 1.16687198026 0.32600011383 9.00279761303 1.4164767434 13.0605986402 0.00753464155925 1.3497e-06
pedestrian -1 -1 -10 158.17 159.49 221.184 222.022 2.19275916184 1.19786872174 0.535999610857 -6.26166266665 1.5452953213 10.5210766494 0.00753464155925 5.3533e-07
pedestrian -1 -1 -10 922.21 141.72 978.364 226.144 1.3648501721 0.94289749434 1.07499948019 5.52003501893 1.26331043602 11.8190421543 0.00753464155925 1.3782e-07
