pedestrian -1 -1 -10 478.3 165.74 489.367 193.137 0.387957388402 0.344963428241 0.28499976017 -10.1973917642 -0.774337973758 59.8200074139 0.00753464155925 0.013338
pedestrian -1 -1 -10 84.283 134.86 113.775 179.634 1.75180771445 1.19786824495 0.658999718163 -5.89342443899 1.13741119768 7.97772567112 0.00753464155925 0.0027039
pedestrian -1 -1 -10 466.35 158.29 483.092 201.583 0.100988838561 0.0689964999277 0.404999608996 -11.6359082868 -0.811500060531 63.866829973 0.00753464155925 0.0010776
pedestrian -1 -1 -10 131.19 231.9 152.375 288.557 2.03477651656 1.19686842697 0.175999587543 -5.6596463473 1.41045177118 8.66561194072 0.00753464155925 0.0004854
pedestrian -1 -1 -10 313.0 179.55 341.558 251.0 2.17676100528 1.19586908577 0.243999883347 -5.65187682503 1.45961040109 14.4851800136 0.00753464155925 0.00023877
pedestrian -1 -1 -10 122.55 242.88 143.405 292.286 2.02177799201 1.1938694498 0.17600006438 -5.6574578282 1.39985936955 8.55814161503 0.00753464155925 0.00022401
pedestrian -1 -1 -10 134.4 258.03 150.136 294.229 2.03477657616 1.19686842697 0.175999587543 -5.6590373447 1.40965102309 8.74663071196 0.00753464155925 0.00020396
pedestrian -1 -1 -10 1158.8 224.18 1195.36 293.179 2.113767869 1.19786872174 0.699999833405 3.06054321816 1.60096651761 3.59248097379 0.00753464155925 0.0001957
pedestrian -1 -1 -10 137.02 229.89 177.197 285.774 2.04377553177 1.19886806294 0.175999587543 -5.65748693588 1.41470008857 8.95263916947 0.00753464155925 0.00018497
pedestrian -1 -1 -10 73.681 135.34 88.798 184.236 1.74680826818 1.19086951905 0.714999456881 -5.92284208291 1.13464131882 7.78942562723 0.00753464155925 0.00012898
pedestrian -1 -1 -10 713.47 149.02 744.071 212.943 1.15387327564 1.18687024711 0.0979997811735 3.10772663126 0.392802570594 18.3074344599 0.00753464155925 5.0169e-05
pedestrian -1 -1 -10 703.69 144.4 734.698 231.269 1.08488089025 1.17387118294 0.204999860953 3.00340384128 0.42784618161 19.5208594257 0.00753464155925 3.2926e-05
pedestrian -1 -1 -10 51.293 109.16 76.82 158.406 1.51083411801 1.18487013435 0.76499963231 -5.94890621155 0.900731007678 7.659319782 0.00753464155925 2.8131e-05
