pedestrian -1 -1 -10 371.23 197.82 396.482 300.19 1.86379525734 0.833908274984 0.672000202465 -4.32044552284 2.36130810899 13.9034051483 0.00753464155925 0.033788
pedestrian -1 -1 -10 372.24 240.86 390.142 302.421 1.80680159366 0.920899591515 0.672000202465 -4.32256124454 2.30019195056 13.6253654949 0.00753464155925 0.0074223
pedestrian -1 -1 -10 360.51 202.89 384.404 270.494 1.88779279017 0.894901463177 0.672000202465 -4.3206679023 2.38485416682 13.872731728 0.00753464155925 0.0018056
pedestrian -1 -1 -10 377.49 197.23 398.484 258.35 1.86379525734 0.833908274984 0.672000202465 -4.32044552284 2.36130810899 13.9034051483 0.00753464155925 0.0017613
pedestrian -1 -1 -10 371.81 194.66 389.216 268.37 1.88779279017 0.859905449752 0.672000202465 -4.32053606234 2.38511320927 13.890229238 0.00753464155925 0.0010603
pedestrian -1 -1 -10 583.43 200.37 594.003 232.735 2.15576323855 0.353961313328 0.664999817893 -1.04090752054 2.32964217809 33.7170613781 0.00753464155925 0.0007074
pedestrian -1 -1 -10 327.54 201.97 398.772 298.39 0.0999890208244 0.0 0.0 -8.99479084204 2.46972105157 25.6085767993 0.0 0.00062101
pedestrian -1 -1 -10 356.85 207.15 375.37 259.639 2.04977497458 0.395956529437 0.265000262203 -10.5953853969 2.58549262693 30.4700216476 0.00753464155925 0.00022691
pedestrian -1 -1 -10 349.28 202.77 370.12 251.288 0.0999890208244 0.0 0.0 -21.2922489322 4.73528981132 62.0587132684 0.0 0.00012548
pedestrian -1 -1 -10 779.31 160.85 795.739 225.946 2.34574242044 0.474948348512 0.553999731232 6.03086649633 1.93735534126 24.2041840658 0.00753464155925 7.3652e-06
pedestrian -1 -1 -10 1179.1 148.16 1233.27 211.286 0.100988913059 0.174980067123 0.114000285538 26.8046280602 0.515482503196 32.2302195372 0.00753464155925 4.3449e-06
pedestrian -1 -1 -10 1134.6 142.29 1192.41 223.854 0.594934663774 0.496945297768 0.30899992067 22.9214758508 0.934197225636 29.4835552092 0.00753464155924 1.1704e-07
