pedestrian -1 -1 -10 184.74 174.13 265.53 354.17 1.80480180919 1.19686866536 0.812999714891 -2.40925595649 1.40799781071 4.10883002684 0.00753464155925 0.012744
pedestrian -1 -1 -10 46.415 157.71 85.445 287.78 1.8307989179 0.99989045702 1.19099962016 -2.64932126974 1.42515131921 3.56900266445 0.00753464155925 0.0034668
pedestrian -1 -1 -10 554.16 166.34 569.454 205.263 0.762916261193 0.373959580182 0.552999804017 -2.63332577964 0.365336382353 39.2395871988 0.00753464155925 0.0024925
pedestrian -1 -1 -10 403.82 120.8 429.103 191.306 0.104988467098 0.282969945278 0.300999549279 -14.2954862575 -1.03363791376 55.8470780888 0.00753464155925 0.0019376
pedestrian -1 -1 -10 182.37 103.13 336.25 367.13 1.08288107598 0.575937116843 0.528999643517 -4.94849563423 1.6819027593 10.4049312345 0.00753464155925 0.0005976
pedestrian -1 -1 -10 18.722 191.45 90.377 344.21 0.657927753494 1.13187644362 0.900999747081 -3.27898022353 0.537517487154 4.44332547293 0.00753464155925 0.00052342
pedestrian -1 -1 -10 283.15 155.64 312.709 236.407 2.77069577086 0.672926613231 0.745999107883 -14.4380060427 1.87844721338 33.761726867 0.00753464155925 0.00048853
pedestrian -1 -1 -10 290.06 170.82 333.741 264.152 2.23375469876 1.18586995234 1.13599957024 -2.91605721807 1.68490594406 7.12163980176 0.00753464155925 0.00034512
pedestrian -1 -1 -10 292.53 216.77 317.785 287.275 2.23375469876 1.18687024711 1.05599967102 -2.95605980391 1.68492766273 7.12144061989 0.00753464155925 0.000191
pedestrian -1 -1 -10 433.41 212.34 451.008 259.552 2.17676100528 0.898901688689 1.07199946013 -3.09791253925 1.51993342173 13.6674332139 0.00753464155925 0.00016493
pedestrian -1 -1 -10 153.56 195.47 171.616 259.308 0.928897999645 1.19186933704 1.18899952731 -3.00715597515 0.543050200497 4.83025470385 0.00753464155925 0.00013041
pedestrian -1 -1 -10 35.833 158.66 66.864 250.229 0.657927753494 1.16487282107 0.863999579116 -3.29735547713 0.537775197609 4.45996238414 0.00753464155925 0.00012568
pedestrian -1 -1 -10 790.34 127.11 831.226 228.75 1.13487536043 1.144875031 0.246000214613 5.76684825013 0.318924442849 20.0475951472 0.00753464155925 0.00011474
pedestrian -1 -1 -10 286.0 231.01 310.588 295.977 2.23375469876 1.08288107125 1.02399961597 -2.97258674021 1.68390313859 7.05157072228 0.00753464155925 0.00010396
pedestrian -1 -1 -10 280.17 176.9 317.355 284.02 2.23375469876 1.18287049838 0.936999749412 -3.01439788357 1.68725056724 7.27586708863 0.00753464155925 9.6405e-05
pedestrian -1 -1 -10 151.8 185.59 183.396 269.218 0.683924923656 1.1878700651 1.11399974101 -3.0244210397 0.543343495884 4.98258814964 0.00753464155925 9.6172e-05
pedestrian -1 -1 -10 285.04 186.24 309.668 257.927 2.23375469876 1.16587216227 0.916999774608 -3.02433355036 1.6873836706 7.28444125326 0.00753464155925 5.3843e-05
pedestrian -1 -1 -10 658.77 176.25 673.436 216.837 0.846907011479 0.654927028779 0.848999717223 2.51221062219 1.15510573292 30.1810036648 0.00753464155925 3.2411e-05
pedestrian -1 -1 -10 25.133 248.22 61.207 341.34 1.83179882503 1.06888266588 1.1979995875 -2.80655718723 1.42577667497 3.60469019074 0.00753464155925 3.1024e-05
pedestrian -1 -1 -10 278.62 247.72 297.788 295.044 0.47094822038 0.124986307128 0.128000220217 -6.17196224844 1.54177630175 13.8536691905 0.00753464155925 2.6765e-05
pedestrian -1 -1 -10 422.03 118.88 443.564 183.201 1.47183842516 1.0688821891 0.747999677568 -2.98163454327 0.81000977033 13.3398030801 0.00753464155925 1.4996e-05
pedestrian -1 -1 -10 234.42 99.216 324.574 315.916 2.80569189477 0.346962110643 1.1849991032 -15.1415810293 1.67010146626 33.6433533314 0.00753464155925 1.4967e-05
pedestrian -1 -1 -10 672.5 156.29 699.015 241.265 1.33785314881 0.829909003041 0.757999784179 2.34452433904 1.54699201727 20.3072383964 0.00753464155925 1.3366e-05
pedestrian -1 -1 -10 667.94 161.39 688.704 231.318 1.03188669121 0.312965438419 0.546999763892 2.22198252077 1.268951216 21.2446408739 0.00753464155925 1.1941e-05
pedestrian -1 -1 -10 18.95 201.75 65.003 305.06 0.657927753494 1.09687995341 0.863999579116 -3.29761162564 0.537271910594 4.4259669153 0.00753464155925 5.7148e-06
pedestrian -1 -1 -10 668.96 143.16 707.917 217.401 1.33785314881 0.793913648416 0.861999843896 2.39665850184 1.54722059706 20.3248443255 0.00753464155925 1.2291e-06
pedestrian -1 -1 -10 46.718 225.99 96.839 347.99 1.83179882503 1.14087480549 1.19899975313 -2.71678846331 1.42624440221 3.64001185905 0.00753464155925 1.0053e-06
pedestrian -1 -1 -10 332.09 170.52 378.89 241.621 1.39284704292 0.557939439531 0.561000175408 -5.68030812903 0.65787126886 16.5277415795 0.00753464155925 7.8698e-07
pedestrian -1 -1 -10 199.59 216.12 248.03 366.79 1.80480180919 1.19486902939 0.816999662168 -2.41134627909 1.40782163571 4.09684664542 0.00753464155925 2.6411e-07
pedestrian -1 -1 -10 96.148 111.16 143.23 217.07 1.64881897819 1.19886853972 1.19799982592 -2.65855289175 1.24774632138 3.87889417611 0.00753464155925 1.7926e-07
pedestrian -1 -1 -10 44.001 222.37 72.231 312.494 0.657927753494 1.16487282107 0.910999734483 -3.27385606459 0.537758087825 4.45978557443 0.00753464155925 1.6079e-07
pedestrian -1 -1 -10 852.95 147.29 900.069 253.87 1.53283171737 1.17487052414 0.412000053172 5.83457809182 0.801099444359 15.1992235536 0.00753464155925 4.2252e-08
pedestrian -1 -1 -10 348.3 175.15 402.739 261.122 1.39684664166 1.16187241354 0.969999731681 -4.35866678536 1.71846569712 13.9137543784 0.00753464155925 4.2193e-09
pedestrian -1 -1 -10 866.86 153.85 921.198 261.81 1.35785091901 1.16187336711 0.204999860953 5.72289735063 0.638151740632 14.2525515966 0.00753464155925 1.6266e-09
pedestrian -1 -1 -10 779.49 191.48 826.337 305.72 1.22486549765 0.791913058874 1.16699957887 2.34427598347 1.29050182191 8.92963033726 0.00753464155925 8.7303e-12
