pedestrian -1 -1 -10 780.01 168.51 791.176 197.544 0.792912923933 0.297967691849 0.475999686444 9.07797537689 1.24259408341 36.2941874368 0.00753464155925 0.22993
pedestrian -1 -1 -10 1054.9 151.97 1075.6 220.5 2.3187453152 0.961894512853 0.678998739294 19.8795981271 1.13001418919 30.6389905796 0.00753464155925 0.026557
pedestrian -1 -1 -10 1063.2 149.89 1076.63 208.101 2.3187453152 1.194868791 0.737998736492 19.9099749713 1.13171719968 30.7552524603 0.00753464155925 0.013848
pedestrian -1 -1 -10 479.35 179.51 490.913 203.747 0.545940063475 0.434953721944 0.59399968084 -6.16707898398 1.22271464222 35.9359563249 0.00753464155925 0.0071923
pedestrian -1 -1 -10 774.55 162.65 789.722 197.583 0.792912923933 0.297967691849 0.475999686444 9.07797537689 1.24259408341 36.2941874368 0.00753464155925 0.00090499
pedestrian -1 -1 -10 614.11 140.97 625.331 174.699 0.516943173773 0.378960100465 0.642999824747 0.493858710742 -0.579729128431 36.9393794222 0.00753464155925 0.00059092
pedestrian -1 -1 -10 1049.9 193.59 1064.08 234.007 0.727920152178 0.691923631744 0.262000003722 10.8110807232 1.38996336023 17.277844472 0.00753464155925 0.0001392
pedestrian -1 -1 -10 607.27 139.17 618.583 175.567 0.516943173773 0.378960100465 0.642999824747 0.493858710742 -0.579729128431 36.9393794222 0.00753464155925 8.684e-05
pedestrian -1 -1 -10 482.25 178.38 496.157 207.632 0.290968065141 0.119985786844 0.106999841361 -6.40558896148 0.377893678996 39.8594124117 0.00753464155925 4.8031e-05
pedestrian -1 -1 -10 770.43 163.3 780.496 196.382 0.0999890208244 0.19897569878 0.518999894533 16.0994815916 0.82542099713 67.9081984549 0.00753464155925 3.1697e-05
pedestrian -1 -1 -10 762.95 161.23 774.067 197.38 0.611932772163 0.368959059898 0.342999353317 9.88863077106 -0.666080402608 44.196584864 0.00753464155925 1.9224e-05
pedestrian -1 -1 -10 869.49 153.79 882.187 196.904 0.334963174467 0.512944292679 0.643999856269 15.1017678922 1.42378500581 39.6597005686 0.00753464155925 5.913e-06
