pedestrian -1 -1 -10 740.9 165.14 761.38 222.826 1.56883214843 0.71187769998 0.76999971814 3.73685534905 1.45435984168 18.6363020076 0.78553464155925 0.99812
pedestrian -1 -1 -10 235.87 195.94 255.362 240.626 2.22775540495 1.12987633086 0.846999862793 -6.67897232916 1.52822877426 13.7411765378 0.00753464155925 0.0019107
pedestrian -1 -1 -10 245.66 167.36 281.466 228.023 1.90379091692 1.1818706804 1.04599968362 -6.70183085367 1.31549580783 14.2301673646 0.00753464155925 0.0004212
pedestrian -1 -1 -10 234.36 173.27 270.778 242.768 2.22775540495 1.18487061114 0.96499985719 -6.65163036733 1.52888262669 13.7864669219 0.00753464155925 0.00010001
pedestrian -1 -1 -10 342.08 136.82 362.844 184.277 0.23697400367 0.979893143736 0.195000111969 -5.8370998383 0.95242319943 15.9399269746 0.00753464155925 9.373e-05
pedestrian -1 -1 -10 261.89 168.44 300.559 233.54 0.583935878992 0.616932038182 0.59399968084 -6.63403411918 0.778768148312 14.9884375058 0.00753464155925 7.1227e-05
pedestrian -1 -1 -10 340.33 192.08 356.695 242.725 0.831908646584 1.0928797279 0.216999941203 -5.88125290867 1.55265502346 16.1563068364 0.00753464155925 7.9541e-06
pedestrian -1 -1 -10 140.36 235.16 168.419 285.882 0.949895721671 1.18087038563 0.595000084892 -6.03467353289 1.57563023961 9.19303587086 0.00753464155925 6.068e-06
pedestrian -1 -1 -10 739.48 163.24 777.555 227.647 1.52883214843 1.07288241461 1.18799983852 3.89670395088 1.4539547046 18.6156011113 0.00753464155925 3.243e-06
pedestrian -1 -1 -10 721.18 164.29 761.817 227.1 1.53583134937 1.16687198026 1.19299971301 3.51657088326 1.46192665361 18.6654055376 0.00753464155925 1.5783e-06
