pedestrian -1 -1 -10 303.7 212.11 316.21 251.147 1.01288876856 0.47194841777 0.228000094238 -4.55530794834 1.65186089822 11.0259810016 0.00753464155925 0.22925
pedestrian -1 -1 -10 459.87 184.0 480.013 223.688 2.62271201813 0.975892918223 1.13499940461 -4.47924216761 1.77667238273 23.9262548386 0.00753464155925 0.12877
pedestrian -1 -1 -10 509.54 187.34 525.572 224.293 0.879903354648 0.44295035869 0.131000001861 -2.58377755059 1.67593015634 21.6467527 0.00753464155925 0.070748
pedestrian -1 -1 -10 463.06 179.37 490.054 225.792 2.62271201813 0.975892918223 1.09399952778 -4.39374461188 1.77661013246 23.9256115545 0.00753464155925 0.031246
pedestrian -1 -1 -10 423.42 208.22 436.5 248.679 0.43495224893 0.0359953546253 0.0450000625189 -5.9197683117 0.845808846776 26.7700867346 0.00753464155925 0.027412
pedestrian -1 -1 -10 36.323 164.04 55.509 219.177 2.32874426735 0.764915589336 1.19000016978 -16.8360762173 1.64679912632 21.9333200749 0.00753464155925 0.016222
pedestrian -1 -1 -10 449.81 187.55 471.165 224.385 1.43484244227 0.955894651369 1.15899956511 -4.85435993968 1.76492383116 24.1214902251 0.00753464155925 0.016148
pedestrian -1 -1 -10 212.27 217.18 234.876 270.114 0.650928465015 0.323963913047 0.186999740578 -5.80171550757 1.3700666611 10.9198491487 0.00753464155925 0.013519
pedestrian -1 -1 -10 503.06 188.58 520.562 225.723 1.03488639772 0.643930461291 0.975999771806 -3.29328494845 1.68371078564 24.8450717616 0.00753464155925 0.0081124
pedestrian -1 -1 -10 515.97 181.53 531.657 224.74 1.73480950177 0.38495614767 0.962999525923 -3.78005074035 1.50722715515 32.9701518416 0.00753464155925 0.0071691
pedestrian -1 -1 -10 401.64 208.53 430.454 267.634 0.0999890208244 0.0 0.0 -6.44783001761 1.85238452315 22.9951655627 0.0 0.0063801
pedestrian -1 -1 -10 812.44 128.3 826.118 174.165 1.05588410484 0.931899019712 1.17599975827 7.52884437616 0.135618117713 25.5037025074 0.00753464155925 0.0057743
pedestrian -1 -1 -10 817.68 132.5 831.163 169.493 1.05888367725 0.434951814805 1.19199954738 7.71110376437 0.134041639684 25.4048614641 0.00753464155925 0.0052118
pedestrian -1 -1 -10 465.41 184.92 509.433 224.167 1.13787507438 0.430952542862 0.92699976201 -3.92944112274 1.67189354183 24.8993091127 0.00753464155925 0.0045392
pedestrian -1 -1 -10 401.25 219.06 418.418 262.869 1.00089012134 0.564937688646 0.642999809846 -2.18680592826 1.61485572853 8.76078381504 0.00753464155925 0.0024959
pedestrian -1 -1 -10 298.96 207.42 317.832 264.397 1.01288876856 0.47194841777 0.228000094238 -4.55530794834 1.65186089822 11.0259810016 0.00753464155925 0.0024681
pedestrian -1 -1 -10 38.944 158.14 64.205 225.325 2.46172974085 0.625930876838 1.18799936168 -16.5734148866 1.78086021511 21.8808343189 0.00753464155925 0.0020852
pedestrian -1 -1 -10 425.52 193.81 442.497 246.386 1.41684439695 0.312965438419 0.399999496085 -5.89189177732 1.01490275208 26.8511520556 0.00753464155925 0.0016018
pedestrian -1 -1 -10 954.19 90.942 1120.93 357.402 1.60682359373 0.662927479804 1.15499937941 15.9544440297 0.548645929248 26.6678504166 0.00753464155925 0.0015349
pedestrian -1 -1 -10 435.35 187.81 466.995 227.237 0.728919910317 0.766916178877 1.14399922638 -5.22929404129 1.51216430518 24.3213589024 0.00753464155925 0.0011184
pedestrian -1 -1 -10 800.43 122.37 826.837 194.452 1.05288441324 1.11087835878 1.07699933462 7.38426277731 0.13555309037 25.4932687114 0.00753464155925 0.00091701
pedestrian -1 -1 -10 16.444 155.31 60.793 223.313 1.99778063798 0.668927341288 1.17699968548 -16.9382110483 1.31285866312 21.8655736939 0.00753464155925 0.0009029
pedestrian -1 -1 -10 414.56 211.27 429.774 256.159 0.569937447306 0.117987104443 0.202999529687 -5.80988119313 1.84178707044 24.5382080017 0.00753464155925 0.00086389
pedestrian -1 -1 -10 56.59 153.13 76.51 198.806 1.96778390074 0.283967379339 1.18899976573 -16.1468671341 1.29004830093 21.7762153109 0.00753464155925 0.00072831
pedestrian -1 -1 -10 473.1 175.11 493.057 220.563 1.00288990581 0.349962041385 0.651999750824 -4.06667374283 1.5376079796 24.941837245 0.00753464155925 0.0006763
pedestrian -1 -1 -10 501.84 185.12 533.046 227.15 1.03488639772 0.643930461291 0.823999867926 -3.21728714762 1.68365545209 24.8444999538 0.00753464155925 0.00056789
pedestrian -1 -1 -10 527.42 180.66 542.665 217.725 0.986891600255 0.337962318417 0.109999861424 -2.32389180424 1.73102786485 23.6905528242 0.00753464155925 0.00053659
pedestrian -1 -1 -10 492.74 183.51 515.865 219.818 1.03488639772 0.643930461291 1.0739997914 -3.47827983675 1.68384547933 24.8464636642 0.00753464155925 0.00053277
pedestrian -1 -1 -10 849.48 193.65 891.228 287.968 1.92478869855 0.844907703181 0.673999699267 2.06371851532 1.6014840521 5.20530711718 0.00753464155925 0.00042417
pedestrian -1 -1 -10 846.49 196.66 867.855 247.285 1.92678845322 0.978892848965 0.626999782318 2.04072459883 1.60449268202 5.27245978991 0.00753464155925 0.00041054
pedestrian -1 -1 -10 251.81 181.74 280.751 235.194 1.36684993422 1.07288241461 0.201000152094 -15.0943329491 1.3584801945 32.0417416006 0.00753464155925 0.00037786
pedestrian -1 -1 -10 447.03 166.66 489.502 224.487 2.61971232653 0.975892918223 1.18399965282 -4.5867398548 1.77375095888 23.9270858563 0.00753464155925 0.00032957
pedestrian -1 -1 -10 215.81 211.47 232.789 252.489 0.650928465015 0.323963913047 0.186999740578 -5.80171550757 1.3700666611 10.9198491487 0.00753464155925 0.00031923
pedestrian -1 -1 -10 212.83 201.02 252.596 265.951 2.05577425349 1.18787149545 0.286999614599 -14.4692005177 2.14964805499 28.0263656914 0.00753464155925 0.00030473
pedestrian -1 -1 -10 427.98 183.81 453.28 237.125 0.996890492802 0.326963843789 0.329999822689 -4.74168362997 1.76572571467 20.8004292381 0.00753464155925 0.00010098
pedestrian -1 -1 -10 515.66 175.52 543.349 227.217 2.07477220595 0.502947066392 0.645999949117 -3.64389561286 1.67856413316 32.3920265917 0.00753464155925 3.6551e-05
pedestrian -1 -1 -10 839.44 192.5 869.699 266.97 1.92678845322 1.05588455528 0.628999875166 2.04201466666 1.60506185084 5.31094702622 0.00753464155925 3.1292e-05
pedestrian -1 -1 -10 843.07 207.87 862.034 252.365 1.92678845322 1.09887958938 0.633999749658 2.0446765077 1.60537828235 5.33242512404 0.00753464155925 2.956e-05
pedestrian -1 -1 -10 216.13 161.71 237.507 210.057 2.23475466549 1.144875031 0.268000520684 -14.3887836578 1.54749562545 27.417413159 0.00753464155925 2.6325e-05
pedestrian -1 -1 -10 853.85 189.46 881.819 250.055 1.92678845322 0.854906359824 0.658999837373 2.05625708104 1.60356327789 5.21034792415 0.00753464155925 2.2723e-05
pedestrian -1 -1 -10 912.04 214.86 927.934 269.131 1.92378876162 1.19786872174 0.998999647464 2.22455239099 1.59710185423 4.98362232537 0.00753464155925 1.8781e-05
pedestrian -1 -1 -10 766.02 88.517 815.559 222.937 1.44784104132 0.957895240911 0.893999779741 6.60345800947 0.690760088112 26.3514742995 0.00753464155925 1.0076e-05
pedestrian -1 -1 -10 863.41 154.93 901.243 257.38 1.89879153025 0.900901324661 0.753999836902 2.10337795024 1.57480644903 5.16120458324 0.00753464155925 2.8182e-06
pedestrian -1 -1 -10 204.31 142.49 245.465 216.387 2.22175608134 1.19086951905 0.293000131561 -14.3701623606 1.53276575256 27.3013785198 0.00753464155925 1.7585e-06
pedestrian -1 -1 -10 21.429 166.4 86.379 244.615 2.6507088815 0.610933130268 1.1959987794 -16.5383012708 1.96992488747 21.8866703351 0.00753464155925 1.4993e-06
pedestrian -1 -1 -10 8.1342 163.28 143.624 264.85 2.73869933855 0.701922765171 1.19799863383 -15.953649954 1.94699223005 21.5787133534 0.00753464155925 1.1391e-06
pedestrian -1 -1 -10 768.21 185.79 800.344 274.292 1.70981219963 1.18786958831 0.456999758064 1.94550417716 1.59549281028 7.3604925807 0.00753464155925 9.1187e-07
