pedestrian -1 -1 -10 321.14 162.93 357.64 256.496 1.84979691505 0.529941675221 0.612000053172 -5.5003719466 1.64299703531 14.7839446659 0.00753464155925 0.96672
pedestrian -1 -1 -10 241.23 166.98 274.005 268.64 1.69573694277 0.59786872174 0.67499985813 -6.46632495846 1.68548071693 13.2551624737 0.00753464155925 0.92377
pedestrian -1 -1 -10 210.75 168.31 252.381 279.52 1.78880358559 0.562915953364 0.701999800274 -6.66425952216 1.71834298739 12.6993726619 0.00753464155925 0.98807
pedestrian -1 -1 -10 280.42 161.76 346.976 257.329 1.89379205418 0.881903352577 0.583000004642 -4.97451304757 1.6530650197 11.9067629486 0.00753464155925 0.83978
pedestrian -1 -1 -10 259.19 163.89 314.647 278.5 1.75374149871 0.518899001973 0.70999979373 -6.30921894382 1.65632167934 14.2329673288 0.00753464155925 0.80627
pedestrian -1 -1 -10 304.96 164.11 335.406 258.939 1.89879150045 0.829909956611 0.761999850666 -6.02804932548 1.70467985259 15.8885227932 0.00753464155925 0.42125
pedestrian -1 -1 -10 273.88 170.75 304.896 253.307 2.35074186671 0.726919645169 1.10000004475 -6.30349504498 1.65773908102 14.1288944535 0.00753464155925 0.38529
pedestrian -1 -1 -10 197.69 177.02 234.917 271.607 1.78880358559 0.751917478736 0.801999800274 -6.66430095655 1.71826157607 12.7938735807 0.00753464155925 0.3218
pedestrian -1 -1 -10 232.84 169.75 259.368 262.297 1.75080777007 0.9288981354 0.708999893593 -6.60114796193 1.68153027688 12.8821725055 0.00753464155925 0.22782
pedestrian -1 -1 -10 316.05 165.76 353.625 215.241 1.84979691505 0.529941675221 0.412000053172 -5.5003719466 1.64299703531 14.7839446659 0.00753464155925 0.22544
pedestrian -1 -1 -10 214.14 174.31 268.454 248.651 1.78880358559 0.89990102989 0.78899979281 -6.64124430431 1.7193405771 12.8676939722 0.00753464155925 0.21959
pedestrian -1 -1 -10 270.27 177.26 288.404 242.228 2.3937371881 1.19286915503 1.10000004475 -6.30611921462 1.69455365486 13.7786392673 0.00753464155925 0.20702
pedestrian -1 -1 -10 257.73 169.07 283.48 263.093 2.35574131298 0.991890959564 0.939999769475 -6.46349041826 1.65589351227 13.9976458596 0.00753464155925 0.19445
pedestrian -1 -1 -10 297.97 171.57 324.088 248.381 1.89379205418 0.881903352577 0.583000004642 -4.97451304757 1.6530650197 11.9067629486 0.00753464155925 0.13231
pedestrian -1 -1 -10 313.05 167.23 338.376 233.231 1.84979691505 0.529941675221 0.412000053172 -5.5003719466 1.64299703531 14.7839446659 0.00753464155925 0.12665
pedestrian -1 -1 -10 341.01 174.28 365.642 254.788 1.83779820824 0.649929369205 1.15299952498 -5.61125809573 1.64205036337 15.7958455016 0.00753464155925 0.10728
pedestrian -1 -1 -10 282.2 170.08 301.118 224.909 1.89379205418 1.14387473623 0.583000004642 -4.97549996847 1.65112589284 11.7757809748 0.00753464155925 0.082267
pedestrian -1 -1 -10 213.63 190.44 238.606 267.515 1.78880358559 0.652928346377 0.765999559524 -6.68267348773 1.71754195838 12.7445158486 0.00753464155925 0.08142
pedestrian -1 -1 -10 333.95 165.55 348.711 203.908 0.0999890208244 0.0 0.0 -22.0491962293 0.426083754992 60.4919889585 0.0 0.080732
pedestrian -1 -1 -10 90.132 131.3 103.593 179.386 1.57782676363 0.237972891287 0.537999942123 -17.7476363676 0.531629154264 24.8580404737 0.00753464155925 0.048827
pedestrian -1 -1 -10 220.89 173.27 246.087 244.812 1.78880358559 0.782914220218 0.801999800274 -6.66418418298 1.71849101569 12.8093715115 0.00753464155925 0.043567
pedestrian -1 -1 -10 259.12 175.57 279.712 227.609 2.35574131298 1.0558840785 0.979999719083 -6.44373208986 1.65540527017 13.9654997327 0.00753464155925 0.040999
pedestrian -1 -1 -10 293.89 160.62 316.665 218.539 1.67781580829 0.669926682489 0.583000004642 -4.97378106402 1.438657837 12.0143474902 0.00753464155925 0.030787
pedestrian -1 -1 -10 225.98 173.38 240.903 219.048 1.70181312507 0.845907044382 0.801999800274 -6.66397369324 1.63196683159 12.8415111581 0.00753464155925 0.028436
pedestrian -1 -1 -10 1181.4 179.31 1199.27 216.603 2.10576882052 0.595935383697 0.60099964818 17.0495890668 1.09305361922 21.3379981045 0.00753464155925 0.022376
pedestrian -1 -1 -10 238.12 172.66 256.213 218.52 1.78880358559 0.963894148825 0.817999589383 -6.6553821735 1.72006165154 12.9157963049 0.00753464155925 0.020226
pedestrian -1 -1 -10 286.77 164.74 311.952 230.151 1.89379205418 1.03488647044 0.583000004642 -4.9750893786 1.65193263009 11.8302735609 0.00753464155925 0.018484
pedestrian -1 -1 -10 252.16 174.15 271.285 225.38 2.39773675704 1.19086951905 1.17900001675 -6.34948412704 1.68698873602 13.2660368163 0.00753464155925 0.014388
pedestrian -1 -1 -10 78.837 130.61 103.79 186.132 1.57782676363 0.237972891287 0.537999942123 -17.7476363676 0.531629154264 24.8580404737 0.00753464155925 0.011736
pedestrian -1 -1 -10 207.17 171.76 236.668 242.39 1.78880358559 0.662927479804 0.765999559524 -6.68263581814 1.71761597252 12.7495152734 0.00753464155925 0.01164
pedestrian -1 -1 -10 332.57 193.41 351.551 256.871 1.84979691505 0.529941675221 0.412000053172 -5.5003719466 1.64299703531 14.7839446659 0.00753464155925 0.0096294
pedestrian -1 -1 -10 303.22 158.46 319.642 211.223 1.81280097687 0.669926682489 0.583000004642 -4.97373944339 1.57364300558 12.0133479807 0.00753464155925 0.0079657
pedestrian -1 -1 -10 273.62 168.72 292.248 221.746 2.35574131298 0.834908569754 1.13799966309 -6.36390187613 1.65698342548 14.0753899714 0.00753464155925 0.0066943
pedestrian -1 -1 -10 1162.3 170.47 1179.61 213.875 2.10576882052 0.703923354713 0.60099964818 17.0499958882 1.09385295224 21.3919905574 0.00753464155925 0.0065902
pedestrian -1 -1 -10 974.78 151.23 1014.94 214.857 1.63082091797 1.04488560387 1.19399940181 5.8014062891 1.4290330032 10.8673061184 0.00753464155925 0.0065039
pedestrian -1 -1 -10 1198.0 142.24 1233.77 233.553 1.87379423928 0.588935227442 0.635999484878 11.0717565755 1.09528744266 12.9316246156 0.00753464155925 0.0063156
pedestrian -1 -1 -10 1166.3 166.01 1200.01 217.204 2.10576882052 0.703923354713 0.60099964818 17.0499958882 1.09385295224 21.3919905574 0.00753464155925 0.0046514
pedestrian -1 -1 -10 567.69 133.65 621.105 263.91 1.03588627505 0.697923493229 0.930999709287 -0.0801900952599 0.414653638324 11.477812905 0.00753464155925 0.0038193
pedestrian -1 -1 -10 333.95 168.35 382.23 250.867 0.464948956369 0.151983776666 0.389999747102 -6.45456340191 0.878571959336 18.3576931588 0.00753464155925 0.003665
pedestrian -1 -1 -10 319.79 179.64 343.707 258.317 1.84979691505 0.529941675221 0.412000053172 -5.5003719466 1.64299703531 14.7839446659 0.00753464155925 0.0032451
pedestrian -1 -1 -10 1183.9 155.92 1218.13 219.165 0.64392930877 0.251971296657 0.19599908551 18.8220031885 0.825807370691 22.736975303 0.00753464155925 0.0032166
pedestrian -1 -1 -10 200.22 188.7 221.676 244.607 1.84479743153 0.936897632856 0.626999663109 -6.75108441068 1.77568836196 12.8866047534 0.00753464155925 0.0025422
pedestrian -1 -1 -10 216.02 171.49 235.897 215.219 1.70181312507 0.673925954432 0.765999559524 -6.68262120594 1.63070692333 12.7556584831 0.00753464155925 0.0024108
pedestrian -1 -1 -10 566.82 135.06 594.316 209.267 0.970893413899 0.687924359802 0.718999776687 -0.186169431302 0.349811967087 11.4840910969 0.00753464155925 0.0023941
