pedestrian -1 -1 -10 952.21 142.85 968.125 187.371 0.332963449596 0.206978056945 0.970998466803 21.8484731453 0.435935131128 44.010078419 0.00753464155925 0.0020319
pedestrian -1 -1 -10 360.77 126.11 374.077 176.485 0.965893908027 0.446951537773 0.650999823609 -8.5500603323 0.0285344891265 26.3143672311 0.00753464155925 0.0011843
pedestrian -1 -1 -10 610.79 161.98 623.962 193.67 0.103988530165 0.202976877862 0.298999873663 1.12353936103 -0.791132544689 63.4773712627 0.00753464155925 0.0011122
pedestrian -1 -1 -10 357.4 193.71 375.777 232.729 1.74780804122 1.16287270831 0.391000151154 -7.12477396485 1.71962034083 21.037656057 0.00753464155925 0.00090265
pedestrian -1 -1 -10 936.14 135.22 961.898 205.937 2.24875300778 0.441952924629 0.29699984042 10.9267031894 1.33681121563 22.8217816504 0.00753464155925 0.00074457
pedestrian -1 -1 -10 949.48 139.81 974.27 216.164 0.332963449596 0.206978056945 0.970998466803 21.8484731453 0.435935131128 44.010078419 0.00753464155925 0.00031434
pedestrian -1 -1 -10 341.98 192.15 361.958 238.437 1.70081328499 1.16287270831 0.138999896415 -7.186280181 1.6598755703 20.3095554368 0.00753464155925 0.00019079
pedestrian -1 -1 -10 345.65 193.11 380.091 237.496 1.74780804122 1.18286906803 0.391000151154 -7.12455548412 1.72004961722 21.0666523394 0.00753464155925 0.00017127
pedestrian -1 -1 -10 816.1 128.26 844.509 194.868 0.344962126612 0.0719907092506 0.0930003835187 15.4379358588 -0.744548122996 49.5271983215 0.00753464155925 8.7721e-05
pedestrian -1 -1 -10 337.27 194.38 353.163 236.553 1.75080774772 1.16687198026 0.149000122236 -7.19832511208 1.7018973359 19.7703211756 0.00753464155925 8.0341e-05
pedestrian -1 -1 -10 358.13 187.52 393.067 231.17 1.52483251989 1.19187076739 0.253999632331 -7.0961778373 1.515637748 22.2554780736 0.00753464155925 3.285e-05
pedestrian -1 -1 -10 511.51 176.81 526.105 221.199 0.620931846973 0.458949353601 0.984999593575 -3.2845318377 1.73221785774 27.6451095428 0.00753464155925 3.4869e-06
pedestrian -1 -1 -10 335.5 167.8 376.961 237.181 1.72981007039 1.194868791 0.379999998118 -7.13359489629 1.69411340758 20.59790662 0.00753464155925 3.2285e-06
pedestrian -1 -1 -10 957.85 158.04 988.4 234.157 1.03888590706 1.16387395665 0.332000630792 10.3365474446 1.43259890281 20.4095223717 0.00753464155925 8.5606e-07
pedestrian -1 -1 -10 1149.1 64.133 1241.96 369.873 1.87979356289 0.38995738313 0.375999931632 2.10432636194 1.41757077516 2.37750032485 0.00753464155925 6.9835e-07
