pedestrian -1 -1 -10 704.95 190.89 717.107 221.436 0.753917201282 0.443951607031 0.0960001651627 3.09493475005 1.55264599644 21.5263467828 0.00753464155925 0.0046758
pedestrian -1 -1 -10 710.36 191.42 722.558 219.423 1.82279983962 0.460951850282 0.682999401826 5.31728885247 1.41627911364 35.7850011708 0.00753464155925 0.0037928
pedestrian -1 -1 -10 187.32 125.75 209.446 189.543 0.484946860659 0.255972475739 0.0669994149155 -17.2804976672 -0.618812655539 30.1831968283 0.00753464155925 0.0024687
pedestrian -1 -1 -10 120.19 166.32 144.783 210.492 2.0127789768 1.15787218803 0.261999050048 -17.266037684 0.94687754659 26.2456762087 0.00753464155925 0.0014047
pedestrian -1 -1 -10 716.68 189.73 728.659 223.8 1.77380525422 0.496947204908 0.635999961715 5.23748915156 1.36905182969 30.4312000938 0.00753464155925 0.0007764
pedestrian -1 -1 -10 722.48 188.37 734.215 225.542 1.77380525422 0.507945679535 0.695999886128 5.26744683025 1.36894857619 30.4254752991 0.00753464155925 0.00051542
pedestrian -1 -1 -10 959.71 211.02 978.037 261.212 2.10676863826 1.10887872281 0.198999820828 7.45491387137 1.37433975562 14.8777346394 0.00753464155925 0.00020934
pedestrian -1 -1 -10 748.46 191.24 770.951 243.925 2.25575232792 0.414954501521 0.408999794691 2.93718203141 1.58587643992 14.2526556468 0.00753464155925 0.00020413
pedestrian -1 -1 -10 114.26 165.52 137.46 227.951 2.00278008425 1.15487416443 0.261999050048 -17.2673643094 0.944264902298 26.0691261945 0.00753464155925 0.00019044
pedestrian -1 -1 -10 124.35 166.25 155.699 227.636 0.416954188708 0.287968558422 0.64899996918 -15.1521729617 0.995716182972 23.8118804051 0.00753464155925 9.3335e-05
pedestrian -1 -1 -10 755.19 195.67 780.804 241.737 2.14376457644 1.12887603609 0.0679998189671 4.89841202459 1.46130402603 21.7919360519 0.00753464155925 9.0132e-05
pedestrian -1 -1 -10 951.91 206.03 982.2 279.862 0.898901322004 0.490946389854 0.697999978976 3.90828358604 1.3133482057 8.44152966384 0.00753464155925 5.5252e-05
pedestrian -1 -1 -10 142.15 171.25 172.167 243.485 0.416954188708 0.287968558422 0.565999811482 -15.1106740575 0.995685967864 23.8115681671 0.00753464155925 2.3067e-05
pedestrian -1 -1 -10 269.64 147.84 299.891 220.574 1.86179559207 1.08588147878 1.15599978346 -11.7581049181 1.42621997365 26.5610112001 0.00753464155925 1.9067e-05
pedestrian -1 -1 -10 756.62 186.3 795.823 245.839 2.0907704817 1.18687024711 0.0679998189671 4.89154983637 1.41083786936 20.8822162418 0.00753464155925 1.4497e-05
