pedestrian -1 -1 -10 774.47 131.16 797.673 183.135 0.564937971234 1.1438756898 1.15699971068 4.48835794829 -0.201343214681 17.9499202357 0.00753464155925 0.0016552
pedestrian -1 -1 -10 231.01 119.96 252.721 173.33 1.48283719504 0.560937463133 0.869999619241 -10.1509478869 0.620845454777 20.122632061 0.00753464155925 0.00083134
pedestrian -1 -1 -10 1055.7 287.64 1071.92 327.055 0.904900645613 1.18687024711 1.10899986652 4.36282589511 1.49324226821 6.96628290925 0.00753464155925 0.00073141
pedestrian -1 -1 -10 155.08 129.43 187.959 188.883 0.103988649361 0.0979888375887 0.210998470567 -16.0943751977 -0.94243989931 27.150813827 0.00753464155925 0.00058889
pedestrian -1 -1 -10 432.98 151.62 466.579 221.238 2.11176814413 1.12487676415 0.790999647239 -5.15873358385 1.22838628427 24.6893145452 0.00753464155925 0.00048418
pedestrian -1 -1 -10 431.82 152.48 452.882 204.628 2.04377565097 1.18287097517 0.998999766673 -5.76431442106 1.12948480018 25.6839741905 0.00753464155925 0.0004628
pedestrian -1 -1 -10 144.68 134.71 174.161 184.019 0.101988775495 0.222978958996 0.591998872737 -32.2900318203 -0.105085513607 52.6294326928 0.00753464155925 0.00041181
pedestrian -1 -1 -10 512.5 208.69 527.091 248.376 0.646928896077 1.1068771797 0.811999668467 -2.13229891043 1.83403120878 18.2928243436 0.00753464155925 0.00027538
pedestrian -1 -1 -10 765.06 132.39 789.671 195.261 0.678925477383 1.17187154697 1.05299965096 3.39276383612 0.830821229784 14.0592030805 0.00753464155925 0.00024698
pedestrian -1 -1 -10 517.44 207.24 532.251 247.691 2.54872014177 1.14087575906 0.797999733788 -1.79812007217 1.83157058281 17.3442878663 0.00753464155925 0.0002334
pedestrian -1 -1 -10 679.05 179.09 696.575 215.91 1.72681041604 1.10287981489 0.361999877743 1.41472254602 1.63694293293 12.7712499542 0.00753464155925 0.00013518
pedestrian -1 -1 -10 401.43 129.51 432.204 207.902 2.08177140689 1.09787929461 0.845999458742 -8.34095999176 1.06064184892 31.5309924612 0.00753464155925 7.945e-05
pedestrian -1 -1 -10 741.26 164.1 763.239 215.038 1.90979032993 1.194868791 1.18899952731 2.31812688758 1.57762369037 11.573511202 0.00753464155925 5.2123e-05
pedestrian -1 -1 -10 519.66 132.97 540.834 179.806 1.50083522546 0.788913128132 0.846999862793 -2.4583687486 0.669135686786 22.7584604209 0.00753464155925 4.7793e-05
pedestrian -1 -1 -10 754.11 137.36 782.904 196.039 0.208977050901 1.16087211877 0.874999732152 4.19488679797 -0.200322416889 18.0039895481 0.00753464155925 3.5083e-05
pedestrian -1 -1 -10 421.4 132.43 454.872 195.016 1.06588299739 0.772914133221 1.02299945034 -6.11861802206 0.152729215881 26.0909206708 0.00753464155925 3.3729e-05
pedestrian -1 -1 -10 463.11 153.46 485.677 198.882 2.00577977586 1.09187943312 0.861999724687 -4.34198774731 1.3025094939 23.244579865 0.00753464155925 2.769e-05
pedestrian -1 -1 -10 1.3063 178.41 40.7633 275.648 2.07077257741 1.15287357489 0.633000180071 -10.4618582288 1.3214640185 12.5869151344 0.00753464155925 6.4443e-08
