pedestrian -1 -1 -10 246.98 149.56 342.466 327.07 1.81299187988 0.645999947505 0.886996753213 -3.41487053805 1.45906290101 7.5472934902 0.00692802392802 0.99954
pedestrian -1 -1 -10 243.83 155.08 292.189 330.05 1.55599308908 1.12199993392 1.01499605513 -6.47185065313 1.31653884501 13.6276056287 0.00692802392802 0.15958
pedestrian -1 -1 -10 652.12 192.34 666.243 240.478 2.15099044293 0.705999849623 0.576997795679 1.11246349471 1.33496169704 12.4547083848 0.00692802392802 0.0065252
pedestrian -1 -1 -10 649.06 191.82 660.908 232.625 2.24898993522 1.19299903131 0.725997284817 1.18963568131 1.4323300937 12.8207389226 0.00692802392802 0.0047687
pedestrian -1 -1 -10 658.56 193.41 671.411 237.464 2.24898993522 1.18999972762 0.918996519089 1.28590089231 1.4321036947 12.7865706998 0.00692802392802 0.0037117
pedestrian -1 -1 -10 589.75 165.5 607.62 206.54 1.1139949888 0.535001392202 1.19099554231 -0.0464235252117 0.976102759586 17.7505533416 0.00692802392802 0.0019833
pedestrian -1 -1 -10 668.64 189.06 682.771 234.258 1.46999338865 0.617999611713 1.00399623806 1.35209210284 1.43149222246 13.1645739839 0.00692802392802 0.00091069
pedestrian -1 -1 -10 644.49 191.41 671.397 248.867 2.15099044293 0.772999239644 0.611997750083 1.13019513638 1.33487461522 12.4880859806 0.00692802392802 0.00062382
pedestrian -1 -1 -10 757.18 183.1 777.632 234.89 2.06999077499 0.38099930693 0.965996214334 3.21252042508 1.17121610726 14.1625579186 0.00692802392802 0.00053614
pedestrian -1 -1 -10 662.45 155.3 684.796 204.179 2.19899020642 0.754998649121 1.19699559154 1.501414 1.29872580752 14.3454901999 0.00692802392802 0.00031387
pedestrian -1 -1 -10 582.64 163.86 604.696 220.942 1.1139949888 0.537999742221 1.18499555268 -0.176430280931 0.976461981736 17.7499552508 0.00692802392802 0.00015186
pedestrian -1 -1 -10 681.05 158.82 698.897 203.556 2.19299025089 0.727999193846 1.11899575616 1.84831902304 1.29778731459 14.3295891226 0.00692802392802 8.659e-05
pedestrian -1 -1 -10 271.89 143.16 314.922 301.92 1.81299187988 0.645999947505 0.86699660897 -3.40487070614 1.45903540235 7.54722417803 0.00692802392802 8.2336e-05
pedestrian -1 -1 -10 688.93 162.41 704.169 205.24 0.988995569944 0.166000253716 1.19599560817 2.402460962 0.736546190343 17.5778779242 0.00692802392802 7.8001e-05
pedestrian -1 -1 -10 983.78 202.35 1026.3 256.861 0.981995639205 1.17899910184 0.267998642702 5.55259684338 1.40708146363 10.3921597757 0.00692802392802 7.3193e-06
pedestrian -1 -1 -10 304.49 168.9 358.221 300.49 1.93399128616 0.485000281678 1.19499520757 -5.86677196651 0.986805878155 15.4293548024 0.00692802392802 2.8052e-06
pedestrian -1 -1 -10 980.97 185.84 1020.44 239.111 2.2719897747 1.16399876868 1.1979954557 6.57304461964 1.39290272024 11.5798527416 0.00692802392802 2.7921e-06
pedestrian -1 -1 -10 283.76 138.59 339.622 269.89 1.83899180144 0.485000281678 1.1919959131 -6.25740873257 0.886880189473 15.4320002149 0.00692802392802 4.6257e-07
