pedestrian -1 -1 -10 133.26 251.03 174.524 304.084 0.649928706877 1.16687198026 0.795999760149 -5.50583405844 1.53097932368 8.56140499765 0.00753464155925 0.00070507
pedestrian -1 -1 -10 50.383 190.91 66.261 237.122 0.615932370901 0.569939162499 0.447999817085 -13.3005258749 0.978402174538 17.5888018942 0.00753464155925 0.00058012
pedestrian -1 -1 -10 47.585 193.76 60.758 241.371 0.615932370901 0.569939162499 0.447999817085 -13.3005258749 0.978402174538 17.5888018942 0.00753464155925 0.00054832
pedestrian -1 -1 -10 64.117 161.56 87.038 221.162 1.53883104098 1.10287790775 0.893999779741 -13.8372664523 0.633971169651 19.0324735412 0.00753464155925 0.00011251
pedestrian -1 -1 -10 98.807 247.54 144.118 329.309 0.664927045697 1.19286915503 1.05499950539 -5.50812806822 1.52353258204 8.05857436126 0.00753464155925 9.1763e-05
pedestrian -1 -1 -10 124.5 248.73 151.973 314.364 0.664927045697 1.19186981382 1.02899949046 -5.51914256434 1.52744250637 8.32213604094 0.00753464155925 7.8017e-05
pedestrian -1 -1 -10 39.636 180.82 74.789 239.215 0.965893929911 0.774915676332 0.779999494204 -8.37473187128 0.964381984743 11.4471424215 0.00753464155925 5.033e-05
pedestrian -1 -1 -10 24.721 179.97 53.968 242.73 1.80580168653 0.592933545815 0.412999980387 -14.0817688006 0.90406319639 18.4882186805 0.00753464155925 4.3977e-05
pedestrian -1 -1 -10 119.91 280.78 139.88 325.684 0.653928216217 1.19786872174 0.731999650041 -5.34927496555 1.52221143169 7.70576704447 0.00753464155925 4.3313e-05
pedestrian -1 -1 -10 1078.0 154.96 1139.72 249.94 1.36385024261 0.748918501564 1.19899951472 5.68704211707 0.998391217715 8.38922467354 0.00753464155925 2.3036e-05
pedestrian -1 -1 -10 57.29 150.31 83.114 202.223 1.81680051601 1.13487399043 0.414000384439 -14.0792303598 0.908074305739 18.7592588897 0.00753464155925 2.0662e-05
pedestrian -1 -1 -10 129.46 274.36 150.48 322.002 0.664927045697 1.19286963181 0.918999867456 -5.4392487232 1.5252149696 8.17504694888 0.00753464155925 1.2479e-05
pedestrian -1 -1 -10 1042.1 128.66 1105.0 215.672 1.41984405876 1.17587177248 1.18799983852 5.47903691437 1.05646189985 8.4528553438 0.00753464155925 4.7166e-06
pedestrian -1 -1 -10 1018.2 111.56 1089.94 225.44 1.44684116399 1.03688705999 1.19499980586 5.14895596237 1.15642517232 8.36855080201 0.00753464155925 1.6783e-06
pedestrian -1 -1 -10 1022.4 160.06 1085.52 253.492 0.872904168604 1.03988603716 0.791999574454 5.54847754901 0.591406650811 9.1942702676 0.00753464155925 2.1991e-09
