pedestrian -1 -1 -10 979.71 222.99 996.089 273.304 0.91489953816 0.426953270919 0.568999831544 4.1884282649 1.51214360617 8.64062232962 0.00753464155925 0.083119
pedestrian -1 -1 -10 1106.7 135.3 1125.02 184.626 1.74180876231 1.18387031637 0.447000366708 11.7371395241 1.02070218795 16.7687681774 0.00753464155925 0.002225
pedestrian -1 -1 -10 1095.1 136.25 1115.03 183.448 1.75080771792 1.06988248387 0.447000366708 11.7400635385 1.03244487093 17.1566919856 0.00753464155925 0.0018334
pedestrian -1 -1 -10 970.87 213.34 993.023 274.087 1.77980451823 0.616932991752 0.353999506352 4.87627589389 1.16515719886 9.55710418511 0.00753464155925 0.0013381
pedestrian -1 -1 -10 1116.7 128.37 1128.86 179.296 0.713921601296 0.915900024801 0.215000086774 11.8518111601 -0.00725314653693 16.6414955392 0.00753464155925 0.00091702
pedestrian -1 -1 -10 1147.2 32.226 1234.75 353.876 1.60982322574 1.17387213651 0.357999692048 11.7177244377 0.785687754215 14.4040900412 0.00753464155925 0.00066052
pedestrian -1 -1 -10 231.41 131.01 251.684 191.4 0.361960220102 0.762916906934 0.886001315698 -22.308279164 -0.109147700735 44.3310711448 0.00753464155925 0.0005644
pedestrian -1 -1 -10 683.12 157.06 719.461 217.053 1.47383817983 0.591936111754 0.186000051782 3.86417521434 1.07298234886 28.680967446 0.00753464155925 0.00050966
pedestrian -1 -1 -10 1111.3 123.24 1133.35 186.091 0.713921601296 0.915900024801 0.215000086774 11.8518111601 -0.00725314653693 16.6414955392 0.00753464155925 0.00025426
pedestrian -1 -1 -10 221.22 134.35 240.032 193.79 0.339962561143 0.298967033049 0.737998736492 -22.5532064822 -0.742950846015 44.1361091453 0.00753464155925 0.00021577
pedestrian -1 -1 -10 746.85 177.7 768.555 242.397 1.18187018371 1.07688168655 0.363000043376 3.19816591243 1.6018371866 14.8605885658 0.00753464155925 0.00020631
pedestrian -1 -1 -10 1101.5 133.41 1120.68 196.106 1.74780808592 1.19086951905 0.447000366708 11.738056724 1.02850001436 16.8902070122 0.00753464155925 0.00019484
pedestrian -1 -1 -10 214.95 163.26 237.632 212.062 0.0999890208244 0.00999722628727 0.176999991594 -23.6839169927 0.484340331519 45.1783294842 0.00753464155925 0.00018772
pedestrian -1 -1 -10 1215.0 105.3 1240.52 191.612 1.6548183018 1.16087307234 0.310999775099 11.6722136195 0.84087529195 13.4693203088 0.00753464155925 0.00017597
pedestrian -1 -1 -10 1202.3 129.79 1236.71 193.022 1.65981774807 1.19186981382 0.373000030779 11.7046013024 0.84358377721 13.6535983826 0.00753464155925 9.8171e-05
pedestrian -1 -1 -10 69.93 185.63 105.576 261.042 1.39284698332 1.0808809585 0.602999502609 -14.0726672446 2.07323553093 19.2988992484 0.00753464155925 6.479e-05
pedestrian -1 -1 -10 225.56 164.62 242.86 209.048 0.361960220102 0.621933512035 1.03799978907 -22.4728061077 -0.11007186333 44.2618153537 0.00753464155925 6.0578e-05
pedestrian -1 -1 -10 209.41 128.92 241.166 206.373 0.106988340964 0.480946302857 0.235000538415 -32.0478604095 -0.927785332849 60.9049649134 0.00753464155925 5.1139e-05
pedestrian -1 -1 -10 380.43 187.04 393.536 218.04 0.105988344433 0.0969894963879 0.786999461543 -15.0719628435 1.55102710432 49.2897709489 0.00753464155925 3.2641e-05
pedestrian -1 -1 -10 840.6 171.1 876.852 263.96 1.30385688733 0.872904513921 0.783999918318 4.22046421804 1.56035970104 12.8461258324 0.00753464155925 2.2974e-05
pedestrian -1 -1 -10 802.28 160.47 867.195 223.772 1.37584896433 0.808911394986 1.09999956791 4.07373089154 1.63193259337 12.8787092182 0.00753464155925 1.828e-05
pedestrian -1 -1 -10 1095.4 132.8 1132.47 203.014 0.729919839801 0.592934499385 0.478999944925 8.48763975204 0.634981353235 11.7852816081 0.00753464155925 1.749e-05
pedestrian -1 -1 -10 1063.6 127.5 1142.72 231.63 0.729919839801 0.592934499385 0.478999944925 8.48763975204 0.634981353235 11.7852816081 0.00753464155925 1.166e-05
pedestrian -1 -1 -10 768.42 194.19 805.013 269.269 1.40584564197 0.979892190166 0.777999639774 3.38903477731 1.66296829174 12.9201358437 0.00753464155925 2.5445e-06
pedestrian -1 -1 -10 1171.9 124.14 1236.96 232.93 1.67081657755 1.1938694498 0.357999692048 11.7151414997 0.849558519761 14.0575674784 0.00753464155925 1.8614e-06
pedestrian -1 -1 -10 1162.6 141.08 1202.98 218.301 1.61482267201 1.18586995234 0.397000191279 11.6994982487 0.791203199851 14.5732057164 0.00753464155925 1.8252e-06
pedestrian -1 -1 -10 956.16 200.47 988.503 292.342 1.77980451823 0.616932991752 0.353999506352 4.87627589389 1.16515719886 9.55710418511 0.00753464155925 7.8696e-07
pedestrian -1 -1 -10 798.23 163.34 819.779 216.035 0.537940925599 1.0188884291 1.16399967802 3.78796487467 0.732139797489 13.4890642328 0.00753464155925 1.4235e-07
pedestrian -1 -1 -10 1201.1 106.5 1238.52 300.32 1.66181756234 1.19686842697 0.373000030779 11.7050338753 0.844434918711 13.7111051452 0.00753464155925 5.0517e-08
pedestrian -1 -1 -10 27.475 170.59 90.62 236.948 0.110987850304 1.0538853961 0.572002235792 -32.2349285531 1.50135135093 42.5194088076 0.00753464155925 1.1642e-08
pedestrian -1 -1 -10 1211.9 130.46 1239.13 250.72 1.6578179934 1.1818706804 0.310999775099 11.6729246304 0.842274121191 13.5638290744 0.00753464155925 4.5933e-09
