pedestrian -1 -1 -10 1112.3 163.13 1179.31 330.36 1.51099328101 0.676999260719 0.684996428846 5.311005441 1.3534563601 6.75575947108 0.00692802392802 0.99806
pedestrian -1 -1 -10 959.33 142.4 1032.52 307.2 1.67399247289 0.625999980132 0.615998327283 4.54409211934 1.35939998735 8.17113405552 0.00692802392802 0.98159
pedestrian -1 -1 -10 719.19 171.42 737.634 222.892 1.47899338156 0.714999668048 0.638996603728 3.6529444584 1.23996837358 19.9214586847 0.00692802392802 0.84938
pedestrian -1 -1 -10 719.19 171.42 737.634 222.892 1.47899338156 0.714999668048 0.638996603728 3.0529444584 1.23996837358 19.9214586847 0.00692802392802 0.84938
pedestrian -1 -1 -10 700.17 167.72 727.368 227.224 2.34598944485 0.634999798557 0.619997557442 4.48143621381 1.03007467004 26.0867365783 0.00692802392802 0.01772
pedestrian -1 -1 -10 707.09 165.32 738.506 232.331 1.46699347049 0.575999823281 1.11499582268 3.36444892254 1.22829127513 19.8525635069 0.00692802392802 0.12778
pedestrian -1 -1 -10 705.4 169.05 721.547 217.258 1.46299342066 0.575999823281 0.954996337655 3.25244640992 1.22459920724 19.8533375076 0.00692802392802 0.095809
pedestrian -1 -1 -10 690.22 168.88 706.786 205.766 1.47899338156 0.714999668048 0.595997718135 3.07345496783 1.24101193646 19.924089053 0.00692802392802 0.042794
pedestrian -1 -1 -10 720.79 164.54 752.483 224.044 2.36198940575 1.16299931867 0.0829993946021 4.25924721059 1.24282556126 19.8473608485 0.00692802392802 0.032943
pedestrian -1 -1 -10 974.45 180.49 1020.31 300.16 1.67399247289 0.625999980132 0.415998327283 4.54409211934 1.35939998735 8.17113405552 0.00692802392802 0.029822
pedestrian -1 -1 -10 714.48 165.08 734.006 213.179 1.47899338156 0.714999668048 1.02999610371 3.40744580135 1.24009349091 19.9217740511 0.00692802392802 0.028829
pedestrian -1 -1 -10 684.56 163.74 715.379 224.684 1.47899338156 0.714999668048 0.629997748773 3.09045457479 1.24096518903 19.923971223 0.00692802392802 0.020549
pedestrian -1 -1 -10 949.59 137.04 1001.42 297.14 2.1559902966 1.17099968709 0.59399810902 7.13872632551 1.22169581507 13.0193376201 0.00692802392802 0.015471
pedestrian -1 -1 -10 1117.1 159.1 1148.22 322.06 1.51199320406 0.876999260719 0.884996428846 5.11100681982 1.35445628315 6.75576004299 0.00692802392802 0.011575
pedestrian -1 -1 -10 724.39 164.87 744.433 211.437 2.36198940575 1.18199840553 0.0829993946021 4.25871721517 1.24291453042 19.7708618436 0.00692802392802 0.0074254
pedestrian -1 -1 -10 914.63 139.06 937.507 180.533 1.9309913978 0.744999380689 0.747997336197 4.64129571222 1.15412982296 9.91961588019 0.00692802392802 0.0032581
pedestrian -1 -1 -10 692.76 178.05 712.969 231.253 0.83999619484 0.22100052162 0.0679998228591 2.46980320721 1.33194164942 17.0726771971 0.00692802392802 0.0031107
pedestrian -1 -1 -10 920.08 148.82 943.965 193.131 2.10899057537 0.779999204383 0.757997527528 4.64666237336 1.33209489894 9.93718252256 0.00692802392802 0.0020971
pedestrian -1 -1 -10 914.43 116.83 938.582 161.492 1.57199297547 0.744999380689 0.747997336197 4.64080068189 0.795131400631 9.91941055029 0.00692802392802 0.0019776
pedestrian -1 -1 -10 919.27 128.72 944.58 175.054 1.82099187523 0.609999243294 0.747997336197 4.64067639326 1.0442088018 9.85205451695 0.00692802392802 0.0019026
pedestrian -1 -1 -10 1142.9 142.68 1207.53 333.14 1.50099333525 0.670999549093 0.61799770991 5.24520138433 1.34296952456 6.85782582919 0.00692802392802 0.0018293
pedestrian -1 -1 -10 685.02 164.2 700.871 201.976 2.42198919952 0.615998804353 0.631997596305 4.41234428695 0.920105732678 31.4706751458 0.00692802392802 0.0017557
pedestrian -1 -1 -10 1097.3 170.06 1131.92 273.82 2.10199063718 1.19599928868 0.719997086572 7.20075560972 1.27351743757 9.52941339693 0.00692802392802 0.0015767
pedestrian -1 -1 -10 1108.2 180.78 1144.53 259.572 1.51099328101 0.790999353331 0.877996485649 5.11480323085 1.35339672752 6.79873413395 0.00692802392802 0.0014101
pedestrian -1 -1 -10 1142.6 171.42 1176.64 311.71 1.50099333525 0.834999472286 0.836996750231 5.13513640129 1.34336599596 6.77658679495 0.00692802392802 0.0013761
pedestrian -1 -1 -10 914.87 156.47 938.041 203.634 2.1129906252 0.68699885542 0.757997527528 4.64634573736 1.33614902767 9.89068575186 0.00692802392802 0.0009896
pedestrian -1 -1 -10 1126.5 203.17 1165.75 328.13 1.51099328101 0.876999260719 0.884996428846 5.111005441 1.3534563601 6.75575947108 0.00692802392802 0.00095428
pedestrian -1 -1 -10 992.23 206.06 1015.96 298.063 1.67399247289 0.625999980132 0.415998327283 4.54409211934 1.35939998735 8.17113405552 0.00692802392802 0.00094848
pedestrian -1 -1 -10 1135.0 159.05 1184.64 267.69 1.50099333525 0.776999423854 0.790996919147 5.15833667561 1.3432690232 6.80542670694 0.00692802392802 0.00078998
pedestrian -1 -1 -10 917.22 195.8 934.961 245.288 2.12199058831 0.784999315435 0.757997527528 4.64667279918 1.33609204125 9.93967965838 0.00692802392802 0.00058734
pedestrian -1 -1 -10 700.25 194.32 712.576 238.137 1.47899338156 0.714999668048 0.82399702602 3.1874518834 1.24069845492 19.9232989023 0.00692802392802 0.00055886
pedestrian -1 -1 -10 544.82 190.56 564.089 239.539 1.27199433446 0.855999366502 0.700997402534 -0.765792536949 1.30089719601 15.2942626632 0.00692802392802 0.00053247
pedestrian -1 -1 -10 849.21 184.82 869.837 235.104 2.14399038553 0.277000239529 0.624997653108 4.66457618115 1.24596883549 13.5005257489 0.00692802392802 0.00046768
pedestrian -1 -1 -10 910.42 184.63 930.717 238.248 2.12199058831 0.784999315435 0.745997488665 4.64067292387 1.33610854038 9.93972124552 0.00692802392802 0.0004401
pedestrian -1 -1 -10 706.66 187.77 724.871 238.477 0.878996054828 0.234000047417 0.100999691314 2.50032528096 1.38284875716 15.3319593444 0.00692802392802 0.00037945
pedestrian -1 -1 -10 409.35 162.44 423.671 202.754 1.97899116129 0.739999269637 0.609997366112 -5.40482364624 1.26064357942 21.4520946882 0.00692802392802 0.00030386
pedestrian -1 -1 -10 709.59 200.98 722.055 243.185 0.878996054828 0.234000047417 0.100999691314 2.50032528096 1.38284875716 15.3319593444 0.00692802392802 0.00028184
pedestrian -1 -1 -10 977.3 210.85 1007.54 302.041 1.67399247289 0.625999980132 0.415998327283 4.54409211934 1.35939998735 8.17113405552 0.00692802392802 0.00020667
pedestrian -1 -1 -10 1138.8 233.46 1178.22 319.94 1.50099333525 0.876999260719 0.865996923621 5.12049117629 1.34343029148 6.75568790722 0.00692802392802 0.00020315
pedestrian -1 -1 -10 235.03 158.74 254.792 193.856 0.970995636284 0.984998035492 1.1269965768 -12.99723649 0.15630890057 26.0616110452 0.00692802392802 0.00020084
pedestrian -1 -1 -10 695.44 194.56 708.925 236.621 0.83999619484 0.22100052162 0.0679998228591 2.46980320721 1.33194164942 17.0726771971 0.00692802392802 0.00019168
pedestrian -1 -1 -10 713.49 198.11 729.971 245.158 1.92099145204 0.207000592142 0.0490000792168 4.24223491966 1.18663044559 20.9346955593 0.00692802392802 0.0001531
pedestrian -1 -1 -10 678.9 158.23 694.738 200.519 2.56398852468 0.407001219546 0.735997297334 4.40367095962 0.874080423786 36.758230934 0.00692802392802 8.159e-05
pedestrian -1 -1 -10 940.66 162.04 964.487 211.396 2.10499058515 0.784999315435 0.757997527528 4.64664935752 1.31909203809 9.93966993519 0.00692802392802 7.3001e-05
pedestrian -1 -1 -10 138.76 171.07 154.781 226.509 0.942995779216 0.330999150079 0.668997159824 -12.5855327582 1.07591381749 19.2986779974 0.00692802392802 5.2283e-05
pedestrian -1 -1 -10 1118.6 235.62 1152.39 329.662 1.99299109727 1.18399921289 0.321998817584 7.00787323314 1.28688561972 8.79881070775 0.00692802392802 4.7922e-05
pedestrian -1 -1 -10 540.31 169.17 571.241 233.018 0.334998516738 0.291999619013 0.282998929698 -1.09981710233 0.522205265009 17.5792719181 0.00692802392802 4.6513e-05
pedestrian -1 -1 -10 1000.7 197.95 1020.41 276.12 1.67399247289 0.625999980132 0.415998327283 4.54409211934 1.35939998735 8.17113405552 0.00692802392802 3.7352e-05
pedestrian -1 -1 -10 61.311 111.51 92.561 182.755 0.44099804908 0.14299955214 0.192000621803 -17.9424712042 -0.947357127527 24.5768598173 0.00692802392802 2.8566e-05
pedestrian -1 -1 -10 1103.8 145.42 1161.17 274.26 1.51099328101 0.876999260719 0.884996428846 5.111005441 1.3534563601 6.75575947108 0.00692802392802 1.1485e-05
pedestrian -1 -1 -10 999.37 209.66 1032.16 289.114 2.13799043 1.19199958131 0.622997805576 7.15479892057 1.24205597251 11.7917301638 0.00692802392802 1.1082e-05
pedestrian -1 -1 -10 963.1 213.16 986.557 273.762 2.06099075228 1.11199971182 0.59399810902 7.13927646515 1.22162545449 13.0798906073 0.00692802392802 6.7411e-06
pedestrian -1 -1 -10 1097.4 214.61 1137.22 334.68 1.53699318767 0.709999556996 0.629997271938 4.98296629266 1.37990397991 6.67316021468 0.00692802392802 5.5221e-06
pedestrian -1 -1 -10 1111.7 156.8 1139.12 242.515 2.10199063718 1.19799914237 0.711997219609 7.19548103018 1.27374242492 9.34544612315 0.00692802392802 2.933e-06
pedestrian -1 -1 -10 1095.2 116.86 1147.79 256.59 2.10199063718 1.19299903131 0.667997712893 7.17388015909 1.27373605009 9.40309659696 0.00692802392802 5.7578e-08
