pedestrian -1 -1 -10 806.52 175.76 818.095 203.956 0.642929394187 0.181979269808 0.505999410232 11.2406030827 1.16764815484 39.4263269154 0.00753464155925 0.024072
pedestrian -1 -1 -10 791.52 171.84 819.032 209.988 0.642929394187 0.181979269808 0.505999410232 11.2406030827 1.16764815484 39.4263269154 0.00753464155925 0.00075013
pedestrian -1 -1 -10 613.57 167.26 634.556 213.615 2.55371958804 0.493945367026 0.432999865784 0.855532361097 1.73129697712 33.7125769329 0.00753464155925 0.0004321
pedestrian -1 -1 -10 282.76 173.38 305.208 211.558 0.383957856713 0.253973793338 0.799998992171 -23.5910902968 0.646484167842 55.1877115559 0.00753464155925 0.00023489
pedestrian -1 -1 -10 297.62 175.26 314.911 212.756 0.0999890208244 0.14298589158 0.144000963 -23.4827611717 0.646886635077 55.2172930538 0.00753464155925 0.00020133
pedestrian -1 -1 -10 624.04 150.05 642.223 205.454 2.30374703598 0.44295226583 0.518999894533 1.087035875 1.41930751859 25.8220113136 0.00753464155925 8.0803e-05
pedestrian -1 -1 -10 287.43 174.24 319.595 223.029 0.100988927959 0.253973793338 0.302999403708 -23.3426847854 0.363334312968 55.1879371634 0.00753464155925 5.4041e-05
pedestrian -1 -1 -10 762.21 142.36 773.67 177.352 0.362960157036 0.683923180719 0.92899961644 11.8098775967 -0.74288380354 52.3250262181 0.00753464155925 5.404e-05
pedestrian -1 -1 -10 277.81 178.63 304.471 237.566 0.425953203919 0.641929871749 0.373999481156 -10.6152383972 1.10534765871 23.9751679234 0.00753464155925 2.8323e-05
pedestrian -1 -1 -10 615.88 128.25 646.834 203.368 1.67281630242 0.44295226583 0.518999894533 1.08684133706 0.788376785033 25.8266830957 0.00753464155925 1.6589e-05
pedestrian -1 -1 -10 299.87 173.3 329.224 228.228 0.104988467098 0.0859891146204 0.238000796896 -22.2999433623 2.11079925985 55.0472244253 0.00753464155925 9.0469e-06
pedestrian -1 -1 -10 291.67 185.01 311.69 233.961 0.101988775495 0.0759918883332 0.280000600934 -17.5885589524 2.11257069892 41.7888536809 0.00753464155925 6.3329e-06
pedestrian -1 -1 -10 334.45 184.6 357.275 245.939 1.31985501409 0.805911464244 0.78699993838 -6.0151037673 1.7947269539 17.3730115952 0.00753464155925 2.3929e-06
pedestrian -1 -1 -10 224.38 179.37 258.646 237.196 0.267970558645 0.17198204352 0.0490007250515 -11.730132928 1.08640982114 23.2565783874 0.00753464155925 5.8226e-07
