pedestrian -1 -1 -10 279.92 151.91 393.91 358.93 1.76499210894 0.567999454862 0.675997341439 -2.321047786 1.48900339513 5.83673574426 0.00692802392802 0.99835
pedestrian -1 -1 -10 647.12 217.08 661.201 260.492 1.47499346584 1.18799987393 0.73599723773 1.18162665151 1.43920588047 12.9517555498 0.00692802392802 0.0070074
pedestrian -1 -1 -10 657.15 214.62 674.594 256.644 2.06499080211 0.624999576452 1.19499550559 1.31987430437 1.17112216047 14.4366798217 0.00692802392802 0.0012456
pedestrian -1 -1 -10 642.11 209.37 670.337 259.78 2.25798989832 1.19699873869 0.764997053494 1.19431985805 1.43328519842 12.8487029161 0.00692802392802 0.00046473
pedestrian -1 -1 -10 662.18 177.04 675.767 214.304 1.4689934507 1.11799927287 1.0059962048 1.31633057295 1.43288231962 12.9098175364 0.00692802392802 0.00037916
pedestrian -1 -1 -10 646.21 184.86 662.039 231.824 2.25798989832 1.12899894499 0.722997275101 1.17295329139 1.4334045829 12.7958498044 0.00692802392802 0.00031824
pedestrian -1 -1 -10 286.88 197.17 309.032 256.886 1.86899163872 0.247999976894 1.18299564554 -6.63179246038 0.909895382008 15.4471039124 0.00692802392802 0.00015084
pedestrian -1 -1 -10 1209.8 265.8 1224.05 308.477 1.03799532354 0.500999588004 1.17299593104 5.41653839988 1.48702785294 6.39606421998 0.00692802392802 5.0962e-05
pedestrian -1 -1 -10 255.49 168.83 347.155 339.59 0.936995764077 0.925999967563 0.943996699393 -4.61969302176 1.37713263183 10.3941243816 0.00692802392802 4.8943e-05
pedestrian -1 -1 -10 313.06 147.33 380.002 284.47 0.863996136189 0.523999812744 0.393998335507 -3.60089064855 1.3438667905 10.793079897 0.00692802392802 2.3194e-05
pedestrian -1 -1 -10 256.16 193.96 276.988 248.876 2.12799054384 1.02499987758 1.16899528231 -6.49518376066 1.329531684 13.6879514125 0.00692802392802 8.7331e-06
pedestrian -1 -1 -10 341.47 230.7 365.387 298.823 0.949995777011 0.974999720734 0.685997294352 -3.45752074768 1.36289500485 10.4225494544 0.00692802392802 7.7516e-06
pedestrian -1 -1 -10 284.26 181.8 323.987 268.333 1.86599169075 0.22000011794 1.19899537947 -6.47291752766 0.909479092669 15.4280034188 0.00692802392802 1.8468e-06
pedestrian -1 -1 -10 293.0 157.61 358.326 269.54 1.76499210894 0.567999454862 0.675997341439 -2.321047786 1.48900339513 5.83673574426 0.00692802392802 1.4447e-06
pedestrian -1 -1 -10 326.74 184.66 391.767 354.16 0.949995777011 1.03899980706 0.685997294352 -3.45729905239 1.36285778935 10.4545487296 0.00692802392802 5.8837e-07
