pedestrian -1 -1 -10 241.18 86.648 285.711 217.688 1.54982981086 0.729919575911 0.837999564187 -3.57140755737 0.980982186122 7.91004362166 0.00753464155925 0.19388
pedestrian -1 -1 -10 259.05 103.7 285.173 168.584 1.51183399534 0.763916248135 0.90999956885 -3.53529221426 0.943211805229 7.92705196209 0.00753464155925 0.033061
pedestrian -1 -1 -10 1079.1 232.65 1127.65 364.25 1.36485017955 0.748918024779 0.935999822198 3.9119972868 1.6291895731 6.13595682168 0.00753464155925 0.019359
pedestrian -1 -1 -10 245.19 115.87 272.628 205.314 1.67581596422 0.729919575911 0.820999609445 -3.57986783164 1.10797440543 7.90915989079 0.00753464155925 0.017712
pedestrian -1 -1 -10 259.22 86.884 298.426 191.264 1.51283393228 0.787913786932 0.971999586111 -3.5042029858 0.943366866071 7.93882455739 0.00753464155925 0.0094966
pedestrian -1 -1 -10 253.2 90.806 320.433 216.516 1.55082974779 0.860905744523 1.03799955065 -3.47091724062 0.981878945734 7.97478987187 0.00753464155925 0.0062981
pedestrian -1 -1 -10 283.6 107.27 312.689 189.373 1.55182962513 1.0308871985 1.13299955018 -3.42277852499 0.983102574487 8.05942820992 0.00753464155925 0.0028592
pedestrian -1 -1 -10 292.75 125.45 317.267 184.956 1.6808154105 1.0308871985 1.19399964022 -3.38224133967 1.11005911836 8.05819802599 0.00753464155925 0.0018245
pedestrian -1 -1 -10 269.47 108.32 296.037 179.228 1.51283393228 0.836908205726 1.00199954832 -3.48901885332 0.943718604414 7.96320821469 0.00753464155925 0.0012489
pedestrian -1 -1 -10 291.26 146.48 313.097 202.177 1.78680383837 1.0308871985 1.17999946713 -3.39920678092 1.21805967803 8.05751151385 0.00753464155925 0.0011271
pedestrian -1 -1 -10 243.7 115.45 259.92 193.316 1.54882993352 0.67092602369 0.75299955206 -3.61412829774 0.980576455673 7.88086004036 0.00753464155925 0.00037239
pedestrian -1 -1 -10 299.13 151.96 317.415 203.328 1.99478094638 1.14087480549 1.19499980586 -3.3742303406 1.42483332808 8.11080905418 0.00753464155925 0.00018431
pedestrian -1 -1 -10 280.82 141.9 304.352 203.108 1.78680383837 0.888902555262 1.09199943494 -3.44374044827 1.21704073499 7.98685225435 0.00753464155925 0.00012171
pedestrian -1 -1 -10 302.82 129.75 333.045 198.159 1.76480617941 0.987892164407 1.17399966542 -3.31505523404 1.1943193579 8.07856892071 0.00753464155925 9.916e-05
pedestrian -1 -1 -10 234.0 97.726 259.451 167.283 1.40284593547 0.634930669064 0.680999547397 -3.65030728125 0.835352105967 7.86419987447 0.00753464155925 6.7573e-05
pedestrian -1 -1 -10 305.3 153.02 324.43 205.791 1.86779491568 1.14087480549 1.17599975827 -3.31577111702 1.29780470505 8.11130919133 0.00753464155925 6.4143e-05
pedestrian -1 -1 -10 1018.5 228.8 1039.87 274.395 1.40784547114 0.852906723852 1.19099985858 3.46049043688 1.65547105514 6.1362873326 0.00753464155925 3.7049e-05
pedestrian -1 -1 -10 1027.5 210.53 1079.96 267.876 1.16087249148 1.18687024711 0.615999986911 9.60654232999 1.59624471879 14.9522498559 0.00753464155925 9.6305e-06
pedestrian -1 -1 -10 826.71 192.4 886.947 277.466 1.12987590671 0.805912417814 1.08199992437 3.81059367415 1.62405135813 11.3882821823 0.00753464155925 1.1215e-10
