pedestrian -1 -1 -10 127.7 159.54 206.147 331.95 1.71999234557 0.473999655893 0.749998119503 -4.63455540565 1.48164846725 7.35381861531 0.00692802392802 0.99909
pedestrian -1 -1 -10 161.54 232.36 204.359 323.902 1.6759925127 0.473999655893 0.449998119503 -4.63461607792 1.43764863438 7.35379344952 0.00692802392802 0.009138
pedestrian -1 -1 -10 649.77 188.64 666.547 234.372 2.28298976272 0.733999708578 0.878996767041 1.10403099423 1.46592065592 12.5108434923 0.00692802392802 0.00087931
pedestrian -1 -1 -10 152.8 189.13 198.94 327.24 1.71999234557 0.473999655893 0.449998119503 -4.63455540565 1.48164846725 7.35381861531 0.00692802392802 0.00062727
pedestrian -1 -1 -10 673.13 174.75 687.67 210.741 1.47499343604 1.14099902078 0.996996235256 1.37544656463 1.44045495407 13.1409191517 0.00692802392802 0.00054951
pedestrian -1 -1 -10 672.97 164.1 690.354 200.088 1.88499154001 0.774999093331 0.87299674761 2.08340339901 0.85703447648 17.9172144932 0.00692802392802 0.00038899
pedestrian -1 -1 -10 360.32 201.82 374.839 249.723 1.90399150848 0.471999802206 1.19699553193 -5.03147645088 0.967620522563 15.3260606411 0.00692802392802 0.00037692
pedestrian -1 -1 -10 347.21 210.77 372.412 275.9 1.01099549383 1.15999906131 1.03299635184 -3.69044971944 1.39144101734 10.5066634388 0.00692802392802 0.00031506
pedestrian -1 -1 -10 693.0 150.07 712.586 189.841 1.88799154758 0.497998853801 1.18199548336 2.06360495744 0.991995249754 14.5029233432 0.00692802392802 0.00022877
pedestrian -1 -1 -10 680.95 157.18 701.069 197.508 2.06099075228 0.580998980659 1.12299592806 1.86106163738 1.16559956007 14.462926779 0.00692802392802 0.00021662
pedestrian -1 -1 -10 685.34 151.37 707.658 193.296 2.06099075228 0.591999606444 1.19699553193 1.9600207587 1.16533372313 14.4567404153 0.00692802392802 0.00016106
pedestrian -1 -1 -10 364.84 200.01 380.833 254.95 1.89999151826 0.513000140632 1.19399576064 -4.92911560648 0.967362505158 15.3048528084 0.00692802392802 0.00014058
pedestrian -1 -1 -10 668.8 179.16 684.251 224.645 1.47499343604 1.16899887973 1.0479960428 1.34883186948 1.44071231528 12.9800996169 0.00692802392802 0.00012549
pedestrian -1 -1 -10 350.61 203.18 368.082 251.944 1.91099138707 0.46899954484 1.1949956844 -5.29845698454 0.972352914025 15.3294119185 0.00692802392802 0.00011815
pedestrian -1 -1 -10 231.06 201.78 255.134 254.289 2.16499031931 1.1369993134 1.1909955125 -7.01036138885 1.24276601962 13.8504015741 0.00692802392802 0.00011647
pedestrian -1 -1 -10 326.15 196.13 351.219 275.787 0.986995612085 0.884998675463 1.18799574121 -3.80486055342 1.39391299939 10.3699692448 0.00692802392802 0.00010267
pedestrian -1 -1 -10 159.62 247.98 187.189 320.578 1.6759925127 0.473999655893 0.449998119503 -4.63461607792 1.43764863438 7.35379344952 0.00692802392802 7.0039e-05
pedestrian -1 -1 -10 765.01 185.39 784.241 241.499 0.761996594071 0.0879992842369 0.708997448311 4.1077792093 0.748774141902 17.6392102727 0.00692802392802 2.5123e-05
pedestrian -1 -1 -10 139.46 214.89 181.879 329.19 1.72099226862 0.473999655893 0.449998119503 -4.63455402683 1.4826483903 7.35381918722 0.00692802392802 1.9707e-05
pedestrian -1 -1 -10 1182.7 241.98 1221.67 313.559 1.08199521601 0.637999579086 1.14799592955 5.48773410036 1.48086914023 6.36303762561 0.00692802392802 3.2823e-06
pedestrian -1 -1 -10 158.75 157.7 192.273 255.439 1.71999234557 0.473999655893 0.449998119503 -4.63455540565 1.48164846725 7.35381861531 0.00692802392802 2.6144e-06
pedestrian -1 -1 -10 1198.6 230.33 1223.24 310.073 0.993995550275 0.498999734318 0.869996618685 4.49827385042 1.46783887154 5.27840154401 0.00692802392802 9.2449e-08
