pedestrian -1 -1 -10 1039.3 132.16 1088.6 269.66 1.97178343988 0.85788371447 0.727999941182 6.69157831948 1.45304321561 10.502217697 0.78553464155925 0.96539
pedestrian -1 -1 -10 1002.1 135.19 1056.74 277.96 1.91478968681 0.584935955499 0.648999870279 5.75181952201 1.49922988296 9.79959525213 0.00753464155925 0.90788
pedestrian -1 -1 -10 1158.9 125.98 1227.06 282.92 1.82080008495 0.803901255403 0.83899971628 8.76144274247 1.38250397612 11.3430632476 0.00753464155925 0.89798
pedestrian -1 -1 -10 1158.9 125.98 1227.06 282.92 1.82080008495 0.803901255403 0.83899971628 7.86144274247 1.38250397612 11.3430632476 0.00753464155925 0.89798
pedestrian -1 -1 -10 1158.9 125.98 1227.06 282.92 1.82080008495 0.803901255403 0.83899971628 9.36144274247 1.68250397612 12.4430632476 0.00753464155925 0.89798
pedestrian -1 -1 -10 1158.9 125.98 1227.06 282.92 1.82080008495 0.803901255403 0.83899971628 10.76144274247 1.68250397612 12.0430632476 0.00753464155925 0.89798
pedestrian -1 -1 -10 837.27 161.87 851.495 206.981 1.44386342776 0.366960377497 0.416999689246 9.63964484446 1.3344876991 28.8844111513 0.00753464155925 0.88737
pedestrian -1 -1 -10 807.36 161.07 819.964 207.16 1.41784434878 0.574935868503 0.592000303248 8.18504426494 1.50914273762 28.8680698097 0.00753464155925 0.72672
pedestrian -1 -1 -10 1088.6 130.36 1203.69 281.02 1.79180322504 0.635930963835 0.838999491402 6.8303581284 1.42964575559 9.60206247526 0.00753464155925 0.66947
pedestrian -1 -1 -10 1169.3 131.58 1210.9 252.29 1.82080008495 0.903901255403 1.01699941021 8.55044290079 1.38251198504 10.5431460105 0.00753464155925 0.49365
pedestrian -1 -1 -10 325.1 177.6 341.153 224.28 1.4008461808 0.365961036296 0.572000328444 -12.2539401704 1.80150552389 33.1716927045 0.00753464155925 0.44941
pedestrian -1 -1 -10 799.98 163.16 817.779 202.751 1.41784434878 0.574935868503 0.592000303248 8.18504426494 1.50914273762 28.8680698097 0.00753464155925 0.42104
pedestrian -1 -1 -10 1055.5 134.58 1129.48 265.01 1.97178343988 1.10587879206 0.727999941182 6.69016950712 1.45027514585 10.3152432144 0.00753464155925 0.22494
pedestrian -1 -1 -10 1094.5 161.97 1120.69 232.032 1.77980457783 0.643929507721 0.459000446958 7.99841546202 1.3466922098 11.2076231703 0.00753464155925 0.22292
pedestrian -1 -1 -10 738.7 168.02 753.715 213.463 1.34085281062 0.983891462109 0.628999994375 4.99111567107 1.36951161893 24.9785932134 0.00753464155925 0.20987
pedestrian -1 -1 -10 321.27 176.72 335.336 226.353 0.824909430741 0.529940721651 0.198999343991 -8.87426470543 0.102995523834 22.8186821425 0.00753464155925 0.16002
pedestrian -1 -1 -10 1093.9 159.16 1142.02 250.963 1.83779817844 0.924898863457 0.650000373231 8.09287211189 1.4025365285 11.0659945395 0.00753464155925 0.15672
pedestrian -1 -1 -10 1140.4 139.74 1168.88 214.245 1.51483361245 0.706922331885 0.447999817085 8.76989451376 1.3190075733 11.1917574427 0.00753464155925 0.1339
pedestrian -1 -1 -10 1201.9 155.26 1240.17 299.02 1.79280316198 0.933897702114 1.16099989637 8.86853825367 1.35450557009 10.555958548 0.00753464155925 0.11589
pedestrian -1 -1 -10 748.76 169.77 767.455 212.403 0.99689054495 0.446949630633 0.560000248194 7.83971186948 1.43290754898 35.7236293088 0.00753464155925 0.10949
pedestrian -1 -1 -10 742.24 167.29 764.855 234.065 1.34085281062 0.816909938872 0.628999994375 4.99227962753 1.37179858968 25.1330709581 0.00753464155925 0.10595
pedestrian -1 -1 -10 1062.6 142.85 1092.31 226.634 1.97178343988 1.16787132146 0.727999941182 6.69116396481 1.45222908118 10.4472254545 0.00753464155925 0.099073
pedestrian -1 -1 -10 1026.7 136.2 1053.81 268.1 1.91478968681 0.584935955499 0.348999870279 5.75181952201 1.49922988296 9.79959525213 0.00753464155925 0.097229
pedestrian -1 -1 -10 1146.0 126.93 1197.74 261.29 1.55282954716 0.947896107484 0.765999559524 8.61000304144 1.35533557022 11.0721889127 0.00753464155925 0.085184
pedestrian -1 -1 -10 1155.4 138.59 1209.85 210.142 1.82080008495 0.933897702114 0.944999882385 8.51455716098 1.3827602309 10.5584146629 0.00753464155925 0.072733
pedestrian -1 -1 -10 1092.2 155.53 1111.63 221.878 1.77980457783 0.643929507721 0.459000446958 7.99841546202 1.3466922098 11.2076231703 0.00753464155925 0.07211
pedestrian -1 -1 -10 1003.2 133.24 1116.06 282.01 1.97178343988 0.978892848965 0.727999941182 6.6918759006 1.45362791042 10.5417120087 0.00753464155925 0.06115
pedestrian -1 -1 -10 806.11 161.31 834.788 209.656 2.18176051115 0.951895379426 1.15199935935 3.57475145106 1.54813181045 12.0000527216 0.00753464155925 0.053128
pedestrian -1 -1 -10 1104.9 156.25 1123.31 246.446 1.83779817844 0.88590262452 0.749000320038 8.14251759419 1.40278914123 11.085119678 0.00753464155925 0.051374
pedestrian -1 -1 -10 1075.8 145.28 1107.5 228.695 1.97178343988 1.10587879206 0.700000071824 6.70416904554 1.45026495286 10.3151378818 0.00753464155925 0.044734
pedestrian -1 -1 -10 1133.9 140.44 1151.91 206.646 0.562938184902 0.257971158141 0.0909995754154 9.35698895192 0.12153463535 12.4016819888 0.00753464155925 0.043847
pedestrian -1 -1 -10 325.11 174.73 352.489 213.487 1.4008461808 0.365961036296 0.572000328444 -12.2539401704 1.80150552389 33.1716927045 0.00753464155925 0.041336
pedestrian -1 -1 -10 1036.2 138.04 1065.89 232.037 1.98778171563 0.874904149893 0.727999941182 6.6922725885 1.47039591635 10.5935864217 0.00753464155925 0.03937
pedestrian -1 -1 -10 813.31 161.98 849.256 228.998 2.26775103473 1.18387031637 1.13399971581 3.64390221815 1.6323542773 11.8829051545 0.00753464155925 0.037261
pedestrian -1 -1 -10 797.85 157.69 841.406 243.165 0.629930839836 0.0119997229682 0.0699996733965 11.7648876499 1.1321496934 38.4016650735 0.00753464155925 0.034136
pedestrian -1 -1 -10 1155.4 140.68 1175.79 201.28 1.55282954716 0.9288981354 0.872999877722 8.5565759674 1.35551514633 11.0820901532 0.00753464155925 0.033056
pedestrian -1 -1 -10 1012.6 137.79 1045.61 219.058 1.89679165638 0.584935955499 0.348999870279 5.75181397259 1.48123185254 9.79972852013 0.00753464155925 0.03095
pedestrian -1 -1 -10 1085.4 151.16 1104.62 217.73 2.04077589977 1.01988872387 0.96300000276 11.9590088185 1.18007461532 17.5470574005 0.00753464155925 0.030155
pedestrian -1 -1 -10 748.74 166.69 769.786 251.961 1.05988365888 1.15987277757 0.390999912735 3.04590107117 1.64042100546 14.2846827124 0.00753464155925 0.026748
pedestrian -1 -1 -10 1127.8 137.98 1152.87 254.11 1.79180322504 0.635930963835 0.838999491402 6.8303581284 1.42964575559 9.60206247526 0.00753464155925 0.024823
pedestrian -1 -1 -10 867.7 215.76 890.686 271.132 0.956894863017 0.635930010265 1.05699935982 4.03750551921 1.51081814261 11.1789399566 0.00753464155925 0.024155
pedestrian -1 -1 -10 796.86 162.96 825.112 216.18 1.41784434878 0.574935868503 0.592000303248 8.18504426494 1.50914273762 28.8680698097 0.00753464155925 0.023935
pedestrian -1 -1 -10 323.27 175.92 366.176 223.82 1.4008461808 0.365961036296 0.572000328444 -12.2539401704 1.80150552389 33.1716927045 0.00753464155925 0.021399
pedestrian -1 -1 -10 1146.7 137.51 1179.56 228.916 1.55282954716 0.810911030958 0.475999686444 8.75551493573 1.35624397082 11.1395885574 0.00753464155925 0.020625
pedestrian -1 -1 -10 1034.8 222.64 1053.29 268.427 1.91478968681 0.584935955499 0.348999870279 5.75181952201 1.49922988296 9.79959525213 0.00753464155925 0.019329
pedestrian -1 -1 -10 1214.0 159.39 1236.24 223.28 1.79180322504 0.611932471468 1.18299924877 8.71832910561 1.35123091152 10.3961089523 0.00753464155925 0.013298
pedestrian -1 -1 -10 1162.2 129.14 1189.57 247.41 1.55282954716 0.947896107484 0.71400048334 8.63600184364 1.35531664065 11.0719932976 0.00753464155925 0.013183
pedestrian -1 -1 -10 1077.7 138.57 1098.48 189.884 1.89179226971 0.961894512853 0.732999577256 11.8747485434 1.0337224991 17.5197518576 0.00753464155925 0.01295
pedestrian -1 -1 -10 1125.2 139.35 1147.24 215.384 1.79180322504 0.739918709338 0.838999491402 6.83074987988 1.43041547871 9.65405487215 0.00753464155925 0.010911
pedestrian -1 -1 -10 1175.5 132.86 1203.3 217.501 1.82080008495 0.865905311236 0.953999704154 8.51880079778 1.38225367115 10.524385576 0.00753464155925 0.010309
pedestrian -1 -1 -10 314.89 172.67 344.928 223.827 0.824909430741 0.529940721651 0.198999343991 -8.87426470543 0.102995523834 22.8186821425 0.00753464155925 0.0099145
pedestrian -1 -1 -10 1225.5 162.15 1240.38 214.38 0.100988898159 0.0339966722237 0.0550002883395 13.1632280934 0.95042921104 14.9746726624 0.00753464155925 0.0095235
pedestrian -1 -1 -10 1170.9 134.74 1189.32 192.724 0.2089770807 0.0369966029658 0.307999516618 13.4772837358 -0.536197927526 17.4559537664 0.00753464155925 0.0077745
pedestrian -1 -1 -10 1084.5 139.8 1106.11 190.745 2.04077589977 1.01988872387 0.999999693888 11.9775081405 1.18006114607 17.5469182115 0.00753464155925 0.0076134
pedestrian -1 -1 -10 318.63 174.38 330.554 217.336 0.824909430741 0.529940721651 0.198999343991 -8.87426470543 0.102995523834 22.8186821425 0.00753464155925 0.006989
pedestrian -1 -1 -10 1086.7 138.81 1118.4 218.268 1.83779817844 0.812910666929 0.459000446958 7.99779674326 1.4034350024 11.1227055703 0.00753464155925 0.0058293
pedestrian -1 -1 -10 1102.0 135.71 1147.86 212.378 1.78980347037 0.833909228554 0.838999491402 6.83110335238 1.42911144713 9.70106360514 0.00753464155925 0.0056645
pedestrian -1 -1 -10 1015.4 181.9 1049.64 279.946 1.91478968681 0.584935955499 0.348999870279 5.75181952201 1.49922988296 9.79959525213 0.00753464155925 0.0056601
pedestrian -1 -1 -10 736.92 161.4 779.105 250.613 1.05988365888 1.15987277757 0.390999912735 3.04590107117 1.64042100546 14.2846827124 0.00753464155925 0.0046424
pedestrian -1 -1 -10 1032.7 134.84 1050.82 191.293 1.61682242668 0.584935955499 0.340999975724 5.75572748238 1.20125971058 9.80177148218 0.00753464155925 0.004624
pedestrian -1 -1 -10 876.21 194.3 907.88 265.954 1.00388975334 0.688923701002 0.504999959854 4.74861942569 1.59232492832 11.8503163209 0.00753464155925 0.0044549
pedestrian -1 -1 -10 1165.1 135.51 1180.88 196.176 1.49483582735 0.810911030958 0.465999460623 8.75049708286 1.29825389146 11.1400555968 0.00753464155925 0.0041788
pedestrian -1 -1 -10 1047.5 212.56 1071.86 268.006 1.98778171563 1.13787487475 0.727999941182 6.6912819028 1.46844939231 10.4621047915 0.00753464155925 0.0038211
pedestrian -1 -1 -10 521.21 172.2 535.566 212.197 1.5078344115 0.674925295633 0.522999603392 -3.56168407007 1.65472412682 31.9295000821 0.00753464155925 0.0034247
pedestrian -1 -1 -10 373.82 178.3 389.847 221.678 0.102988712428 0.226976323799 0.26099959967 -19.1180035403 2.01601980976 61.8810846811 0.00753464155925 0.0024524
pedestrian -1 -1 -10 1116.9 141.16 1143.2 230.136 1.79180322504 0.78491385619 0.838999491402 6.83091938943 1.43074853531 9.67655180698 0.00753464155925 0.0023971
pedestrian -1 -1 -10 338.62 179.49 356.051 220.611 0.101988805294 0.0609941417626 0.553998777558 -21.375341263 1.14925976124 60.9317826296 0.00753464155925 0.0022591
pedestrian -1 -1 -10 754.9 190.54 779.453 253.923 1.05988365888 1.11887690266 0.390999912735 3.04574662802 1.6401175517 14.2641853568 0.00753464155925 0.002198
pedestrian -1 -1 -10 844.3 161.17 858.974 203.314 1.24386342776 0.366960377497 0.416999689246 9.63964484446 1.3344876991 28.8844111513 0.00753464155925 0.0021764
pedestrian -1 -1 -10 162.7 192.16 179.317 225.598 0.104988467098 0.0299954931412 0.214000636396 -18.5417215893 1.6269935001 31.5838361708 0.00753464155925 0.0020735
pedestrian -1 -1 -10 1044.3 131.35 1068.12 195.906 1.7878037455 0.908900822116 0.727999941182 6.69203765397 1.27007749244 10.572070585 0.00753464155925 0.0020603
pedestrian -1 -1 -10 873.06 173.58 914.2 318.59 1.00388975334 0.688923701002 0.504999959854 4.74861942569 1.59232492832 11.8503163209 0.00753464155925 0.0017801
pedestrian -1 -1 -10 1023.6 214.77 1048.3 274.054 1.91478968681 0.584935955499 0.348999870279 5.75181952201 1.49922988296 9.79959525213 0.00753464155925 0.0016952
pedestrian -1 -1 -10 1184.1 194.27 1233.54 296.11 1.82080008495 0.67192631846 1.11099924411 8.59656757171 1.38076067417 10.4268082168 0.00753464155925 0.0016685
pedestrian -1 -1 -10 830.56 207.49 849.911 253.001 2.27375029874 1.194868791 1.18699943447 3.71770838463 1.6330059524 11.5248343958 0.00753464155925 0.0016112
pedestrian -1 -1 -10 1102.2 139.76 1128.42 227.23 1.83779817844 0.905900891374 0.749000320038 8.14244225502 1.40264111294 11.0751208284 0.00753464155925 0.0013812
pedestrian -1 -1 -10 1044.1 130.67 1059.84 174.99 0.371959172247 1.12387551581 0.140000300467 11.4838986946 -0.504844690992 18.6133737412 0.00753464155925 0.0013117
pedestrian -1 -1 -10 1037.2 211.44 1061.02 266.161 1.9117901144 0.584935955499 0.348999870279 5.75181859714 1.49623031056 9.79961746273 0.00753464155925 0.0010796
pedestrian -1 -1 -10 1212.0 200.93 1240.14 296.944 1.37784875625 0.924898863457 0.517999490482 10.7054710564 1.30155787163 12.18655722 0.00753464155925 0.001063
pedestrian -1 -1 -10 1200.9 143.54 1233.12 247.51 1.79180322504 0.659927549062 1.19599925623 8.63901223132 1.35164405557 10.4207039509 0.00753464155925 0.00069739
pedestrian -1 -1 -10 1188.3 135.6 1226.86 267.62 1.82080008495 0.67192631846 1.08099952032 8.58156813438 1.38077159517 10.4269210726 0.00753464155925 0.00062016
pedestrian -1 -1 -10 1044.9 179.04 1076.44 258.272 1.97178343988 1.01788813433 0.727999941182 6.69172899424 1.45333926513 10.5222149194 0.00753464155925 0.0005082
pedestrian -1 -1 -10 46.732 192.25 65.427 238.614 1.70781245613 0.711921898598 0.971999824529 -17.4668054477 0.683463033183 22.8323595163 0.00753464155925 0.00048993
pedestrian -1 -1 -10 1012.9 133.08 1036.06 194.994 1.75580722379 0.584935955499 0.340999975724 5.75577033624 1.3402445077 9.80074235701 0.00753464155925 0.00048703
pedestrian -1 -1 -10 1014.0 213.81 1040.42 280.019 1.91478968681 0.584935955499 0.348999870279 5.75181952201 1.49922988296 9.79959525213 0.00753464155925 0.00043094
pedestrian -1 -1 -10 1094.6 136.27 1116.05 191.654 1.61082310307 0.396956824208 0.273000156757 7.90629626285 1.17960655163 11.3330569589 0.00753464155925 0.00039388
pedestrian -1 -1 -10 505.44 170.35 534.105 215.296 1.5078344115 0.674925295633 0.522999603392 -3.56168407007 1.65472412682 31.9295000821 0.00753464155925 0.00039275
pedestrian -1 -1 -10 1048.5 132.99 1081.69 217.938 1.97178343988 1.09088009192 0.727999941182 6.69145401272 1.45279897457 10.4857199766 0.00753464155925 0.00034253
pedestrian -1 -1 -10 932.12 163.57 949.336 201.958 1.66581713128 0.726921552309 0.565000361104 13.9008180194 0.603121945892 29.2483077487 0.00753464155925 0.00030605
