pedestrian -1 -1 -10 1093.1 267.88 1198.51 375.0 1.67281636947 1.194868791 0.663999831074 3.12078255322 1.60406176781 3.86825579402 0.00753464155925 0.14041
pedestrian -1 -1 -10 1059.7 237.91 1228.32 375.0 1.67281636947 1.194868791 0.650999823609 3.11428273346 1.60406650029 3.86830469869 0.00753464155925 0.0054023
pedestrian -1 -1 -10 1043.6 144.27 1078.77 231.21 0.74491820097 0.274969494253 0.773000003701 4.83523929737 0.217106227338 8.0655814883 0.00753464155925 0.0025261
pedestrian -1 -1 -10 1094.2 266.9 1137.16 375.0 1.67281636947 1.19886877812 0.650999823609 3.11591755706 1.60727864258 4.08527489576 0.00753464155925 0.00051221
pedestrian -1 -1 -10 960.95 159.53 980.323 204.146 1.84579731631 1.17887074966 0.978999791869 3.31306169164 1.3163769741 6.39969513675 0.00753464155925 0.00014134
pedestrian -1 -1 -10 1030.8 142.48 1066.73 237.041 0.74491820097 0.274969494253 0.773000003701 4.83523929737 0.217106227338 8.0655814883 0.00753464155925 0.00010835
pedestrian -1 -1 -10 1016.2 131.42 1084.95 234.3 0.74491820097 0.274969494253 0.773000003701 4.83523929737 0.217106227338 8.0655814883 0.00753464155925 0.00010447
pedestrian -1 -1 -10 1053.3 151.78 1087.69 221.184 1.81580063867 1.19186933704 0.758999830603 3.18231018719 1.29028924312 5.10516569617 0.00753464155925 8.0618e-05
pedestrian -1 -1 -10 1079.9 184.22 1095.69 225.252 1.91678950107 1.19786919852 0.740999948647 3.19186837525 1.39230772977 5.17434071843 0.00753464155925 7.9851e-05
pedestrian -1 -1 -10 1199.5 169.96 1239.7 257.218 1.67281636947 1.18986946268 0.76999974522 3.16196190626 1.60045565895 3.62646556007 0.00753464155925 1.1052e-05
pedestrian -1 -1 -10 863.56 269.7 877.169 317.704 2.23775426769 1.19486974457 0.651999750824 3.15048456628 1.69369023994 7.96745228496 0.00753464155925 5.1126e-06
