pedestrian -1 -1 -10 543.14 170.03 553.509 213.238 1.71281190241 0.963895102395 0.628999755957 -2.40989093807 1.68310759668 29.9111412921 0.00753464155925 0.030337
pedestrian -1 -1 -10 365.05 183.12 385.384 236.227 0.747917877674 0.607933199526 0.487999766694 -7.85361762508 1.56417225658 24.5500334637 0.00753464155925 0.00036898
pedestrian -1 -1 -10 159.25 184.75 174.568 225.481 2.19675879037 0.878903421835 0.59399968084 -17.8973613617 1.29742056789 29.9016105629 0.00753464155925 0.00018575
pedestrian -1 -1 -10 417.53 192.45 433.756 229.825 1.74080885518 0.778913994705 1.19099962016 -4.34599608535 1.56534302685 17.5564741185 0.00753464155925 6.6234e-05
pedestrian -1 -1 -10 161.36 195.69 190.2 253.853 1.08788052225 1.09187943312 0.752998121549 -16.2547728583 1.96853526899 27.2632294414 0.00753464155925 5.593e-05
pedestrian -1 -1 -10 421.71 195.41 437.844 238.026 1.98178245162 0.721919124886 1.1529997634 -4.25313910711 1.80582703322 17.5254934694 0.00753464155925 4.7699e-05
pedestrian -1 -1 -10 133.69 175.67 152.128 214.451 1.76080667007 0.995891185077 1.12999976853 -11.2008508141 0.939129737849 17.4640210555 0.00753464155925 3.7185e-05
pedestrian -1 -1 -10 136.07 152.01 160.36 204.477 1.75980679273 0.906900232575 1.18599950725 -11.1455171365 0.938748532276 17.5081088616 0.00753464155925 3.0407e-05
pedestrian -1 -1 -10 319.65 199.8 340.848 247.106 0.672926094176 0.744919229621 0.184999409312 -11.5331230921 1.39569758569 29.2278371877 0.00753464155925 5.1732e-06
pedestrian -1 -1 -10 429.32 189.1 444.055 240.239 1.98178245162 0.717919852943 0.995999746611 -4.17465638699 1.80574027661 17.5229032724 0.00753464155925 4.6577e-06
pedestrian -1 -1 -10 904.2 183.16 946.921 248.78 1.85479633153 0.350961382586 0.173999733113 9.62580290494 0.970366786467 21.8594583516 0.00753464155925 4.0884e-07
pedestrian -1 -1 -10 530.36 166.08 550.705 218.826 1.55182956553 0.847906680354 0.602999741028 -2.425117463 1.5178568116 29.6234714122 0.00753464155925 1.9167e-07
