pedestrian -1 -1 -10 865.76 177.19 878.416 218.092 2.31774549747 1.19586908577 0.0720000046628 5.41610200087 1.5959640983 14.6998511757 0.00753464155925 0.01255
pedestrian -1 -1 -10 859.77 175.31 873.506 213.871 2.32774439001 1.1818706804 0.176999514757 5.38804832098 1.60079711104 15.0251096721 0.00753464155925 0.0031249
pedestrian -1 -1 -10 875.09 184.13 890.504 231.042 2.30774660492 1.19586908577 0.0799998992171 5.40555431523 1.59801178207 14.0947423445 0.00753464155925 0.0025437
pedestrian -1 -1 -10 1230.1 91.86 1241.81 139.425 1.56582808661 1.19586908577 0.208000119434 5.24100935784 0.975338047781 6.0726016649 0.00753464155925 0.0019453
pedestrian -1 -1 -10 1184.5 87.616 1208.42 141.209 1.50883436334 1.19786872174 0.164999911345 5.28789587446 0.913019475691 6.52581167501 0.00753464155925 0.0018024
pedestrian -1 -1 -10 856.72 186.17 883.232 247.727 2.32274494374 1.19586908577 0.0770001175731 5.41949695679 1.59772376675 14.8188524528 0.00753464155925 0.001653
pedestrian -1 -1 -10 854.51 178.59 871.966 237.304 2.33174395895 1.18886988308 0.179999773238 5.39088441255 1.60342345748 15.20260329 0.00753464155925 0.0014147
pedestrian -1 -1 -10 868.56 166.94 883.361 211.273 2.32374488067 1.19186981382 0.0720000046628 5.41230656842 1.60342658388 14.4607804052 0.00753464155925 0.0014102
pedestrian -1 -1 -10 841.1 170.06 870.285 222.742 2.30974641919 1.18786958831 0.174999660328 5.39984327664 1.56922500091 15.7974613436 0.00753464155925 0.0008101
pedestrian -1 -1 -10 872.45 192.48 887.434 245.006 2.31374598813 1.18586995234 0.0780000447878 5.40742628005 1.59972814553 14.2107634204 0.00753464155925 0.00078019
pedestrian -1 -1 -10 849.4 173.27 865.293 218.808 2.30474697291 1.17887074966 0.172999805899 5.39753781762 1.566657503 15.6239561938 0.00753464155925 0.00072903
pedestrian -1 -1 -10 837.5 165.7 854.94 218.565 2.29674777544 1.1678732286 0.098000019592 5.44259853686 1.54659337343 16.3644566492 0.00753464155925 0.00049005
pedestrian -1 -1 -10 855.19 167.69 869.987 211.463 2.32074518907 1.19686938054 0.179999773238 5.39159994599 1.58684646901 15.2987753383 0.00753464155925 0.00045887
pedestrian -1 -1 -10 406.71 167.59 426.725 227.236 1.85179669952 0.997891774618 0.944999882385 -4.9223322008 1.44906699278 18.4609825852 0.00753464155925 0.00041655
pedestrian -1 -1 -10 851.93 135.24 864.779 194.373 2.02377780628 1.19186886025 0.0869998665567 5.44003934775 1.28485029198 15.5712205458 0.00753464155925 0.00040629
pedestrian -1 -1 -10 828.72 167.24 845.02 212.367 2.31374592853 1.18486965757 0.182999554882 5.47174296635 1.55271638625 16.981857739 0.00753464155925 0.00038557
pedestrian -1 -1 -10 855.33 137.13 870.154 196.457 1.95078574765 1.19086856548 0.0869998665567 5.43760460615 1.22309750399 15.2500681423 0.00753464155925 0.00027319
pedestrian -1 -1 -10 1173.1 79.306 1202.21 147.199 1.51083411801 1.19786872174 0.164999911345 5.28838495172 0.913981638412 6.59081757445 0.00753464155925 0.00018673
pedestrian -1 -1 -10 866.1 208.61 881.453 254.055 2.31774549747 1.19586908577 0.0720000046628 5.41574791537 1.59526838227 14.6528577268 0.00753464155925 0.00018595
pedestrian -1 -1 -10 875.48 207.21 891.049 254.726 2.30774660492 1.17787045488 0.0799998992171 5.40544884685 1.59780455517 14.0807448133 0.00753464155925 0.00011548
pedestrian -1 -1 -10 397.44 162.34 425.114 239.271 2.2437536807 0.887901306922 0.608000092357 -4.82413925685 1.51989180244 16.9698900658 0.00753464155925 0.00011294
pedestrian -1 -1 -10 823.41 160.74 853.488 216.282 2.32474469841 1.19187076739 0.11599966313 5.43646364353 1.56922296748 16.7444276428 0.00753464155925 9.0485e-05
pedestrian -1 -1 -10 1071.3 200.58 1097.45 254.801 2.16876180781 1.19486926778 0.157999944005 5.31889952046 1.55219300126 8.02470756859 0.00753464155925 6.1458e-05
pedestrian -1 -1 -10 843.64 196.34 875.525 255.691 2.30174728131 1.194868791 0.172999805899 5.39691343673 1.56542888653 15.5409447702 0.00753464155925 4.026e-05
pedestrian -1 -1 -10 906.57 123.45 922.46 176.709 1.75780697846 1.19386849623 0.394999860012 5.52350929643 1.06957684846 12.5843977069 0.00753464155925 2.826e-05
