pedestrian -1 -1 -10 949.11 166.08 963.969 198.582 0.373958926917 0.335965543155 0.340999498887 19.2307834664 0.915782757279 39.4978774859 0.00753464155925 0.20272
pedestrian -1 -1 -10 414.53 138.49 430.568 188.653 0.612932738896 0.319964641104 0.519999821748 -5.13454815604 -0.188231019133 20.3259051815 0.00753464155925 0.052233
pedestrian -1 -1 -10 408.21 139.98 434.606 214.199 1.61282294714 1.194868791 0.37799990527 -3.74096844413 1.40184704513 14.5769770352 0.00753464155925 0.0088471
pedestrian -1 -1 -10 335.94 202.08 353.313 248.873 2.05777399326 1.19886806294 0.410000198743 -4.3602824306 1.81793919261 12.1264390287 0.00753464155925 0.0039901
pedestrian -1 -1 -10 421.12 138.72 436.497 184.897 0.612932738896 0.319964641104 0.519999821748 -5.13454815604 -0.188231019133 20.3259051815 0.00753464155925 0.0036552
pedestrian -1 -1 -10 342.29 204.61 364.839 256.84 2.05777399326 1.18687024711 0.414999834816 -4.30027730525 1.82085709553 12.3259711108 0.00753464155925 0.0035667
pedestrian -1 -1 -10 340.79 214.18 357.669 269.076 2.05777399326 1.19086951905 0.399999972922 -4.37961342271 1.81730172132 12.0825883778 0.00753464155925 0.0017887
pedestrian -1 -1 -10 402.05 138.82 422.298 187.622 0.338962803004 0.112990398439 0.0260000149293 -12.0858382327 -0.0793689496253 45.0115420829 0.00753464155925 0.0013223
pedestrian -1 -1 -10 933.26 170.49 949.874 218.617 2.32974420428 0.503946407593 0.447000366708 11.0913978063 1.40380458598 23.841289215 0.00753464155925 0.001194
pedestrian -1 -1 -10 386.87 224.11 402.67 270.587 2.05177469945 1.19786872174 0.398999807289 -4.0167041967 1.82852535258 13.4633334122 0.00753464155925 0.00065231
pedestrian -1 -1 -10 338.37 201.07 375.496 270.64 2.05777399326 1.1938694498 0.414999834816 -4.29994958775 1.82150100307 12.3694650577 0.00753464155925 0.00060366
pedestrian -1 -1 -10 874.88 151.52 895.67 200.09 2.34574248003 0.864906923605 0.858999943043 13.5787658438 1.2065738854 34.5335640963 0.00753464155925 0.00054861
pedestrian -1 -1 -10 407.42 135.1 427.955 176.547 0.612932738896 0.319964641104 0.519999821748 -5.13454815604 -0.188231019133 20.3259051815 0.00753464155925 0.00049579
pedestrian -1 -1 -10 936.21 164.22 954.266 207.606 2.32974420428 0.503946407593 0.447000366708 11.0913978063 1.40380458598 23.841289215 0.00753464155925 0.00043218
pedestrian -1 -1 -10 329.21 200.18 359.643 262.622 2.05777399326 1.19886901651 0.419999947727 -4.38989941378 1.81674649877 12.0446682732 0.00753464155925 0.0002436
pedestrian -1 -1 -10 352.31 200.98 390.815 269.085 2.05777402306 1.19486974457 0.419000020512 -4.18161288541 1.82598242506 12.8120683089 0.00753464155925 0.00018338
pedestrian -1 -1 -10 939.68 162.25 968.933 207.9 0.373958926917 0.335965543155 0.340999498887 19.2307834664 0.915782757279 39.4978774859 0.00753464155925 0.0001513
pedestrian -1 -1 -10 705.01 182.45 722.293 222.665 0.886902644989 0.935898291655 0.728999629978 3.69132236787 1.46607032276 26.3087797481 0.00753464155925 3.061e-05
pedestrian -1 -1 -10 866.14 156.53 890.038 208.417 2.56071890818 1.06588130479 0.773999930916 13.4036713449 1.43129063537 34.7096706493 0.00753464155925 1.1029e-05
pedestrian -1 -1 -10 91.683 251.32 161.989 331.001 1.98478205383 0.533941900734 1.19599973307 -5.99625095012 1.50327104634 8.84092803259 0.00753464155925 3.0287e-09
pedestrian -1 -1 -10 66.406 246.06 134.048 332.042 1.78380411697 0.269969927539 1.19499980586 -6.36229985814 1.50624747036 9.0251797145 0.00753464155925 7.2851e-11
pedestrian -1 -1 -10 127.81 260.65 214.282 340.028 2.15476346552 1.10587879206 0.9940001306 -5.50035706936 1.55972539386 8.9606316404 0.00753464155925 1.2021e-11
