pedestrian -1 -1 -10 787.76 151.88 843.338 302.6 1.72699224651 0.920998902837 0.612997614245 2.85333189473 1.48265687152 9.4004906512 0.78592802392802 0.9972
pedestrian -1 -1 -10 971.39 151.3 1022.62 287.43 1.73799218237 1.17999950552 0.865996923621 5.83970927575 1.43760649873 10.1122599839 0.78592802392802 0.98916
pedestrian -1 -1 -10 708.98 154.04 761.444 285.77 1.86299166828 0.773999643324 0.737997144866 2.01072198655 1.49448356131 10.708794946 0.78592802392802 0.98737
pedestrian -1 -1 -10 905.03 153.78 952.798 292.18 1.78999198079 0.558999636437 0.518998104546 4.37205850287 1.48150546458 9.36792987825 0.78592802392802 0.98471
pedestrian -1 -1 -10 843.68 158.51 889.608 278.81 1.68899245486 0.890999190196 1.04499615229 3.86615648152 1.46141102439 10.6705025125 0.78592802392802 0.97313
pedestrian -1 -1 -10 890.28 165.42 918.094 267.43 1.6859924566 0.445999796938 0.468998578399 4.8294510339 1.46788869037 11.4273570079 0.78592802392802 0.78959
pedestrian -1 -1 -10 795.54 160.69 877.561 290.11 1.68899245486 0.814999028076 0.887996676979 3.78827521653 1.46152338151 10.7600441594 0.78592802392802 0.7381
pedestrian -1 -1 -10 889.42 162.3 941.248 271.93 1.78999198079 0.558999636437 0.518998104546 4.37205850287 1.48150546458 9.36792987825 0.7852802392802 0.73717
pedestrian -1 -1 -10 725.1 150.71 768.189 256.31 1.77699208707 0.683000101721 0.737997144866 2.01028817897 1.40853689554 10.6632470795 0.00692802392802 0.29418
pedestrian -1 -1 -10 336.25 184.78 357.124 237.643 1.00099556297 1.12499923761 0.635997768204 -7.32940155916 1.07699534424 19.6682395409 0.00692802392802 0.25778
pedestrian -1 -1 -10 860.01 158.6 918.557 289.27 1.6879924126 0.770999385958 0.686997456535 4.04473447327 1.45998854027 10.609262804 0.00692802392802 0.25302
pedestrian -1 -1 -10 815.84 165.5 859.979 283.41 1.68899245486 0.803999355965 0.904996811507 3.79681318231 1.46149361142 10.7654849481 0.00692802392802 0.15194
pedestrian -1 -1 -10 915.71 152.94 969.637 264.52 1.78999198079 0.558999636437 0.518998104546 4.37205850287 1.48150546458 9.36792987825 0.00692802392802 0.11842
pedestrian -1 -1 -10 878.39 171.38 909.248 253.511 1.6859924566 0.445999796938 0.468998578399 4.8294510339 1.46788869037 11.4273570079 0.00692802392802 0.10622
pedestrian -1 -1 -10 860.64 161.81 893.982 256.85 1.6879924126 0.853999512816 0.885996829447 3.94552468802 1.46021388527 10.6514515204 0.00692802392802 0.064618
pedestrian -1 -1 -10 777.7 161.07 797.753 214.144 1.44899355546 0.391000482708 0.704997753247 6.13075382968 1.23417550848 23.7750114919 0.00692802392802 0.050934
pedestrian -1 -1 -10 924.65 139.73 1012.93 309.6 0.957995697856 0.596999717497 0.606997594814 6.9489986129 1.42179950797 13.3915909343 0.00692802392802 0.041955
pedestrian -1 -1 -10 329.45 180.04 352.003 226.284 0.975995698571 1.11799927287 0.456998539536 -7.24047548047 1.05183950004 19.5901074282 0.00692802392802 0.04082
pedestrian -1 -1 -10 382.05 178.08 396.573 215.328 0.860996128619 1.11900063023 0.292998644193 -7.35257361409 1.04375066451 25.1835792476 0.00692802392802 0.036598
pedestrian -1 -1 -10 737.32 154.27 760.665 230.737 1.86299166828 0.724999890153 0.737997144866 2.01055225218 1.49451205425 10.6842956574 0.00692802392802 0.031991
pedestrian -1 -1 -10 824.69 191.62 850.368 260.619 1.68899245486 0.655998739099 0.934996431829 3.81232530396 1.46136630316 10.8393795144 0.00692802392802 0.026964
pedestrian -1 -1 -10 341.64 175.65 363.751 231.154 2.20499010235 0.299999033758 0.630997672539 -3.57993154811 1.4823018664 9.48328358205 0.00692802392802 0.024029
pedestrian -1 -1 -10 746.4 166.36 764.402 230.785 1.5019933342 0.688998709106 0.656997597796 5.60527812118 1.2933953688 24.8497166376 0.00692802392802 0.021105
pedestrian -1 -1 -10 761.6 160.17 793.492 215.239 1.44899355546 0.496999403795 0.813997073107 6.07588830028 1.23438701163 23.7223910495 0.00692802392802 0.020373
pedestrian -1 -1 -10 831.11 173.53 864.522 265.109 0.868996049464 0.535000438528 0.289998872895 4.38281350627 1.45716989698 12.2614341358 0.00692802392802 0.02036
pedestrian -1 -1 -10 902.7 171.32 924.481 268.529 1.6859924566 0.445999796938 0.468998578399 4.8294510339 1.46788869037 11.4273570079 0.00692802392802 0.018794
pedestrian -1 -1 -10 876.6 168.37 894.387 229.249 1.6879924126 0.839999583339 0.765997156073 4.00547458792 1.46005703577 10.6440358548 0.00692802392802 0.016463
pedestrian -1 -1 -10 389.03 179.24 406.126 213.22 0.0999995529652 0.0 0.0 -7.81568424153 -0.980751103514 29.3564788809 0.0 0.013448
pedestrian -1 -1 -10 989.7 159.16 1040.33 264.75 1.7669920966 1.13899916709 1.05099617172 5.9328251508 1.46625494431 10.1951332881 0.00692802392802 0.013287
pedestrian -1 -1 -10 743.34 154.09 777.809 229.629 1.5019933342 1.02499892391 0.769997089555 5.54761583302 1.29374611564 24.6821121711 0.00692802392802 0.012052
pedestrian -1 -1 -10 890.56 165.12 910.764 221.347 1.6859924566 0.445999796938 0.468998578399 4.8294510339 1.46788869037 11.4273570079 0.00692802392802 0.011335
pedestrian -1 -1 -10 185.56 176.1 204.025 220.011 1.04799535871 0.897998201261 0.754997279394 -9.05493413534 1.07168941312 15.3535540712 0.00692802392802 0.0092859
pedestrian -1 -1 -10 814.73 198.02 840.744 285.297 1.72699224651 0.920998902837 0.612997614245 2.85333189473 1.48265687152 9.4004906512 0.00692802392802 0.0092158
pedestrian -1 -1 -10 899.18 162.15 919.437 240.452 1.6859924566 0.445999796938 0.468998578399 4.8294510339 1.46788869037 11.4273570079 0.00692802392802 0.0091315
pedestrian -1 -1 -10 806.71 171.72 836.831 290.42 1.72699224651 0.920998902837 0.612997614245 2.85333189473 1.48265687152 9.4004906512 0.00692802392802 0.0056589
pedestrian -1 -1 -10 769.06 160.64 802.966 240.29 1.44899355546 0.496999403795 0.77899735712 6.09338773791 1.23433888971 23.7222697551 0.00692802392802 0.0054154
pedestrian -1 -1 -10 826.66 170.82 847.655 231.769 1.68899245486 0.915998791785 0.869996618685 3.77892554198 1.4616068607 10.7096078702 0.00692802392802 0.0052737
pedestrian -1 -1 -10 120.86 178.7 145.513 229.065 0.952995739877 1.19799914237 1.17399633165 -9.41360672127 1.04987251914 14.3100435369 0.00692802392802 0.0045902
pedestrian -1 -1 -10 800.77 164.35 849.977 257.534 1.72699224651 0.728999597526 0.612997614245 2.85266681216 1.48276851747 9.30449330241 0.00692802392802 0.0045337
pedestrian -1 -1 -10 750.49 155.18 769.086 211.25 1.5019933342 1.02499892391 0.769997089555 5.54761583302 1.29374611564 24.6821121711 0.00692802392802 0.004229
pedestrian -1 -1 -10 979.04 152.72 1065.09 284.43 1.7669920966 1.10199948971 0.957996585788 5.9794519931 1.46610556203 10.213310385 0.00692802392802 0.00414
pedestrian -1 -1 -10 937.2 160.94 964.687 237.358 1.78999198079 0.558999636437 0.518998104546 4.37205850287 1.48150546458 9.36792987825 0.00692802392802 0.0041294
pedestrian -1 -1 -10 964.33 156.53 1012.76 237.619 1.73799218237 0.912999488092 0.770997013321 5.7920060866 1.43777142428 10.0830899344 0.00692802392802 0.0039955
pedestrian -1 -1 -10 327.11 167.75 361.228 247.464 0.975995698571 1.12599868762 0.456998539536 -7.2410574269 1.0519371901 19.5061098672 0.00692802392802 0.0038947
pedestrian -1 -1 -10 76.498 181.81 91.997 227.616 2.08399065137 1.06399845498 0.75999737506 -14.4078422974 0.871046650288 20.0739195457 0.00692802392802 0.003756
pedestrian -1 -1 -10 771.79 155.34 816.216 279.38 1.72699224651 0.805999209652 0.612997614245 2.85373025185 1.4825900002 9.45798911788 0.00692802392802 0.0035574
pedestrian -1 -1 -10 855.66 192.85 885.247 276.649 1.6879924126 0.733999708578 0.935996594012 3.92010972882 1.46035240995 10.5916263366 0.00692802392802 0.0030507
pedestrian -1 -1 -10 851.1 159.7 886.416 221.733 1.6879924126 0.900999412301 0.974996481898 3.90118873762 1.46030892292 10.6752593419 0.00692802392802 0.0026228
pedestrian -1 -1 -10 779.56 157.14 830.192 249.676 1.72699224651 0.920998902837 0.612997614245 2.85333189473 1.48265687152 9.4004906512 0.00692802392802 0.0024522
pedestrian -1 -1 -10 899.96 162.76 914.265 206.766 1.6859924566 0.445999796938 0.468998578399 4.8294510339 1.46788869037 11.4273570079 0.00692802392802 0.0022947
pedestrian -1 -1 -10 945.06 155.05 991.218 243.968 0.377998314798 0.349998236935 0.584998795126 26.8927069861 -0.310621811438 52.2192014621 0.00692802392803 0.0022073
pedestrian -1 -1 -10 865.71 162.73 888.789 230.403 1.6879924126 0.833999068606 0.901996563374 3.93745573199 1.46024751376 10.6415069867 0.00692802392802 0.0021463
pedestrian -1 -1 -10 332.39 126.33 353.46 177.334 0.364998354018 0.665000464871 0.913996125401 -7.55609996194 -0.792295054082 21.338047251 0.00692802392802 0.001789
pedestrian -1 -1 -10 846.31 181.06 878.099 261.354 1.68899245486 0.900999412301 1.04499615229 3.86619112213 1.46140520935 10.6755025036 0.00692802392802 0.0017644
pedestrian -1 -1 -10 759.66 162.92 775.726 211.013 1.44899355546 0.472999252213 0.590997860887 5.96430823633 1.2347075743 23.7111640841 0.00692802392802 0.0016961
pedestrian -1 -1 -10 187.96 112.67 212.096 197.763 0.219999021292 0.899999008621 0.243999518647 -10.6977910788 -0.751673399261 18.7533808887 0.00692802392802 0.0016721
pedestrian -1 -1 -10 764.21 162.28 782.301 207.155 1.44899355546 0.496999403795 0.710997295843 6.02438964872 1.23452862842 23.7227480038 0.00692802392802 0.0016445
pedestrian -1 -1 -10 727.36 149.24 753.956 213.52 1.77699208707 0.773999643324 0.737997144866 2.01060339995 1.40848398009 10.7087457584 0.00692802392802 0.0015983
pedestrian -1 -1 -10 836.09 172.82 854.071 230.429 0.0999995529652 0.0 0.0 14.8065483112 0.838255983988 43.0052045897 0.0 0.0015741
pedestrian -1 -1 -10 619.88 171.05 631.067 196.398 0.0999995529652 0.0619964179473 0.685997413561 2.61587490531 -0.588895647785 72.5227316128 0.00692802392802 0.0015702
pedestrian -1 -1 -10 0.0 38.646 124.87 252.426 0.61299727112 1.0499985255 0.567997706927 -8.09398385736 -0.237083596856 11.0865224026 0.00692802392802 0.0014844
pedestrian -1 -1 -10 1014.2 172.73 1060.49 267.801 1.7669920966 1.16799942973 0.803996881776 5.90405699299 1.46670869137 9.86782517829 0.00692802392802 0.0012652
pedestrian -1 -1 -10 787.01 157.96 808.22 210.718 1.72699224651 0.920998902837 0.612997614245 2.85333189473 1.48265687152 9.4004906512 0.00692802392802 0.0012355
pedestrian -1 -1 -10 743.45 150.91 763.429 201.038 0.315998592973 0.255000895307 0.276999387102 9.61625947556 -0.274038692733 44.4062770622 0.00692802392802 0.0011031
pedestrian -1 -1 -10 819.7 167.25 841.895 226.351 1.68899245486 0.854998962822 0.785997300317 3.73713819411 1.46168688244 10.7403981593 0.00692802392802 0.0010528
pedestrian -1 -1 -10 373.07 174.54 388.827 215.612 0.74899661094 0.482000024311 0.33799855151 -8.01071828962 0.935315199042 25.4025836996 0.00692802392802 0.0009974
pedestrian -1 -1 -10 133.35 178.16 156.784 231.833 1.05299534649 0.912999488092 0.679997751756 -9.32851783095 1.0731160719 14.7659342288 0.00692802392802 0.00085615
pedestrian -1 -1 -10 302.14 170.12 318.632 211.201 0.907995939255 1.19399943499 0.253999709978 -8.38124894686 0.999191811856 20.2840050166 0.00692802392802 0.000826
pedestrian -1 -1 -10 3.5242 172.21 44.1062 246.198 2.00599111021 0.63299994487 0.506998065683 -9.62778773176 1.1178377128 12.2304426733 0.00692802392802 0.00080674
pedestrian -1 -1 -10 915.76 200.48 947.706 290.47 1.78999198079 0.558999636437 0.518998104546 4.37205850287 1.48150546458 9.36792987825 0.00692802392802 0.0007945
pedestrian -1 -1 -10 231.56 186.19 268.91 233.893 0.866996143758 1.08299944918 0.264999348239 -7.63311271198 1.06467780241 15.433303233 0.00692802392802 0.0006099
pedestrian -1 -1 -10 195.41 175.11 214.489 229.15 0.91899586767 1.10099908603 0.733997449802 -8.51525614573 1.10771551157 14.9044216092 0.00692802392802 0.00058515
pedestrian -1 -1 -10 373.65 173.98 401.808 220.189 0.730996774137 0.968999206002 0.321998340748 -7.2732383751 1.0285728629 24.2740647202 0.00692802392802 0.00058448
pedestrian -1 -1 -10 206.87 182.19 230.338 228.847 1.18399471343 1.05099892918 0.387998554493 -7.50392331542 1.16499634095 13.9683041785 0.00692802392802 0.0003962
pedestrian -1 -1 -10 875.1 163.87 890.782 204.81 0.10099953562 0.152000324239 0.314999351222 20.6797553407 0.781700805605 51.1856513778 0.00692802392802 0.00038192
pedestrian -1 -1 -10 346.35 173.08 376.786 231.828 0.104999525845 0.133998780042 0.153999704012 -8.47086808916 0.947266215934 25.6831663749 0.00692802392802 0.00037452
pedestrian -1 -1 -10 998.6 170.65 1046.91 237.593 1.9969911471 0.881999371771 0.73199760227 13.3280250503 0.969459910847 21.9069763323 0.00692802392802 0.00033437
pedestrian -1 -1 -10 959.24 169.62 973.792 222.351 0.377998314798 0.349998236935 0.584998795126 26.8927069861 -0.310621811438 52.2192014621 0.00692802392803 0.0002703
pedestrian -1 -1 -10 969.11 153.09 991.378 201.866 1.66499255449 0.711999410682 0.680997675522 5.74760309904 1.36477865876 10.1838577092 0.00692802392802 0.00024232
pedestrian -1 -1 -10 794.15 152.74 814.731 201.617 0.100999565422 0.231002651072 0.539997934138 13.4929947429 -0.510790355923 46.2073143205 0.00692802392802 0.00021549
pedestrian -1 -1 -10 609.27 171.79 619.005 195.208 0.0999995529652 0.0919951769147 1.03099608708 1.52999393542 -0.586006803243 72.6152592846 0.00692802392802 0.0002059
pedestrian -1 -1 -10 905.05 156.71 926.901 212.749 1.78999198079 0.558999636437 0.518998104546 4.37205850287 1.48150546458 9.36792987825 0.00692802392802 0.0001761
pedestrian -1 -1 -10 296.01 177.86 311.485 217.357 0.907995939255 0.957000083884 0.253999709978 -8.38253407854 0.99940754407 20.0985104028 0.00692802392802 0.00016529
pedestrian -1 -1 -10 717.57 156.8 750.497 259.93 1.86299166828 0.773999643324 0.737997144866 2.01072198655 1.49448356131 10.708794946 0.00692802392802 0.00016462
pedestrian -1 -1 -10 134.09 116.9 179.878 227.63 2.09399065673 0.931998574948 0.917996774136 -14.1586711904 0.807165081442 22.8661827097 0.00692802392802 0.00016045
pedestrian -1 -1 -10 247.7 181.78 277.478 229.005 0.898996005952 1.13099975235 0.205999554527 -9.67048394141 1.02846554834 20.5304832949 0.00692802392802 0.00011917
pedestrian -1 -1 -10 951.42 170.48 964.988 217.029 1.78999198079 0.558999636437 0.518998104546 4.37205850287 1.48150546458 9.36792987825 0.00692802392802 0.0001154
pedestrian -1 -1 -10 790.07 154.43 819.367 223.397 1.72699224651 0.920998902837 0.612997614245 2.85333189473 1.48265687152 9.4004906512 0.00692802392802 9.8206e-05
pedestrian -1 -1 -10 161.65 99.969 195.558 186.775 0.222999028861 0.178001283181 0.212999497724 -9.72742698796 -0.795702885647 16.4395480402 0.00692802392802 9.5993e-05
pedestrian -1 -1 -10 844.66 161.29 869.469 224.788 1.68899245486 0.941998797053 1.04499615229 3.86633314336 1.46138136856 10.696001704 0.00692802392802 8.0485e-05
pedestrian -1 -1 -10 1028.3 173.99 1077.42 286.62 0.767996490002 0.412999826931 0.471998349697 11.8205816738 1.36478941847 19.1400273371 0.00692802392802 5.864e-05
pedestrian -1 -1 -10 282.11 178.27 300.405 217.443 0.994995562732 1.12000008023 0.255998603839 -8.38995974691 1.08734363378 19.298093861 0.00692802392802 5.6127e-05
pedestrian -1 -1 -10 264.44 179.76 282.872 219.807 0.766996566951 1.00500038705 0.268999043303 -9.69908200411 0.896035202183 20.9756148414 0.00692802392802 5.2012e-05
pedestrian -1 -1 -10 311.0 168.91 326.584 216.238 1.17199475765 0.128997715315 0.27499953957 -12.9717275836 0.242235566386 33.9316114384 0.00692802392802 4.6693e-05
pedestrian -1 -1 -10 709.18 171.92 734.42 238.465 1.86299166828 0.773999643324 0.737997144866 2.01072198655 1.49448356131 10.708794946 0.00692802392802 3.2741e-05
pedestrian -1 -1 -10 867.23 161.9 884.136 208.461 1.6879924126 0.900999412301 0.872996866819 3.95218732011 1.46016868128 10.6749058537 0.00692802392802 3.2601e-05
pedestrian -1 -1 -10 217.26 182.99 235.175 235.971 1.15999477208 1.15699880394 0.387998554493 -7.5017256049 1.14062191938 14.2902825326 0.00692802392802 2.9747e-05
pedestrian -1 -1 -10 17.103 197.0 56.394 268.507 2.00599111021 0.777999350697 0.506998065683 -9.6272854561 1.11775339689 12.3029406363 0.00692802392802 1.7808e-05
pedestrian -1 -1 -10 912.58 152.04 933.122 205.01 1.66099260896 0.551999671698 0.518998104546 4.37190487075 1.35250202233 9.37135599517 0.00692802392802 1.5849e-05
pedestrian -1 -1 -10 975.09 153.08 998.141 211.36 1.73799218237 0.912999488092 0.749997183729 5.78150642402 1.43780029744 10.0831627111 0.00692802392802 9.3411e-06
pedestrian -1 -1 -10 810.29 159.48 832.617 228.643 1.72699224651 0.920998902837 0.612997614245 2.85333189473 1.48265687152 9.4004906512 0.00692802392802 5.2047e-06
pedestrian -1 -1 -10 804.2 153.4 821.201 215.505 1.72699224651 0.920998902837 0.612997614245 2.85333189473 1.48265687152 9.4004906512 0.00692802392802 3.7021e-07
