pedestrian -1 -1 -10 191.14 160.07 277.754 309.69 1.67299249768 0.479999216951 0.841997316766 -4.50018780289 1.44322083496 8.27789335157 0.00692802392802 0.99986
pedestrian -1 -1 -10 227.26 163.51 271.862 308.47 1.30199416615 0.746999234376 0.687997618719 -6.5675749559 1.15465891361 13.753731552 0.00692802392802 0.014799
pedestrian -1 -1 -10 667.3 226.78 678.872 260.654 1.47499336153 0.972999867048 1.12099578251 1.28433641469 1.44188960276 12.9805478194 0.00692802392802 0.0015675
pedestrian -1 -1 -10 664.8 209.52 683.242 259.762 1.47499336153 1.15299909657 1.12099578251 1.28371290019 1.44199427076 12.8905503645 0.00692802392802 0.00058483
pedestrian -1 -1 -10 346.74 204.41 372.61 266.826 1.02499542981 1.18299880921 1.00599650282 -3.69785578717 1.38844128181 10.524202998 0.00692802392802 0.00027256
pedestrian -1 -1 -10 244.6 167.28 269.204 220.123 1.41999366917 0.646998920674 0.942996298792 -6.43526239051 1.27235221285 13.7028817094 0.00692802392802 0.00018673
pedestrian -1 -1 -10 211.94 157.11 253.005 304.79 1.67299249768 0.479999216951 0.781997128418 -4.5201872283 1.44327583163 8.27803197426 0.00692802392802 0.00014108
pedestrian -1 -1 -10 753.21 160.58 771.718 211.807 2.39898930043 0.684999001734 1.12699562313 3.21667249326 1.50000656256 14.3357243524 0.00692802392802 8.9111e-05
pedestrian -1 -1 -10 759.44 165.69 777.059 215.504 2.39898930043 0.684999001734 1.02199599833 3.26917104457 1.49986219614 14.3353604674 0.00692802392802 7.1924e-05
pedestrian -1 -1 -10 238.91 164.62 267.245 254.323 1.41999366917 0.646998920674 0.900996639608 -6.45626171567 1.27240995916 13.7030272628 0.00692802392802 5.561e-05
pedestrian -1 -1 -10 363.7 198.14 381.176 255.184 1.04599533379 1.13799971708 1.16399542506 -3.62551961695 1.3695129652 11.1611836336 0.00692802392802 5.2119e-05
pedestrian -1 -1 -10 155.79 174.14 251.502 315.13 2.2789898321 1.18999972762 1.17699610294 -7.55060123047 1.35965022678 13.5057057013 0.00692802392802 4.5952e-05
pedestrian -1 -1 -10 758.16 161.77 787.368 235.543 0.764996556938 0.0919989916094 0.760997298826 4.08778809353 0.750827940429 17.640349847 0.00692802392802 1.4552e-05
pedestrian -1 -1 -10 1050.5 275.03 1073.81 331.273 0.915995830298 0.398999897453 0.409998307851 3.23470607264 1.47826924575 5.32621443556 0.00692802392802 1.0134e-05
pedestrian -1 -1 -10 225.84 153.24 256.524 267.57 1.67299249768 0.479999216951 0.741997316766 -4.50018780289 1.44322083496 8.27789335157 0.00692802392802 1.7127e-06
