pedestrian -1 -1 -10 535.22 165.71 551.819 209.91 0.0999890208244 0.0 0.0 -3.98732945114 1.2469214368 42.2502487014 0.0 0.0034513
pedestrian -1 -1 -10 1177.0 249.4 1224.1 330.817 1.53483144224 1.17987080603 1.19699966029 2.82530743941 1.70618637135 3.45739225482 0.00753464155925 0.00015101
pedestrian -1 -1 -10 929.47 127.04 948.067 173.768 0.373958867319 0.559938121932 0.0870008202308 10.4044380145 -0.522845158445 22.0802658669 0.00753464155925 0.0001346
pedestrian -1 -1 -10 668.24 172.41 685.985 222.055 0.389957172872 0.131985509812 0.491000025175 6.36874990908 0.717472866834 61.0938101616 0.00753464155925 5.5353e-05
pedestrian -1 -1 -10 588.4 162.69 604.697 210.891 0.8439073236 0.220972648035 0.393999873193 -0.315572801063 0.964637769173 42.931864214 0.00753464155925 5.4999e-05
pedestrian -1 -1 -10 919.54 127.88 936.975 172.22 1.62682137883 1.16887066266 1.19099962016 8.46154242482 0.807433388246 18.843537451 0.00753464155925 4.0325e-05
pedestrian -1 -1 -10 843.97 215.93 904.651 291.176 1.33585328985 1.1938694498 0.558999844142 5.40002847854 1.63236129967 13.9080571173 0.00753464155925 2.1205e-05
pedestrian -1 -1 -10 914.8 132.01 931.431 178.06 1.88079349983 1.18987017785 1.17200004941 8.40628759012 1.05171944182 19.1307578073 0.00753464155925 8.7747e-06
pedestrian -1 -1 -10 812.71 208.07 903.258 330.42 0.127985943795 0.323963913047 0.281999978526 4.65216227932 1.71552474152 12.8653766441 0.00753464155925 6.5736e-06
pedestrian -1 -1 -10 847.89 248.27 888.105 312.097 1.10987812162 1.18986970107 0.217999987627 2.08722538423 1.65177713941 5.75993056057 0.00753464155925 7.4736e-07
