pedestrian -1 -1 -10 33.204 176.18 64.441 251.502 1.45883981121 0.604966894533 0.825999960774 -17.0391332134 2.00972066492 22.2480835275 0.00753464155925 0.92455
pedestrian -1 -1 -10 370.15 152.08 388.422 201.11 2.26475128353 0.611932471468 0.691999223595 -8.17358405416 1.34730942384 26.1120952042 0.00753464155925 0.08007
pedestrian -1 -1 -10 366.59 146.98 395.473 210.871 2.26475128353 0.611932471468 0.691999223595 -8.17358405416 1.34730942384 26.1120952042 0.00753464155925 0.094862
pedestrian -1 -1 -10 447.06 174.53 458.118 219.012 1.46883870375 1.06088269164 0.799999945845 -3.80153636193 1.71269706112 16.8570807442 0.00753464155925 0.092025
pedestrian -1 -1 -10 27.557 132.7 67.966 259.27 0.812910738826 0.0449932397118 0.196000992858 -25.0841629963 0.803789883071 32.7272079051 0.00753464155925 0.031973
pedestrian -1 -1 -10 445.6 178.09 474.05 216.502 0.347961803316 0.244975908251 0.32100000092 -8.35244733561 0.867092460947 38.9106300134 0.00753464155925 0.024482
pedestrian -1 -1 -10 378.96 153.74 395.268 201.978 2.26475128353 0.611932471468 0.638999743359 -8.14708506409 1.34729013008 26.1118958257 0.00753464155925 0.023682
pedestrian -1 -1 -10 454.65 172.48 474.248 233.301 0.57893640292 0.403958887602 0.376999739637 -7.95928741422 1.70556807129 41.3858081043 0.00753464155925 0.011052
pedestrian -1 -1 -10 1221.8 193.5 1237.69 250.977 1.73180983996 1.1878700651 0.430999623925 6.59765813519 1.29701027734 7.65906696106 0.00753464155925 0.010367
pedestrian -1 -1 -10 32.892 124.88 53.529 176.496 1.44384144259 0.688925608142 0.616999437289 -15.1713393128 0.523829125686 18.9674422551 0.00753464155925 0.010058
pedestrian -1 -1 -10 910.68 166.85 926.666 213.505 1.71381183934 1.18387031637 0.323999305727 8.70407277299 1.2824351249 20.1340019732 0.00753464155925 0.0053045
pedestrian -1 -1 -10 899.81 170.16 916.565 218.797 1.76080672967 1.18287097517 0.33300008117 8.83114338927 1.33018327881 21.2703413153 0.00753464155925 0.0052538
pedestrian -1 -1 -10 441.77 173.2 454.856 220.033 1.46883870375 0.850906611096 0.961999598709 -3.88115521616 1.71546489904 17.0406654943 0.00753464155925 0.0045609
pedestrian -1 -1 -10 358.89 160.29 373.9 206.119 0.0999890208244 0.0 0.0 -22.3374049139 0.513963859956 67.8998796637 0.0 0.0031866
pedestrian -1 -1 -10 205.96 159.91 217.665 208.016 0.348961635952 0.544938468222 0.448999267463 -22.9729567411 -0.124623209828 42.5829719981 0.00753464155925 0.002634
pedestrian -1 -1 -10 918.99 163.73 935.751 209.596 1.66381737661 1.11787756146 0.311999225477 8.6022873102 1.2311862264 19.2350327905 0.00753464155925 0.0019689
pedestrian -1 -1 -10 45.886 180.65 66.989 246.594 1.45883981121 0.304966894533 0.72100045068 -16.9866349443 2.00968244124 22.2476885303 0.00753464155925 0.0018865
pedestrian -1 -1 -10 970.79 146.19 1000.17 227.441 1.70281300986 1.1938694498 0.33300008117 7.72420396741 1.27165185999 14.7727216163 0.00753464155925 0.0016145
pedestrian -1 -1 -10 507.74 169.01 519.733 196.91 0.100988898159 0.0749963614118 0.466999864675 -8.97617039737 0.575126696545 72.9915251069 0.00753464155925 0.00085203
pedestrian -1 -1 -10 196.42 157.3 215.99 221.213 0.0999890208244 0.107989878155 0.215000086774 -36.5853780722 0.851426763648 66.7950718103 0.00753464155925 0.00069903
pedestrian -1 -1 -10 699.33 130.14 715.148 170.955 1.43884196651 0.41395420675 0.304999973393 3.30032913158 0.588448708667 23.8974680255 0.00753464155925 0.00064569
pedestrian -1 -1 -10 1094.1 204.15 1109.69 253.591 1.71981122255 1.18987017785 0.498999919729 7.00485517555 1.2875237679 10.2094024533 0.00753464155925 0.00040421
pedestrian -1 -1 -10 49.914 142.03 70.362 212.34 0.101988775495 0.447952786113 0.708999416756 -39.6186460418 -0.480014424869 53.209775282 0.00753464155926 0.00031679
pedestrian -1 -1 -10 44.004 127.81 66.713 202.275 0.101988894691 0.0829910910181 0.194000184755 -39.175085031 -1.694264786 52.0047416925 0.00753464155916 0.00030865
pedestrian -1 -1 -10 1131.2 189.57 1150.35 236.699 1.73880904091 1.19886806294 0.562999553001 6.90677063886 1.30463516898 9.26739863547 0.00753464155925 0.00029336
pedestrian -1 -1 -10 1214.6 192.95 1242.04 263.344 1.73180983996 1.19586860898 0.430999623925 6.59779373995 1.29727671697 7.6770641275 0.00753464155925 0.00024483
pedestrian -1 -1 -10 914.24 155.91 942.92 212.937 1.66381737661 1.11787756146 0.311999225477 8.6022873102 1.2311862264 19.2350327905 0.00753464155925 0.00018656
pedestrian -1 -1 -10 956.68 153.22 989.212 224.543 1.7098122406 1.1808713392 0.35200012876 7.87038775507 1.27973316019 15.5271568868 0.00753464155925 0.00017567
pedestrian -1 -1 -10 381.07 133.1 396.557 171.315 0.52494231165 0.467951052967 0.156000089576 -10.6575336291 -0.600726924628 35.9351235684 0.00753464155925 0.00016079
pedestrian -1 -1 -10 956.48 158.43 977.759 213.196 1.71681147134 1.18387031637 0.395999787227 7.99133924218 1.2854572168 15.9187662171 0.00753464155925 0.00015746
pedestrian -1 -1 -10 1075.5 173.63 1106.87 251.671 1.71581159401 1.1938694498 0.488999693909 7.13640882993 1.28346362048 10.5484887943 0.00753464155925 0.00012102
pedestrian -1 -1 -10 1202.6 187.44 1235.96 257.997 1.73480950177 1.19386897301 0.4970000653 6.63704219708 1.29970626205 7.84277742955 0.00753464155925 0.00011905
pedestrian -1 -1 -10 116.33 182.75 147.452 235.094 2.90868063104 0.612933719809 0.55999929452 -18.1218879755 2.0305079812 27.669411073 0.00753464155925 8.7544e-05
pedestrian -1 -1 -10 1100.7 193.3 1118.17 243.149 1.71681156074 1.19686842697 0.498999919729 7.00341338689 1.28468908823 10.0179064678 0.00753464155925 6.8218e-05
pedestrian -1 -1 -10 693.02 160.48 721.591 216.278 2.30474685372 0.41395420675 0.393999932798 3.32409529436 1.45433648626 23.8908795486 0.00753464155925 5.5645e-05
pedestrian -1 -1 -10 355.81 152.95 379.435 223.378 0.0999890208244 0.0 0.0 -22.3374049139 0.513963859956 67.8998796637 0.0 5.0281e-05
pedestrian -1 -1 -10 1117.5 190.86 1142.06 241.476 1.7358094387 1.19686938054 0.478999944925 6.95079305723 1.30258719672 9.53611222254 0.00753464155925 3.8783e-05
pedestrian -1 -1 -10 44.08 136.02 79.671 236.62 0.101988775495 0.447952786113 0.708999416756 -39.6186460418 -0.480014424869 53.209775282 0.00753464155926 1.2316e-05
pedestrian -1 -1 -10 383.36 172.11 400.405 229.617 2.5987146045 0.576936458044 0.56999952034 -8.11235111658 1.68148737488 26.1266609032 0.00753464155925 1.2205e-05
