pedestrian -1 -1 -10 646.96 142.65 706.972 303.89 1.81399189234 0.66899921857 0.636998335688 0.948734390626 1.40227242548 9.08253386342 0.00692802392802 0.99778
pedestrian -1 -1 -10 670.53 155.93 714.517 276.08 1.81399189234 0.66899921857 0.436998335688 0.948734390626 1.40227242548 9.08253386342 0.00692802392802 0.070031
pedestrian -1 -1 -10 669.41 146.79 709.528 214.899 2.05999082923 0.482999474318 1.10199586005 1.8529438274 1.16472376604 14.3739806389 0.00692802392802 0.013663
pedestrian -1 -1 -10 646.19 137.02 666.622 189.924 1.80599189699 0.435999574833 1.07799596114 1.08571718792 0.911651229971 14.5386530453 0.00692802392802 0.0067904
pedestrian -1 -1 -10 679.81 146.88 701.09 197.452 2.05999082923 0.482999474318 1.11999591835 1.86194364035 1.16469901734 14.3739182582 0.00692802392802 0.0032182
pedestrian -1 -1 -10 653.3 139.03 670.996 199.605 1.90599147379 0.826999103868 0.354998686039 0.984297678947 1.08228280442 12.4829452892 0.00692802392802 0.0028692
pedestrian -1 -1 -10 665.52 139.9 697.44 258.05 1.81399189234 0.66899921857 0.436998335688 0.948734390626 1.40227242548 9.08253386342 0.00692802392802 0.0026765
pedestrian -1 -1 -10 641.03 140.34 692.644 232.848 1.23999447227 0.620999869079 0.534997957682 0.982456839264 1.20681261788 12.9015006882 0.00692802392802 0.001224
pedestrian -1 -1 -10 689.14 145.13 713.866 195.996 1.95099134892 0.482999474318 1.18899566497 2.04428827441 1.05519769194 14.3725909825 0.00692802392802 0.00057609
pedestrian -1 -1 -10 686.74 168.43 711.719 240.56 1.43599360585 0.557000736425 0.978996296171 2.57055559924 0.982829677468 17.7982447488 0.00692802392802 0.00024952
pedestrian -1 -1 -10 699.18 171.12 713.542 230.713 2.06099075228 0.482999474318 1.18199548336 2.13293740039 1.16495373507 14.3720404916 0.00692802392802 0.00019736
pedestrian -1 -1 -10 684.56 152.12 706.864 207.37 2.06099075228 0.482999474318 1.1909955125 1.9424427899 1.16547757857 14.3733608732 0.00692802392802 0.00013095
pedestrian -1 -1 -10 699.55 198.04 718.421 260.772 2.06099075228 0.482999474318 1.19299559845 2.18443605195 1.16481211828 14.3716835372 0.00692802392802 5.7069e-05
pedestrian -1 -1 -10 682.25 135.98 707.585 183.615 1.72299232334 0.442000089565 1.18999558874 1.92861913788 0.827492431558 14.393760325 0.00692802392802 4.4411e-05
pedestrian -1 -1 -10 700.53 139.15 721.318 201.637 1.95099134892 0.482999474318 1.08699593068 2.29428127087 1.05451023308 14.3708581976 0.00692802392802 3.021e-05
pedestrian -1 -1 -10 637.9 161.8 683.059 284.01 2.25998986363 0.811999724384 0.450998281687 0.936735212183 1.43642190834 12.4759809441 0.00692802392802 1.429e-06
