pedestrian -1 -1 -10 864.05 156.11 881.435 200.25 0.102988712428 0.0769950438133 1.08999981893 20.8245030794 1.0158579368 56.1121766545 0.00753464155925 0.0075663
pedestrian -1 -1 -10 753.87 174.67 764.357 203.712 0.0999890208244 0.0 0.0 10.1967259898 1.43502728336 47.2362905174 0.0 0.00463
pedestrian -1 -1 -10 715.05 164.37 730.668 213.1 2.35274162138 0.508944067166 0.359999904105 2.1503173185 1.67556436721 14.469003259 0.00753464155925 0.0025137
pedestrian -1 -1 -10 880.07 155.85 892.192 197.767 0.0999890208244 0.0819917498173 0.985000308831 21.8419684265 0.63261061758 56.1406645773 0.00753464155925 0.0018142
pedestrian -1 -1 -10 760.52 173.62 774.853 215.337 0.340962557674 0.157979823871 0.383999706977 10.363905685 1.58582057541 44.7312384551 0.00753464155925 0.0014246
pedestrian -1 -1 -10 860.58 153.2 887.268 213.466 0.102988712428 0.0769950438133 1.08999981893 20.8245030794 1.0158579368 56.1121766545 0.00753464155925 0.00034083
pedestrian -1 -1 -10 928.45 181.03 948.99 226.908 0.762916216494 0.676923978034 0.781999348633 15.8583820678 1.6737538445 34.1527059755 0.00753464155925 0.00022043
pedestrian -1 -1 -10 857.9 150.89 874.32 200.091 0.100988913059 0.0759918883332 1.17400133435 20.454997703 0.63458298892 56.2161028071 0.00753464155925 0.0001334
pedestrian -1 -1 -10 215.47 135.36 233.684 193.042 0.610932894828 0.463949873885 0.614000132482 -12.4979817375 -0.33270665571 23.4999422432 0.00753464155925 8.5771e-06
pedestrian -1 -1 -10 462.98 181.74 485.296 242.724 0.438951817868 0.223974485917 0.471000050371 -3.31111546332 0.787682912943 17.4160336554 0.00753464155925 4.7519e-06
pedestrian -1 -1 -10 451.42 180.49 474.12 240.472 0.438951817868 0.223974485917 0.471000050371 -3.31111546332 0.787682912943 17.4160336554 0.00753464155925 4.5488e-06
pedestrian -1 -1 -10 1089.8 145.96 1159.53 230.247 1.87979362249 1.17287184174 0.210000927537 18.6984079745 0.777767269435 25.9127019051 0.00753464155924 1.16e-07
pedestrian -1 -1 -10 1110.4 160.78 1174.3 246.785 1.54583030152 1.1828700216 0.661999499807 10.4965248227 1.83269280779 14.2778007577 0.00753464155925 9.5531e-11
