pedestrian -1 -1 -10 634.34 148.58 646.848 193.193 0.102988712428 0.173984540201 0.704999946315 3.09135205591 -0.311651361344 64.1960399975 0.00753464155925 0.17346
pedestrian -1 -1 -10 695.84 144.54 714.308 208.332 1.06488301576 0.679925815916 0.749999531997 3.87753333752 0.154188123395 26.5381440063 0.00753464155925 0.066522
pedestrian -1 -1 -10 665.52 171.39 677.338 206.077 0.0999890208244 0.0 0.0 5.43290378267 1.40004379078 58.0471919301 0.0 0.041275
pedestrian -1 -1 -10 629.75 148.56 640.871 188.936 0.102988712428 0.173984540201 0.399999972922 2.93885638559 -0.311540330142 64.1971873757 0.00753464155925 0.0056738
pedestrian -1 -1 -10 642.98 142.3 656.114 190.233 0.100988957758 0.0330011453023 0.420999874941 3.96058112166 -0.82065564153 66.5318327927 0.00753464155925 0.0040304
pedestrian -1 -1 -10 636.31 142.19 662.048 198.539 0.100988957758 0.0599909862824 0.642999929055 4.17537173619 -0.315199866339 67.783403332 0.00753464155925 0.0039733
pedestrian -1 -1 -10 654.25 159.52 677.554 209.687 1.19086924362 0.688923701002 0.887999739616 2.39898031931 0.212232682252 30.0593426036 0.00753464155925 0.002167
pedestrian -1 -1 -10 696.73 148.4 732.187 212.211 1.62482153476 1.02088806507 0.118999921611 3.13726194023 1.58002487287 20.4794241905 0.00753464155925 0.0011864
pedestrian -1 -1 -10 690.59 153.43 711.021 218.351 0.0999890208244 0.0669940032467 0.189999522222 7.8652759127 0.730133247501 61.8738106994 0.00753464155925 0.001084
pedestrian -1 -1 -10 705.22 155.5 723.407 204.67 1.06488301576 0.812910666929 1.07099953292 4.03752780332 0.153086906277 26.4704458996 0.00753464155925 0.00091101
pedestrian -1 -1 -10 688.99 146.02 705.765 201.829 0.0999890208244 0.0669940032467 0.189999522222 7.8652759127 0.730133247501 61.8738106994 0.00753464155925 0.00087852
pedestrian -1 -1 -10 993.94 105.9 1105.25 367.06 1.33285360569 0.595935383697 1.19699966029 6.04531485185 1.18906468444 9.86617752687 0.00753464155925 0.00066275
pedestrian -1 -1 -10 646.29 134.98 675.577 203.607 1.19086924362 0.688923701002 0.887999739616 2.39898031931 0.212232682252 30.0593426036 0.00753464155925 0.0005249
pedestrian -1 -1 -10 624.94 146.56 648.993 195.615 0.102988712428 0.173984540201 0.704999946315 3.09135205591 -0.311651361344 64.1960399975 0.00753464155925 0.00045729
pedestrian -1 -1 -10 648.67 156.48 660.941 198.147 0.0999890208244 0.0079947296063 0.104999986932 4.05990647181 -1.13563405387 66.4722318904 0.00753464155925 0.00024314
pedestrian -1 -1 -10 1069.1 210.31 1102.37 290.845 1.34585218984 0.755917704249 1.19599973307 6.39520600126 1.20062388089 9.7834553006 0.00753464155925 0.00023971
pedestrian -1 -1 -10 399.73 168.01 433.803 236.478 2.06877282274 1.06388452952 0.266999639795 -6.89232973317 1.15616185758 25.8177806793 0.00753464155925 7.7292e-05
pedestrian -1 -1 -10 650.84 140.85 666.921 196.588 0.0999890208244 0.0100010405667 0.33800019408 5.32771348759 -0.319047772089 70.9482084087 0.00753464155925 3.7553e-05
pedestrian -1 -1 -10 802.19 212.52 820.493 277.552 1.63582038659 1.18486965757 0.810999622043 3.27597377796 1.50972916811 11.0111948367 0.00753464155925 7.5588e-06
