pedestrian -1 -1 -10 647.43 155.52 693.708 271.82 1.83199184835 0.806999613332 0.780997085443 1.03343439811 1.41028263833 11.4920052112 0.00692802392802 0.99969
pedestrian -1 -1 -10 702.71 165.75 723.882 219.238 1.51999323468 0.534000034849 0.638997539502 4.12072474421 1.31675534306 25.491534351 0.00692802392802 0.99743
pedestrian -1 -1 -10 347.92 157.66 362.029 209.617 1.54599306881 0.601998874876 0.548997724867 -9.61303572653 0.874338873963 27.4932016436 0.00692802392802 0.90818
pedestrian -1 -1 -10 364.13 158.1 375.951 201.659 1.22599453628 0.393001290068 0.355998609805 -11.6314705616 0.727990056414 36.1619150587 0.00692802392802 0.82482
pedestrian -1 -1 -10 206.79 156.39 238.618 197.758 0.555997514725 1.06000065495 0.224000089656 -18.1416396422 -0.196520972129 33.9447756691 0.00692802392802 0.59738
pedestrian -1 -1 -10 409.6 164.38 420.464 187.756 0.318998555839 0.31799676326 0.479997739825 -11.6712382059 -0.214568009756 44.6133302644 0.00692802392802 0.50734
pedestrian -1 -1 -10 352.56 158.92 374.379 206.564 2.30998971164 0.457999872729 0.200998982026 -6.40934700424 1.24096817043 19.2177833316 0.00692802392802 0.38358
pedestrian -1 -1 -10 341.54 163.15 358.231 207.839 1.54599306881 0.601998874876 0.548997724867 -9.61303572653 0.874338873963 27.4932016436 0.00692802392802 0.29205
pedestrian -1 -1 -10 360.97 156.97 381.601 209.475 1.22599453628 0.393001290068 0.355998609805 -11.6314705616 0.727990056414 36.1619150587 0.00692802392802 0.20383
pedestrian -1 -1 -10 762.35 137.99 858.349 283.0 1.76799213886 0.835999875966 1.19299547924 2.57147700425 1.45537723601 8.57586747975 0.00692802392802 0.18204
pedestrian -1 -1 -10 369.73 158.24 382.98 198.786 0.10299950093 0.425998399054 0.258997898302 -17.60100388 -0.885989002223 56.6530538323 0.00692802392803 0.13157
pedestrian -1 -1 -10 186.25 160.39 202.054 199.024 1.41599371433 1.18399921289 0.922996869801 -17.794030362 0.500925251332 30.9676055968 0.00692802392802 0.10748
pedestrian -1 -1 -10 193.28 159.01 212.045 198.66 1.24099442512 1.01899840918 0.509998313817 -17.4515157057 0.516202165525 31.6488692938 0.00692802392802 0.05689
pedestrian -1 -1 -10 368.38 155.86 393.397 217.043 0.0999995529652 0.0 0.0 -20.6973445015 -0.513026609462 67.6492090927 0.0 0.038105
pedestrian -1 -1 -10 203.1 160.11 217.295 197.312 1.00199559033 1.16500012603 0.0729996801068 -18.1163969064 -0.638038274099 32.5842954222 0.00692802392802 0.037171
pedestrian -1 -1 -10 336.74 165.73 346.157 195.792 0.840996266901 0.561000443797 0.429997736842 -14.6645793069 0.329644354094 40.2797906568 0.00692802392802 0.033924
pedestrian -1 -1 -10 576.75 161.94 590.103 193.36 0.0999995529652 0.079002326833 0.455998258144 -1.61197781473 -0.574778093774 72.1225279902 0.00692802392802 0.020434
pedestrian -1 -1 -10 317.22 162.69 327.976 193.278 0.826996301115 0.5069996259 0.511998161349 -15.2311855288 0.323790269656 38.8956827781 0.00692802392802 0.012183
pedestrian -1 -1 -10 679.61 149.8 693.586 203.335 0.10099953562 0.227001036352 0.289998872895 6.28111304569 -0.495422350989 48.4113514703 0.00692802392802 0.0095153
pedestrian -1 -1 -10 766.68 132.72 806.466 284.17 1.79099203795 0.905999523353 0.863996599254 7.65121730635 1.05772895228 29.2397086418 0.00692802392802 0.0081428
pedestrian -1 -1 -10 326.89 164.23 352.08 192.478 0.840996266901 0.561000443797 0.429997736842 -14.6645793069 0.329644354094 40.2797906568 0.00692802392802 0.0078408
pedestrian -1 -1 -10 675.42 153.85 688.469 202.387 0.10299950093 0.117999950552 0.168999514173 5.83980291702 0.692810321243 48.4022891444 0.00692802392802 0.0076726
pedestrian -1 -1 -10 663.24 154.62 689.99 225.744 1.83199184835 0.773999643324 0.651997561735 1.09781829925 1.41012446309 11.4750585636 0.00692802392802 0.0048043
pedestrian -1 -1 -10 675.29 155.02 701.938 218.471 0.0999995529652 0.00400161471983 0.143999512682 5.59977892855 0.852592474087 44.8010500942 0.00692802392802 0.0047478
pedestrian -1 -1 -10 793.04 143.75 814.251 192.462 1.56499297768 0.938000043354 1.15699572028 2.40284850064 1.25289935929 8.52591694536 0.00692802392802 0.0043597
pedestrian -1 -1 -10 813.82 163.42 863.614 289.34 1.78099209219 0.919000002824 1.06299621058 2.6554037834 1.4684913428 8.27378595628 0.00692802392802 0.0033389
pedestrian -1 -1 -10 808.01 210.23 841.915 298.356 1.78099209219 0.972999867048 1.19299547924 2.56959320152 1.46869642832 8.30138131874 0.00692802392802 0.0029844
pedestrian -1 -1 -10 786.89 139.69 843.149 247.66 1.78099209219 1.06599926234 1.1979954557 2.48541768224 1.46887471116 8.34846558197 0.00692802392802 0.0029639
pedestrian -1 -1 -10 331.16 163.8 342.386 193.353 0.840996266901 0.561000443797 0.429997736842 -14.6645793069 0.329644354094 40.2797906568 0.00692802392802 0.0028237
pedestrian -1 -1 -10 694.3 155.44 729.919 243.246 1.51999323468 0.534000034849 0.638997539502 4.12072474421 1.31675534306 25.491534351 0.00692802392802 0.0025028
pedestrian -1 -1 -10 691.13 163.64 706.147 215.661 0.879996052384 0.661998300158 0.704997276412 5.86978052131 0.782349510583 41.7365683943 0.00692802392802 0.0024971
pedestrian -1 -1 -10 1177.6 179.78 1222.51 331.23 1.69099249653 0.999999322323 1.07899594451 5.59759878735 1.53138870515 6.51598493144 0.00692802392802 0.0019026
pedestrian -1 -1 -10 654.36 156.24 676.366 230.584 1.83199184835 0.905999523353 0.780997085443 1.03377733224 1.41022507073 11.5415039783 0.00692802392802 0.001858
pedestrian -1 -1 -10 697.36 166.26 715.657 222.751 1.51999323468 0.534000034849 0.628997825007 4.11572500706 1.3167690919 25.4915690059 0.00692802392802 0.0017855
pedestrian -1 -1 -10 1186.0 227.69 1209.0 271.888 0.130999432504 0.0380000810597 0.663997064158 12.0332649046 1.11640602189 14.593022472 0.00692802392805 0.0016808
pedestrian -1 -1 -10 711.16 165.86 730.357 216.185 1.51999323468 0.534000034849 0.638997539502 4.12072474421 1.31675534306 25.491534351 0.00692802392802 0.0011697
pedestrian -1 -1 -10 792.56 139.03 829.972 216.708 1.64799267054 0.980999281793 1.17899559285 2.50781104496 1.33563532316 8.50373754442 0.00692802392802 0.00087987
pedestrian -1 -1 -10 765.61 136.77 819.802 224.797 2.11799053848 0.981997778125 1.19299583687 7.85998618837 0.661512693289 28.9226039548 0.00692802392802 0.00085322
pedestrian -1 -1 -10 312.86 161.11 335.365 190.969 0.826996301115 0.5069996259 0.511998161349 -15.2311855288 0.323790269656 38.8956827781 0.00692802392802 0.00084431
pedestrian -1 -1 -10 804.88 145.91 826.22 191.551 2.38698932976 0.359000916381 0.989996053641 11.1027649997 0.658553095848 35.9296520859 0.00692802392802 0.00081739
pedestrian -1 -1 -10 229.66 147.81 245.698 197.789 0.314998565614 0.917998645471 0.153998750342 -18.1348435715 -0.66664620662 35.7853689021 0.00692802392802 0.00061678
pedestrian -1 -1 -10 813.1 146.91 832.495 186.493 2.38998933733 0.371997581157 1.16799583538 11.4018061149 0.66072334426 35.9340795652 0.00692802392802 0.00029967
pedestrian -1 -1 -10 161.41 154.26 190.114 198.136 2.05399081409 1.16299931867 0.668996206153 -17.8151112029 0.495836972795 30.218857346 0.00692802392802 0.00024903
pedestrian -1 -1 -10 17.519 160.93 56.759 212.31 1.87099166363 0.902999265987 0.590997384052 -18.0842783573 0.523077321856 22.7906756808 0.00692802392802 0.00023654
pedestrian -1 -1 -10 793.56 151.62 895.26 297.29 1.78099209219 0.943999604413 0.999996244972 2.68698960778 1.46839018564 8.28606712546 0.00692802392802 0.00022751
pedestrian -1 -1 -10 739.64 125.79 825.116 290.89 2.51898876876 1.01599815181 1.16099541535 7.50078234559 1.05829430457 29.1053255928 0.00692802392802 0.0001208
pedestrian -1 -1 -10 799.1 143.16 820.375 209.568 1.7099923104 0.848999401764 1.17299545421 2.44673883462 1.39782945258 8.4811956556 0.00692802392802 7.4541e-05
pedestrian -1 -1 -10 786.27 134.65 820.8 182.098 1.46599344313 0.938000043354 1.18599541684 2.41721148812 1.15385995239 8.5257598215 0.00692802392802 7.4307e-05
pedestrian -1 -1 -10 764.68 186.33 787.949 271.229 1.76499213129 0.894999851242 0.894996620177 2.21727829317 1.45338497847 8.54882010835 0.00692802392802 6.2433e-05
pedestrian -1 -1 -10 717.55 161.04 745.532 213.608 1.03699534833 0.483001381665 0.609997366112 6.91189918746 0.914023269157 37.7608122407 0.00692802392802 3.9973e-05
pedestrian -1 -1 -10 1198.7 146.18 1224.01 229.988 1.58799291216 0.999999322323 1.13999558575 5.62795584709 1.42830525095 6.51571462126 0.00692802392802 2.5604e-05
pedestrian -1 -1 -10 769.32 175.82 799.108 273.287 1.76799213886 0.844999694391 0.962996443036 2.25094898338 1.45634731448 8.50058749075 0.00692802392802 1.6128e-05
pedestrian -1 -1 -10 85.327 163.71 121.887 198.149 2.02099102885 1.11600037286 0.830998161305 -18.0854795445 0.587808072477 25.6512429759 0.00692802392802 1.4521e-05
pedestrian -1 -1 -10 1194.8 152.0 1210.95 207.095 1.05699526221 0.780999608063 0.582997993924 25.8805895204 0.898667017018 29.931176155 0.00692802392802 1.2568e-05
pedestrian -1 -1 -10 77.205 149.34 127.987 199.757 2.01899094433 1.18999972762 0.71399611347 -18.0917385472 0.587951123751 25.5412852977 0.00692802392802 1.0522e-05
pedestrian -1 -1 -10 300.9 153.35 319.156 192.084 0.100999595225 0.00300216471355 0.20899884899 -22.826907164 -1.20026513059 56.3793859694 0.00692802392743 6.1811e-06
pedestrian -1 -1 -10 156.28 139.13 182.664 200.97 2.04499085099 1.17900005551 0.615996908708 -17.8449203415 0.487463459983 29.7430468321 0.00692802392802 5.9731e-06
pedestrian -1 -1 -10 264.44 148.5 309.204 183.535 0.377998247743 0.0439986884448 0.0230006307948 -21.652492884 -0.815698138892 49.5558672219 0.00692802392794 2.3982e-06
pedestrian -1 -1 -10 23.359 168.2 74.573 222.363 0.587997376919 0.277000239529 0.547998277937 -16.8199782981 0.630965961786 21.5937594692 0.00692802392802 1.7317e-07
pedestrian -1 -1 -10 1118.6 184.98 1158.94 240.007 0.781996545195 0.298999583752 0.976995614177 16.8199712217 1.58367454653 22.0497092452 0.00692802392802 2.8093e-08
