pedestrian -1 -1 -10 857.46 217.04 869.577 248.7 1.28785852218 1.18886988308 0.432999955191 2.78071822231 1.6009930791 7.7635514042 0.00753464155925 0.0061852
pedestrian -1 -1 -10 795.19 176.77 813.124 222.34 2.31274599159 1.16287080117 0.183999958934 7.34271448104 1.3703612455 26.4917657632 0.00753464155925 0.0023856
pedestrian -1 -1 -10 801.44 179.98 819.809 226.889 0.655927970887 0.151981869527 0.0549998115025 5.029298023 1.38110460839 17.9240910475 0.00753464155925 0.0021769
pedestrian -1 -1 -10 222.34 177.14 233.682 215.162 1.67981553316 1.1458743722 0.281000051312 -17.5259754097 1.22087337669 33.4561107921 0.00753464155925 0.0019535
pedestrian -1 -1 -10 579.88 174.08 594.172 206.446 0.105988344433 0.267968384428 0.910999734483 -0.755586899732 0.945637025469 33.9262559164 0.00753464155925 0.00086494
pedestrian -1 -1 -10 472.07 157.31 485.382 200.586 1.0228877207 0.298967033049 0.659999645378 -4.88440035077 0.774792110999 28.9104844379 0.00753464155925 0.00068933
pedestrian -1 -1 -10 568.28 170.69 596.003 223.772 0.104988467098 0.264970360826 0.690999832822 -0.865572134404 0.945739305059 33.9285750988 0.00753464155925 0.00064047
pedestrian -1 -1 -10 573.23 172.1 589.434 213.97 0.104988467098 0.264970360826 0.690999832822 -0.865572134404 0.945739305059 33.9285750988 0.00753464155925 0.0006276
pedestrian -1 -1 -10 785.86 154.53 818.814 231.284 2.31274599159 1.19086951905 0.183999958934 7.34445477571 1.37378061998 26.722733849 0.00753464155925 0.00032752
pedestrian -1 -1 -10 304.23 193.01 315.44 231.768 0.889902306793 0.35696124407 1.11599983385 -12.6089672376 1.68404746874 31.0295280183 0.00753464155925 0.00032101
pedestrian -1 -1 -10 217.97 176.35 239.624 227.663 1.67981553316 1.10788033518 0.281000051312 -17.5253501219 1.22210195786 33.5390976203 0.00753464155925 0.00030649
pedestrian -1 -1 -10 786.19 178.02 806.571 226.318 2.26275152886 0.597934066099 0.0969996155404 4.69752635701 1.53402796672 16.0249571116 0.00753464155925 0.00019846
pedestrian -1 -1 -10 855.69 200.27 873.017 248.336 1.95078574765 1.15987277757 0.201999602472 7.35417233397 1.37855551715 20.1545049633 0.00753464155925 0.00019104
pedestrian -1 -1 -10 245.46 180.66 265.188 229.671 0.277969451192 0.264970360826 0.239999697651 -15.2355631363 1.09704693757 30.9874712918 0.00753464155925 0.00011575
pedestrian -1 -1 -10 228.16 173.17 252.934 234.584 0.811910861491 0.680925157117 0.36200035458 -10.6956399722 1.84547225564 21.3438116251 0.00753464155925 6.872e-05
pedestrian -1 -1 -10 306.2 183.44 321.626 224.845 0.891902091262 0.35696124407 1.15099967055 -12.4254728143 1.68391386708 31.0281622082 0.00753464155925 4.2777e-05
pedestrian -1 -1 -10 774.57 145.0 809.793 207.727 1.33385356497 1.11687822026 0.0720000046628 7.28010473188 1.27429000104 28.2336545812 0.00753464155925 2.7784e-05
pedestrian -1 -1 -10 209.6 175.76 231.195 231.909 0.110987850304 0.529942628791 0.251999777901 -14.1201874891 0.889484947342 25.7286792403 0.00753464155925 2.2669e-05
pedestrian -1 -1 -10 215.11 173.0 228.38 220.019 1.67081651795 1.12387742295 0.256000440434 -17.5416513481 1.2146357852 33.0341936165 0.00753464155925 2.2252e-05
pedestrian -1 -1 -10 307.24 178.79 333.511 225.84 0.891902091262 0.35696124407 0.9459998096 -12.2909771125 1.68381594155 31.0271502619 0.00753464155925 2.1801e-05
pedestrian -1 -1 -10 482.97 157.98 496.402 205.652 1.0228877207 0.298967033049 0.74599958472 -4.84140159817 0.77476080386 28.9101609151 0.00753464155925 4.5609e-06
pedestrian -1 -1 -10 181.68 188.44 205.841 242.23 0.11598723698 0.300967622591 0.813999880524 -13.199315249 1.15471376719 23.8220893538 0.00753464155925 1.4987e-07
