pedestrian -1 -1 -10 771.17 196.68 782.398 224.933 0.918899136897 0.467949145828 0.283999832955 5.0089710942 1.54267085782 21.0012231172 0.00753464155925 0.0051054
pedestrian -1 -1 -10 449.84 168.79 461.377 198.591 0.327963988423 0.200978195461 0.459999897335 -9.64702258346 0.499344073635 47.0478015287 0.00753464155925 0.0048403
pedestrian -1 -1 -10 563.29 169.9 576.422 210.474 1.2398638104 0.590934863414 0.645999829908 -1.56415299172 1.5547622183 30.4607458104 0.00753464155925 0.0035779
pedestrian -1 -1 -10 556.49 169.39 571.694 212.582 1.2398638104 0.590934863414 0.645999829908 -1.56415299172 1.5547622183 30.4607458104 0.00753464155925 0.002529
pedestrian -1 -1 -10 477.56 122.6 505.853 182.005 1.34885191869 0.777914653505 0.953999704154 -4.03182703232 0.461884173152 25.1750900354 0.00753464155925 0.00040431
pedestrian -1 -1 -10 751.93 169.13 762.733 197.024 0.0999890208244 0.0539949390777 0.0960006419997 10.4863486913 0.576949043732 52.5845499385 0.00753464155925 0.00036674
pedestrian -1 -1 -10 960.36 109.29 989.351 182.739 1.52283282482 0.712923146939 1.16999971814 11.5725869575 0.595703890437 22.7740065942 0.00753464155925 0.00030022
pedestrian -1 -1 -10 62.944 199.6 92.365 240.948 1.4328427025 0.248973273054 0.355998883944 -16.2094150146 0.629513558202 21.9410273136 0.00753464155925 0.00012176
pedestrian -1 -1 -10 67.083 189.67 99.21 233.097 0.857905814884 0.636931258606 0.594999131218 -18.1622888373 1.88019529618 25.4714585006 0.00753464155925 8.0396e-05
pedestrian -1 -1 -10 446.09 166.47 467.772 202.563 0.327963988423 0.200978195461 0.459999897335 -9.64702258346 0.499344073635 47.0478015287 0.00753464155925 6.5391e-05
pedestrian -1 -1 -10 949.35 103.07 977.595 182.758 1.33685318208 0.768916768418 0.9459998096 11.4227472201 0.414247555218 22.8044490509 0.00753464155925 3.7539e-05
pedestrian -1 -1 -10 743.55 168.27 755.387 193.64 0.0999890208244 0.18598044889 0.293000131561 10.3873545074 0.57604379465 52.5193001484 0.00753464155925 2.7194e-05
pedestrian -1 -1 -10 554.53 161.21 578.483 216.186 1.2398638104 0.590934863414 0.645999829908 -1.56415299172 1.5547622183 30.4607458104 0.00753464155925 7.2709e-06
pedestrian -1 -1 -10 446.42 150.54 474.552 209.049 0.327963988423 0.200978195461 0.459999897335 -9.64702258346 0.499344073635 47.0478015287 0.00753464155925 3.5549e-07
