pedestrian -1 -1 -10 1099.6 161.13 1127.46 228.212 1.66281739497 0.555938849989 0.749999770416 12.4708334435 1.56766030556 17.3996462828 0.00753464155925 0.37423
pedestrian -1 -1 -10 317.48 166.6 351.644 265.869 1.57582697171 1.0188884291 0.910999734483 -3.40881804113 1.49100723502 9.46817664034 0.00753464155925 0.049777
pedestrian -1 -1 -10 1115.0 170.21 1131.89 216.332 1.54882994842 0.555938849989 1.01199977414 12.6017945912 1.45357748138 17.3995046961 0.00753464155925 0.035152
pedestrian -1 -1 -10 1087.5 156.84 1119.14 228.803 0.401955849887 0.531941311192 0.586999713501 15.0495855095 -0.581554045327 21.9563295096 0.00753464155925 0.023844
pedestrian -1 -1 -10 943.79 158.15 966.856 202.011 1.00588953781 0.62893080758 0.360999950529 13.6683838518 0.9289757485 27.5331147017 0.00753464155925 0.023394
pedestrian -1 -1 -10 653.78 154.0 666.511 188.776 1.30385679794 1.13787392118 0.976999699021 1.32831307573 0.656656508821 19.3706918945 0.00753464155925 0.021797
pedestrian -1 -1 -10 336.83 169.82 352.387 218.944 1.57582697171 1.15187328012 1.08199968595 -3.41481686904 1.49199632882 9.53471608311 0.00753464155925 0.0215
pedestrian -1 -1 -10 1106.1 165.08 1141.92 221.231 1.54882994842 0.555938849989 0.985999759208 12.5887949517 1.45358694634 17.3996025054 0.00753464155925 0.0165
pedestrian -1 -1 -10 805.28 166.19 823.162 211.837 1.91878937494 1.04888582938 0.801999800274 4.62930752656 1.31383775211 15.535617185 0.00753464155925 0.01415
pedestrian -1 -1 -10 312.48 170.41 348.595 224.67 0.348961680651 0.510941795998 0.675999434487 -14.0598990483 0.577049565139 36.308570094 0.00753464155925 0.01199
pedestrian -1 -1 -10 935.0 158.46 954.725 206.589 2.08677079356 0.608934447866 0.28499976017 11.321179511 1.44092763691 24.1947591221 0.00753464155925 0.01086
pedestrian -1 -1 -10 196.78 169.46 210.979 208.301 0.829908862115 0.430952542862 0.537000491745 -20.7684065707 0.874351850024 36.7263286457 0.00753464155925 0.010541
pedestrian -1 -1 -10 905.89 157.19 924.684 203.411 0.932897584414 0.206978056945 0.288000018651 10.6837561109 1.12612825286 24.5807345044 0.00753464155925 0.0096942
pedestrian -1 -1 -10 159.62 126.81 187.844 209.391 0.597934355377 0.905902798514 1.13499988144 -22.8991834269 0.658985210317 38.3685773768 0.00753464155925 0.0077867
pedestrian -1 -1 -10 940.94 152.98 958.389 193.673 0.0999890208244 0.0729938647308 0.228000571075 17.1690841716 0.305280687771 35.9364277699 0.00753464155925 0.0057672
pedestrian -1 -1 -10 329.15 167.64 346.472 213.105 0.101988797844 0.309963600537 0.220999650062 -13.2687365774 0.597421579898 37.310118897 0.00753464155925 0.0056324
pedestrian -1 -1 -10 904.57 154.43 943.282 200.137 0.993890849622 0.223974485917 0.137000041986 8.51189171486 0.170449249496 19.3194686674 0.00753464155925 0.004601
pedestrian -1 -1 -10 929.11 154.66 947.598 199.624 0.946896030068 0.961894512853 1.17999994396 6.41275308095 0.335602160048 14.0407619059 0.00753464155925 0.0042151
pedestrian -1 -1 -10 320.04 168.44 368.003 220.993 1.57582697171 1.13987451072 1.08599963323 -3.41286215479 1.49190605713 9.52870182132 0.00753464155925 0.0038209
pedestrian -1 -1 -10 214.86 169.66 234.242 217.337 0.669926432372 0.483944326459 0.285999210548 -21.1022992057 0.968752180406 40.1142289458 0.00753464155925 0.0035701
pedestrian -1 -1 -10 924.96 165.34 942.767 209.172 2.08177134729 0.510943703138 0.28499976017 11.3208088105 1.43520285765 24.1458021593 0.00753464155925 0.0035017
pedestrian -1 -1 -10 916.55 152.97 935.851 198.166 1.33085390317 0.398958367319 0.460999347713 13.9765814351 1.30090456666 31.5252439565 0.00753464155925 0.0034956
pedestrian -1 -1 -10 952.13 164.15 971.753 205.866 1.38384805751 1.06188393998 0.654999532468 13.5193463415 1.3028003817 27.2449616089 0.00753464155925 0.0033657
pedestrian -1 -1 -10 939.41 167.04 961.09 213.386 0.825909322976 0.410954276008 0.482000203406 15.9091109008 0.0846149266445 33.0771658231 0.00753464155925 0.0031311
pedestrian -1 -1 -10 809.24 167.57 831.113 217.862 1.03388643098 1.18787149545 1.02099959591 4.77747993804 1.33230871197 16.3772943946 0.00753464155925 0.0026473
pedestrian -1 -1 -10 1086.2 158.35 1153.53 231.435 1.54882994842 0.555938849989 0.874000281774 12.532796798 1.45362771827 17.4000238359 0.00753464155925 0.0025739
pedestrian -1 -1 -10 646.39 147.11 662.244 181.22 1.30785636688 1.16587263906 0.906999787206 1.29419678901 0.662413446139 19.4879091007 0.00753464155925 0.0025246
pedestrian -1 -1 -10 1073.3 190.25 1093.88 237.596 1.08288116538 0.226976323799 0.541000200604 12.33238273 1.56318460388 18.7081444135 0.00753464155925 0.0019571
pedestrian -1 -1 -10 186.78 161.65 213.442 216.706 0.829908862115 0.430952542862 0.537000491745 -20.7684065707 0.874351850024 36.7263286457 0.00753464155925 0.0014289
pedestrian -1 -1 -10 646.81 158.82 666.875 197.919 1.30585658241 1.18486965757 0.963999691556 1.32214912687 0.659319741787 19.4152202049 0.00753464155925 0.0012448
pedestrian -1 -1 -10 610.71 185.25 632.417 232.779 0.376958618521 0.749917842765 0.52599981717 0.512272759683 1.21307796635 22.3931592913 0.00753464155925 0.00062073
pedestrian -1 -1 -10 548.36 161.22 559.575 195.125 0.827909107445 0.147982597584 0.55599982408 -2.84129551483 0.940128776025 42.0495143165 0.00753464155925 0.00045964
pedestrian -1 -1 -10 1116.4 166.33 1164.77 228.814 0.426953140852 0.554937601649 0.511999927194 15.5173271027 1.16962506128 20.4893664792 0.00753464155925 0.0003269
pedestrian -1 -1 -10 705.51 161.45 719.637 205.217 0.100988913059 0.321963323506 1.10199966076 4.39863646782 0.394403940338 29.5369425588 0.00753464155925 0.00031571
pedestrian -1 -1 -10 1028.8 313.92 1044.78 351.663 0.525942248583 1.18586995234 1.19499980586 3.56296188818 1.56394786594 6.0318285041 0.00753464155925 0.00025936
pedestrian -1 -1 -10 728.88 161.56 743.512 205.158 1.91678956067 1.03488647044 1.09799971348 3.10767809011 1.29020574969 17.3206613242 0.00753464155925 0.00025255
pedestrian -1 -1 -10 638.23 163.32 659.679 209.048 1.31485559762 1.19086951905 0.982999679541 1.11391054005 0.672897957863 19.7156958752 0.00753464155925 0.0001773
pedestrian -1 -1 -10 1114.4 155.15 1148.31 211.86 1.87879374516 0.935898291655 1.1609989427 17.4334408766 0.855106264052 23.7212781649 0.00753464155925 0.00016387
pedestrian -1 -1 -10 605.43 168.02 637.2 226.944 2.01177903987 1.16387204951 1.1139996814 0.390064195157 1.35100549104 20.5708873743 0.00753464155925 0.00015727
pedestrian -1 -1 -10 306.02 167.08 339.272 256.26 0.467948647973 0.489946095083 0.276999865616 -4.57830593305 0.89543939358 11.5383887563 0.00753464155925 0.00012716
pedestrian -1 -1 -10 605.87 168.7 624.35 214.249 2.01177903987 1.17487052414 1.06299963836 0.264123534269 1.35415503545 20.7783182295 0.00753464155925 0.00012458
pedestrian -1 -1 -10 1079.3 188.31 1113.79 233.177 1.66281739497 0.555938849989 0.494000283656 12.3428373231 1.56775349879 17.4006093263 0.00753464155925 0.00011037
pedestrian -1 -1 -10 725.63 162.98 738.145 206.591 0.284968715458 0.162982251294 0.716999788147 4.89524836868 0.576193420761 29.4083543434 0.00753464155925 0.00010309
pedestrian -1 -1 -10 732.57 159.05 749.914 202.109 0.0999890208244 0.017995770173 0.221000603736 12.9436215756 0.486554744602 66.7753346435 0.00753464155925 9.6358e-05
pedestrian -1 -1 -10 382.77 169.61 458.729 228.031 1.5978245599 1.02488829059 1.18599974567 -2.6869670717 1.52402241873 10.1745098444 0.00753464155925 9.5743e-05
pedestrian -1 -1 -10 325.78 169.63 393.685 244.847 1.57582697171 1.10587879206 1.15499961783 -3.37583933056 1.49683978049 9.86339656053 0.00753464155925 8.4553e-05
pedestrian -1 -1 -10 190.37 141.41 216.17 199.858 0.341962435009 0.500944569711 1.04499975641 -22.0331877466 -0.135964240917 39.4925815425 0.00753464155925 6.404e-05
pedestrian -1 -1 -10 0.14395 249.46 19.7819 295.69 2.12976611495 1.15387386966 1.17199957257 -5.91934171669 1.51053437495 7.10707522515 0.00753464155925 5.3357e-05
pedestrian -1 -1 -10 811.81 163.04 846.943 225.654 2.16376242113 1.13087471849 0.807999840399 7.28574532332 1.27931965659 23.0419641718 0.00753464155925 5.2861e-05
pedestrian -1 -1 -10 542.29 157.52 556.873 194.859 0.319964865446 0.076991229534 0.14499993654 -3.41878742336 0.479844831502 46.1929924373 0.00753464155925 5.0366e-05
pedestrian -1 -1 -10 1034.7 309.75 1050.02 352.519 0.52094280231 1.18387031637 1.19799934908 3.57916333491 1.56634344537 5.99162847583 0.00753464155925 2.5475e-05
pedestrian -1 -1 -10 772.15 172.66 788.729 222.336 1.92278888428 1.18287097517 1.17499959263 3.93511085282 1.3057552308 16.2440946188 0.00753464155925 2.5313e-05
pedestrian -1 -1 -10 732.66 173.59 752.245 218.334 0.107988158701 0.296968350648 0.205000099372 4.12261206845 0.793724498885 22.3856766647 0.00753464155925 2.5203e-05
pedestrian -1 -1 -10 692.68 162.56 723.3 217.393 0.102988682629 0.265969702026 0.967999400415 3.72501308087 0.65814415717 25.8426188734 0.00753464155925 2.4978e-05
pedestrian -1 -1 -10 627.31 169.7 648.128 219.146 1.32485449016 1.18786958831 1.04599971342 0.863632018151 0.687425219035 20.01098106 0.00753464155925 2.3147e-05
pedestrian -1 -1 -10 0.0 225.94 35.911 295.909 2.13376562429 1.12287712818 1.19200002421 -5.83639732962 1.51736212445 7.09887757432 0.00753464155925 2.1213e-05
pedestrian -1 -1 -10 754.64 186.91 772.256 225.004 1.90279109919 1.17887170323 1.18899976573 3.64693493571 1.28346051713 16.8875362377 0.00753464155925 2.1114e-05
pedestrian -1 -1 -10 717.04 162.32 728.874 206.472 0.285968592793 0.259971747682 1.08899965329 4.70961939606 0.578046641408 29.4582397363 0.00753464155925 7.9813e-06
pedestrian -1 -1 -10 759.63 173.02 788.639 229.512 1.8887925781 1.15387291609 1.19399964022 3.9648639732 1.28405008645 17.0755549073 0.00753464155925 7.8151e-06
pedestrian -1 -1 -10 744.67 177.83 760.783 218.465 1.9347875315 1.1958681322 1.16599977087 3.42749134058 1.31266819149 17.0275134625 0.00753464155925 6.0989e-06
pedestrian -1 -1 -10 765.43 190.65 791.052 236.921 1.88679276384 1.17587177248 1.18699967288 4.07827858484 1.28380461327 17.0636870325 0.00753464155925 4.0291e-06
pedestrian -1 -1 -10 597.82 179.32 626.185 240.243 0.507944277758 0.945897425082 0.543999810885 0.504051715975 1.34552083009 22.4902441202 0.00753464155925 3.4035e-06
