pedestrian -1 -1 -10 390.04 187.9 432.421 309.04 1.70081319559 0.649928415635 0.562999791419 -2.69088405166 1.75003185656 9.83640920973 0.78553464155925 0.98372
pedestrian -1 -1 -10 1065.9 144.17 1085.89 191.232 0.0999890208244 0.186979790091 0.0200004516413 41.0027557265 0.383118925913 62.3773667219 0.00753464155923 0.15934
pedestrian -1 -1 -10 401.48 177.26 435.407 281.08 1.70081319559 0.649928415635 0.562999791419 -2.69088405166 1.75003185656 9.83640920973 0.00753464155925 0.07662
pedestrian -1 -1 -10 403.45 175.71 426.166 252.985 1.70081319559 0.649928415635 0.562999791419 -2.69088405166 1.75003185656 9.83640920973 0.00753464155925 0.0072195
pedestrian -1 -1 -10 394.31 185.26 423.106 274.614 1.70081319559 0.649928415635 0.562999791419 -2.69088405166 1.75003185656 9.83640920973 0.00753464155925 0.0045365
pedestrian -1 -1 -10 409.07 218.17 437.147 286.628 1.70081319559 0.649928415635 0.562999791419 -2.69088405166 1.75003185656 9.83640920973 0.00753464155925 0.0023091
pedestrian -1 -1 -10 393.32 235.42 425.368 306.44 1.70081319559 0.5859352967 0.562999791419 -2.69064297134 1.75050553721 9.86840486096 0.00753464155925 0.0013192
pedestrian -1 -1 -10 591.23 192.16 604.001 233.743 2.06277352893 0.74291864008 1.1949996494 -0.411104096056 2.10743116505 36.3637813255 0.00753464155925 0.00074434
pedestrian -1 -1 -10 415.45 178.79 434.358 229.179 1.70081319559 0.649928415635 0.562999791419 -2.69088405166 1.75003185656 9.83640920973 0.00753464155925 0.00033151
pedestrian -1 -1 -10 1075.5 139.57 1095.37 193.409 1.82879922282 0.708921967856 0.692000177269 16.0467663616 0.809789175442 23.4394873814 0.00753464155925 0.00028613
pedestrian -1 -1 -10 388.65 265.1 408.915 308.285 0.113987541908 0.132984851013 0.36599982502 -3.67233234378 1.8160736867 12.5549564399 0.00753464155925 0.00015226
pedestrian -1 -1 -10 385.7 202.62 410.835 269.802 1.70081319559 0.649928415635 0.562999791419 -2.69088405166 1.75003185656 9.83640920973 0.00753464155925 0.00015145
pedestrian -1 -1 -10 414.52 198.15 441.028 264.133 1.70081319559 0.649928415635 0.562999791419 -2.69088405166 1.75003185656 9.83640920973 0.00753464155925 3.463e-05
pedestrian -1 -1 -10 377.91 242.92 412.041 305.673 1.96778393054 0.79991255633 1.12199963556 -4.20392488292 1.75115677542 13.9033284024 0.00753464155925 2.4294e-05
pedestrian -1 -1 -10 587.79 188.25 639.407 241.041 1.54283063971 0.595935383697 0.969999731681 0.434963265978 2.13436132069 33.3512475201 0.00753464155925 1.3006e-05
pedestrian -1 -1 -10 542.74 217.82 575.995 301.644 0.0999890208244 0.0 0.0 -1.62166174148 1.9459085987 16.4775227562 0.0 5.7553e-07
