pedestrian -1 -1 -10 330.35 164.63 346.066 196.87 0.104988467098 0.0329935167436 1.04899946527 -27.3280232399 -0.36914358051 73.8369078602 0.00753464155925 0.15679
pedestrian -1 -1 -10 326.25 164.36 340.036 197.109 0.100988927959 0.271969563511 0.012001033924 -18.8391351493 0.307656936811 50.2651536232 0.00753464155925 0.10609
pedestrian -1 -1 -10 466.12 153.58 477.819 186.931 0.347961818215 0.351962630926 0.561999148949 -9.29630993944 -0.7058081043 51.1132070025 0.00753464155925 0.0030001
pedestrian -1 -1 -10 266.57 155.2 288.947 207.267 0.35296122724 0.076991229534 1.06500020805 -22.018818286 0.538666637778 48.6478311368 0.00753464155925 0.0028125
pedestrian -1 -1 -10 1047.3 130.77 1068.47 168.549 0.115987177382 0.0449932397118 1.0650021154 33.5719455269 -1.23907353315 53.0851971562 0.00753464155925 0.0020268
pedestrian -1 -1 -10 91.152 190.76 105.011 220.737 0.771915261505 0.322964571846 0.301000502953 -16.3215579904 1.34862112314 23.2165118386 0.00753464155925 0.00063769
pedestrian -1 -1 -10 41.257 158.64 64.527 216.967 0.372959049582 0.0719907092506 0.985999759208 -26.2882187521 0.864695028377 34.5578742726 0.00753464155925 0.00058976
pedestrian -1 -1 -10 85.187 173.52 111.094 218.738 0.918899077299 0.0939914727855 1.07499852652 -24.1845183076 1.13265204155 34.5771022354 0.00753464155925 5.47e-05
pedestrian -1 -1 -10 199.67 150.9 212.32 189.0 0.112987604974 0.0509969154753 0.911000926576 -31.3254543236 -1.6185935129 57.0362596349 0.00753464155925 5.2262e-05
pedestrian -1 -1 -10 254.24 152.58 283.425 217.407 0.378958373191 0.0609903274832 0.740001451943 -22.3727241968 -0.0870516798866 48.6569529713 0.00753464155925 1.7053e-05
pedestrian -1 -1 -10 931.0 111.78 972.522 198.27 0.385957514536 0.10099067547 1.13000072221 25.4578210294 -0.852161586308 52.875568637 0.00753464155925 4.0137e-07
