pedestrian -1 -1 -10 263.43 250.28 276.459 283.362 1.0718823657 0.957895240911 0.887999739616 -3.80908779889 1.62147464761 8.53290171409 0.00753464155925 0.0015824
pedestrian -1 -1 -10 329.52 141.94 345.668 179.958 1.00089010644 0.798912261559 0.203000006524 -6.42394025875 0.244277199461 17.1321485457 0.00753464155925 0.00099257
pedestrian -1 -1 -10 176.81 114.42 198.91 164.57 1.54383048725 0.175981315463 0.14499993654 -4.69135178956 0.961851248573 7.98973087194 0.00753464155925 0.00081654
pedestrian -1 -1 -10 434.55 167.77 451.561 210.747 2.53072211134 1.18287097517 0.401999827352 -6.78239857878 1.53479029399 29.7148043882 0.00753464155925 0.00038774
pedestrian -1 -1 -10 244.35 249.12 280.586 320.521 1.07088242876 0.765915884106 1.19299971301 -3.94552202707 1.71060935023 8.40058501097 0.00753464155925 0.00029595
pedestrian -1 -1 -10 440.48 165.84 455.999 213.634 0.642929401636 0.191980310374 0.0779995679508 -6.68226704691 0.622820026409 30.6592081057 0.00753464155925 0.00028244
pedestrian -1 -1 -10 155.6 108.34 186.787 180.652 1.51983307362 1.17487147771 0.176999991594 -6.32513426989 0.867882303062 10.5581071843 0.00753464155925 0.00019586
pedestrian -1 -1 -10 326.39 126.6 348.108 176.15 1.00089010644 0.839908136468 0.203000006524 -6.4240947019 0.243973745698 17.1116511901 0.00753464155925 0.0001555
pedestrian -1 -1 -10 256.93 248.21 283.009 306.711 1.0718823061 0.736918778596 1.19299947459 -3.83060460437 1.71037018918 8.38922819505 0.00753464155925 9.6535e-05
pedestrian -1 -1 -10 445.61 166.06 460.958 219.601 0.595934574633 0.649928415635 0.817999827801 -4.04190824006 0.676266695198 19.7906781594 0.00753464155925 2.8591e-05
pedestrian -1 -1 -10 421.87 169.12 444.901 212.889 2.19675884997 0.594936042496 0.133000333127 -6.63419153311 1.24979897909 27.5601376697 0.00753464155925 2.8483e-05
pedestrian -1 -1 -10 436.56 161.28 463.585 227.767 0.642929401636 0.191980310374 0.0779995679508 -6.68226704691 0.622820026409 30.6592081057 0.00753464155925 2.1983e-05
pedestrian -1 -1 -10 170.19 108.33 211.833 186.138 1.50283503973 1.19386849623 0.246999664991 -6.3556020911 0.830860994434 11.1633422401 0.00753464155925 1.5841e-05
pedestrian -1 -1 -10 226.75 247.06 265.864 327.423 2.00378002119 1.18786958831 0.172999805899 -6.32847528004 1.60025067249 11.6615253823 0.00753464155925 3.7075e-06
pedestrian -1 -1 -10 1148.9 65.573 1215.32 197.353 0.220975727917 0.0949898604165 0.635999484878 10.6026682853 -0.56051108578 13.5335181602 0.00753464155926 3.3905e-06
pedestrian -1 -1 -10 290.37 145.51 347.423 223.734 1.27186036563 1.19586908577 0.493999806819 -6.61605801861 0.519214539063 16.1068898526 0.00753464155925 2.5276e-06
pedestrian -1 -1 -10 790.45 183.47 854.99 271.197 1.13387552035 0.962894807624 0.752999790478 3.25973358337 0.923897573538 10.3471821755 0.00753464155925 7.4739e-08
pedestrian -1 -1 -10 1083.9 124.23 1140.45 203.397 1.1528734132 0.883903465334 1.19199954738 5.2458019553 0.783547419507 7.63856442989 0.00753464155925 2.2831e-08
pedestrian -1 -1 -10 1115.5 186.43 1178.05 279.056 1.1208769213 0.67192631846 1.19299947459 5.43154813898 0.748964616049 7.53942619761 0.00753464155925 1.6306e-09
