pedestrian -1 -1 -10 1029.7 140.47 1080.42 236.329 1.56082867014 1.12887603609 0.718999642576 7.72550078218 1.13000674857 12.027879383 0.00753464155925 0.87348
pedestrian -1 -1 -10 332.18 170.73 362.085 236.426 0.888902340061 0.851907859436 0.597999866536 -6.36694707244 1.4352468264 18.4059362924 0.00753464155925 0.69411
pedestrian -1 -1 -10 502.35 164.48 519.011 206.226 1.32985393644 0.204979374543 0.314999960795 -5.06465999665 1.60585712085 39.7763127719 0.00753464155925 0.36348
pedestrian -1 -1 -10 105.08 172.52 216.08 336.01 1.65881790798 1.13087614885 0.540999723767 -4.10384030447 1.6978454562 6.79359599437 0.00753464155925 0.27908
pedestrian -1 -1 -10 345.3 171.76 365.354 226.298 0.730919724586 0.25697181694 0.54599935984 -8.39621374677 0.748623718713 23.7534567304 0.00753464155925 0.21959
pedestrian -1 -1 -10 1168.1 122.73 1212.06 226.21 1.79180322504 0.987891687622 0.881000249114 8.83254145969 1.17068299971 10.9730009407 0.00753464155925 0.12829
pedestrian -1 -1 -10 335.75 170.07 352.485 219.202 2.61671263493 0.251973203796 0.425000060637 -8.99001564187 1.71316990607 24.2451778435 0.00753464155925 0.11759
pedestrian -1 -1 -10 323.97 170.07 349.2 239.893 2.62971121908 0.712921239799 0.499999846944 -9.02599290279 1.71619470402 24.4480276939 0.00753464155925 0.11512
pedestrian -1 -1 -10 890.75 127.44 948.407 189.25 0.355960956092 0.089990293703 0.908000668095 21.1603616696 -0.78323118198 48.4365921425 0.00753464155925 0.060497
pedestrian -1 -1 -10 155.61 178.16 220.158 318.33 1.65881790798 1.03988603716 0.540999723767 -4.10418309017 1.69717194229 6.74810222992 0.00753464155925 0.030887
pedestrian -1 -1 -10 499.05 164.0 511.363 205.802 0.799912184475 0.432955039543 0.440999849746 -5.68816063351 0.888855142227 40.021734363 0.00753464155925 0.027498
pedestrian -1 -1 -10 1142.1 118.76 1218.66 237.68 1.67581602382 0.659928502632 0.525000411495 9.01046290788 1.05449218731 10.9675211189 0.00753464155925 0.021857
pedestrian -1 -1 -10 1056.0 144.5 1098.29 225.622 1.56082867014 1.06988248387 1.03899971628 7.88571853591 1.13032693036 12.0561715148 0.00753464155925 0.018728
pedestrian -1 -1 -10 331.1 166.42 344.926 213.268 2.48972660422 0.68492442906 0.499999846944 -9.02593059296 1.57641732313 24.4630622304 0.00753464155925 0.017767
pedestrian -1 -1 -10 1174.8 110.68 1230.01 271.24 1.67581602382 0.955895604939 0.813000430147 8.8666251823 1.05490788085 10.9896015571 0.00753464155925 0.013744
pedestrian -1 -1 -10 1147.2 123.6 1190.93 223.93 1.69281411731 0.796912625588 0.334000485222 10.2332191398 0.933833261715 13.1360201374 0.00753464155925 0.012714
pedestrian -1 -1 -10 320.6 170.49 338.778 223.0 2.62971121908 0.712921239799 0.499999846944 -9.02599290279 1.71619470402 24.4480276939 0.00753464155925 0.011804
pedestrian -1 -1 -10 112.33 168.9 177.104 310.52 0.101988805294 0.11398687893 0.310999775099 -6.10268001444 0.185828038296 9.95044950279 0.00753464155925 0.010726
pedestrian -1 -1 -10 852.05 151.75 882.091 194.531 1.3488518442 0.796913579158 0.548999618321 11.6385558682 0.913854566244 31.9677822346 0.00753464155925 0.0096937
pedestrian -1 -1 -10 884.95 127.43 906.582 182.514 0.0999890208244 0.0 0.0 20.5891379069 -1.06180801849 51.4805415154 0.0 0.0084134
pedestrian -1 -1 -10 1041.8 138.02 1111.57 251.11 1.7298100257 0.864905016466 0.823999629508 7.77678572172 1.29646305861 11.8582560969 0.00753464155925 0.0068344
pedestrian -1 -1 -10 1186.5 127.0 1218.52 207.867 1.73980900764 1.13087567206 0.820999847864 8.86198611812 1.11760856449 10.9016702582 0.00753464155925 0.0061874
pedestrian -1 -1 -10 1033.7 146.05 1053.46 215.432 1.56082867014 0.9278987942 0.646999637913 7.69025893738 1.13152060402 12.1286360081 0.00753464155925 0.0056904
pedestrian -1 -1 -10 1173.6 126.73 1195.7 202.096 1.79180322504 1.13087567206 0.983000454401 8.78100413912 1.16966175607 10.9018946919 0.00753464155925 0.0053588
pedestrian -1 -1 -10 864.98 138.56 897.656 196.151 0.394956589346 0.0169964289722 0.00099945037765 20.6636992633 -0.0813959173787 53.667453133 0.00753464155925 0.0053347
pedestrian -1 -1 -10 851.25 151.22 864.828 195.481 0.354961078757 0.125985648328 0.185999813363 16.3693328978 -0.101487727609 46.3913044009 0.00753464155925 0.0051319
pedestrian -1 -1 -10 384.88 168.33 396.248 198.722 0.218975973247 0.292969078705 0.248999996257 -7.11092502704 0.120799609275 24.0223148876 0.00753464155925 0.0030479
pedestrian -1 -1 -10 1101.7 183.16 1128.82 239.548 0.956894892816 0.507943772396 1.12999976853 7.014330213 1.2710906871 9.90488599269 0.00753464155925 0.0026552
pedestrian -1 -1 -10 1059.7 144.77 1090.06 194.102 0.0999890208244 0.0709913680498 0.190999926274 22.9225222646 0.0957247966192 35.2620909709 0.00753464155925 0.0026472
pedestrian -1 -1 -10 722.74 161.42 737.29 198.39 0.346961911081 0.219977121114 0.24899951942 8.74941320335 0.559688145369 51.4835659517 0.00753464155925 0.0025797
pedestrian -1 -1 -10 309.89 168.9 355.048 253.749 2.62971121908 0.712921239799 0.499999846944 -9.02599290279 1.71619470402 24.4480276939 0.00753464155925 0.0025475
pedestrian -1 -1 -10 146.84 171.06 199.291 296.45 1.65881790798 1.13087614885 0.540999723767 -4.10384030447 1.6978454562 6.79359599437 0.00753464155925 0.0023711
pedestrian -1 -1 -10 1067.4 152.65 1105.24 212.925 1.56082867014 1.12887603609 0.996999912244 7.90649559801 1.1298749673 12.0265175771 0.00753464155925 0.002284
pedestrian -1 -1 -10 145.52 168.95 177.152 264.697 1.65881790798 1.00988959045 0.540999723767 -4.10429609534 1.69694990691 6.73310443229 0.00753464155925 0.0022613
pedestrian -1 -1 -10 1160.8 137.16 1186.27 203.512 1.69281411731 0.796912625588 0.334000485222 10.2332191398 0.933833261715 13.1360201374 0.00753464155925 0.0022362
pedestrian -1 -1 -10 177.42 191.7 231.055 307.78 1.65881790798 1.07288241461 0.540999723767 -4.10253696587 1.70040628847 6.96657223058 0.00753464155925 0.0018599
pedestrian -1 -1 -10 1014.5 146.92 1031.98 190.492 0.297967266085 0.132984851013 0.216998987529 20.9157744591 0.308217803412 36.0896444137 0.00753464155925 0.0018096
pedestrian -1 -1 -10 1154.7 134.1 1176.89 189.346 1.69281411731 0.796912625588 0.334000485222 10.2332191398 0.933833261715 13.1360201374 0.00753464155925 0.0015585
pedestrian -1 -1 -10 1067.2 144.96 1122.91 242.894 1.10987818121 0.688924654572 1.13799966309 7.22565315329 1.30543979499 10.7485342126 0.00753464155925 0.0015059
pedestrian -1 -1 -10 1016.0 132.91 1066.74 258.16 1.56082867014 0.917899660773 0.615000059696 7.67429727072 1.13160626719 12.133755812 0.00753464155925 0.0014642
pedestrian -1 -1 -10 875.33 154.4 898.128 191.025 0.330963665127 0.172981384721 0.0240001604999 17.7415330274 0.459449220048 45.4268513344 0.00753464155925 0.0014619
pedestrian -1 -1 -10 1020.0 148.46 1050.23 205.45 0.0999890208244 0.107989878155 0.166999765774 21.3712659304 0.108056494431 36.0302014169 0.00753464155925 0.0010439
pedestrian -1 -1 -10 509.17 164.72 524.494 205.843 0.37295910918 0.490947343424 0.716999788147 -6.42481352134 -0.0386465080107 51.171391696 0.00753464155925 0.00099501
pedestrian -1 -1 -10 881.28 138.21 894.607 188.677 0.0999890208244 0.0 0.0 20.7116230486 -0.378096071786 52.5416469125 0.0 0.00089792
pedestrian -1 -1 -10 297.76 169.75 336.586 259.171 2.33074408162 0.940896904799 0.890000070883 -5.83797008045 1.6243636284 14.7308168785 0.00753464155925 0.00074769
pedestrian -1 -1 -10 986.03 112.9 1052.71 357.91 0.891902091262 0.651928051606 0.720000046628 6.56960082114 1.32955065811 10.9970404446 0.00753464155925 0.00072754
pedestrian -1 -1 -10 139.79 171.43 165.546 239.708 0.916899352428 0.383957760039 0.955999558584 -5.73062893507 1.52766831364 8.7356477887 0.00753464155925 0.00071408
pedestrian -1 -1 -10 1087.1 131.88 1183.54 252.62 0.379958280325 0.454950081659 0.558999844142 14.5797844067 0.81870366164 20.1202249283 0.00753464155925 0.00065793
pedestrian -1 -1 -10 886.92 150.04 907.411 188.032 0.100988898159 0.211974762949 0.229000021453 17.3219108513 0.196368574566 42.6353204239 0.00753464155925 0.00064999
pedestrian -1 -1 -10 893.33 135.13 908.649 181.556 0.0999890208244 0.0 0.0 20.6807335078 -0.37921525137 49.8985299794 0.0 0.00061861
pedestrian -1 -1 -10 1141.9 130.59 1179.0 198.056 1.61982211828 0.669926682489 0.334000485222 10.2336750261 0.861781219751 13.2000517824 0.00753464155925 0.00054838
pedestrian -1 -1 -10 830.87 153.84 864.582 199.725 0.992890983462 0.474950255652 1.02599970882 11.6558260393 1.00635029073 34.8350423695 0.00753464155925 0.00047708
pedestrian -1 -1 -10 1053.5 143.33 1079.48 205.707 1.56082867014 1.12887603609 0.891999448475 7.81199823683 1.12994377028 12.0272285757 0.00753464155925 0.00044566
pedestrian -1 -1 -10 920.52 216.64 970.938 323.09 0.852906309013 0.48594682314 0.325999875412 3.74789879922 1.36469876916 7.98507392045 0.00753464155925 0.00043448
pedestrian -1 -1 -10 966.77 145.68 988.094 198.991 1.908790393 1.02988738052 0.512999854408 2.67070280393 1.38627182375 5.42033123097 0.00753464155925 0.00042323
pedestrian -1 -1 -10 834.16 119.88 991.86 327.34 0.214976404308 1.02688792656 0.508999668713 7.01205773252 1.29649280235 16.4094329278 0.00753464155925 0.00040454
pedestrian -1 -1 -10 1014.8 131.19 1152.35 281.89 1.56082867014 1.06988248387 0.942999551119 7.93371725989 1.13029198277 12.0558103722 0.00753464155925 0.00038969
pedestrian -1 -1 -10 1134.0 136.42 1181.88 243.83 1.08388098311 0.676925885174 0.708999893593 7.60618002759 1.19056450722 9.96306716186 0.00753464155925 0.00037768
pedestrian -1 -1 -10 991.98 144.97 1008.73 191.527 1.21486658275 0.849905362755 0.955999081747 12.4540834309 1.08422267655 22.9073732916 0.00753464155925 0.00035978
pedestrian -1 -1 -10 839.81 151.1 875.059 206.305 0.992890983462 0.266972857507 0.674999984109 11.8305374242 1.00468305357 34.7297361976 0.00753464155925 0.00029748
pedestrian -1 -1 -10 1003.0 140.35 1021.34 188.44 1.90379097652 0.635930010265 0.871000023293 13.277795424 0.938568841229 23.5115056281 0.00753464155925 0.00029175
pedestrian -1 -1 -10 1022.9 145.99 1041.06 186.757 0.0999890208244 0.107989878155 0.166999765774 21.3712659304 0.108056494431 36.0302014169 0.00753464155925 0.00029098
pedestrian -1 -1 -10 52.559 184.91 81.307 264.755 2.24775319004 1.1938694498 0.496000138085 -9.29040952488 1.52450946233 12.165836371 0.00753464155925 0.0002902
pedestrian -1 -1 -10 858.58 202.59 887.346 262.004 0.988891414523 1.10087970214 0.966999711619 2.81059019226 1.46881032668 7.34601307741 0.00753464155925 0.000268
pedestrian -1 -1 -10 842.84 152.45 855.619 192.273 0.331963542462 0.258970499341 0.391000627991 14.0475144803 -0.114528724321 42.1047285985 0.00753464155925 0.00026685
pedestrian -1 -1 -10 288.03 214.92 317.702 275.443 1.16587202715 0.952895674197 0.222000054113 -5.05889596058 1.75081307212 11.7450419932 0.00753464155925 0.00024911
pedestrian -1 -1 -10 989.1 136.11 1023.99 191.192 1.90379097652 0.635930010265 0.871000023293 13.277795424 0.938568841229 23.5115056281 0.00753464155925 0.00023676
pedestrian -1 -1 -10 720.19 161.13 743.912 225.575 0.35096146512 0.187979131292 0.32100000092 9.3519480092 0.571162834158 52.2159888236 0.00753464155925 0.00022938
pedestrian -1 -1 -10 902.78 140.27 925.116 189.391 0.0999890208244 0.0 0.0 17.5294409978 0.181595665789 41.4438052063 0.0 0.00022907
pedestrian -1 -1 -10 1084.2 153.54 1101.96 204.911 0.268970465779 0.269968973969 0.437999591265 19.8213316687 0.200787062402 29.4648512083 0.00753464155924 0.00022358
pedestrian -1 -1 -10 694.52 244.25 710.41 282.452 0.921898739103 1.16087307234 0.620999861403 1.94143243549 1.63551526117 12.7583440789 0.00753464155925 0.00022079
pedestrian -1 -1 -10 1094.8 177.65 1117.83 239.647 0.987891507389 0.494945661797 0.992999726548 6.94579272058 1.30204096199 9.89867298464 0.00753464155925 0.00022014
pedestrian -1 -1 -10 992.74 136.92 1053.4 246.83 1.03288658345 0.52794203925 0.402999754566 12.6553089422 0.899712051595 22.7462201162 0.00753464155925 0.0001953
pedestrian -1 -1 -10 864.15 131.47 934.4 212.172 0.100988898159 0.211974762949 0.229000021453 17.3219108513 0.196368574566 42.6353204239 0.00753464155925 0.00018234
pedestrian -1 -1 -10 68.014 167.65 110.019 234.725 1.39184716559 1.08688081998 0.32100000092 -9.37415067984 0.660459554087 13.2395704218 0.00753464155925 0.00017279
pedestrian -1 -1 -10 1143.9 170.76 1236.96 286.41 0.980892321345 0.902900960632 0.569000069963 8.48351721935 1.10063016254 10.2740688779 0.00753464155925 0.00017091
pedestrian -1 -1 -10 874.87 126.52 920.326 196.065 0.0999890208244 0.0 0.0 20.5998149479 -1.05636222841 51.0383219273 0.0 0.00015999
pedestrian -1 -1 -10 488.34 164.64 512.714 209.576 0.799912184475 0.432955039543 0.440999849746 -5.68816063351 0.888855142227 40.021734363 0.00753464155925 0.0001488
pedestrian -1 -1 -10 922.51 242.45 946.756 307.978 0.883902923586 0.48594682314 0.325999875412 3.74790835655 1.39569538374 7.98484440328 0.00753464155925 0.00014726
pedestrian -1 -1 -10 848.69 139.6 905.638 207.653 1.10587855268 0.624931535638 0.452999929996 11.6858315312 0.669573306587 31.88323163 0.00753464155925 0.00014039
pedestrian -1 -1 -10 1083.5 157.32 1136.84 264.76 0.987891507389 0.494945661797 0.992999726548 6.94579272058 1.30204096199 9.89867298464 0.00753464155925 0.00012898
pedestrian -1 -1 -10 1184.4 162.31 1238.85 301.41 1.00089012134 0.491945731054 1.12799943727 6.7316882896 1.29445969814 7.95972665438 0.00753464155925 0.00012331
pedestrian -1 -1 -10 462.84 168.41 481.227 207.68 1.14087476599 0.435949248866 0.589000044767 -6.07490491804 1.72640792676 32.9482975334 0.00753464155925 0.00010112
pedestrian -1 -1 -10 1009.4 146.09 1044.21 218.009 0.570937339541 0.424954588517 0.485000461887 13.0253084903 0.889260177429 22.4576282663 0.00753464155925 9.5136e-05
pedestrian -1 -1 -10 691.79 231.21 722.167 286.571 0.91689929283 1.16087307234 0.767999771581 2.00648298387 1.63548835086 13.0968638529 0.00753464155925 9.4978e-05
pedestrian -1 -1 -10 980.58 146.28 999.518 193.327 1.03188670611 0.960893264513 0.770999672435 12.361948665 0.903131562498 22.9649016991 0.00753464155925 6.9457e-05
pedestrian -1 -1 -10 970.97 143.05 1007.47 193.409 1.03188670611 0.960893264513 0.770999672435 12.361948665 0.903131562498 22.9649016991 0.00753464155925 6.5147e-05
pedestrian -1 -1 -10 960.38 147.02 992.904 222.701 1.98078248489 1.19286915503 0.733999981307 2.55719522379 1.47841454866 4.74976270267 0.00753464155925 6.4558e-05
pedestrian -1 -1 -10 975.89 115.93 1012.98 186.661 0.103988649361 0.283969286479 0.228000571075 24.9903130041 -1.06323903222 46.5697604609 0.00753464155925 5.9687e-05
pedestrian -1 -1 -10 20.453 173.59 92.853 269.877 2.24775319004 1.1808713392 0.496000138085 -9.29023248213 1.52485732035 12.1893330954 0.00753464155925 5.1083e-05
pedestrian -1 -1 -10 1207.2 127.16 1240.18 253.18 0.697923385141 0.297967691849 0.699999594987 10.5365901601 0.836109519429 12.2151907966 0.00753464155925 5.0451e-05
pedestrian -1 -1 -10 1041.7 146.22 1071.26 206.343 1.56082867014 1.12887603609 0.73899961738 7.73550048655 1.12999946784 12.0278041452 0.00753464155925 4.1828e-05
pedestrian -1 -1 -10 88.528 178.35 145.462 310.1 1.68581490147 0.78591415096 1.18899976573 -5.94284588722 1.5307990612 8.94392011338 0.00753464155925 4.0941e-05
pedestrian -1 -1 -10 146.0 172.76 172.896 218.584 1.58382610214 1.16187241354 1.19299995143 -5.76850142186 1.43336261987 9.25933760567 0.00753464155925 3.9433e-05
pedestrian -1 -1 -10 199.17 213.07 247.587 300.82 1.65881790798 0.950895561441 0.535999610857 -4.10457739231 1.70131106221 7.02758273576 0.00753464155925 3.5904e-05
pedestrian -1 -1 -10 1115.5 155.93 1203.65 269.45 1.12787618184 0.676925885174 0.939999769475 7.49069692403 1.23464379839 9.96361039308 0.00753464155925 2.8504e-05
pedestrian -1 -1 -10 993.38 236.44 1044.01 375.0 0.109987913371 0.0989891323593 0.0360000023314 3.89375579776 0.760635867146 8.12093750481 0.00753464155925 2.6749e-05
pedestrian -1 -1 -10 966.91 126.06 990.666 174.835 1.74980781079 0.682925269873 0.509999834346 2.67131373709 1.22563766785 5.31001226122 0.00753464155925 2.1891e-05
pedestrian -1 -1 -10 35.716 200.55 83.971 279.601 2.24775319004 1.1938694498 0.496000138085 -9.29082388315 1.52369532084 12.1108436517 0.00753464155925 1.9991e-05
pedestrian -1 -1 -10 978.58 118.04 1001.73 173.934 0.101988775495 0.0609903274832 0.121999703255 23.8960820396 -0.791869431281 44.6562069184 0.00753464155925 1.9408e-05
pedestrian -1 -1 -10 1028.1 146.94 1047.67 188.834 1.49583574939 0.703923354713 0.714999933718 7.7250818627 1.06816080741 12.2408459848 0.00753464155925 1.9382e-05
pedestrian -1 -1 -10 79.112 172.13 125.524 230.963 1.68581490147 0.847907633924 0.832999451277 -6.14323741275 1.53212960202 9.02542128469 0.00753464155925 1.7669e-05
pedestrian -1 -1 -10 900.51 190.83 959.548 329.35 0.883902923586 0.48594682314 0.325999875412 3.74790835655 1.39569538374 7.98484440328 0.00753464155925 1.6971e-05
pedestrian -1 -1 -10 1159.5 114.61 1194.56 186.159 1.69281411731 0.661927185033 0.334000485222 10.2327106112 0.932834091922 13.068529333 0.00753464155925 1.4334e-05
pedestrian -1 -1 -10 894.69 133.65 1032.27 320.01 0.0999890208244 0.0 0.0 12.6310168744 0.972030949241 24.5826812546 0.0 1.3463e-05
pedestrian -1 -1 -10 1067.8 170.73 1091.29 242.362 1.72881011856 0.733919801424 0.787999388758 7.75829296047 1.29550660413 11.7928933736 0.00753464155925 1.2332e-05
pedestrian -1 -1 -10 918.33 126.36 960.477 194.185 1.67781577849 0.444952855371 0.391000627991 8.9689578292 0.840768267292 19.4276795843 0.00753464155925 1.1969e-05
pedestrian -1 -1 -10 913.87 225.47 952.335 308.518 0.883902923586 0.48594682314 0.325999875412 3.74790835655 1.39569538374 7.98484440328 0.00753464155925 8.9921e-06
pedestrian -1 -1 -10 655.55 199.31 676.461 240.342 0.653928216217 0.731918258313 0.243999883347 2.05123175668 1.53051852885 23.1620231988 0.00753464155925 7.5263e-06
pedestrian -1 -1 -10 790.13 160.47 829.726 193.938 0.56193829453 0.236973550086 0.185999813363 10.8217370108 0.335660186047 37.7944738297 0.00753464155925 5.2078e-06
pedestrian -1 -1 -10 1092.3 173.42 1165.8 280.26 1.01288876856 0.507943772396 1.173999427 7.13730957403 1.27100113398 9.90437517701 0.00753464155925 9.977e-07
pedestrian -1 -1 -10 849.52 182.63 929.619 291.81 0.26897043598 1.17586986534 0.585999786286 7.0567794306 1.29274516441 17.2391657757 0.00753464155925 3.6474e-07
pedestrian -1 -1 -10 1086.4 173.47 1111.96 253.107 1.10987818121 0.688924654572 1.19099962016 7.28415153109 1.30539720266 10.7480940705 0.00753464155925 2.9035e-07
