pedestrian -1 -1 -10 487.66 171.75 506.99 203.54 0.0999890208244 0.102993172151 0.20099919842 -10.031168958 0.828874935451 67.2559199664 0.00753464155925 0.032649
pedestrian -1 -1 -10 62.485 82.062 192.475 344.372 1.43184282517 0.903901255403 0.949000068081 -9.48651400479 1.21582305421 14.3361433729 0.00753464155925 0.0060131
pedestrian -1 -1 -10 477.45 172.29 512.824 206.155 0.0999890208244 0.102993172151 0.20099919842 -10.031168958 0.828874935451 67.2559199664 0.00753464155925 0.0039484
pedestrian -1 -1 -10 90.194 148.77 178.613 330.77 2.06577313114 1.17987056764 0.942999789537 -3.47413308262 1.53971679055 5.05946543271 0.00753464155925 0.0014434
pedestrian -1 -1 -10 88.958 290.52 112.221 340.337 2.04977494478 1.194868791 1.06799975127 -3.56059228868 1.51590898763 4.93383357847 0.00753464155925 0.001343
pedestrian -1 -1 -10 46.348 90.397 144.232 302.317 1.81280097687 0.746917912023 0.994999580977 -9.39390188209 1.38120109844 13.4892004462 0.00753464155925 0.0012411
pedestrian -1 -1 -10 64.284 250.83 103.651 325.596 2.03777626776 1.14887382616 1.19199978579 -3.65742167041 1.50132172914 4.95769348263 0.00753464155925 0.00094171
pedestrian -1 -1 -10 79.95 283.37 103.137 338.119 2.05577432799 1.18986970107 1.06599942001 -3.56024196994 1.52062722827 4.84729363155 0.00753464155925 0.00088058
pedestrian -1 -1 -10 123.28 181.13 170.124 316.9 2.07777189755 1.16787179824 0.866999599179 -3.43608516057 1.55177670566 5.06508989637 0.00753464155925 0.00081385
pedestrian -1 -1 -10 57.151 99.363 77.08 151.424 1.54882987393 1.08288154804 1.14699948486 -3.77532516399 1.01195759686 4.92820250537 0.00753464155925 0.00067939
pedestrian -1 -1 -10 111.32 182.27 153.301 287.14 1.81480073154 1.10787842804 1.00999896603 -9.36779279461 1.39420638392 14.2334288747 0.00753464155925 0.0005245
pedestrian -1 -1 -10 79.724 253.82 109.786 309.849 0.787913507459 0.894901463177 0.615000059696 -7.91407069094 1.61351863378 10.9966837866 0.00753464155925 0.00046882
pedestrian -1 -1 -10 34.522 197.07 68.857 269.534 2.03777626776 1.19686890375 1.18199932156 -3.7197157183 1.49882011428 4.78617622552 0.00753464155925 0.00045556
pedestrian -1 -1 -10 79.081 191.02 140.551 330.49 1.81480073154 1.16887161623 1.14199889511 -9.43745605996 1.38705302129 13.7474922822 0.00753464155925 0.00040872
pedestrian -1 -1 -10 215.49 304.09 234.299 350.909 1.43584234941 1.04288549112 0.466999864675 -3.55790193947 1.61036934622 6.64810773534 0.00753464155925 0.00037038
pedestrian -1 -1 -10 50.687 158.08 121.246 302.17 0.283968834399 0.615932696981 0.64700011475 -8.77528760901 1.01593231731 11.9349176853 0.00753464155925 0.00029392
pedestrian -1 -1 -10 47.269 95.951 72.922 158.486 1.54882987393 1.06888314267 1.19599973307 -3.81177159926 1.01208778868 4.93547612933 0.00753464155925 0.00027891
pedestrian -1 -1 -10 123.87 264.08 155.073 346.092 2.07777189755 1.17287136496 0.873999804937 -3.44000328746 1.55095771533 5.00962385475 0.00753464155925 0.00014164
pedestrian -1 -1 -10 65.466 235.58 109.265 301.037 0.787913507459 0.894901463177 0.75799966497 -7.98556846984 1.61357069089 10.9972217363 0.00753464155925 0.00012562
pedestrian -1 -1 -10 85.407 161.76 151.172 287.64 1.81480073154 1.1828700216 1.02199904628 -9.49407163196 1.39374302912 14.1968821393 0.00753464155925 0.00010803
pedestrian -1 -1 -10 202.21 304.53 225.923 354.53 1.44584124196 1.18687024711 0.752999790478 -3.41723840334 1.61567534958 6.33700037126 0.00753464155925 0.00010549
pedestrian -1 -1 -10 32.966 90.705 68.618 170.437 1.42884313357 0.753917591493 1.19599973307 -4.00871758008 0.890414924725 4.94937491772 0.00753464155925 7.4209e-05
pedestrian -1 -1 -10 598.34 168.25 614.523 198.83 0.102988697528 0.274971401392 0.510999850968 -0.176653011693 0.535243812321 35.6826906845 0.00753464155925 7.0133e-05
pedestrian -1 -1 -10 20.003 157.14 64.534 229.898 1.45084067333 0.817910710428 1.19599949465 -4.01395149156 0.911942424027 4.91725400088 0.00753464155925 6.729e-05
pedestrian -1 -1 -10 18.382 95.983 55.719 165.638 1.43684224164 0.778914948275 1.19399964022 -4.08581179918 0.890285954376 4.93751515441 0.00753464155925 6.1988e-05
pedestrian -1 -1 -10 47.579 222.03 78.129 278.527 2.03777626776 1.16487234429 1.1969998987 -3.76497894208 1.50128157515 4.95050325863 0.00753464155925 5.442e-05
pedestrian -1 -1 -10 32.901 95.18 55.278 152.664 1.42884313357 0.779914766261 1.1979995875 -4.03681459569 0.890242878145 4.93658736451 0.00753464155925 4.4997e-05
pedestrian -1 -1 -10 198.97 296.73 236.755 361.119 1.4268432746 1.18586995234 0.506999814284 -3.53877545461 1.59964601918 6.5325396128 0.00753464155925 3.8017e-05
pedestrian -1 -1 -10 78.108 269.0 114.738 341.126 2.06877282274 1.1938694498 0.979999719083 -3.4951509517 1.53278647533 4.72570264358 0.00753464155925 3.3995e-05
pedestrian -1 -1 -10 615.47 151.96 648.512 215.471 1.81780039334 0.616932991752 0.811999787676 1.28562329553 1.42034913445 41.2270275683 0.00753464155925 2.9141e-05
pedestrian -1 -1 -10 602.56 166.51 625.067 208.41 0.100988898159 0.0849897734196 0.378999877189 0.205188565181 0.711791266355 34.180976464 0.00753464155925 2.2294e-05
pedestrian -1 -1 -10 12.32 250.18 42.974 314.989 2.03777626776 1.19586860898 1.19599949465 -3.73391687184 1.49646858014 4.62679591099 0.00753464155925 2.1953e-05
pedestrian -1 -1 -10 612.84 162.48 637.911 225.127 1.81780039334 0.616932991752 1.09099968654 1.14612729452 1.42045070067 41.228077137 0.00753464155925 9.8986e-06
pedestrian -1 -1 -10 116.56 213.87 164.441 346.81 2.07377226901 1.1518737569 0.888999666831 -3.44742513537 1.54711897276 5.02020840429 0.00753464155925 9.405e-06
pedestrian -1 -1 -10 92.496 102.82 145.508 250.83 1.52583248663 1.18986922428 1.02299945034 -9.37765913037 1.0988037892 13.8006775267 0.00753464155925 3.4816e-06
pedestrian -1 -1 -10 187.94 181.25 244.45 295.34 1.25186258053 0.931898066142 1.18299972561 -5.10133340425 1.45794685238 9.52652696267 0.00753464155925 6.4115e-07
pedestrian -1 -1 -10 206.76 180.07 259.77 284.32 1.43084290314 0.870904401165 0.398999807289 -3.59125464552 1.60666766813 6.73438866745 0.00753464155925 6.0565e-07
