pedestrian -1 -1 -10 390.12 146.4 414.313 202.941 0.295967496515 0.176978749524 0.015000338731 -11.2034520231 0.379455239837 39.6300414146 0.00753464155925 0.0022971
pedestrian -1 -1 -10 1065.8 261.0 1084.1 297.714 1.98478205383 1.14087480549 0.671999725628 5.7082086348 1.36148900361 8.8713529229 0.00753464155925 0.00094223
pedestrian -1 -1 -10 398.52 153.26 420.419 205.766 0.324964341519 0.0189951113737 0.0139999346793 -11.4041773469 1.50500514057 42.2844741468 0.00753464155925 0.00058928
pedestrian -1 -1 -10 240.0 193.29 263.416 243.305 2.5007254337 1.19186981382 0.304999734974 -7.78920782393 1.73692269418 15.7007428666 0.00753464155925 0.00030898
pedestrian -1 -1 -10 410.36 154.47 428.597 200.533 0.603933693885 0.518944154163 0.256999890812 -11.4441733586 0.737857846578 43.9014176895 0.00753464155925 8.8851e-05
pedestrian -1 -1 -10 1070.4 258.86 1089.22 306.215 1.98478205383 1.13087662563 0.671999725628 5.70824630079 1.3615630107 8.87635187093 0.00753464155925 8.5242e-05
pedestrian -1 -1 -10 428.6 166.55 443.741 202.401 0.0999890208244 0.0 0.0 -12.0641118782 1.62495538455 51.9758417849 0.0 7.7907e-05
pedestrian -1 -1 -10 681.84 167.83 712.749 242.878 1.05488416791 1.11087835878 0.22799985582 3.15193761809 1.39121202711 24.8794964067 0.00753464155925 2.9566e-05
pedestrian -1 -1 -10 726.29 153.83 741.87 189.762 1.74580833125 1.13987451072 0.639999670574 3.8365092986 1.34112759241 21.8012705633 0.00753464155925 2.1809e-05
pedestrian -1 -1 -10 1058.9 239.75 1092.58 292.489 1.98478205383 1.13987546429 0.671999725628 5.7082123996 1.36149640079 8.87185257932 0.00753464155925 2.1328e-05
pedestrian -1 -1 -10 119.28 210.97 153.127 283.896 2.41073534119 1.19586908577 0.44399963139 -7.25264149766 1.72480270152 10.9195532675 0.00753464155925 1.7957e-05
pedestrian -1 -1 -10 131.52 224.39 166.551 289.668 2.41673466479 1.19286915503 0.44399963139 -7.2508917512 1.72824428166 11.1520656987 0.00753464155925 2.8152e-06
pedestrian -1 -1 -10 899.84 139.14 936.814 255.68 2.02677749788 1.19586908577 0.726000086753 5.28136069355 1.35540737829 11.8198762902 0.00753464155925 2.5713e-06
pedestrian -1 -1 -10 1214.9 204.58 1242.0 328.89 1.99378106904 1.16187289033 0.392000078368 6.02034839762 1.37395813849 7.16014713813 0.00753464155925 1.8638e-06
pedestrian -1 -1 -10 1043.4 73.11 1188.76 375.0 1.98078248489 1.194868791 0.698999667772 5.76576234733 1.35565717751 8.47992177707 0.00753464155925 6.5734e-07
pedestrian -1 -1 -10 1192.1 136.51 1242.0 330.85 2.00278002465 1.12287712818 0.248999996257 6.09281604433 1.38280740546 7.28805466758 0.00753464155925 6.9318e-08
pedestrian -1 -1 -10 949.65 97.443 1050.49 302.403 2.01077928173 1.19786872174 0.316999815224 5.66174780265 1.35324135245 10.4737385518 0.00753464155925 2.2283e-09
pedestrian -1 -1 -10 1146.6 82.353 1242.03 334.903 2.00877940786 1.194868791 0.255000036382 6.09138127609 1.38588850335 7.49609267994 0.00753464155925 8.222e-10
