pedestrian -1 -1 -10 779.72 153.4 809.954 255.9 1.73299219459 0.755999692773 0.63699769197 3.48705040222 1.29791155973 12.8944680065 0.78592802392802 0.96419
pedestrian -1 -1 -10 1112.9 111.93 1154.21 318.29 2.04499082118 0.718999852258 0.961996280852 2.95718729779 1.47017431407 4.32544637507 0.00692802392802 0.1888
pedestrian -1 -1 -10 954.8 158.87 1035.52 356.77 2.05799074471 1.07199930023 0.692997237549 2.70094074286 1.48567704918 4.50373635479 0.00692802392802 0.1587
pedestrian -1 -1 -10 990.64 185.73 1031.31 315.96 2.05499085635 0.928999748092 0.725997106004 2.71694079594 1.48271494155 4.43212221502 0.00692802392802 0.039971
pedestrian -1 -1 -10 780.63 154.74 804.856 204.755 1.73299219459 0.655999692773 0.63699769197 3.48705040222 1.29791155973 12.8944680065 0.00692802392802 0.014628
pedestrian -1 -1 -10 786.6 188.21 806.622 253.766 1.73299219459 0.655999692773 0.63699769197 3.48705040222 1.29791155973 12.8944680065 0.00692802392802 0.010368
pedestrian -1 -1 -10 1120.0 124.18 1154.93 232.96 1.95899123996 0.491999769579 0.932996345879 2.97078200567 1.38426685876 4.21179936824 0.00692802392802 0.0093149
pedestrian -1 -1 -10 1074.8 70.136 1164.49 319.286 1.9559912324 0.723999486473 1.05599602897 2.91008314799 1.38130106048 4.32822099266 0.00692802392802 0.0073154
pedestrian -1 -1 -10 791.82 156.87 814.654 221.673 1.72999230623 0.655999692773 0.63699769197 3.48704626561 1.29491167136 12.8944662907 0.00692802392802 0.0034921
pedestrian -1 -1 -10 789.22 154.29 808.817 194.778 1.72999230623 0.655999692773 0.63699769197 3.48704626561 1.29491167136 12.8944662907 0.00692802392802 0.0034698
pedestrian -1 -1 -10 927.35 136.28 1083.04 348.59 2.05499085635 0.928999748092 0.701997266696 2.70494116454 1.48274793948 4.43220538847 0.00692802392802 0.0020989
pedestrian -1 -1 -10 1124.8 115.18 1172.12 257.46 1.96899118572 0.46999994852 0.796996938579 3.038717658 1.39409260849 4.20033412388 0.00692802392802 0.0018127
pedestrian -1 -1 -10 971.24 270.95 994.879 339.743 2.05799074471 1.07199930023 0.657997521562 2.68344130523 1.48572517111 4.50385764923 0.00692802392802 0.0014228
pedestrian -1 -1 -10 1015.2 195.2 1028.72 246.377 2.05499085635 0.857999697025 0.734997135151 2.72119475937 1.48274385311 4.39659185109 0.00692802392802 0.0013371
pedestrian -1 -1 -10 1050.6 64.144 1119.61 159.061 1.56599299014 0.694999223839 1.00299601627 2.854050467 0.99145485215 4.32888279991 0.00692802392802 0.00096521
pedestrian -1 -1 -10 1127.0 124.04 1148.63 210.146 1.8809916392 0.46999994852 0.906996420622 2.98359789373 1.3062443028 4.20066500475 0.00692802392802 0.00073131
pedestrian -1 -1 -10 799.51 161.96 820.812 215.743 1.68999240398 0.655999692773 0.585997765222 3.51249045977 1.25484164813 12.8942666681 0.00692802392802 0.00042096
pedestrian -1 -1 -10 970.77 183.81 1018.83 296.93 2.05799074471 1.03999925707 0.67999727492 2.69433007004 1.48571353088 4.48778176964 0.00692802392802 0.00032962
pedestrian -1 -1 -10 1003.9 192.55 1033.42 259.63 2.05499085635 0.910999634406 0.747997097779 2.72787817549 1.48269516016 4.42304613136 0.00692802392802 0.00022596
pedestrian -1 -1 -10 774.37 152.85 796.239 208.227 1.73299219459 0.655999692773 0.63699769197 3.48705040222 1.29791155973 12.8944680065 0.00692802392802 0.00020852
pedestrian -1 -1 -10 798.19 151.48 813.844 201.178 1.50099328309 0.321000835321 1.18299564554 5.80737979842 0.37350715309 19.890125103 0.00692802392802 0.00016026
pedestrian -1 -1 -10 970.79 254.52 1012.92 350.152 2.05799074471 1.07199930023 0.682997284636 2.69594088651 1.48569079835 4.50377101046 0.00692802392802 0.00012751
pedestrian -1 -1 -10 990.63 265.95 1017.78 359.134 2.05799074471 0.980999281793 0.69899725698 2.70362545789 1.48572171534 4.45821664394 0.00692802392802 0.00010684
pedestrian -1 -1 -10 961.05 167.53 985.838 246.773 2.05799074471 0.926999417569 0.690997390017 2.70044312043 1.48559548264 4.57624148686 0.00692802392802 5.7718e-05
pedestrian -1 -1 -10 958.03 175.92 1004.35 313.97 2.05799074471 1.07199930023 0.655997435613 2.68244128628 1.48572792107 4.50386458069 0.00692802392802 2.5653e-05
pedestrian -1 -1 -10 498.18 154.83 515.936 186.635 0.10099953562 0.0299987589674 1.05899508501 -9.40592971063 -0.560889176035 73.5260731619 0.00692802392802 1.7907e-05
pedestrian -1 -1 -10 1118.6 156.01 1163.84 283.22 2.04499082118 0.46999994852 0.90099640119 2.98682397324 1.47023523522 4.20073801086 0.00692802392802 1.725e-05
pedestrian -1 -1 -10 1139.2 180.99 1177.0 245.543 2.0399908483 0.46999994852 0.726997268187 3.07381455537 1.4649960269 4.20013214258 0.00692802392802 1.259e-05
pedestrian -1 -1 -10 1124.3 129.45 1174.97 355.43 2.04099089056 0.46999994852 0.79899678611 3.03781704014 1.46609506296 4.2003822349 0.00692802392802 1.1485e-06
pedestrian -1 -1 -10 782.96 140.02 824.726 188.21 1.26399432421 0.232000193731 1.19299536004 5.72601440056 0.372680874132 19.9353271177 0.00692802392802 2.621e-07
pedestrian -1 -1 -10 1048.8 200.69 1101.71 267.46 2.05199087858 0.767999605429 0.98599612016 2.84636982597 1.47745111018 4.35071902364 0.00692802392802 1.5455e-07
