pedestrian -1 -1 -10 505.66 174.34 518.586 216.915 1.42484355718 0.668959059898 0.534999683642 -3.918372862 1.74872117098 30.6300031369 0.00753464155925 0.56535
pedestrian -1 -1 -10 894.49 203.47 997.12 342.11 2.21675657547 1.16087259556 1.08699956044 3.32265569976 1.64014478844 7.26269492204 0.00753464155925 0.03599
pedestrian -1 -1 -10 919.59 172.24 1018.89 373.1 2.19975848198 1.18986922428 0.962999764342 3.38235951038 1.62659333604 6.95777798454 0.00753464155925 0.07592
pedestrian -1 -1 -10 858.68 171.62 1056.35 368.15 2.20375805092 1.18986970107 1.02099959591 3.35457211524 1.62899765125 7.11900359644 0.00753464155925 0.02359
pedestrian -1 -1 -10 964.73 237.61 1002.64 335.438 2.12576660561 1.14987412093 0.707999727959 3.5120807626 1.54893543739 7.25644382606 0.00753464155925 0.013596
pedestrian -1 -1 -10 950.45 219.23 998.937 358.11 2.20475798785 1.18087086241 0.784999607114 3.47372180887 1.62618447576 7.27167613938 0.00753464155925 0.012088
pedestrian -1 -1 -10 871.51 192.73 964.066 331.12 2.31974531173 1.194868791 0.664999758288 3.44514470132 1.72066179177 8.6535348378 0.00753464155925 0.0039184
pedestrian -1 -1 -10 956.84 228.42 995.722 304.902 2.1917594037 1.17787093167 0.962999764342 3.38179386254 1.62048370228 6.88280308905 0.00753464155925 0.0027136
pedestrian -1 -1 -10 499.66 175.77 524.986 217.8 1.42484355718 0.368959059898 0.534999683642 -3.918372862 1.74872117098 30.6300031369 0.00753464155925 0.001574
pedestrian -1 -1 -10 952.68 150.58 987.144 214.874 2.06577319073 1.18686977033 0.707999727959 3.51365133303 1.48507348411 7.46846222575 0.00753464155925 0.0012598
pedestrian -1 -1 -10 950.36 158.63 972.678 213.324 2.11976722241 1.19186933704 0.707999727959 3.51509192883 1.53587326901 7.65762546225 0.00753464155925 0.0010376
pedestrian -1 -1 -10 495.73 175.7 509.918 215.298 0.876903707743 0.596934724898 0.820999371027 -4.71506403223 1.23192915171 31.8937736418 0.00753464155925 0.00082665
pedestrian -1 -1 -10 832.43 276.46 856.132 333.419 0.354961019159 1.00289038776 0.976999699021 2.55891615599 1.58205462725 7.48155928348 0.00753464155925 0.00076579
pedestrian -1 -1 -10 966.02 212.97 988.124 264.57 2.19675884997 1.17487147771 0.887999739616 3.42038743146 1.62261016104 7.02803784217 0.00753464155925 0.00041769
pedestrian -1 -1 -10 787.03 254.86 807.908 302.468 0.753917201282 1.05688437327 0.770999672435 2.71056763581 1.50503647263 9.85383686106 0.00753464155925 0.0003856
pedestrian -1 -1 -10 968.68 220.66 1017.95 359.15 2.19275928103 1.19486926778 0.796999687364 3.46495321983 1.62074152733 6.9036831629 0.00753464155925 0.0003597
pedestrian -1 -1 -10 228.79 172.16 253.53 225.516 1.94478642404 1.19286915503 0.822999702293 -6.58229467881 1.25097962541 12.6478074131 0.00753464155925 0.0002261
pedestrian -1 -1 -10 824.18 275.88 848.55 334.563 0.854906123281 0.79991160276 1.09199943494 2.63840455154 1.60396574908 8.69800416413 0.00753464155925 0.00021061
pedestrian -1 -1 -10 960.34 192.95 999.788 276.743 2.22875528228 1.05688437327 0.707999727959 3.51280062237 1.65127872831 7.34719827665 0.00753464155925 0.00019567
pedestrian -1 -1 -10 784.59 276.12 801.586 317.095 0.827909077646 0.690924290544 0.887999620407 2.44821782933 1.57671402853 8.80815624166 0.00753464155925 8.6566e-05
pedestrian -1 -1 -10 827.23 262.78 870.666 332.553 0.208977140298 0.853906541838 1.12799967569 2.93180674416 1.61715068133 8.71782106062 0.00753464155925 6.8017e-05
pedestrian -1 -1 -10 1168.1 0.78813 1239.53 233.028 0.246972866418 0.0629933009491 0.177999918809 4.73945709658 -0.313442908513 5.7961580889 0.00753464155924 6.4744e-06
pedestrian -1 -1 -10 148.59 142.2 185.687 221.052 2.03677633083 0.790912764104 1.01100032376 -7.54839669586 1.33443843277 12.3684924335 0.00753464155925 4.8361e-06
pedestrian -1 -1 -10 779.23 257.0 816.397 319.713 0.753917201282 1.17287184174 0.770999672435 2.70963345089 1.50320096275 9.7298538913 0.00753464155925 4.1569e-06
pedestrian -1 -1 -10 107.9 197.68 153.963 311.69 2.16776193047 1.19086951905 1.0289999673 -7.425868106 1.46755465542 11.368430698 0.00753464155925 1.4232e-08
