pedestrian -1 -1 -10 552.15 145.04 640.949 353.11 1.87499162406 0.775999183309 0.753997147013 -0.117440992153 1.47698005183 6.66341169273 0.00692802392802 0.9942
pedestrian -1 -1 -10 596.71 155.97 640.783 263.14 1.87499162406 0.675999183309 0.724997271644 -0.102941402769 1.47694017922 6.66331119124 0.00692802392802 0.054731
pedestrian -1 -1 -10 550.54 155.25 597.406 317.53 1.87499162406 0.675999183309 0.753997147013 -0.117440992153 1.47698005183 6.66341169273 0.00692802392802 0.01534
pedestrian -1 -1 -10 706.43 168.07 723.268 211.149 1.00399551094 0.5069996259 1.11299597515 2.87737691076 0.98895211418 17.8273773274 0.00692802392802 0.013899
pedestrian -1 -1 -10 699.43 168.29 716.465 214.005 1.24199440032 0.558999636437 1.17999563582 2.69334317951 0.98849155613 17.7985129315 0.00692802392802 0.0066444
pedestrian -1 -1 -10 607.95 171.33 633.273 261.883 1.87499162406 0.675999183309 0.703997352646 -0.0924416954876 1.47691130595 6.66323841427 0.00692802392802 0.0021121
pedestrian -1 -1 -10 710.1 162.93 728.877 203.568 1.0049955532 0.512000690626 1.18199548336 2.98889254114 0.989642641573 17.8291055493 0.00692802392802 0.0019194
pedestrian -1 -1 -10 588.63 141.81 609.474 189.827 1.61099274606 0.584999164869 0.753997147013 -0.117489803019 1.2129282581 6.70875961531 0.00692802392802 0.0015504
pedestrian -1 -1 -10 596.4 145.45 612.681 194.478 1.66899257451 0.584999164869 0.753997147013 -0.11740982586 1.27092808656 6.70879278843 0.00692802392802 0.00146
pedestrian -1 -1 -10 579.16 137.46 600.703 188.849 0.569997420907 0.36400007376 0.107999604709 -0.26280922265 -0.33183293961 14.7162726895 0.00692802392802 0.00078858
pedestrian -1 -1 -10 604.45 152.74 625.352 202.608 1.86399166584 0.726998790166 1.18699554922 0.358383041547 0.850954363791 17.7751676796 0.00692802392802 0.00039028
pedestrian -1 -1 -10 716.81 168.04 733.528 207.188 1.00699551851 0.530999777482 1.19499544598 3.10045803927 0.991324952288 17.8378331863 0.00692802392802 0.00037127
pedestrian -1 -1 -10 579.06 138.94 613.45 206.589 1.68099248558 0.584999164869 0.753997147013 -0.117393278935 1.28292799763 6.7087996518 0.00692802392802 0.00037097
pedestrian -1 -1 -10 599.12 154.04 633.454 217.866 1.83699180633 0.626999430138 0.7439971941 -0.112323800159 1.438937992 6.68785459161 0.00692802392802 0.00022416
pedestrian -1 -1 -10 260.53 215.26 280.868 269.114 1.98699114174 0.895999301248 1.18299564554 -6.51060665525 1.18544543665 13.8004751722 0.00692802392802 0.00019193
pedestrian -1 -1 -10 747.58 183.38 771.072 236.552 0.765996554494 0.0959986989819 0.989996292059 3.97525512725 0.751143112226 17.6361290378 0.00692802392802 6.6805e-05
pedestrian -1 -1 -10 602.5 181.06 626.161 275.876 1.87499162406 0.675999183309 0.753997147013 -0.117440992153 1.47698005183 6.66341169273 0.00692802392802 2.3635e-05
pedestrian -1 -1 -10 592.08 167.93 627.29 312.24 1.87499162406 0.675999183309 0.753997147013 -0.117440992153 1.47698005183 6.66341169273 0.00692802392802 2.2867e-05
pedestrian -1 -1 -10 249.26 208.54 274.86 271.903 2.07599073052 1.1589996113 1.18199572177 -6.4944772312 1.27464752533 13.5849102194 0.00692802392802 2.1074e-05
pedestrian -1 -1 -10 561.8 139.38 621.935 273.0 1.87499162406 0.675999183309 0.753997147013 -0.117440992153 1.47698005183 6.66341169273 0.00692802392802 1.3172e-05
pedestrian -1 -1 -10 1051.5 275.79 1073.8 333.099 0.914995966851 0.329999700073 0.384998544778 3.24830628151 1.47521420804 5.34161769097 0.00692802392802 1.1534e-05
pedestrian -1 -1 -10 0.29292 188.83 36.6189 266.681 1.23599443734 0.741999123323 0.856997132892 -11.6208520505 1.14188421467 14.3752790242 0.00692802392802 3.8068e-06
pedestrian -1 -1 -10 539.19 180.15 577.242 295.74 1.87499162406 0.675999183309 0.663997481389 -0.162439744032 1.47710379445 6.66372359409 0.00692802392802 5.1873e-07
