pedestrian -1 -1 -10 927.14 129.33 953.729 197.003 1.07888153498 1.03888574239 0.458000042906 9.77505522627 0.213485593896 21.130694567 0.00753464155925 0.024769
pedestrian -1 -1 -10 804.18 250.21 824.44 312.891 1.12487646044 1.19886853972 0.739999783014 2.48819911103 1.61896584956 8.01831795423 0.00753464155925 0.0063839
pedestrian -1 -1 -10 822.87 263.67 837.7 319.039 1.11787725949 1.07188259663 0.796999687364 2.51400217102 1.60565407724 7.66071986968 0.00753464155925 0.0037739
pedestrian -1 -1 -10 802.75 250.03 844.208 322.608 1.11087799895 1.06088316843 0.735999835737 2.48346382861 1.60559486505 7.65539796015 0.00753464155925 0.0029683
pedestrian -1 -1 -10 804.76 236.55 858.668 347.43 1.11787725949 1.08488070722 0.819999682231 2.52555081055 1.60574191714 7.66713221691 0.00753464155925 0.0019874
pedestrian -1 -1 -10 921.56 134.96 941.344 190.97 0.9708933841 1.00788900091 0.532000378835 9.71736297696 0.836017730058 22.0367396247 0.00753464155925 0.00044488
pedestrian -1 -1 -10 786.32 228.74 836.301 318.111 1.12487646044 1.19586908577 0.738999855799 2.48805701726 1.61966933736 8.06581553629 0.00753464155925 0.00038948
pedestrian -1 -1 -10 829.23 259.93 846.479 313.426 1.11287781322 1.01488868038 0.863999817535 2.54728503408 1.6002083683 7.63200869175 0.00753464155925 0.00026398
pedestrian -1 -1 -10 937.82 133.35 964.33 180.289 1.51383377981 1.17287184174 0.775998831671 9.6864248513 0.641098465689 20.6281814563 0.00753464155925 0.00014246
pedestrian -1 -1 -10 817.28 217.49 860.733 305.376 1.02688728964 0.952895197412 0.85799977741 2.54402503793 1.51376114972 7.60167212606 0.00753464155925 7.1118e-05
pedestrian -1 -1 -10 153.44 197.53 232.756 269.171 2.07877177488 1.08388184281 1.19499932902 -9.29074803898 1.28305523222 16.3227356833 0.00753464155925 6.7862e-06
pedestrian -1 -1 -10 706.81 131.87 724.661 185.113 0.376958678119 0.150984435466 0.516000112889 8.59073319829 -0.765223760856 57.5709374214 0.00753464155925 3.2319e-06
pedestrian -1 -1 -10 1126.3 175.48 1187.98 265.479 1.74180870271 1.18387031637 1.08700003728 7.4396840701 1.07032244377 9.67543042577 0.00753464155925 1.2783e-06
pedestrian -1 -1 -10 1105.4 188.18 1168.46 275.502 1.54982981086 1.19886853972 0.950999803301 2.424186616 1.65435967145 3.18275451612 0.00753464155925 2.4037e-07
pedestrian -1 -1 -10 940.83 180.24 1015.12 265.766 0.282968897465 0.357960585271 0.61799984134 6.78511206392 0.899292797785 12.405473645 0.00753464155925 1.6029e-07
pedestrian -1 -1 -10 1068.7 187.65 1134.62 273.614 1.55582917917 1.19886877812 0.943999597543 2.42260018391 1.66112174494 3.43674588477 0.00753464155925 3.5766e-08
