pedestrian -1 -1 -10 837.69 90.013 898.558 218.783 1.55082968819 0.833908274984 0.844999531527 3.70971648707 0.934767793551 10.4952375843 0.00753464155925 0.20004
pedestrian -1 -1 -10 26.277 122.6 51.32 188.744 0.102988712428 0.565939890556 0.510997615794 -41.7618999809 -0.494211020389 53.8502265577 0.00753464155926 0.0111
pedestrian -1 -1 -10 302.37 179.17 313.317 205.264 0.591935009419 0.398958367319 0.135999637934 -14.0112420529 1.01941422505 34.1051497834 0.00753464155925 0.0103
pedestrian -1 -1 -10 294.99 172.57 309.698 203.795 0.100988913059 0.248969458775 0.0819987999724 -20.9836003828 0.911352379011 50.2858763555 0.00753464155925 0.0046916
pedestrian -1 -1 -10 630.07 148.82 642.34 185.889 0.384957696799 0.325964502588 0.603999668242 2.83373613136 -0.757669025745 58.9219399575 0.00753464155925 0.0044181
pedestrian -1 -1 -10 42.049 125.73 59.388 179.567 1.50383484257 0.716920511742 0.402000304189 -17.3704113934 0.484250007142 23.1596185112 0.00753464155925 0.0013888
pedestrian -1 -1 -10 188.11 116.07 223.381 202.378 0.113987422711 1.04688619341 0.808000317236 -30.9353460154 -1.19203136785 56.2769072063 0.00753464155925 0.0010308
pedestrian -1 -1 -10 837.3 102.65 874.199 177.025 1.41984408856 0.833908274984 0.844999531527 3.70967609964 0.803782193912 10.4962074787 0.00753464155925 0.00041837
pedestrian -1 -1 -10 623.59 156.52 639.025 188.89 0.341962435009 0.463949873885 0.572999898031 2.14985585494 0.553164447853 50.9032656755 0.00753464155925 0.00038289
pedestrian -1 -1 -10 49.174 128.77 67.435 182.344 1.50383484257 0.716920511742 0.402000304189 -17.3704113934 0.484250007142 23.1596185112 0.00753464155925 0.00023761
pedestrian -1 -1 -10 1090.1 103.14 1120.58 175.804 1.32785424137 0.261970430084 0.401000853811 19.6379786648 0.180188457422 28.2092018852 0.00753464155925 0.00021261
pedestrian -1 -1 -10 779.7 147.13 804.278 201.228 0.356960833427 0.126988803808 0.477000090496 12.2713625818 -0.0771985281176 48.4686185723 0.00753464155925 4.1311e-05
pedestrian -1 -1 -10 370.64 153.3 386.95 199.7 0.367959603309 0.652928346377 0.6350000345 -16.9663503216 0.617847773677 53.8674275097 0.00753464155925 2.9144e-05
pedestrian -1 -1 -10 458.47 160.3 488.319 211.659 0.985891693121 0.369960308239 1.10199989918 -5.19165537384 1.42880075879 28.0152211235 0.00753464155925 1.7307e-05
pedestrian -1 -1 -10 833.27 110.14 858.884 175.231 1.48383707237 0.833908274984 0.732999815674 3.65369755801 0.867815949742 10.4961549683 0.00753464155925 1.3137e-05
