pedestrian -1 -1 -10 1183.9 118.2 1234.83 251.02 1.65381845426 0.544940375361 0.628999517538 9.67755024358 1.20487610445 11.4926788313 0.00753464155925 0.99551
pedestrian -1 -1 -10 672.7 171.36 688.403 227.463 1.55382932579 0.640928623409 0.495999899667 2.45398449767 1.70997366641 23.5525465102 0.00753464155925 0.99298
pedestrian -1 -1 -10 694.45 173.1 709.734 226.245 1.52183294562 0.330965022871 0.472999666381 2.98738453197 1.6616541256 22.7428949875 0.00753464155925 0.97688
pedestrian -1 -1 -10 1027.7 141.19 1053.91 228.874 1.71781134868 0.957895240911 0.759999042562 9.80162871521 1.27682118797 15.951268158 0.00753464155925 0.71681
pedestrian -1 -1 -10 1001.5 144.34 1039.17 237.501 1.74880802285 1.18587090591 0.923000053152 9.70255403057 1.31253761094 16.6708144182 0.00753464155925 0.67949
pedestrian -1 -1 -10 840.71 162.69 860.926 207.759 0.767915677667 0.272970811851 0.457999566069 6.97198178878 0.720527049871 20.4029044684 0.00753464155925 0.64929
pedestrian -1 -1 -10 0.0 135.82 99.146 361.68 1.92278888428 0.945896471512 0.705999635112 -4.71662168878 1.64319211812 5.71332635558 0.00753464155925 0.63542
pedestrian -1 -1 -10 1112.9 145.15 1139.37 224.486 1.75180765486 0.472947758971 0.655000486142 13.4775636506 1.28364201782 18.3885619401 0.00753464155925 0.62796
pedestrian -1 -1 -10 891.18 149.09 913.881 224.511 1.6088233484 0.834908569754 1.12399925157 5.90333412703 1.19725428839 14.4673035842 0.00753464155925 0.52239
pedestrian -1 -1 -10 718.42 164.28 734.124 211.716 1.85779602313 1.13587523878 0.775999785345 3.00293892936 1.68114091535 17.7137825971 0.00753464155925 0.48147
pedestrian -1 -1 -10 714.93 162.93 742.117 217.737 0.577936525585 0.246972683513 0.548999618321 4.53957130991 0.508908912539 27.0808769346 0.00753464155925 0.47179
pedestrian -1 -1 -10 1038.1 144.21 1065.34 224.991 1.71781134868 1.0558840785 0.895999634171 9.86999623822 1.27749699762 15.999749566 0.00753464155925 0.44339
pedestrian -1 -1 -10 873.28 155.5 889.778 205.53 0.982892090915 0.915900024801 0.386999965458 7.28186709264 0.669625308356 19.0062211561 0.00753464155925 0.38239
pedestrian -1 -1 -10 924.88 149.83 951.225 225.563 1.7328096875 0.551939578046 0.805999509133 6.30395576147 1.31818727653 14.2768866038 0.00753464155925 0.36924
pedestrian -1 -1 -10 941.6 148.39 958.94 214.88 1.31485562742 0.359959267672 0.366999990654 7.83096004161 0.890985395413 16.3528988643 0.00753464155925 0.36297
pedestrian -1 -1 -10 710.84 165.1 723.228 210.581 0.930897813913 0.343962179901 0.40200006577 4.08894258099 0.870534913042 27.7121191274 0.00753464155925 0.34799
pedestrian -1 -1 -10 918.18 151.65 937.266 204.85 1.7328096875 0.629931102351 1.015999483 6.19925256278 1.31884102187 14.3166712571 0.00753464155925 0.33983
pedestrian -1 -1 -10 683.98 170.94 714.947 225.625 1.52183294562 0.330965022871 0.472999666381 2.98738453197 1.6616541256 22.7428949875 0.00753464155925 0.33628
pedestrian -1 -1 -10 835.36 160.01 869.46 213.794 0.767915677667 0.272970811851 0.457999566069 6.97198178878 0.720527049871 20.4029044684 0.00753464155925 0.32146
pedestrian -1 -1 -10 673.66 171.62 702.978 224.419 0.775914800644 0.0649934137054 0.0770001175731 3.1540442951 1.53840251975 27.5906121749 0.00753464155925 0.29066
pedestrian -1 -1 -10 667.97 173.23 683.372 225.433 1.55382932579 0.640928623409 0.495999899667 2.45398449767 1.70997366641 23.5525465102 0.00753464155925 0.26006
pedestrian -1 -1 -10 922.76 144.12 967.343 236.787 1.64981882572 0.551939578046 0.499999846944 6.45697685101 1.31807588141 14.2751209517 0.00753464155925 0.25868
pedestrian -1 -1 -10 848.05 161.85 868.344 206.139 0.889902276994 0.420953409435 0.524999457821 8.89834279435 0.792787763747 25.1608807631 0.00753464155925 0.24743
pedestrian -1 -1 -10 724.97 161.84 737.201 205.825 0.577936525585 0.246972683513 0.548999618321 4.53957130991 0.508908912539 27.0808769346 0.00753464155925 0.24565
pedestrian -1 -1 -10 701.27 167.82 717.732 222.408 0.930897813913 0.343962179901 0.40200006577 4.08894258099 0.870534913042 27.7121191274 0.00753464155925 0.23811
pedestrian -1 -1 -10 899.85 151.27 921.268 219.053 1.80680156386 0.822909800356 1.17199957257 6.02000770433 1.39439239044 14.4139642688 0.00753464155925 0.22902
pedestrian -1 -1 -10 911.25 148.32 944.478 230.15 1.7328096875 0.5859352967 0.929999543654 6.24208557063 1.31848405532 14.2943504559 0.00753464155925 0.21767
pedestrian -1 -1 -10 708.2 164.13 730.318 227.685 0.736919077993 0.941896245999 0.242999956132 3.02409478762 1.15704834344 19.3923157303 0.00753464155925 0.21248
pedestrian -1 -1 -10 867.24 162.43 888.202 215.414 0.560938432095 0.837907546927 0.427999842281 4.66254307843 -0.126129201902 13.513853381 0.00753464155925 0.20569
pedestrian -1 -1 -10 971.45 144.26 1020.56 249.07 1.49483584225 1.0058903185 0.533999756427 7.53696363227 1.34425843865 13.9934107942 0.00753464155925 0.17354
pedestrian -1 -1 -10 885.22 152.79 904.854 216.345 1.6088233484 0.806911759015 1.01799981426 5.78123216649 1.19713587935 14.4542234784 0.00753464155925 0.16976
pedestrian -1 -1 -10 876.75 155.94 898.576 216.162 1.6088233484 0.834908569754 0.77499985813 5.65984109934 1.19743157423 14.469135627 0.00753464155925 0.15265
pedestrian -1 -1 -10 1176.5 123.06 1210.61 244.24 1.65381845426 0.544940375361 0.628999517538 9.67755024358 1.20487610445 11.4926788313 0.00753464155925 0.13226
pedestrian -1 -1 -10 864.88 153.73 910.259 232.78 1.6088233484 0.834908569754 0.77499985813 5.65984109934 1.19743157423 14.469135627 0.00753464155925 0.12482
pedestrian -1 -1 -10 1016.6 141.15 1089.38 229.257 1.71781134868 1.0558840785 0.895999634171 9.86999623822 1.27749699762 15.999749566 0.00753464155925 0.1233
pedestrian -1 -1 -10 1049.0 143.73 1075.31 216.123 0.889902276994 0.303965646193 0.185000362986 13.4992750452 0.559824375756 21.1696169378 0.00753464155925 0.1188
pedestrian -1 -1 -10 991.24 153.24 1013.03 227.293 1.19486882746 0.4849455748 0.447999817085 9.46998657106 0.866656027506 17.3436596152 0.00753464155925 0.11838
pedestrian -1 -1 -10 1082.9 143.23 1127.77 226.967 1.602823995 0.402955732122 0.608000569194 10.6791420778 1.25036605095 15.3486146113 0.00753464155925 0.11731
pedestrian -1 -1 -10 1019.2 145.13 1045.25 225.596 1.73380962443 0.691923631744 0.596998985647 9.72226797612 1.29706790639 16.2347238462 0.00753464155925 0.11568
pedestrian -1 -1 -10 989.23 143.18 1032.37 268.75 1.38084832866 0.82790936707 0.553999731232 7.54556782513 1.3304546629 13.8036808243 0.00753464155925 0.11325
pedestrian -1 -1 -10 684.05 172.86 695.285 219.78 0.302966682559 0.718921101283 1.11199964816 3.42890135239 -0.658810418731 29.2887991012 0.00753464155925 0.10234
pedestrian -1 -1 -10 1068.6 143.15 1110.35 223.469 1.66681694901 0.739918709338 0.558999844142 11.0028386754 1.21932729149 16.5757787138 0.00753464155925 0.10195
pedestrian -1 -1 -10 978.26 147.44 1006.96 221.176 1.49483584225 0.862905380494 0.533999756427 7.5375022973 1.34531682117 14.0649012339 0.00753464155925 0.10015
pedestrian -1 -1 -10 997.21 157.52 1021.34 216.732 1.74880802285 1.18087038563 0.650999823609 9.56726970095 1.31403545826 16.766324209 0.00753464155925 0.099352
pedestrian -1 -1 -10 823.09 161.44 860.607 222.47 1.03388643098 0.416954137492 0.370000249135 4.79057229854 1.37682145856 14.7238085852 0.00753464155925 0.099247
pedestrian -1 -1 -10 855.72 161.97 873.685 207.066 0.889902276994 0.420953409435 0.524999457821 8.89834279435 0.792787763747 25.1608807631 0.00753464155925 0.097403
pedestrian -1 -1 -10 846.6 159.28 887.398 224.729 0.982892090915 0.461949284343 0.386999965458 7.28357725452 0.672985477169 19.2331900835 0.00753464155925 0.083321
pedestrian -1 -1 -10 884.86 145.58 952.734 244.86 1.24986276627 0.478946666885 0.558999844142 6.96473571604 0.83432230549 15.664187589 0.00753464155925 0.073704
pedestrian -1 -1 -10 865.96 157.01 878.491 202.329 0.982892090915 0.686925018601 0.386999965458 7.28272970678 0.67132019418 19.1207054094 0.00753464155925 0.073544
pedestrian -1 -1 -10 937.7 149.39 955.346 196.474 1.31485562742 0.359959267672 0.366999990654 7.83096004161 0.890985395413 16.3528988643 0.00753464155925 0.073349
pedestrian -1 -1 -10 924.19 148.27 938.694 187.125 1.24986276627 0.478946666885 0.558999844142 6.96473571604 0.83432230549 15.664187589 0.00753464155925 0.071893
pedestrian -1 -1 -10 963.24 140.38 1034.55 294.32 1.19486882746 0.775914063963 0.447999817085 9.4688904098 0.864502262448 17.1981795002 0.00753464155925 0.068069
pedestrian -1 -1 -10 1052.0 139.27 1092.9 223.109 1.66681694901 0.739918709338 0.93399972935 10.8153440398 1.21946380524 16.5771894244 0.00753464155925 0.066078
pedestrian -1 -1 -10 1032.2 146.17 1052.03 197.149 1.73380962443 1.10787842804 0.83999894178 9.84219749491 1.29390052477 16.025838211 0.00753464155925 0.065809
pedestrian -1 -1 -10 1069.2 140.79 1087.82 215.841 1.66681694901 0.900902278231 0.93399972935 10.8147375688 1.21827219584 16.4966999247 0.00753464155925 0.05909
pedestrian -1 -1 -10 719.63 162.39 752.633 231.95 1.16287224615 0.629930148781 0.828999742418 3.47701331156 1.56739424215 18.9619228355 0.00753464155925 0.056274
pedestrian -1 -1 -10 997.35 130.05 1050.3 296.24 1.74880802285 1.18587090591 0.923000053152 9.70255403057 1.31253761094 16.6708144182 0.00753464155925 0.052691
pedestrian -1 -1 -10 637.47 172.56 648.918 204.817 1.31285587275 0.635928103126 0.495999899667 1.82214529123 1.3246224016 33.8361464974 0.00753464155925 0.047607
pedestrian -1 -1 -10 988.72 146.78 1004.72 209.545 0.750917539478 0.35796153884 0.242999956132 8.31996038812 0.322258621713 15.581353306 0.00753464155925 0.047129
pedestrian -1 -1 -10 1122.7 149.74 1150.01 201.594 0.702922831414 0.325964502588 0.352999579137 14.6493452182 0.35369851315 19.7234202436 0.00753464155925 0.039006
pedestrian -1 -1 -10 632.53 169.56 646.236 203.893 1.52583248663 0.802909626362 0.535999849275 1.80284061763 1.53884958353 33.9182083607 0.00753464155925 0.037999
pedestrian -1 -1 -10 1042.1 147.43 1061.31 190.982 1.71781134868 1.10787842804 0.895999634171 9.87019211576 1.27788186271 16.0257460028 0.00753464155925 0.036707
pedestrian -1 -1 -10 1148.5 145.05 1183.89 219.716 1.40884531867 0.808911394986 0.445999962656 11.8718008772 1.27776968738 15.1537612006 0.00753464155925 0.034849
pedestrian -1 -1 -10 883.3 144.25 922.348 234.237 1.6088233484 0.834908569754 1.18599950725 5.86533510741 1.19728195525 14.467589489 0.00753464155925 0.030942
pedestrian -1 -1 -10 1107.9 146.54 1126.05 215.291 1.602823995 0.402955732122 0.608000569194 10.6791420778 1.25036605095 15.3486146113 0.00753464155925 0.025943
pedestrian -1 -1 -10 688.08 171.11 703.336 222.231 1.52183294562 0.330965022871 0.472999666381 2.98738453197 1.6616541256 22.7428949875 0.00753464155925 0.021427
pedestrian -1 -1 -10 932.16 139.16 997.462 278.21 1.97678294575 1.1758712957 0.533999756427 3.55913048293 1.42819858072 6.73570215439 0.00753464155925 0.021246
pedestrian -1 -1 -10 736.43 166.85 757.414 223.582 1.16287224615 0.577935799245 0.813999642106 3.48431727189 1.56700391648 18.9358699698 0.00753464155925 0.019934
pedestrian -1 -1 -10 1207.9 117.91 1240.03 237.81 1.65381845426 0.544940375361 0.628999517538 9.67755024358 1.20487610445 11.4926788313 0.00753464155925 0.018492
pedestrian -1 -1 -10 992.78 149.63 1007.41 192.338 1.29085824359 0.847906680354 0.528000669976 9.50864808424 0.959929661944 17.1611724968 0.00753464155925 0.016693
pedestrian -1 -1 -10 1072.5 141.0 1086.99 184.987 1.66681694901 0.900902278231 0.93399972935 10.8147375688 1.21827219584 16.4966999247 0.00753464155925 0.01339
pedestrian -1 -1 -10 1056.6 147.07 1071.58 200.599 0.889902276994 0.303965646193 0.185000362986 13.4992750452 0.559824375756 21.1696169378 0.00753464155925 0.012241
pedestrian -1 -1 -10 734.92 164.26 749.702 206.247 0.4629491719 0.447950878974 0.246999664991 5.32036865278 0.543582359906 28.2382892691 0.00753464155925 0.011303
pedestrian -1 -1 -10 1108.2 146.0 1172.16 218.193 0.702922831414 0.325964502588 0.352999579137 14.6493452182 0.35369851315 19.7234202436 0.00753464155925 0.010016
pedestrian -1 -1 -10 1136.6 149.14 1156.49 200.895 1.11987704396 0.293968419906 0.290998369784 16.8493935972 0.776369642082 22.3590383919 0.00753464155924 0.0092566
pedestrian -1 -1 -10 1134.4 148.02 1148.77 188.199 0.702922831414 0.325964502588 0.352999579137 14.6493452182 0.35369851315 19.7234202436 0.00753464155925 0.0089946
pedestrian -1 -1 -10 16.167 145.83 78.325 308.03 1.92178894735 0.912900094059 0.705999635112 -4.71649769033 1.64243642222 5.72983148012 0.00753464155925 0.0081461
pedestrian -1 -1 -10 916.44 147.33 930.528 187.761 1.24986276627 0.478946666885 0.558999844142 6.96473571604 0.83432230549 15.664187589 0.00753464155925 0.0072535
pedestrian -1 -1 -10 902.1 151.57 917.456 190.571 1.80680156386 0.775915017533 1.18099939434 5.97846736212 1.39434118716 14.4087769488 0.00753464155925 0.0069088
pedestrian -1 -1 -10 913.49 167.05 934.678 225.72 1.24986276627 0.478946666885 0.558999844142 6.96473571604 0.83432230549 15.664187589 0.00753464155925 0.0068167
pedestrian -1 -1 -10 1143.9 149.4 1162.69 202.457 0.803911723614 0.265969702026 0.44699845936 17.5707491774 0.661416962406 22.9310459179 0.00753464155925 0.0062627
pedestrian -1 -1 -10 1153.7 135.81 1203.14 225.316 1.40884531867 0.614932402211 0.395999787227 11.846070723 1.27635204591 15.0569625528 0.00753464155925 0.0062606
pedestrian -1 -1 -10 753.09 172.74 773.499 226.356 0.624931356313 0.580937637126 0.279000196882 6.07792442753 1.27226868798 28.3795148373 0.00753464155925 0.0052809
pedestrian -1 -1 -10 1157.6 150.36 1173.98 194.791 1.40884531867 0.769915156049 0.445999962656 11.8716539673 1.27748103504 15.1342636346 0.00753464155925 0.0038122
pedestrian -1 -1 -10 1010.8 143.09 1033.74 207.296 1.74880802285 1.17687111368 0.766999963576 9.73640398656 1.31025476056 16.5180729213 0.00753464155925 0.0037032
pedestrian -1 -1 -10 1098.6 143.89 1117.44 197.589 1.602823995 0.402955732122 0.608000569194 10.6791420778 1.25036605095 15.3486146113 0.00753464155925 0.0036561
pedestrian -1 -1 -10 743.82 170.33 763.991 224.756 0.911899906154 0.47094716943 0.129999597809 5.5276700223 1.51033232484 26.943061994 0.00753464155925 0.0032445
pedestrian -1 -1 -10 874.49 187.47 889.011 231.017 0.739918799395 0.749917842765 0.848999717223 5.19730383215 1.37823789202 13.0108118434 0.00753464155925 0.0026887
pedestrian -1 -1 -10 661.15 174.34 676.355 222.745 0.316965203642 0.0489944187943 0.0819999920649 3.503717315 1.44194354317 41.8209729078 0.00753464155925 0.0022288
pedestrian -1 -1 -10 1109.7 147.55 1121.64 187.748 1.602823995 0.402955732122 0.608000569194 10.6791420778 1.25036605095 15.3486146113 0.00753464155925 0.0018766
pedestrian -1 -1 -10 1021.4 138.03 1041.57 187.635 1.53583134937 1.19686938054 1.0770002883 9.89216279581 1.09879349031 16.6284672682 0.00753464155925 0.0018606
pedestrian -1 -1 -10 1089.8 150.07 1114.54 229.311 1.602823995 0.402955732122 0.608000569194 10.6791420778 1.25036605095 15.3486146113 0.00753464155925 0.001421
pedestrian -1 -1 -10 782.97 207.24 805.261 257.15 2.20775756026 1.16487234429 0.855999922981 2.70903733929 1.60154081043 10.708298265 0.00753464155925 0.0013573
pedestrian -1 -1 -10 1164.5 149.07 1178.53 191.183 1.40884531867 0.865905311236 0.520999748963 11.9095144213 1.27816425686 15.1819752085 0.00753464155925 0.0013473
pedestrian -1 -1 -10 834.67 153.21 878.035 237.852 0.767915677667 0.272970811851 0.457999566069 6.97198178878 0.720527049871 20.4029044684 0.00753464155925 0.0010797
pedestrian -1 -1 -10 983.33 114.0 1069.86 328.69 1.74880802285 1.13887516952 0.810000171666 9.7585061739 1.31142329089 16.5978990951 0.00753464155925 0.0010368
pedestrian -1 -1 -10 1164.8 165.34 1184.53 230.516 1.40884531867 0.815910597671 0.445999962656 11.8718272452 1.27782149587 15.1572607026 0.00753464155925 0.00091248
pedestrian -1 -1 -10 27.092 152.36 66.745 252.51 1.76780593061 0.555939326774 0.550999472751 -4.63770250806 1.49103922332 5.90886388385 0.00753464155925 0.00086281
pedestrian -1 -1 -10 735.6 168.75 767.522 241.804 1.16287224615 0.368959059898 0.677999765753 3.55152801043 1.56540754999 18.8308729487 0.00753464155925 0.00079918
pedestrian -1 -1 -10 791.06 212.95 814.832 255.212 2.14776420497 1.16387204951 1.03599969622 2.83442944609 1.538339062 10.497315762 0.00753464155925 0.0005223
pedestrian -1 -1 -10 36.704 142.34 79.941 264.79 0.748917740109 0.245972865527 0.265999712581 -5.23869536034 0.170379558935 6.85452998822 0.00753464155925 0.00040697
pedestrian -1 -1 -10 656.86 175.94 667.727 206.527 0.609933047292 0.180979928607 0.204999860953 3.44262601611 1.44296528378 41.8895958084 0.00753464155925 0.0003258
pedestrian -1 -1 -10 1199.8 117.0 1231.58 173.957 1.46383925748 0.544940375361 0.628999517538 9.67749166637 1.01489690767 11.4940855489 0.00753464155925 0.00024632
pedestrian -1 -1 -10 1083.1 174.35 1106.8 231.884 1.66681694901 0.978892848965 0.785000560788 10.888142648 1.21607158679 16.3511589468 0.00753464155925 0.00023219
pedestrian -1 -1 -10 1195.7 195.85 1211.37 250.218 1.65381845426 0.544940375361 0.628999517538 9.67755024358 1.20487610445 11.4926788313 0.00753464155925 0.0001218
pedestrian -1 -1 -10 1186.3 153.17 1218.71 251.879 1.65381845426 0.544940375361 0.628999517538 9.67755024358 1.20487610445 11.4926788313 0.00753464155925 0.00012144
pedestrian -1 -1 -10 1177.3 158.25 1200.21 236.894 1.40884531867 0.614932402211 0.395999787227 11.846070723 1.27635204591 15.0569625528 0.00753464155925 0.00011849
pedestrian -1 -1 -10 0.0 146.4 61.489 230.698 1.1788705815 0.387957031982 0.643998902595 -10.1335203811 0.428627807936 12.3415228801 0.00753464155925 0.00011276
pedestrian -1 -1 -10 646.31 173.68 657.944 204.039 0.0999890208244 0.0 0.0 3.76035862725 1.39313759491 57.8488649753 0.0 8.7578e-05
pedestrian -1 -1 -10 1001.7 146.5 1021.76 188.297 1.74880802285 1.19186886025 0.839000445076 9.66175327654 1.31492177761 16.8301079291 0.00753464155925 4.0561e-05
pedestrian -1 -1 -10 0.0 78.759 56.025 217.149 1.18187021351 0.387957031982 0.739999544595 -10.1815202684 0.428662755698 12.3419062356 0.00753464155925 2.7871e-05
pedestrian -1 -1 -10 134.87 180.24 151.758 232.387 2.18376020622 0.787913786932 0.657000340571 -8.3309615953 1.47372609744 12.4229216352 0.00753464155925 1.662e-05
pedestrian -1 -1 -10 1021.5 124.33 1078.15 329.56 1.71781134868 1.10787842804 0.895999634171 9.87019211576 1.27788186271 16.0257460028 0.00753464155925 3.5771e-06
