pedestrian -1 -1 -10 485.74 210.76 508.619 263.223 1.23486433805 0.663926821005 0.610999874001 -3.02144448052 2.27912665444 18.1957719722 0.00753464155925 0.0058257
pedestrian -1 -1 -10 304.08 188.28 337.508 242.426 2.22175602174 0.601933338042 1.18599998409 -8.15322465074 1.81769445515 20.5298902281 0.00753464155925 0.001526
pedestrian -1 -1 -10 337.87 197.98 373.719 261.921 2.07077254761 1.194868791 0.312999629529 -7.43550321184 2.32768975654 21.2974231425 0.00753464155925 0.0013556
pedestrian -1 -1 -10 840.39 187.99 849.274 219.701 0.380958187459 0.306965576935 0.352999579137 13.4975691243 1.9645787253 40.4532286501 0.00753464155925 0.00049249
pedestrian -1 -1 -10 308.85 187.15 328.38 230.895 1.97278340661 0.468948487028 1.18599903041 -8.2018008951 1.56777242612 20.4656043705 0.00753464155925 0.0003794
pedestrian -1 -1 -10 328.64 146.1 346.643 188.397 0.812910768625 0.800910943961 0.690999773218 -8.16868872663 0.0967507603532 22.4938253579 0.00753464155925 0.00030684
pedestrian -1 -1 -10 318.41 148.83 338.006 192.724 0.357960710762 0.00400117908254 0.003000258481 -18.0721510976 -0.0853360778265 46.6555964928 0.00753464155925 6.5726e-05
pedestrian -1 -1 -10 313.77 146.25 342.699 206.481 0.509944002629 0.775914063963 0.573999229199 -8.22869485273 0.0936478151804 22.2795508946 0.00753464155925 1.756e-05
pedestrian -1 -1 -10 48.588 199.71 66.005 246.766 1.05288436854 0.575937116843 0.614000132482 -16.1828141697 1.554480182 20.8496732401 0.00753464155925 1.0343e-05
pedestrian -1 -1 -10 836.02 185.13 856.874 219.966 0.324964281921 0.173980725922 0.428999769496 13.6169867296 1.45190153179 40.8210559024 0.00753464155925 7.4646e-06
pedestrian -1 -1 -10 42.686 194.05 70.245 258.146 1.05288436854 0.58593625027 0.718000192199 -16.2347750582 1.55459205599 20.8550639023 0.00753464155925 1.4755e-06
pedestrian -1 -1 -10 96.722 192.67 161.976 265.069 1.46883873355 0.312965438419 1.18799936168 -13.8094776672 1.93429536301 20.8687514137 0.00753464155925 1.1998e-06
pedestrian -1 -1 -10 139.66 193.95 204.804 263.434 1.43284264291 0.131985509812 1.19000016978 -12.5425007848 1.88144516025 20.8642210422 0.00753464155925 2.0523e-07
