pedestrian -1 -1 -10 672.18 171.94 722.412 293.79 1.76099303216 0.681999698041 0.574997769334 0.6534251572 1.43679702055 8.83783058059 0.78592802392802 0.99272
pedestrian -1 -1 -10 613.09 153.42 674.221 314.33 1.83099180609 0.719999779101 0.802997332023 0.428991916907 1.46551111822 8.27868045667 0.78592802392802 0.98808
pedestrian -1 -1 -10 613.09 153.42 674.221 314.33 1.83099180609 0.719999779101 0.802997332023 0.428991916907 1.46551111822 11.37868045667 0.78592802392802 0.98808
pedestrian -1 -1 -10 613.09 153.42 674.221 314.33 1.83099180609 0.719999779101 0.802997332023 1.128991916907 1.46551111822 12.17868045667 0.78592802392802 0.98808
pedestrian -1 -1 -10 725.72 169.28 745.098 223.431 1.58999287002 0.672999879616 0.490998331757 4.40860961296 1.37346702987 23.3010116469 0.78592802392802 0.93967
pedestrian -1 -1 -10 571.88 165.68 586.448 200.358 0.611997228861 0.534999484855 0.391998487975 -1.08001770902 0.780089226276 41.2363571565 0.78592802392802 0.75241
pedestrian -1 -1 -10 648.5 163.63 713.043 303.47 1.56099303216 0.681999698041 0.674997769334 1.29534251572 1.43679702055 9.43783058059 0.78592802392802 0.55989
pedestrian -1 -1 -10 620.11 155.9 701.028 274.07 1.45599344522 0.612000050654 0.364998579347 1.15269576429 1.39733197052 12.036895797 0.00692802392802 0.47256
pedestrian -1 -1 -10 991.19 173.05 1018.92 227.818 1.61599277854 0.624999576452 0.958996032719 11.5059374461 1.67980254555 19.8850978938 0.00692802392802 0.44431
pedestrian -1 -1 -10 658.42 161.22 685.566 237.075 1.68399241865 0.747998684382 0.754997160186 2.37551728104 1.31917869039 21.4604328578 0.00692802392802 0.27693
pedestrian -1 -1 -10 678.97 169.93 728.837 239.402 1.56099303216 0.681999698041 0.574997769334 1.29534251572 1.43679702055 9.53783058059 0.00692802392802 0.22187
pedestrian -1 -1 -10 635.28 157.92 677.036 282.54 1.84799169004 0.97699957442 0.702997332023 0.429905601642 1.48236155901 8.50718699363 0.00692802392802 0.21823
pedestrian -1 -1 -10 696.68 174.11 724.008 248.207 1.44799347222 0.568999858542 0.406998536553 3.67003694319 1.37729951529 23.4802196886 0.00692802392802 0.19357
pedestrian -1 -1 -10 645.5 157.14 675.701 236.29 1.56099303216 0.378000003237 0.325998751065 1.16979294701 1.43731614828 9.38669730787 0.00692802392802 0.14349
pedestrian -1 -1 -10 667.98 160.58 694.369 254.747 1.68399241865 0.708999153316 0.754997160186 2.37538218728 1.31920136828 21.4409335603 0.00692802392802 0.13912
pedestrian -1 -1 -10 819.17 169.2 830.198 209.06 0.779996535182 0.45500152271 0.337999028346 11.2067198229 0.634130073464 35.1808189133 0.00692802392802 0.066289
pedestrian -1 -1 -10 615.28 242.18 642.036 305.205 1.83099180609 0.731999854892 0.702997332023 0.429033484981 1.46550414028 8.38468035057 0.00692802392802 0.063179
pedestrian -1 -1 -10 670.82 156.22 689.684 215.405 1.68399241865 0.747998684382 0.754997160186 2.37551728104 1.31917869039 21.4604328578 0.00692802392802 0.060593
pedestrian -1 -1 -10 703.35 170.66 718.739 218.949 1.44799347222 0.568999858542 0.406998536553 3.67003694319 1.37729951529 23.4802196886 0.00692802392802 0.059085
pedestrian -1 -1 -10 659.63 157.21 680.849 209.851 0.361998406052 0.0240020589296 1.04499567545 5.10113634747 -0.855465777642 50.4175042297 0.00692802392802 0.052412
pedestrian -1 -1 -10 708.0 168.33 730.12 232.276 0.527997612953 0.557998279083 0.644997558934 6.58261220674 0.909010152104 37.6938820558 0.00692802392802 0.051197
pedestrian -1 -1 -10 617.67 255.42 633.368 305.096 1.83099180609 1.04200006443 0.702997332023 0.430107320825 1.46532387783 8.53967673555 0.00692802392802 0.044599
pedestrian -1 -1 -10 605.82 161.78 651.167 279.61 1.83099180609 0.692999370152 0.702997332023 0.428898387916 1.46552681873 8.36518057618 0.00692802392802 0.043093
pedestrian -1 -1 -10 605.12 211.12 647.804 312.01 1.83099180609 0.747000188049 0.702997332023 0.429085445898 1.46549541772 8.39218033716 0.00692802392802 0.034846
pedestrian -1 -1 -10 674.78 155.01 704.085 227.78 1.66199256182 0.747998684382 0.66499746476 2.42048571176 1.29705509089 21.4601083735 0.00692802392802 0.033168
pedestrian -1 -1 -10 672.74 176.88 706.697 264.119 1.56099303216 0.681999698041 0.574997769334 1.29534251572 1.43679702055 9.53783058059 0.00692802392802 0.031351
pedestrian -1 -1 -10 713.3 166.94 738.402 223.097 1.58999287002 0.672999879616 0.490998331757 4.40860961296 1.37346702987 23.3010116469 0.00692802392802 0.026992
pedestrian -1 -1 -10 823.34 170.45 835.703 211.014 0.927995860577 1.06499981233 1.01099588323 8.42046661578 1.22772578856 25.6434907779 0.00692802392802 0.022305
pedestrian -1 -1 -10 683.23 162.34 738.924 278.52 1.56099303216 0.681999698041 0.574997769334 1.29534251572 1.43679702055 9.53783058059 0.00692802392802 0.020374
pedestrian -1 -1 -10 616.16 156.76 654.011 242.393 1.83099180609 0.6519999854 0.702997332023 0.428756366692 1.46555065952 8.34468137577 0.00692802392802 0.015042
pedestrian -1 -1 -10 650.34 155.41 668.611 215.025 1.56099303216 0.378000003237 0.314998755178 1.16429308119 1.43733127243 9.38673542928 0.00692802392802 0.013177
pedestrian -1 -1 -10 985.5 175.44 1006.41 226.667 2.20699018687 0.717999925415 0.334998780212 7.29058066919 1.28440128674 12.9108265712 0.00692802392802 0.012564
pedestrian -1 -1 -10 637.23 150.73 653.681 201.331 1.66899258941 0.719999779101 0.672997473283 0.413768963788 1.30355314905 8.3786917679 0.00692802392802 0.011809
pedestrian -1 -1 -10 674.07 150.2 694.137 200.001 0.361998406052 0.0359992736998 0.404998212186 5.66415947384 -0.858020894184 50.4195993171 0.00692802392802 0.011544
pedestrian -1 -1 -10 733.9 166.44 752.649 216.908 1.10799500346 0.61199909698 0.74199683993 6.75407029361 1.15012281287 31.9354952976 0.00692802392802 0.011021
pedestrian -1 -1 -10 633.96 206.44 678.86 307.78 1.83099180609 0.839000133332 0.702997332023 0.42940413226 1.46544192054 8.43817920586 0.00692802392802 0.010063
pedestrian -1 -1 -10 638.18 152.41 661.868 215.213 1.81999181807 0.876999260719 0.694997405455 0.425520725327 1.45443083564 8.45719974654 0.00692802392802 0.0083586
pedestrian -1 -1 -10 690.03 168.75 713.59 258.373 1.56099303216 0.681999698041 0.574997769334 1.29534251572 1.43679702055 9.53783058059 0.00692802392802 0.0071916
pedestrian -1 -1 -10 630.56 158.39 656.233 262.85 1.83099180609 0.719999779101 0.702997332023 0.428991916907 1.46551111822 8.37868045667 0.00692802392802 0.006652
pedestrian -1 -1 -10 630.15 154.92 650.716 219.991 1.77399201989 0.747000188049 0.694997405455 0.425006980516 1.40850663081 8.39217546043 0.00692802392802 0.006292
pedestrian -1 -1 -10 665.07 150.79 683.611 194.991 1.5759929806 0.6879992591 0.749997183729 2.37807612363 1.21113748861 21.4903527522 0.00692802392802 0.0037064
pedestrian -1 -1 -10 621.59 156.95 643.123 225.347 1.82499179095 0.617000161707 0.666997513457 0.410627377399 1.45962049346 8.32730321256 0.00692802392802 0.0025755
pedestrian -1 -1 -10 677.06 208.12 705.22 292.348 1.56099303216 0.551000221692 0.574997769334 1.2948887356 1.43687319562 9.47233241432 0.00692802392802 0.0016056
pedestrian -1 -1 -10 739.74 161.25 755.086 208.064 1.11599501371 0.768998578598 0.828996883267 6.79703094235 1.15609450348 31.8566982226 0.00692802392802 0.0015502
pedestrian -1 -1 -10 685.86 163.29 704.9 240.147 1.56099303216 0.681999698041 0.574997769334 1.29534251572 1.43679702055 9.53783058059 0.00692802392802 0.0013587
pedestrian -1 -1 -10 611.74 169.25 641.402 252.362 1.83099180609 0.747000188049 0.702997332023 0.429085445898 1.46549541772 8.39218033716 0.00692802392802 0.0011786
pedestrian -1 -1 -10 820.69 170.29 843.901 214.691 0.927995860577 0.637000605916 0.892996295809 8.48034484266 1.22741584965 25.7700785616 0.00692802392802 0.001113
pedestrian -1 -1 -10 669.63 184.76 686.902 253.297 1.68399241865 0.747998684382 0.754997160186 2.37551728104 1.31917869039 21.4604328578 0.00692802392802 0.0010576
pedestrian -1 -1 -10 707.94 165.58 724.403 212.511 1.44799347222 0.568999858542 0.406998536553 3.67003694319 1.37729951529 23.4802196886 0.00692802392802 0.0008881
pedestrian -1 -1 -10 626.98 184.23 664.706 301.5 1.83099180609 0.707000253303 0.702997332023 0.428946886754 1.46551867734 8.37218084976 0.00692802392802 0.00088459
pedestrian -1 -1 -10 566.45 160.73 594.834 199.994 0.611997228861 0.513000140632 0.391998487975 -1.07994150364 0.780076433847 41.2473565646 0.00692802392802 0.00085772
pedestrian -1 -1 -10 1008.8 177.73 1053.04 235.234 0.264998836815 0.16500080371 0.63599824504 13.967605062 1.02003691215 22.4901258591 0.00692802392802 0.0007266
pedestrian -1 -1 -10 671.95 208.58 690.784 276.068 1.56099303216 0.681999698041 0.574997769334 1.29534251572 1.43679702055 9.53783058059 0.00692802392802 0.00070836
pedestrian -1 -1 -10 738.92 155.94 764.604 222.392 1.11599501371 0.768998578598 1.03299611343 6.89902810732 1.1558140202 31.8559912462 0.00692802392802 0.00067333
pedestrian -1 -1 -10 998.59 171.73 1036.57 243.463 1.61599277854 0.624999576452 1.1109958892 11.6619332504 1.67937357074 19.8840166348 0.00692802392802 0.00045262
