pedestrian -1 -1 -10 376.48 173.14 399.275 219.538 1.45085170316 0.555938849989 0.670999573534 -8.26207260387 1.42841036025 27.3909731037 0.00753464155925 0.94274
pedestrian -1 -1 -10 230.58 132.77 253.637 187.186 1.11687735236 0.635930010265 0.767999413954 -6.90955897495 0.41214380928 13.2531456738 0.00753464155925 0.49435
pedestrian -1 -1 -10 666.79 137.02 693.387 208.72 2.10476888359 0.803910874703 0.84099958425 1.98798320717 1.31195901982 20.2300683408 0.00753464155925 0.17078
pedestrian -1 -1 -10 223.21 134.47 244.382 184.899 1.11687735236 0.635930010265 0.767999413954 -6.90955897495 0.41214380928 13.2531456738 0.00753464155925 0.061994
pedestrian -1 -1 -10 385.15 175.5 403.529 217.356 1.35085170316 0.555938849989 0.470999573534 -8.26207260387 1.42841036025 27.3909731037 0.00753464155925 0.046405
pedestrian -1 -1 -10 225.66 128.79 259.424 210.173 1.11687735236 0.822909800356 0.751999624845 -6.902263713 0.410753949887 13.1595982429 0.00753464155925 0.046366
pedestrian -1 -1 -10 236.71 131.63 262.713 190.416 1.11687735236 0.635930010265 0.690999773218 -6.87106024428 0.41211577858 13.2528560092 0.00753464155925 0.019673
pedestrian -1 -1 -10 213.62 135.61 239.039 194.6 1.11687735236 0.822909800356 0.767999413954 -6.91026338113 0.410759774398 13.1596584325 0.00753464155925 0.017321
pedestrian -1 -1 -10 674.38 134.48 688.255 186.033 1.8597958374 0.803910874703 0.84099958425 1.98790767344 1.06698597363 20.2318822653 0.00753464155925 0.01708
pedestrian -1 -1 -10 672.7 139.4 703.763 195.423 0.327963988423 0.360960516013 0.408999794691 5.50991271189 0.499843829371 47.7126986167 0.00753464155925 0.0087045
pedestrian -1 -1 -10 211.04 132.48 248.553 217.793 1.11687735236 0.822909800356 0.767999413954 -6.91026338113 0.410759774398 13.1596584325 0.00753464155925 0.0081059
pedestrian -1 -1 -10 1191.8 198.97 1203.57 236.925 1.72981011509 1.17087220577 0.506999814284 11.3485236821 1.26509212898 13.8730897686 0.00753464155925 0.0044623
pedestrian -1 -1 -10 217.45 123.36 266.658 241.44 1.11687735236 0.822909800356 0.767999413954 -6.91026338113 0.410759774398 13.1596584325 0.00753464155925 0.0016025
pedestrian -1 -1 -10 368.39 164.0 385.608 217.626 0.491945987105 0.255972475739 0.558999844142 -9.15778655487 0.607599633087 29.7298371486 0.00753464155925 0.0013551
pedestrian -1 -1 -10 904.76 188.09 921.027 242.003 2.01877836001 0.723920667997 0.620999622984 4.47174087396 1.40299946774 10.3400072942 0.00753464155925 0.0011898
pedestrian -1 -1 -10 222.52 130.15 236.947 167.562 1.11687735236 0.822909800356 0.767999413954 -6.91026338113 0.410759774398 13.1596584325 0.00753464155925 0.0011435
pedestrian -1 -1 -10 111.48 124.44 131.647 188.268 0.514943538299 0.17198204352 0.519000848208 -20.5472118216 -0.658046007141 30.5046540598 0.00753464155927 0.00095994
pedestrian -1 -1 -10 667.33 122.82 686.388 184.976 1.61882230055 0.713920581 0.84099958425 1.98817239199 0.826678549979 20.2786604447 0.00753464155925 0.00033783
pedestrian -1 -1 -10 543.56 153.99 567.617 192.218 0.101988775495 0.296968350648 1.02799956325 -4.14992015122 0.00320799142814 60.2358789255 0.00753464155925 0.00030363
pedestrian -1 -1 -10 217.04 110.54 254.421 178.958 1.11687735236 0.635930010265 0.767999413954 -6.90955897495 0.41214380928 13.2531456738 0.00753464155925 0.00028666
pedestrian -1 -1 -10 189.02 135.63 240.012 231.183 0.0999890208244 0.0 0.0 -30.9056677771 0.689528693968 57.2473648642 0.0 0.00028415
pedestrian -1 -1 -10 894.37 190.02 913.287 233.293 0.788913384794 0.753917114708 0.0939998338964 8.41844943013 1.30265303782 20.6700815314 0.00753464155925 0.0002718
pedestrian -1 -1 -10 362.44 159.24 379.413 212.051 0.949895691872 0.47194841777 0.858000492665 -8.3990284833 0.0226053358213 25.852635289 0.00753464155925 0.00026794
pedestrian -1 -1 -10 1195.1 197.81 1209.19 236.387 1.72481066882 1.17287184174 0.425000060637 11.3055627675 1.26322799203 13.7453866158 0.00753464155925 0.00025452
pedestrian -1 -1 -10 195.78 170.64 210.688 204.444 1.3778486892 1.18687024711 1.17099988378 -3.50521931123 1.3660932145 6.22783942743 0.00753464155925 0.00024779
pedestrian -1 -1 -10 341.24 141.24 369.347 204.924 0.101988835093 0.238972232488 0.375999335586 -21.6356842273 -0.00431939918338 63.5241774416 0.00753464155925 0.00022502
pedestrian -1 -1 -10 833.73 158.65 849.514 208.718 2.01777848267 0.49994618208 0.264999785366 5.14784927334 1.3006164003 15.678158824 0.00753464155925 0.0001272
pedestrian -1 -1 -10 374.87 159.3 393.135 207.724 1.35085170316 0.555938849989 0.470999573534 -8.26207260387 1.42841036025 27.3909731037 0.00753464155925 0.00011366
pedestrian -1 -1 -10 657.29 138.89 676.913 188.276 1.8597958374 0.563937393875 0.76999974522 1.95331280724 1.06878811733 20.3521326939 0.00753464155925 4.55e-05
pedestrian -1 -1 -10 233.83 118.01 255.78 168.969 1.11687735236 0.635930010265 0.730999722826 -6.891059653 0.412130340032 13.2530064848 0.00753464155925 3.8303e-05
pedestrian -1 -1 -10 21.301 172.39 75.409 244.416 1.58782564873 1.01688879313 1.19899951472 -3.84719254689 1.5835024791 5.02558572186 0.00753464155925 1.5951e-05
pedestrian -1 -1 -10 1181.0 132.27 1215.72 217.947 1.72481066882 1.16087307234 0.420999398104 11.30351729 1.26314063285 13.7394024515 0.00753464155925 1.3695e-05
pedestrian -1 -1 -10 276.46 221.09 297.51 270.012 0.113987422711 0.171980136381 1.0799995931 -13.2495196048 1.65518184553 29.9933958017 0.00753464155925 9.3317e-06
pedestrian -1 -1 -10 824.85 152.22 853.454 219.924 0.835908245322 0.514942975081 0.246999664991 7.4839959241 1.33359496033 23.8689532644 0.00753464155925 9.3039e-06
