pedestrian -1 -1 -10 438.02 178.74 481.411 303.92 1.67981554061 0.732919506653 0.574999871669 -2.11881408862 1.74565002202 10.374583579 0.78553464155925 0.99192
pedestrian -1 -1 -10 446.87 173.41 478.258 256.852 1.67981554061 0.732919506653 0.574999871669 -2.11881408862 1.74565002202 10.374583579 0.00753464155925 0.071664
pedestrian -1 -1 -10 450.11 193.89 475.752 297.65 1.67981554061 0.732919506653 0.574999871669 -2.11881408862 1.74565002202 10.374583579 0.00753464155925 0.025358
pedestrian -1 -1 -10 165.27 142.98 179.92 183.08 0.382957882531 0.661926231464 0.211000377915 -27.8746138622 -0.122525618085 46.3701412606 0.00753464155925 0.0086728
pedestrian -1 -1 -10 452.21 173.05 473.335 233.589 1.67981554061 0.732919506653 0.574999871669 -2.11881408862 1.74565002202 10.374583579 0.00753464155925 0.0082131
pedestrian -1 -1 -10 633.22 191.39 645.547 230.933 2.09177035903 0.621929697756 1.14199966997 1.74351066084 2.14008611079 36.7678377005 0.00753464155925 0.0070866
pedestrian -1 -1 -10 459.13 173.46 480.989 233.527 1.67981554061 0.732919506653 0.574999871669 -2.11881408862 1.74565002202 10.374583579 0.00753464155925 0.0025773
pedestrian -1 -1 -10 455.61 207.84 482.636 287.372 1.67981554061 0.732919506653 0.574999871669 -2.11881408862 1.74565002202 10.374583579 0.00753464155925 0.0023009
pedestrian -1 -1 -10 1101.1 140.12 1146.27 216.862 0.332963449596 0.536939924336 0.83400128584 28.5247157621 0.373945031013 40.1021599614 0.00753464155925 0.0014119
pedestrian -1 -1 -10 466.37 170.77 485.241 224.57 1.7848039645 0.349960134245 1.16399967802 -6.74850221742 1.0848562783 37.4172525515 0.00753464155925 0.00060351
pedestrian -1 -1 -10 455.68 174.81 492.443 276.32 1.67981554061 0.732919506653 0.574999871669 -2.11881408862 1.74565002202 10.374583579 0.00753464155925 0.00059907
pedestrian -1 -1 -10 168.84 139.19 186.015 188.951 0.343962234378 0.321963323506 1.04100004755 -26.0933011207 0.468658485773 43.9533491614 0.00753464155925 0.00014024
pedestrian -1 -1 -10 706.69 175.49 724.95 217.027 0.355960956092 0.0349960134245 0.102000205288 7.5074070112 1.75146681452 49.1795305475 0.00753464155925 0.000136
pedestrian -1 -1 -10 443.18 198.96 468.837 276.78 1.67981554061 0.732919506653 0.574999871669 -2.11881408862 1.74565002202 10.374583579 0.00753464155925 0.00013287
pedestrian -1 -1 -10 464.16 200.96 488.715 276.12 1.67981554061 0.732919506653 0.574999871669 -2.11881408862 1.74565002202 10.374583579 0.00753464155925 6.166e-05
pedestrian -1 -1 -10 423.05 241.16 473.232 299.026 2.00677962339 0.509943408367 0.585999786286 -3.23764250803 1.78710221027 13.6697731577 0.00753464155925 6.1142e-05
pedestrian -1 -1 -10 155.43 123.64 185.603 188.017 0.110987850304 0.106990536955 0.452998976322 -27.281462399 -1.38383605282 45.3006835766 0.00753464155925 3.5787e-05
pedestrian -1 -1 -10 628.36 186.06 680.003 240.092 1.30885627401 0.681924498318 0.959999744279 2.3507719014 2.14444468607 33.7049810813 0.00753464155925 9.1271e-06
pedestrian -1 -1 -10 70.477 184.07 117.061 253.212 0.793912771469 0.388957326752 0.539000346175 -11.0122848967 1.7419298404 15.4867879504 0.00753464155925 5.7361e-07
pedestrian -1 -1 -10 1170.6 190.3 1220.03 260.791 1.21986611842 0.916900319572 0.716999788147 10.0373211544 1.81991370864 12.1777473373 0.00753464155925 1.918e-07
pedestrian -1 -1 -10 42.35 156.56 109.552 253.017 0.246972896217 0.857905813781 0.786999461543 -13.4445973041 0.744269727136 18.3157229462 0.00753464155925 1.4819e-07
pedestrian -1 -1 -10 1099.3 172.08 1142.15 245.318 0.561938369028 0.796913579158 1.1760002351 14.6929998723 1.4711542646 20.6921402115 0.00753464155925 3.0223e-08
pedestrian -1 -1 -10 12.606 220.41 55.708 290.473 0.700923046945 0.569937255359 1.04900041894 -11.8591621767 1.64590721062 15.1123493383 0.00753464155925 2.8347e-08
pedestrian -1 -1 -10 1129.9 190.6 1180.41 260.686 0.477947480921 0.691923631744 1.02499930477 12.3381504094 1.3771764473 16.2735413078 0.00753464155925 3.3283e-09
pedestrian -1 -1 -10 56.451 186.76 96.451 264.077 0.127985943795 0.181980223377 0.905999859991 -11.5059289791 1.07448907881 15.3689421241 0.00753464155924 9.4342e-10
