pedestrian -1 -1 -10 626.32 148.85 686.464 327.5 1.80299188942 0.609999720131 0.817996942327 0.445588889223 1.43743321531 7.53252826737 0.00692802392802 0.9957
pedestrian -1 -1 -10 625.35 159.63 666.692 284.67 1.80299188942 0.609999720131 0.817996942327 0.445588889223 1.43743321531 7.53252826737 0.00692802392802 0.0015137
pedestrian -1 -1 -10 601.19 161.62 668.291 321.01 0.454997985065 0.268999871111 0.610997714559 0.353952571545 1.17864949311 14.5623192973 0.00692802392802 0.0011126
pedestrian -1 -1 -10 175.72 195.0 194.344 234.437 1.86699161381 0.910998680732 1.19499520757 -7.63645588133 1.3412795652 13.164010544 0.00692802392802 0.0010986
pedestrian -1 -1 -10 128.34 199.51 153.355 243.477 2.29298976809 1.11799927287 1.1969950551 -8.95202106811 1.36624774543 13.7394199637 0.00692802392802 0.00070779
pedestrian -1 -1 -10 588.73 140.96 606.2 180.614 0.0999995529652 0.0 0.0 -0.0593821066254 -1.10680426229 50.9161297199 0.0 0.00026427
pedestrian -1 -1 -10 332.12 231.91 355.318 283.375 0.979995673895 0.799998694919 1.0689959916 -3.75562568952 1.38381822237 10.3341195436 0.00692802392802 0.00024602
pedestrian -1 -1 -10 627.31 169.95 652.582 257.196 1.80299188942 0.609999720131 0.817996942327 0.445588889223 1.43743321531 7.53252826737 0.00692802392802 7.7787e-05
pedestrian -1 -1 -10 647.34 180.9 687.558 290.28 1.46999346316 1.1010000397 0.840996862525 1.36104752731 1.43572448863 12.940011143 0.00692802392802 2.2857e-05
pedestrian -1 -1 -10 602.56 162.29 646.016 250.227 1.99299103767 0.636998698569 1.00499619908 0.503944907838 0.97448758296 17.8322298596 0.00692802392802 2.7322e-06
