pedestrian -1 -1 -10 1036.0 160.64 1191.08 375.0 1.70881237072 1.0368865832 0.765999797943 3.23603781415 1.68330763196 4.29453989352 0.00753464155925 0.97068
pedestrian -1 -1 -10 1048.5 168.04 1121.99 363.21 1.70881237072 0.828909185055 0.660999811011 3.18327562313 1.68282776386 4.25993939574 0.00753464155925 0.43991
pedestrian -1 -1 -10 1120.4 188.65 1183.08 347.61 1.71181206232 1.06488339394 0.765999797943 3.23593326709 1.6861000896 4.28051967402 0.00753464155925 0.014146
pedestrian -1 -1 -10 1028.3 191.85 1063.03 304.56 2.01877830041 0.247972978284 0.766999725158 3.77677896742 1.46934727337 6.61974808149 0.00753464155925 0.0046058
pedestrian -1 -1 -10 1033.9 183.26 1086.39 316.19 2.01877830041 0.225975075458 0.650999823609 3.83469440418 1.46914221543 6.60831306271 0.00753464155925 0.0017924
pedestrian -1 -1 -10 1140.3 202.14 1187.47 312.49 1.71381181699 0.838908318482 0.71299984087 3.2632844247 1.68975323051 4.39328981687 0.00753464155925 0.00078481
pedestrian -1 -1 -10 1038.9 216.4 1068.46 301.09 2.01877830041 0.229974824186 0.689999846003 3.81521001311 1.46918601923 6.61045959434 0.00753464155925 0.00015915
pedestrian -1 -1 -10 1047.6 222.48 1066.23 285.129 2.01877830041 0.225975075458 0.663999831074 3.82819458443 1.46914694791 6.60836196738 0.00753464155925 0.00011338
pedestrian -1 -1 -10 1109.5 157.81 1172.64 299.35 1.71181206232 1.0368865832 0.765999797943 3.23603873905 1.68630732357 4.29451768204 0.00753464155925 3.6882e-05
pedestrian -1 -1 -10 1049.2 161.13 1072.2 204.08 1.36085061061 1.14287444146 0.706000111949 13.7338464941 0.572043880374 21.3326759805 0.00753464155925 1.4902e-05
pedestrian -1 -1 -10 1134.1 287.71 1160.92 365.523 1.71081212539 1.19486926778 0.765999797943 3.23534532615 1.68394555741 4.20253776765 0.00753464155925 1.1258e-05
pedestrian -1 -1 -10 1055.3 152.76 1094.55 237.469 1.23186473584 0.997889867479 0.818000543057 13.833638744 0.562566419317 21.0335698361 0.00753464155925 7.3841e-07
