pedestrian -1 -1 -10 303.73 161.93 340.048 246.764 1.58999290168 0.554000165357 0.522998276445 -5.95112007953 1.24645925229 15.0639322503 0.00692802392802 0.95719
pedestrian -1 -1 -10 378.92 152.01 424.135 267.74 1.76699212641 1.09099917763 0.624997188203 -3.33550988413 1.41437459751 11.9367118527 0.00692802392802 0.82492
pedestrian -1 -1 -10 396.4 170.52 429.779 268.944 1.76699212641 1.15599935393 0.667997474475 -3.45661355577 1.41409186364 11.9936662238 0.00692802392802 0.035939
pedestrian -1 -1 -10 748.93 153.87 767.601 214.946 2.27198989391 0.676999586989 0.877996724066 2.86917694472 1.3876006216 13.7800615911 0.00692802392802 0.030993
pedestrian -1 -1 -10 522.01 171.03 531.84 191.124 0.100999565422 0.085998476877 0.298998663624 -6.57891824073 0.183889391554 63.4101041727 0.00692802392802 0.024976
pedestrian -1 -1 -10 377.21 150.55 417.326 212.643 1.64799258113 1.12899989866 0.824997188203 -3.53536914362 1.29532388086 11.9806428537 0.00692802392802 0.011962
pedestrian -1 -1 -10 382.01 156.47 403.829 207.15 1.64799258113 1.17999950552 0.824997188203 -3.53519248178 1.29529422503 12.0061420452 0.00692802392802 0.0082735
pedestrian -1 -1 -10 747.16 150.22 774.03 235.872 2.27198989391 0.676999586989 0.824996949786 2.89567619531 1.38752775098 13.7798779159 0.00692802392802 0.0058083
pedestrian -1 -1 -10 391.21 152.29 412.789 198.123 1.64799258113 0.990000053891 0.824997188203 -3.53429877316 1.29514420014 12.1351390488 0.00692802392802 0.0042883
pedestrian -1 -1 -10 328.69 152.37 397.42 256.53 0.685996958613 0.566999051182 1.17699562611 -9.7149924933 1.11861286678 29.2522352592 0.00692802392802 0.0037467
pedestrian -1 -1 -10 315.77 156.44 362.611 253.289 0.648997093737 0.953999826518 0.60799847225 -10.6052386716 0.943785394523 29.4987266252 0.00692802392802 0.0031614
pedestrian -1 -1 -10 716.23 175.98 728.34 218.784 2.29598977566 0.70699929963 0.697997333214 2.6193044734 1.40627056192 13.7968007352 0.00692802392802 0.0013153
pedestrian -1 -1 -10 371.1 159.87 407.067 264.02 1.75899214596 0.990000053891 0.824997188203 -3.53414571357 1.40614376496 12.1352025353 0.00692802392802 0.00081234
pedestrian -1 -1 -10 320.13 166.98 348.149 217.313 0.514997659624 0.396999090093 0.460998711435 -12.9595109877 -1.10913610027 34.2243450675 0.00692802392802 0.00061564
pedestrian -1 -1 -10 311.39 158.79 332.162 214.044 1.58999290168 0.454000165357 0.522998276445 -5.95112007953 1.24645925229 15.0639322503 0.00692802392802 0.00046818
pedestrian -1 -1 -10 741.56 155.42 761.517 208.409 2.27798984945 0.676999586989 0.991996139591 2.8121841218 1.39275733492 13.7804589533 0.00692802392802 0.00026179
pedestrian -1 -1 -10 376.79 204.07 397.406 261.313 1.75899214596 1.07199977707 0.824997188203 -3.53386166782 1.40609608283 12.1762014129 0.00692802392802 0.00025431
pedestrian -1 -1 -10 717.71 136.06 735.767 188.734 1.92599142492 0.70699929963 0.760997060408 2.65029338199 1.0361855914 13.7963707831 0.00692802392802 0.00019142
pedestrian -1 -1 -10 305.76 154.84 323.967 209.118 1.58999290168 0.454000165357 0.522998276445 -5.95112007953 1.24645925229 15.0639322503 0.00692802392802 0.00014763
pedestrian -1 -1 -10 719.48 139.56 750.091 190.877 2.00799095631 0.70699929963 0.9219964692 2.73090422356 1.11796376097 13.795859726 0.00692802392802 0.000116
pedestrian -1 -1 -10 724.76 138.24 740.025 189.799 1.92099145204 0.663999107518 0.840996683712 2.69015017539 1.0361006023 13.7745968174 0.00692802392802 9.9992e-05
pedestrian -1 -1 -10 384.89 190.92 408.119 264.751 1.75899214596 1.15599840026 0.824997188203 -3.53260770476 1.40588558283 12.3571971792 0.00692802392802 8.7753e-05
pedestrian -1 -1 -10 390.71 207.62 413.42 266.312 1.76899209172 1.1139995655 0.824997188203 -3.53456145679 1.41621581537 12.0732099869 0.00692802392802 6.9466e-05
pedestrian -1 -1 -10 307.5 145.49 348.153 223.318 1.58999290168 0.454000165357 0.522998276445 -5.95112007953 1.24645925229 15.0639322503 0.00692802392802 5.4953e-05
pedestrian -1 -1 -10 392.14 131.01 409.812 171.841 0.939995771647 0.638999505929 1.14499615826 -9.32427752384 -0.631072297407 33.272445614 0.00692802392802 4.8003e-05
pedestrian -1 -1 -10 732.81 138.09 747.06 182.427 1.92099145204 0.608999793288 0.97699632943 2.75795784808 1.03594559486 13.7466265021 0.00692802392802 3.977e-05
pedestrian -1 -1 -10 386.38 134.65 410.564 190.285 0.939995771647 0.638999505929 1.07399632568 -9.35977658739 -0.63097467809 33.2726916698 0.00692802392802 3.3283e-05
pedestrian -1 -1 -10 713.46 161.96 738.173 228.138 2.29598977566 0.70699929963 0.740997154582 2.64080386764 1.40621144047 13.7966517158 0.00692802392802 1.4415e-05
pedestrian -1 -1 -10 7.9318 121.51 41.6258 175.999 0.557997569442 0.87099969966 0.843996693428 -25.3131247749 -1.15483512756 31.3987823448 0.00692802392802 3.0692e-06
pedestrian -1 -1 -10 1047.2 154.72 1102.41 221.96 1.48799335957 0.898999558615 1.19399576064 4.94799470408 1.40102630119 7.52497660608 0.00692802392802 1.9595e-06
