pedestrian -1 -1 -10 634.22 161.71 653.711 194.399 1.68881451858 0.696922244888 0.584999799467 1.13269730702 1.41678307524 23.4878309068 0.00753464155925 0.098565
pedestrian -1 -1 -10 628.15 162.5 646.563 196.463 1.68881451858 0.696922244888 0.584999799467 1.13269730702 1.41678307524 23.4878309068 0.00753464155925 0.01003
pedestrian -1 -1 -10 343.84 182.68 361.72 230.443 2.87168463326 0.521942177766 1.1149994298 -8.34694430172 1.97677851993 23.8402625273 0.00753464155925 0.0048166
pedestrian -1 -1 -10 635.36 157.02 649.289 209.449 1.68881451858 0.586935591471 0.584999799467 1.13228295594 1.41596894787 23.4328391411 0.00753464155925 0.0025492
pedestrian -1 -1 -10 336.79 184.67 354.9 232.88 2.88168352581 0.489946095083 1.12900031816 -8.61481313869 1.98720937301 23.8582024535 0.00753464155925 0.00083665
pedestrian -1 -1 -10 133.6 193.79 160.587 248.006 2.85368672203 0.42795261212 0.426000464689 -16.4585650878 2.39495546774 25.80732123 0.00753464155925 0.00052818
pedestrian -1 -1 -10 648.76 161.38 661.857 207.09 0.624931356313 0.217976531573 0.865999671964 2.05277997758 1.39564074019 27.8984471149 0.00753464155925 0.00033201
pedestrian -1 -1 -10 281.67 191.15 302.837 229.017 1.1008791064 0.698922834429 1.10500015766 -10.5245528052 2.11459807989 24.4661075043 0.00753464155925 0.00023016
pedestrian -1 -1 -10 550.26 177.03 567.291 229.792 1.17487095297 0.605932609984 0.820999847864 -1.65289180586 1.71807448067 22.1698716595 0.00753464155925 8.8375e-05
pedestrian -1 -1 -10 612.54 153.04 648.484 215.116 2.35474143565 0.638929941007 1.1929996385 0.957341324434 1.42141792508 28.3906884045 0.00753464155925 7.8021e-05
pedestrian -1 -1 -10 1222.4 128.48 1241.65 197.601 1.6348204571 0.251973203796 0.588998614256 20.6888885056 0.517999725001 24.1880010701 0.00753464155924 3.1795e-05
pedestrian -1 -1 -10 343.45 186.68 379.754 229.026 0.100988957758 0.0929921315847 0.180999700453 -20.4695533414 2.67632536114 60.2872581926 0.00753464155925 2.6155e-05
