pedestrian -1 -1 -10 516.96 155.79 565.561 275.36 1.86299168319 0.731998901218 0.846996822352 -1.08895294194 1.4453736944 12.1582480061 0.78592802392802 0.99388
pedestrian -1 -1 -10 565.84 161.64 586.247 213.475 1.7169923678 0.672999252213 0.522998038028 -0.962112114855 1.23531949446 26.7610710112 0.78592802392802 0.97415
pedestrian -1 -1 -10 621.99 161.94 643.68 224.932 1.68599242866 0.550998314345 0.886996634004 1.35241414162 1.19934590882 26.4030024491 0.00692802392802 0.95879
pedestrian -1 -1 -10 600.0 165.09 619.141 211.083 1.42199364007 0.694999876379 0.490998167845 0.25000594638 1.06478777666 26.9266496323 0.78592802392802 0.88082
pedestrian -1 -1 -10 451.22 158.59 468.014 213.854 1.8489917472 0.633000246 0.60499634064 -5.10419458884 1.19911989624 25.17422044 0.00692802392802 0.87844
pedestrian -1 -1 -10 13.765 135.49 157.135 365.68 1.89699146599 0.582999712736 0.622997567158 -2.71013636563 1.59866699359 3.57192619276 0.00692802392802 0.87133
pedestrian -1 -1 -10 491.74 165.11 508.05 216.037 1.53799308836 0.829999361234 0.686998159857 -3.83870694623 1.06596145483 26.1413911763 0.78592802392802 0.85262
pedestrian -1 -1 -10 491.74 165.11 508.05 216.037 1.53799308836 0.829999361234 0.686998159857 -3.03870694623 1.06596145483 25.7413911763 0.78592802392802 0.85262
pedestrian -1 -1 -10 452.8 161.34 482.75 217.701 1.61999270916 0.742999527003 0.74899584735 -4.40879172441 1.15360220631 24.8152477648 0.00692802392802 0.58421
pedestrian -1 -1 -10 474.37 162.6 505.189 219.891 1.53799308836 0.701999188577 0.486998159857 -3.83826355565 1.06588702384 26.2053897267 0.00692802392802 0.43806
pedestrian -1 -1 -10 511.64 160.84 546.353 264.42 1.85499170274 0.731998901218 0.846996822352 -1.08896397327 1.43737371395 12.1582434305 0.00692802392802 0.3036
pedestrian -1 -1 -10 503.46 163.01 541.582 225.745 1.67199252248 0.358999009034 0.547998039519 -2.98064644723 1.20019723221 25.6150115873 0.00692802392802 0.24775
pedestrian -1 -1 -10 578.76 166.19 612.157 212.458 0.489997795224 0.0690001973807 0.113999564536 -0.133550952025 0.825552040897 35.0537707414 0.00692802392802 0.24676
pedestrian -1 -1 -10 495.56 162.46 520.462 217.661 1.53799308836 0.773000193318 0.389998402025 -3.79040567654 1.06586123214 26.1125561155 0.00692802392802 0.16742
pedestrian -1 -1 -10 607.84 162.82 635.857 218.637 0.329998528957 0.337001572159 0.619997676651 1.72978915778 -0.252779780457 48.3320298902 0.00692802392802 0.15378
pedestrian -1 -1 -10 526.1 154.76 551.636 253.919 1.86299168319 0.672998925943 0.846996822352 -1.08915731692 1.44540800238 12.1287487264 0.00692802392802 0.13963
pedestrian -1 -1 -10 596.24 166.57 608.309 205.487 1.42199364007 0.294999876379 0.490998167845 0.25000594638 1.06478777666 26.9266496323 0.00692802392802 0.13335
pedestrian -1 -1 -10 619.68 167.89 633.244 225.386 1.68599242866 0.469998994847 0.620997719626 1.21913729882 1.19975873731 26.3634256027 0.00692802392802 0.11164
pedestrian -1 -1 -10 631.91 160.4 648.063 218.423 1.68599242866 0.550998314345 0.844996796007 1.37341355618 1.19928816227 26.4028568951 0.00692802392802 0.10999
pedestrian -1 -1 -10 610.75 164.36 623.542 207.896 0.100999565422 0.136001494749 0.446998318403 0.934558077336 -0.472867165065 46.8288782851 0.00692802392802 0.10647
pedestrian -1 -1 -10 554.87 162.17 580.497 224.777 0.798996444046 0.419000341663 0.185999291074 -1.28372366238 0.80642377003 28.3213722419 0.00692802392802 0.064502
pedestrian -1 -1 -10 248.46 174.09 267.076 217.819 0.937995821237 1.10600015076 0.280999082166 -9.74435991995 0.890153720698 20.1063006414 0.00692802392802 0.037781
pedestrian -1 -1 -10 841.24 169.33 874.274 256.82 1.0759952493 0.50800002958 0.419998260764 3.84047062986 0.929575611085 10.5889163341 0.00692802392802 0.036949
pedestrian -1 -1 -10 0.0 118.84 83.239 325.28 1.78899202794 0.466999929572 0.622997567158 -2.71034071128 1.49067685928 3.56386472266 0.00692802392802 0.031792
pedestrian -1 -1 -10 505.32 165.83 523.571 223.867 1.67199252248 0.358999009034 0.547998039519 -2.98064644723 1.20019723221 25.6150115873 0.00692802392802 0.025272
pedestrian -1 -1 -10 579.04 164.33 593.221 206.828 0.0999995529652 0.0 0.0 -0.852768793053 0.344905077996 46.9692148221 0.0 0.022802
pedestrian -1 -1 -10 528.05 159.94 565.942 233.457 1.86299168319 0.672998925943 0.846996822352 -1.08915731692 1.44540800238 12.1287487264 0.00692802392802 0.020108
pedestrian -1 -1 -10 245.92 170.91 258.79 210.051 0.580997379124 0.447999650624 0.21799959339 -11.6787034131 0.786702659636 24.2908917594 0.00692802392802 0.020031
pedestrian -1 -1 -10 224.23 164.85 240.439 207.976 0.269998800382 0.103000571068 0.226999384119 -12.4044271894 0.124836460217 24.1738287023 0.00692802392802 0.017934
pedestrian -1 -1 -10 493.97 157.29 537.498 254.025 1.67199252248 0.358999009034 0.547998039519 -2.98064644723 1.20019723221 25.6150115873 0.00692802392802 0.015168
pedestrian -1 -1 -10 240.28 166.8 253.011 210.403 2.13699038774 0.362998716406 0.21799959339 -9.45098479213 1.05381452057 18.8172294958 0.00692802392802 0.011839
pedestrian -1 -1 -10 235.6 172.7 258.606 222.588 2.13699038774 0.362998716406 0.21799959339 -9.45098479213 1.05381452057 18.8172294958 0.00692802392802 0.011388
pedestrian -1 -1 -10 235.56 164.69 248.986 211.693 0.100999595225 0.0109996721112 0.0980001584335 -12.611259605 -1.27345140592 26.6677956874 0.00692802392794 0.010216
pedestrian -1 -1 -10 703.76 187.5 717.337 236.565 0.842996202409 0.867999442294 0.605997909465 3.05958758448 1.2356778348 20.2520562307 0.00692802392802 0.010069
pedestrian -1 -1 -10 253.98 170.86 272.734 220.514 0.937995821237 1.04099966075 0.280999082166 -9.74291543352 0.889911237956 20.3147963584 0.00692802392802 0.0099988
pedestrian -1 -1 -10 822.16 172.26 862.291 258.149 1.0759952493 0.50800002958 0.419998260764 3.84047062986 0.929575611085 10.5889163341 0.00692802392802 0.0090509
pedestrian -1 -1 -10 267.28 166.3 291.648 216.346 0.277998749167 0.280999946902 0.127999778755 -11.5066609041 0.135673522329 25.6486532965 0.00692802392802 0.0082405
pedestrian -1 -1 -10 248.25 166.38 286.505 218.089 0.937995821237 1.0689995197 0.286998624762 -9.71875886336 0.88965377329 20.4816326365 0.00692802392802 0.0055783
pedestrian -1 -1 -10 147.2 169.25 165.874 210.46 2.22699001879 1.18999972762 1.12099608053 -18.3925361392 0.674198601297 29.5464476482 0.00692802392802 0.0047281
pedestrian -1 -1 -10 144.14 158.39 174.183 215.955 0.750996635854 0.603000232229 0.473998197229 -11.4447710553 0.857664547939 18.5146132982 0.00692802392802 0.0040907
pedestrian -1 -1 -10 526.7 155.35 546.443 214.188 1.85499170274 0.731998901218 0.846996822352 -1.08896397327 1.43737371395 12.1582434305 0.00692802392802 0.0036326
pedestrian -1 -1 -10 504.52 169.29 529.935 259.051 1.83499181122 0.731998901218 0.646997525674 -1.1889887978 1.41764880611 12.1589251058 0.00692802392802 0.0035967
pedestrian -1 -1 -10 78.15 153.79 169.87 339.49 1.89699146599 0.482999712736 0.622997567158 -2.71013636563 1.59866699359 3.57192619276 0.00692802392802 0.003143
pedestrian -1 -1 -10 626.06 158.72 660.859 220.363 1.37099389881 0.430999463781 0.769997029951 1.41089385459 0.884116735204 26.4624147985 0.00692802392802 0.0029988
pedestrian -1 -1 -10 156.79 168.57 174.63 215.919 2.04399086833 0.7970003449 1.11399613733 -18.2739300953 0.490647818513 29.7420235459 0.00692802392802 0.0028977
pedestrian -1 -1 -10 204.49 159.53 241.206 216.587 1.02999540269 0.276000789523 0.666997312292 -18.4963623393 0.0598496928448 35.3492926932 0.00692802392802 0.0028697
pedestrian -1 -1 -10 148.97 161.98 193.245 213.193 2.04399086833 0.717999925415 1.0059948339 -18.1246604099 0.490192154414 29.7804900665 0.00692802392802 0.0027618
pedestrian -1 -1 -10 542.11 160.91 561.661 221.429 1.86299168319 0.731998901218 0.773997142246 -1.05245397864 1.44527332545 12.1579950196 0.00692802392802 0.0025148
pedestrian -1 -1 -10 141.78 162.21 159.887 202.079 1.1959946692 1.06299900497 0.185998218195 -18.3494110918 0.488460278499 29.2170231036 0.00692802392802 0.0020502
pedestrian -1 -1 -10 398.47 126.16 422.389 176.023 0.351998400688 0.242000415836 0.339998875878 -13.3436600331 -1.48575543195 50.5525665821 0.00692802392802 0.0016879
pedestrian -1 -1 -10 216.78 148.26 235.063 196.468 1.02999540269 0.276000789523 0.803997835447 -18.4278637232 0.0596613276472 35.3488179065 0.00692802392802 0.0016792
pedestrian -1 -1 -10 78.082 145.81 123.159 218.949 0.259998832154 0.200000627403 0.186999572467 -14.6596397435 0.113543633548 21.124869379 0.00692802392803 0.0015601
pedestrian -1 -1 -10 162.3 165.93 178.728 202.727 2.04399086833 0.717999925415 1.0059948339 -18.1246604099 0.490192154414 29.7804900665 0.00692802392802 0.0014914
pedestrian -1 -1 -10 57.751 147.99 100.934 223.112 1.67099252492 0.466999929572 0.622997567158 -2.71050342322 1.37267735626 3.5637972326 0.00692802392802 0.0013601
pedestrian -1 -1 -10 54.843 141.98 123.537 295.49 1.79799193144 0.466999929572 0.622997567158 -2.71032830112 1.49967676278 3.56386987017 0.00692802392802 0.0013311
pedestrian -1 -1 -10 280.29 171.42 298.101 218.134 0.936995805986 1.03799940338 0.801997034244 -10.4679254237 0.782321452347 24.3262929265 0.00692802392802 0.0012379
pedestrian -1 -1 -10 173.48 165.32 189.375 202.289 1.0779951904 1.03099943864 0.461998158366 -11.5765387716 0.900777797413 19.6064117615 0.00692802392802 0.0010591
pedestrian -1 -1 -10 130.39 159.07 162.412 211.514 0.816996355355 0.983998585485 0.222998735384 -12.8644223014 0.80174178053 20.1208842515 0.00692802392802 0.0009596
pedestrian -1 -1 -10 184.46 160.6 201.916 205.053 1.91999146938 0.774997185983 1.03899565602 -18.5512614944 0.276343375482 32.4248337104 0.00692802392802 0.00069167
pedestrian -1 -1 -10 377.12 151.55 393.281 195.466 0.362998388708 0.211002206862 0.338998475276 -14.6908539537 -0.804136623152 48.891144055 0.00692802392802 0.00062728
pedestrian -1 -1 -10 177.4 151.69 195.758 194.02 0.538997600973 0.802998952285 0.188998466328 -18.5484994039 -0.195191443333 32.0150583121 0.00692802392802 0.00056868
pedestrian -1 -1 -10 149.97 154.86 167.87 202.604 2.22699001879 1.11699982287 1.16099493851 -18.2982850633 0.673897665647 29.5822951917 0.00692802392802 0.00048584
pedestrian -1 -1 -10 78.175 150.32 98.288 188.313 0.899995929003 0.154998674258 0.8449980477 -19.1961417304 -0.583622536813 26.9567593725 0.00692802392802 0.0004753
pedestrian -1 -1 -10 193.03 157.16 225.703 217.925 0.699996887147 0.735999562265 0.311999103088 -11.2313591113 0.666787751783 20.5144909774 0.00692802392802 0.00046299
pedestrian -1 -1 -10 713.72 185.52 732.104 243.735 2.37298939377 1.15999906131 0.640997625452 2.99464778877 1.4047689146 15.9527072374 0.00692802392802 0.00037807
pedestrian -1 -1 -10 810.98 167.44 857.854 298.33 2.1719902575 0.66999962225 1.17799531146 4.56295453741 1.53657017153 14.0950662692 0.00692802392802 0.00037035
pedestrian -1 -1 -10 212.68 133.98 245.118 193.869 1.02999540269 0.276000789523 0.803997835447 -18.4278637232 0.0596613276472 35.3488179065 0.00692802392802 0.00036972
pedestrian -1 -1 -10 315.76 168.33 329.02 203.339 0.495997795463 0.596997810149 0.168999037338 -11.551618931 0.57907444558 29.7784552737 0.00692802392802 0.00035488
pedestrian -1 -1 -10 0.0 135.72 52.668 264.08 2.07299078256 0.751999822265 0.273998662133 -5.38782099346 1.41080733367 6.40672628928 0.00692802392802 0.00033908
pedestrian -1 -1 -10 311.59 173.6 323.061 209.998 0.10399954319 0.208000042148 0.0259999252574 -11.6012908576 0.406416170784 29.6003219734 0.00692802392802 0.00032546
pedestrian -1 -1 -10 173.61 146.84 207.687 205.419 0.973995651305 1.09100077127 0.72199741094 -18.2809466482 0.0439071826816 32.1572343512 0.00692802392802 0.00029738
