pedestrian -1 -1 -10 752.04 147.53 813.067 301.93 1.80399199128 0.617999611713 0.705998022709 2.16590669354 1.3903023003 8.74458421722 0.00692802392802 0.99702
pedestrian -1 -1 -10 651.52 192.61 667.453 239.159 2.15299034864 0.803999355965 0.632997698884 1.14287836648 1.33580934663 12.5144984357 0.00692802392802 0.0023185
pedestrian -1 -1 -10 657.63 190.66 672.629 232.259 1.47099343091 1.12599964129 0.92099648583 1.28684940928 1.43295995111 12.9130205698 0.00692802392802 0.0023118
pedestrian -1 -1 -10 648.85 190.49 661.574 228.691 1.47099343091 1.16599957604 0.763997129728 1.20821305771 1.43319907279 12.8935651768 0.00692802392802 0.0012956
pedestrian -1 -1 -10 664.11 156.19 685.215 204.377 1.73599227667 0.502999918527 1.19499556519 1.86093463014 0.730866075495 17.7266915228 0.00692802392802 0.00059775
pedestrian -1 -1 -10 661.42 222.11 677.138 259.044 2.25098996013 1.18999972762 0.983996332232 1.31662872234 1.43298148841 12.8193584777 0.00692802392802 0.00059522
pedestrian -1 -1 -10 650.61 217.9 670.319 263.117 2.15299034864 0.716999521735 0.591997844257 1.12207756554 1.33591630793 12.471141651 0.00692802392802 0.00037236
pedestrian -1 -1 -10 655.66 208.59 673.712 255.888 2.07499068826 0.461999580102 1.18199554296 1.29103262935 1.17209097659 14.5333767766 0.00692802392802 0.00030391
pedestrian -1 -1 -10 667.76 180.03 684.041 219.341 1.47099343091 1.09699937866 1.02499606765 1.3403894253 1.43255819581 13.1351549843 0.00692802392802 0.00029136
pedestrian -1 -1 -10 642.64 213.62 659.281 260.451 2.24998991787 1.16299931867 0.650997518761 1.14925554776 1.43258641131 12.6940149328 0.00692802392802 0.00026609
pedestrian -1 -1 -10 671.5 171.92 688.748 214.788 1.47099343091 0.86999929598 0.947996394457 1.37967466181 1.43232032858 13.248385453 0.00692802392802 0.00018997
pedestrian -1 -1 -10 676.49 157.02 692.574 207.983 1.73899222463 0.502999918527 0.944996503951 2.04493367135 0.733360053581 17.7254179085 0.00692802392802 0.00016862
pedestrian -1 -1 -10 652.18 193.62 681.183 250.111 1.47099343091 0.982999135479 0.963996307197 1.30884415501 1.4328176761 12.9843700873 0.00692802392802 0.00013563
pedestrian -1 -1 -10 682.24 156.9 698.337 201.666 2.30198967159 0.688000212774 1.13399568553 1.85411756641 1.39774257394 14.3546020501 0.00692802392802 0.00012069
pedestrian -1 -1 -10 633.94 215.97 648.202 262.949 2.53098873943 0.636999652243 1.18799548789 0.81460784442 1.63224819823 14.6704513845 0.00692802392802 8.3046e-05
pedestrian -1 -1 -10 654.44 222.0 682.349 266.277 1.78799194098 0.436999024839 1.18199554296 1.39351214434 1.17179595571 14.5453339274 0.00692802392802 2.0265e-05
pedestrian -1 -1 -10 750.05 159.35 790.273 254.054 1.80399199128 0.617999611713 0.505998022709 2.16590669354 1.3903023003 8.74458421722 0.00692802392802 6.8718e-06
pedestrian -1 -1 -10 990.49 204.15 1036.43 254.738 2.25998986363 1.10599919708 1.1949956844 6.87489720179 1.37684387871 11.7777549884 0.00692802392802 1.42e-06
pedestrian -1 -1 -10 775.29 132.08 801.633 257.05 1.80399199128 0.617999611713 0.505998022709 2.16590669354 1.3903023003 8.74458421722 0.00692802392802 5.2337e-08
