pedestrian -1 -1 -10 693.8 163.56 708.767 201.447 1.43884202611 0.437953652686 0.650999823609 4.11439330131 1.42307291653 31.5310347007 0.00753464155925 0.76952
pedestrian -1 -1 -10 686.29 163.39 701.309 204.185 1.43884202611 0.437953652686 0.650999823609 4.11439330131 1.42307291653 31.5310347007 0.00753464155925 0.062492
pedestrian -1 -1 -10 690.21 161.74 720.943 200.654 1.43884202611 0.437953652686 0.604999833876 4.13739264518 1.42305617084 31.5308616535 0.00753464155925 0.027415
pedestrian -1 -1 -10 699.52 163.55 713.268 201.462 1.43884202611 0.437953652686 0.604999833876 4.13739264518 1.42305617084 31.5308616535 0.00753464155925 0.014969
pedestrian -1 -1 -10 676.11 163.03 696.445 208.192 1.51783333385 0.312965438419 0.247999830624 3.12064428255 0.567006119726 29.1959555238 0.00753464155925 0.0051171
pedestrian -1 -1 -10 668.02 165.17 681.526 204.604 1.29785753393 0.217974624433 0.625999974313 3.64435833996 1.55132646914 38.7526285779 0.00753464155925 0.0030883
pedestrian -1 -1 -10 684.84 155.62 716.082 230.055 1.43884202611 0.437953652686 0.650999823609 4.11439330131 1.42307291653 31.5310347007 0.00753464155925 0.001656
pedestrian -1 -1 -10 1057.9 159.41 1098.41 188.221 0.0999890208244 0.0 0.0 28.7450511564 0.184704878598 43.741580619 0.0 2.4711e-05
pedestrian -1 -1 -10 703.28 160.54 733.056 213.821 2.28074949969 0.64293112009 0.696999813343 5.35039746549 1.25981639736 32.2479693703 0.00753464155925 1.9465e-05
pedestrian -1 -1 -10 238.39 182.1 276.914 246.584 0.60993313669 0.896901099148 0.150999976665 -8.06569473713 1.82353779377 16.9992287331 0.00753464155925 1.781e-05
