pedestrian -1 -1 -10 614.04 137.11 628.057 160.124 0.361960220102 0.562938052674 0.618999798357 0.73748514464 -0.468519548524 22.9148162118 0.00753464155925 0.1908
pedestrian -1 -1 -10 382.91 296.83 399.193 333.061 2.25475251018 1.18786958831 1.19899951472 -3.86035035415 2.70024570119 12.770659225 0.00753464155925 0.011074
pedestrian -1 -1 -10 371.91 294.19 391.425 339.462 1.13987479926 1.19686890375 0.882999745915 -1.54000452364 1.62093548819 5.28237000461 0.00753464155925 0.0054444
pedestrian -1 -1 -10 374.59 280.5 410.242 333.004 1.11787725949 1.1938694498 0.862999771111 -1.49381853839 1.60125137923 5.4406724121 0.00753464155925 0.0037612
pedestrian -1 -1 -10 364.31 286.58 386.797 341.356 1.13687510765 1.1938694498 0.849999763646 -1.5567422864 1.61748152985 5.25102060216 0.00753464155925 0.0020873
pedestrian -1 -1 -10 393.9 286.61 409.479 321.457 2.14976384045 1.18687024711 1.19399987864 -3.74449382739 2.40513244095 13.1069240562 0.00753464155925 0.001075
pedestrian -1 -1 -10 385.19 285.34 405.87 324.575 1.11787725949 1.19786919852 0.890999759679 -1.48199213354 1.60090218502 5.41758529681 0.00753464155925 0.00088258
pedestrian -1 -1 -10 362.73 281.25 397.804 353.813 1.13987479926 1.19786919852 0.878999679429 -1.54212127384 1.62070750474 5.26688712163 0.00753464155925 0.0003781
pedestrian -1 -1 -10 351.24 314.54 368.985 356.782 1.12587639737 1.19886853972 0.813999761315 -1.61750116343 1.60503885567 5.15106746401 0.00753464155925 1.5926e-05
pedestrian -1 -1 -10 897.06 147.32 919.005 226.12 0.697923385141 0.308966166476 0.0800003760541 7.53735855875 1.20184694802 17.7426345615 0.00753464155925 2.4546e-06
pedestrian -1 -1 -10 905.13 149.16 932.265 231.611 1.608823408 1.19286915503 0.806999436348 6.89766592126 1.39873250752 15.4849704441 0.00753464155925 3.4019e-07
