pedestrian -1 -1 -10 95.101 183.65 105.794 219.466 0.990891228791 0.561936804334 0.420999398104 -20.7203752447 1.57124803167 29.6263615359 0.00753464155925 0.060399
pedestrian -1 -1 -10 13.558 183.66 37.312 249.631 2.53272186602 0.595933476557 0.506000363906 -14.8009142925 1.63478214097 18.2366653594 0.00753464155925 0.029575
pedestrian -1 -1 -10 24.653 184.95 36.969 227.196 2.47372832847 0.361961764353 0.704000257519 -16.1742196664 1.51674782186 20.2035933583 0.00753464155925 0.012413
pedestrian -1 -1 -10 685.93 182.95 723.005 239.914 1.02988698124 0.788913128132 0.584999859071 1.99118140848 1.5337095528 14.7335480661 0.00753464155925 0.0055317
pedestrian -1 -1 -10 88.349 184.47 103.5 221.725 0.990891228791 0.561936804334 0.420999398104 -20.7203752447 1.57124803167 29.6263615359 0.00753464155925 0.0042401
pedestrian -1 -1 -10 98.347 182.91 110.766 224.413 0.990891228791 0.561936804334 0.420999398104 -20.7203752447 1.57124803167 29.6263615359 0.00753464155925 0.0036515
pedestrian -1 -1 -10 807.47 169.55 819.359 203.594 0.906900415183 0.373959580182 0.121000252877 9.18421310783 1.26207029033 32.0093527757 0.00753464155925 0.0028887
pedestrian -1 -1 -10 789.53 173.16 801.171 203.827 2.33174395895 0.597935973238 0.196999966399 5.35469723845 1.54605448271 19.7688554327 0.00753464155925 0.0028769
pedestrian -1 -1 -10 782.1 169.12 793.961 210.226 2.28374925089 0.448950220174 0.366999990654 5.8744957321 1.42464242636 23.0723371783 0.00753464155925 0.0014004
pedestrian -1 -1 -10 23.376 179.93 43.948 238.552 2.47372832847 0.361961764353 0.67300012968 -16.1587200412 1.51673653668 20.203476739 0.00753464155925 0.0002093
pedestrian -1 -1 -10 5.8383 156.47 35.3693 249.753 2.53272186602 0.595933476557 0.506000363906 -14.8009142925 1.63478214097 18.2366653594 0.00753464155925 0.00017498
pedestrian -1 -1 -10 0.0 109.39 41.542 236.27 1.95778500819 0.595933476557 0.506000363906 -14.8010915656 1.05984528315 18.24092253 0.00753464155925 0.00011862
pedestrian -1 -1 -10 798.11 158.49 825.638 205.399 0.906900415183 0.373959580182 0.121000252877 9.18421310783 1.26207029033 32.0093527757 0.00753464155925 7.7711e-05
pedestrian -1 -1 -10 642.43 159.36 663.221 209.236 1.73780913377 1.00888929568 0.844999769945 0.460243952444 1.52541946644 10.1308090021 0.00753464155925 3.574e-05
pedestrian -1 -1 -10 93.602 178.74 165.333 238.014 1.03588624525 0.75691704545 0.346999062175 -14.2239248571 1.53378559872 21.5596926984 0.00753464155925 3.1215e-05
pedestrian -1 -1 -10 145.27 174.73 193.705 233.134 0.175980681657 0.264970837611 0.653999843672 -3.46943788324 0.357547266355 4.97543060603 0.00753464155925 1.3344e-07
pedestrian -1 -1 -10 175.8 166.75 227.722 242.99 0.104988481997 0.0739922523617 0.104999986932 -3.41546352697 0.175418948174 5.98283356295 0.00753464155925 5.336e-08
