pedestrian -1 -1 -10 211.39 157.95 233.896 208.607 0.344962126612 0.00500052028333 0.0549983809915 -22.2515462262 1.61246338534 42.2007417054 0.00753464155925 0.016695
pedestrian -1 -1 -10 249.68 173.95 261.401 207.47 0.0999890208244 0.0 0.0 -26.5104222397 0.642723982585 54.7425993403 0.0 0.0017292
pedestrian -1 -1 -10 222.93 162.02 241.025 207.616 0.33796288097 0.10099067547 0.135999637934 -23.0395358838 0.474956350525 44.6408008079 0.00753464155925 0.00098456
pedestrian -1 -1 -10 659.75 139.52 702.232 267.41 2.19775872731 1.18486965757 0.867999764812 1.61729306327 1.45839878378 17.2724736409 0.00753464155925 0.00071444
pedestrian -1 -1 -10 501.1 175.91 520.307 223.825 1.1528734579 0.410956183148 0.184999886149 -3.42122449432 0.390693176948 29.1711452254 0.00753464155925 0.00054809
pedestrian -1 -1 -10 495.34 173.49 511.748 218.252 1.79480297624 1.00089170536 0.710999748022 -4.19796848881 1.39443030402 30.6040882577 0.00753464155925 0.00049216
pedestrian -1 -1 -10 104.91 184.0 127.85 236.591 2.70870254171 1.15887343637 0.577999891732 -12.3786376246 1.83753663707 18.2532200112 0.00753464155925 0.00027611
pedestrian -1 -1 -10 231.12 163.82 246.889 205.486 0.0999890208244 0.237972891287 0.0620002556792 -23.5191103262 0.50155340781 46.2799837996 0.00753464155925 0.00022712
pedestrian -1 -1 -10 247.5 112.61 280.93 205.216 0.102988712428 0.268967725629 0.884999957972 -27.5036770516 -0.871916418813 58.2485068067 0.00753464155925 0.00018501
pedestrian -1 -1 -10 214.14 144.49 244.78 207.577 0.360960342767 0.354960654529 0.227001120698 -22.9953711307 -0.113876743775 44.3883180654 0.00753464155925 9.8016e-05
pedestrian -1 -1 -10 97.502 164.93 136.906 241.468 2.71870143426 1.1668738874 0.665999208666 -12.4224432432 1.83795353714 18.27962153 0.00753464155925 6.8199e-05
pedestrian -1 -1 -10 494.18 170.28 518.863 236.511 0.877903629777 0.824910389897 0.360999950529 -4.1604746919 1.37594047141 30.2282410005 0.00753464155925 5.0567e-05
pedestrian -1 -1 -10 628.59 189.76 641.147 232.485 2.22575565028 1.1678732286 0.785999728044 0.613047744232 1.47326981583 18.5727053812 0.00753464155925 1.9482e-05
pedestrian -1 -1 -10 224.41 139.37 256.401 208.756 0.0999890208244 0.0679933444475 0.156000089576 -24.19347545 0.874349956034 48.0587907197 0.00753464155925 1.3601e-05
pedestrian -1 -1 -10 670.25 139.93 719.657 249.31 2.17976069688 0.91389943526 0.366999871444 1.93101894652 1.45075897811 16.7695208753 0.00753464155925 1.3153e-07
pedestrian -1 -1 -10 720.53 133.49 780.692 280.69 2.1627624842 1.19586908577 0.834999782543 2.73750355756 1.46967731674 14.5687348275 0.00753464155925 2.8949e-09
