pedestrian -1 -1 -10 152.87 133.02 170.209 179.84 1.41384476495 1.15087393892 0.247000141828 -7.85322591979 0.708334132978 12.8215089713 0.00753464155925 0.0049288
pedestrian -1 -1 -10 104.52 124.63 124.301 178.667 0.73191961682 0.2289750062 0.742000352699 -9.93527474798 -0.0341276914923 14.2573359114 0.00753464155925 0.0013105
pedestrian -1 -1 -10 1056.0 217.99 1085.08 283.918 1.68881454837 0.797912443574 1.17199933415 3.91390055227 1.14290168705 5.9200085923 0.00753464155925 0.00027611
pedestrian -1 -1 -10 372.83 187.83 396.606 239.856 1.22586544203 0.655928277119 0.413999907602 -4.83652323794 1.7514441111 15.916877079 0.00753464155925 2.0465e-05
pedestrian -1 -1 -10 1087.8 281.09 1136.78 358.187 1.87979359269 0.94289654077 1.14799941207 3.63189725551 1.32908205261 5.38021628514 0.00753464155925 3.6295e-06
pedestrian -1 -1 -10 817.37 80.689 868.883 217.199 1.52883211863 1.17787045488 0.204999860953 6.52528911752 0.706056469907 19.885543586 0.00753464155925 2.1137e-06
pedestrian -1 -1 -10 871.47 59.517 923.54 242.007 1.60082427012 1.19487069814 0.219999722847 6.88610718259 0.821033277374 16.9947579317 0.00753464155925 9.3494e-07
pedestrian -1 -1 -10 901.25 116.37 940.098 224.56 1.92478863895 1.01688783956 0.622000027036 7.19181336823 1.16524538037 15.8736020308 0.00753464155925 5.5143e-07
pedestrian -1 -1 -10 205.2 194.53 269.3 271.531 0.662927201629 1.05788419126 0.876999586581 -3.72210194663 0.955388271254 7.046874459 0.00753464155925 1.3122e-07
pedestrian -1 -1 -10 103.73 187.67 172.907 267.691 1.46383922768 1.0428859679 0.242999956132 -7.72746152981 0.769989623081 11.722867165 0.00753464155925 5.6819e-08
pedestrian -1 -1 -10 940.53 108.32 1034.9 249.13 2.13076605189 0.713920581 1.18299972561 8.47270398682 1.34404098144 15.913335872 0.00753464155925 8.9441e-14
