pedestrian -1 -1 -10 303.92 146.31 316.836 191.374 1.43484239013 0.621942177766 0.771999122812 -11.8946267867 0.417689254909 29.3601949402 0.00753464155925 0.8388
pedestrian -1 -1 -10 294.28 146.82 322.648 193.089 1.43484239013 0.521942177766 0.771999122812 -11.8946267867 0.417689254909 29.3601949402 0.00753464155925 0.026277
pedestrian -1 -1 -10 313.49 147.39 325.641 190.533 0.596934433343 0.0719907092506 0.899999343029 -16.0381748596 -0.668449563504 40.9308835955 0.00753464155925 0.0046887
pedestrian -1 -1 -10 290.13 149.42 307.415 188.221 0.601933879617 0.0609903274832 1.01300017819 -17.4079122235 -0.679976596308 40.9059074596 0.00753464155925 0.00071291
pedestrian -1 -1 -10 422.77 151.27 451.871 200.462 0.0999890208244 0.0 0.0 -10.5595769346 0.461321286449 44.7107288933 0.0 0.00070687
pedestrian -1 -1 -10 293.57 142.81 335.451 206.877 1.43484239013 0.521942177766 0.771999122812 -11.8946267867 0.417689254909 29.3601949402 0.00753464155925 0.00062498
pedestrian -1 -1 -10 293.13 141.2 312.698 209.772 0.485946648597 0.162982251294 0.485999912265 -12.7722851806 0.225471922356 30.0462232647 0.00753464155925 0.00012028
pedestrian -1 -1 -10 188.14 214.11 218.79 301.132 1.28285910571 1.07088277864 0.731999650041 -5.07697765019 1.70755865817 8.55424373166 0.00753464155925 0.00010569
pedestrian -1 -1 -10 331.6 231.84 348.767 272.862 0.716921322699 1.0428859679 0.791999574454 -4.42004148494 1.71293886095 11.4394243654 0.00753464155925 3.5886e-05
pedestrian -1 -1 -10 291.5 145.48 359.165 224.23 1.43484239013 0.811911325728 0.60099964818 -11.8080370729 0.419773372692 29.5045321165 0.00753464155925 1.8059e-05
pedestrian -1 -1 -10 302.96 148.9 326.635 227.838 0.105988359332 0.610933130268 0.381999852548 -9.39334503188 0.418316951192 22.8111021808 0.00753464155925 5.0629e-06
pedestrian -1 -1 -10 172.89 192.31 222.515 303.01 1.35385132027 1.08788016118 0.735999835737 -5.07906360978 1.70743429881 8.54628599802 0.00753464155925 2.9219e-06
pedestrian -1 -1 -10 416.59 154.59 440.125 214.851 0.309965958 0.330965022871 0.208000119434 -10.4512619518 0.433446764683 43.0371491717 0.00753464155925 2.25e-06
pedestrian -1 -1 -10 97.41 163.79 198.01 234.247 0.312965619804 1.15187328012 1.07099977134 -10.1781830906 0.583713377916 15.9846575793 0.00753464155925 9.4297e-07
pedestrian -1 -1 -10 252.13 137.59 325.229 222.41 0.277969480991 0.136986030096 0.631999776019 -15.1802135166 0.29502597683 34.1683656844 0.00753464155925 3.968e-07
pedestrian -1 -1 -10 61.698 171.44 135.299 269.338 1.28685864485 1.17887122644 1.16899979093 -5.21536452487 1.54437964412 7.38957117 0.00753464155925 3.3601e-07
pedestrian -1 -1 -10 70.444 163.24 173.814 253.64 0.300966942788 0.887902260492 1.15899908827 -10.4608513804 0.568633134929 15.7648911079 0.00753464155925 2.5444e-07
pedestrian -1 -1 -10 36.965 137.27 138.855 225.319 1.04188562846 0.265969702026 1.1849991032 -18.3272446754 0.565213397295 25.7470659268 0.00753464155925 2.1182e-07
pedestrian -1 -1 -10 18.768 165.12 75.783 249.536 0.300966957688 0.258971452911 0.37600028926 -10.6374677507 0.515975906945 14.1602800968 0.00753464155924 1.8898e-07
pedestrian -1 -1 -10 278.95 150.86 329.584 235.981 0.108988036036 0.971891739141 0.603000456283 -9.50520296504 0.41572556769 22.631481592 0.00753464155925 4.2993e-08
pedestrian -1 -1 -10 71.056 162.06 126.933 233.982 1.03188666141 0.158982979351 1.15700114119 -17.9030363894 0.558372441659 25.6403822234 0.00753464155925 2.2377e-08
pedestrian -1 -1 -10 172.41 165.9 223.201 229.007 0.840907684145 1.14187319312 1.02700011287 -10.2638266618 0.911816652441 18.2856710567 0.00753464155925 4.5655e-09
