pedestrian -1 -1 -10 385.95 116.58 416.674 198.461 1.61682248628 1.19086951905 1.18999945453 -2.58460272332 1.03165265546 8.9419976759 0.00753464155925 0.0062021
pedestrian -1 -1 -10 307.71 154.64 318.875 182.491 1.26986055136 1.16787132146 0.596999939321 -14.506189164 0.835884451328 36.7564782323 0.00753464155925 0.0045524
pedestrian -1 -1 -10 392.19 134.51 462.364 251.27 0.0999890208244 0.0 0.0 -14.3506643284 0.662530322792 56.788980461 0.0 0.0020463
pedestrian -1 -1 -10 353.28 265.18 376.808 315.446 2.14176482177 1.17187154697 1.19099985858 -3.07027098841 1.56522881041 9.02815512629 0.00753464155925 0.00069933
pedestrian -1 -1 -10 443.9 202.69 467.858 262.837 1.04488526046 0.775915017533 0.974999606173 -2.65982395866 1.75109181043 12.4706686896 0.00753464155925 0.00055724
pedestrian -1 -1 -10 544.06 182.4 562.433 220.527 1.10787836695 0.610933130268 0.630999848805 -2.38274718499 1.76821161798 28.5635145326 0.00753464155925 0.00052225
pedestrian -1 -1 -10 397.57 143.13 424.947 212.873 0.0999890208244 0.273972060191 0.196000039184 -14.4918173629 0.610159258099 53.5843756893 0.00753464155925 0.00041919
pedestrian -1 -1 -10 396.41 145.37 413.945 203.134 0.353961134374 0.291967830364 0.567000215533 -14.5212081101 0.578068448036 51.6206813209 0.00753464155925 0.00030381
pedestrian -1 -1 -10 398.55 162.03 440.648 213.017 0.101988805294 0.409958749086 0.454000334047 -14.3756228699 1.00945763796 55.5648772528 0.00753464155925 0.00029286
pedestrian -1 -1 -10 680.85 174.03 710.879 255.179 1.38784755195 0.919899296744 0.651999870033 2.19683434596 1.67161963633 15.9532749423 0.00753464155925 0.00025638
pedestrian -1 -1 -10 974.29 103.01 1042.12 283.76 1.06788273716 1.19286915503 0.438999995316 5.74254199806 0.415546510049 10.0924785912 0.00753464155925 0.00018054
pedestrian -1 -1 -10 989.41 156.65 1050.5 277.1 1.20986716628 1.19886901651 0.325000186616 5.68362488039 0.559708317657 9.83080358426 0.00753464155925 0.00012554
pedestrian -1 -1 -10 674.16 177.59 695.451 234.624 0.796912463073 0.591936111754 0.242999956132 1.96938724243 1.25165926064 17.7010718901 0.00753464155925 2.9448e-05
pedestrian -1 -1 -10 688.93 173.39 724.796 258.016 1.38884744418 0.602934586382 0.808999767614 2.28913722467 1.66920537096 15.7941010155 0.00753464155925 8.7887e-06
pedestrian -1 -1 -10 397.19 164.48 420.084 224.989 1.21786631906 0.761916612163 0.984999593575 -3.14951289066 1.3929311763 11.2277680882 0.00753464155925 1.7653e-06
pedestrian -1 -1 -10 692.1 164.03 755.548 242.101 1.38484796464 1.12487676415 0.350999724708 2.01321566691 1.51058236818 12.3650244952 0.00753464155925 3.6025e-07
pedestrian -1 -1 -10 1127.7 230.8 1171.46 330.307 1.966784083 1.19686890375 0.334999935599 5.59819244991 1.35489637647 7.34093461697 0.00753464155925 5.983e-08
