pedestrian -1 -1 -10 385.75 159.19 407.485 224.092 1.76499557316 0.778999166436 0.640000354018 -6.44222999369 1.2592763839 22.1617224691 0.00702763010872 0.97813
pedestrian -1 -1 -10 1130.5 34.93 1225.98 276.27 1.60499597728 0.953998101293 0.823999895514 8.27457129513 0.748441122786 9.84149175755 0.00702763010873 0.083075
pedestrian -1 -1 -10 342.32 166.44 355.608 201.039 1.53299619043 0.42700089156 0.670000087491 -12.9359628501 0.463926082954 36.8752278928 0.00702763010872 0.010018
pedestrian -1 -1 -10 368.53 164.24 405.454 226.15 1.64399594378 0.597998086074 0.640000354018 -6.44194380045 1.13818543218 22.2020855772 0.00702763010872 0.007563
pedestrian -1 -1 -10 263.47 165.54 274.312 191.718 0.584998534918 0.310996236111 0.560001382649 -18.2871140988 -0.0249818325532 39.4338695227 0.00702763010872 0.0054592
pedestrian -1 -1 -10 198.16 144.89 223.066 186.211 1.27799680376 0.449999644198 0.430999763062 -18.8632266932 0.202822511772 35.0790321697 0.00702763010872 0.0043319
pedestrian -1 -1 -10 391.3 160.43 420.41 215.177 1.20499692798 0.332999355238 0.581999788474 -6.31811962275 1.12746811598 24.7392557912 0.00702763010872 0.0041202
pedestrian -1 -1 -10 206.63 145.43 217.988 186.524 1.27799680376 0.449999644198 0.430999763062 -18.8632266932 0.202822511772 35.0790321697 0.00702763010872 0.0029598
pedestrian -1 -1 -10 355.2 172.27 366.103 202.382 0.0999997496605 0.0 0.0 -12.7162109418 0.487476916976 38.4088947917 0.0 0.00199
pedestrian -1 -1 -10 259.48 166.12 270.95 191.382 0.584998534918 0.310996236111 0.560001382649 -18.2871140988 -0.0249818325532 39.4338695227 0.00702763010872 0.0017715
pedestrian -1 -1 -10 210.0 148.1 228.07 189.071 1.27799680376 0.449999644198 0.430999763062 -18.8632266932 0.202822511772 35.0790321697 0.00702763010872 0.0017573
pedestrian -1 -1 -10 1040.9 181.09 1060.63 225.824 1.35199655986 1.17399686771 1.1730003553 8.09428714977 1.52525925789 12.5818708035 0.00702763010872 0.0013549
pedestrian -1 -1 -10 641.82 170.35 658.346 209.023 0.542998635039 0.498997401413 0.655000101545 2.05359555921 0.30097291949 24.168289625 0.00702763010872 0.0010063
pedestrian -1 -1 -10 332.56 166.81 349.499 204.278 1.60099593542 0.703997769143 0.908999935082 -5.25076748488 1.40097566444 14.3271405235 0.00702763010873 0.0006503
pedestrian -1 -1 -10 275.51 166.01 310.741 236.682 2.27999429941 0.886997878763 0.87200023201 -5.67104457253 1.36946031083 13.2197273121 0.00702763010872 0.00045769
pedestrian -1 -1 -10 282.11 163.93 299.951 215.976 2.27999429941 0.792998249784 0.83800031155 -5.68771381839 1.36935362232 13.2668454328 0.00702763010872 0.00045067
pedestrian -1 -1 -10 217.75 152.85 234.475 192.293 0.0999997496605 0.0 0.0 -21.6520410534 -0.852604929211 41.4447509417 0.0 0.00042066
pedestrian -1 -1 -10 180.03 154.65 196.354 195.608 0.301999251008 0.147998441876 0.34099960897 -21.3607033531 -0.298958877055 36.7275977576 0.00702763010874 0.00036063
pedestrian -1 -1 -10 252.16 164.55 261.726 189.366 0.0999997496605 0.0 0.0 -21.5689297845 -0.30602443986 44.736489526 0.0 0.00035637
pedestrian -1 -1 -10 37.305 170.89 62.371 220.491 1.07099731225 0.556997821794 0.878000274072 -13.6211985653 0.963291725804 17.6381652327 0.00702763010872 0.00035479
pedestrian -1 -1 -10 226.97 159.76 240.743 193.634 0.77899804008 0.267997075433 0.44700051101 -17.77187678 0.193386866816 34.8418960313 0.00702763010872 0.00030171
pedestrian -1 -1 -10 899.94 172.83 913.065 212.416 2.10199477172 0.999997513911 0.453000076235 12.1101269456 0.627407626543 27.1941785985 0.00702763010872 0.00026786
pedestrian -1 -1 -10 403.19 161.6 415.429 216.398 1.2059969275 0.34100066286 0.634999762656 -6.29164839191 1.12747824566 24.7350678805 0.00702763010872 0.00022364
pedestrian -1 -1 -10 986.06 178.47 1024.99 230.173 1.04099743831 0.708997871153 0.703000080413 9.67764306723 1.49157107469 16.8966356401 0.00702763010872 0.00018502
pedestrian -1 -1 -10 274.67 161.21 351.801 245.676 1.51599622927 0.661998056664 0.984999673138 -5.57232052356 1.31614291344 14.2493027533 0.00702763010872 0.00015121
pedestrian -1 -1 -10 22.545 138.25 66.483 219.599 1.244996894 1.17799656785 0.5669994449 -23.5214694434 0.200689993812 30.6496788903 0.00702763010873 0.00014808
pedestrian -1 -1 -10 942.54 175.5 954.983 215.197 2.28899428022 1.17699711965 0.486000069157 12.1035765628 0.905839447654 24.3420638219 0.00702763010873 0.00010523
pedestrian -1 -1 -10 291.27 166.52 322.379 243.76 1.51499623254 0.661998056664 1.1520004465 -5.7928150878 1.31613368703 14.2508534399 0.00702763010872 9.3057e-05
pedestrian -1 -1 -10 946.92 175.42 959.835 215.552 1.26399687004 1.17699711965 1.18400003504 8.77965416888 1.47041502461 17.3986602268 0.00702763010873 8.3534e-05
pedestrian -1 -1 -10 53.253 124.23 78.132 178.159 0.329999192953 0.1720004574 0.385000235316 -28.8715742185 -1.48205555691 38.8997386726 0.00702763010871 8.0946e-05
pedestrian -1 -1 -10 18.383 175.51 61.11 223.054 0.929997692406 0.677997810893 1.1539993479 -13.9789577908 0.822524072446 17.5310181073 0.00702763010873 7.8849e-05
pedestrian -1 -1 -10 344.81 153.77 398.631 232.723 2.33299414003 0.458998492675 0.22200012578 -5.07415821248 1.34274149441 15.7624815118 0.00702763010872 3.3095e-05
pedestrian -1 -1 -10 42.491 179.32 77.899 227.097 1.07299728149 0.556997821794 0.749000561833 -13.5567003278 0.965294393923 17.6377142164 0.00702763010872 2.3916e-05
pedestrian -1 -1 -10 310.03 174.32 325.656 213.259 1.51599622927 0.661998056664 1.06500007502 -5.53232131035 1.31614458717 14.2490216528 0.00702763010872 2.3096e-05
pedestrian -1 -1 -10 49.609 156.31 69.067 219.625 1.24199691033 1.12299639941 0.947999970066 -23.2621685632 0.197762876815 30.6203524683 0.00702763010873 1.8568e-05
pedestrian -1 -1 -10 47.99 166.4 88.075 231.202 0.380999064326 0.48900101208 0.208999637282 -23.4723928975 -0.481859201185 32.2243115616 0.00702763010873 1.2819e-05
pedestrian -1 -1 -10 1127.0 99.7 1155.53 187.348 1.61699597156 0.695997415192 1.14000036237 12.3797634583 0.486081431031 16.2562125009 0.00702763010872 7.4854e-06
pedestrian -1 -1 -10 42.244 133.52 79.702 220.404 0.771998058319 1.04299667459 0.835001005775 -23.20588741 0.197832885436 30.5904864444 0.00702763010872 3.5319e-06
pedestrian -1 -1 -10 1103.8 86.491 1143.94 195.641 1.61199592924 0.858997116771 0.881000533521 12.2508394227 0.485892243018 16.3386260348 0.00702763010873 2.2542e-06
pedestrian -1 -1 -10 22.97 138.09 119.093 240.23 0.766998075604 0.632997846473 0.593000421897 -23.0829574661 0.192217886447 30.8646226239 0.00702763010873 8.9553e-07
pedestrian -1 -1 -10 1197.1 127.88 1225.96 253.28 2.29399420333 1.18399707173 1.19000007711 8.48274912553 1.43770739978 9.72580324148 0.00702763010873 8.3297e-07
pedestrian -1 -1 -10 1168.6 112.07 1226.0 258.76 1.64099590051 1.09499754476 1.04099990677 8.38257271174 0.784604551768 9.77027188659 0.00702763010872 1.3069e-07
pedestrian -1 -1 -10 652.74 163.03 668.965 214.888 1.10699723361 0.968997453651 1.08399989032 2.18543337471 0.865506992181 23.9329931652 0.00702763010872 1.2969e-07
