pedestrian -1 -1 -10 173.19 161.66 213.717 223.426 0.794912708402 0.389958575093 0.654999532468 -9.41589362907 0.471116220793 16.4532133946 0.00753464155925 0.060713
pedestrian -1 -1 -10 176.95 144.53 206.55 211.49 0.794912708402 0.389958575093 0.654999532468 -9.41589362907 0.471116220793 16.4532133946 0.00753464155925 0.01837
pedestrian -1 -1 -10 920.08 215.43 939.307 259.458 1.00588950801 0.851906905866 0.287000091436 6.42214571069 1.81037334648 14.2853315006 0.00753464155925 0.014471
pedestrian -1 -1 -10 179.14 151.41 195.899 231.871 0.794912708402 0.389958575093 0.654999532468 -9.41589362907 0.471116220793 16.4532133946 0.00753464155925 0.013321
pedestrian -1 -1 -10 184.92 142.92 209.653 189.965 1.71181208467 0.396955870638 1.16899931409 -11.8467620367 0.811032663054 21.0104102339 0.00753464155925 0.005284
pedestrian -1 -1 -10 181.93 158.24 222.862 264.34 1.462839328 0.909901116887 0.796999687364 -6.19185055979 1.51639450761 10.7956142786 0.00753464155925 0.0020177
pedestrian -1 -1 -10 906.8 205.59 944.569 261.075 2.55171977377 1.18886988308 0.642999929055 6.3153544146 1.81965391064 14.9190271729 0.00753464155925 0.0012391
pedestrian -1 -1 -10 175.91 157.23 190.196 221.397 1.462839328 1.14087575906 1.08799948766 -6.33821648903 1.51479075499 10.6812249467 0.00753464155925 0.0011468
pedestrian -1 -1 -10 176.58 139.36 197.963 189.014 0.978892566675 0.361959857213 0.851999975704 -12.0451844443 0.0788423551293 21.0568245058 0.00753464155925 0.0010987
pedestrian -1 -1 -10 192.05 171.61 219.752 231.276 0.91289975369 0.389958575093 0.55999929452 -9.34735916739 0.58905339303 16.4518243692 0.00753464155925 0.00065956
pedestrian -1 -1 -10 925.83 210.94 952.308 263.024 1.00588950801 0.805911464244 0.287000091436 6.42197243274 1.81003288564 14.2623344326 0.00753464155925 0.0005893
pedestrian -1 -1 -10 431.65 161.42 449.923 201.094 0.618931973107 0.168980205639 0.418000093297 -10.1153466827 -0.662754923538 45.0064025187 0.00753464155925 0.00031774
pedestrian -1 -1 -10 157.17 152.86 211.39 238.842 1.462839328 1.15387386966 1.03699938502 -6.31276612705 1.51467597634 10.6745342188 0.00753464155925 0.0002863
pedestrian -1 -1 -10 665.91 184.19 677.172 219.342 0.0999890208244 0.0 0.0 2.98458152158 1.26929140543 32.7730851208 0.0 0.00019473
pedestrian -1 -1 -10 903.63 193.72 938.759 244.203 2.53072217094 1.04188567313 0.642999929055 6.31590167174 1.79974429317 14.9926726704 0.00753464155925 0.00017476
pedestrian -1 -1 -10 190.55 126.62 212.775 184.527 1.56682799375 0.378958193325 1.06799951285 -11.7963742217 0.668878276278 21.0020608244 0.00753464155925 0.00010888
pedestrian -1 -1 -10 203.32 173.47 223.701 220.522 1.69781356359 0.258970499341 0.673999580057 -11.599784689 0.809831089506 20.9394537157 0.00753464155925 7.534e-05
pedestrian -1 -1 -10 899.6 202.31 922.982 245.677 2.17376131368 1.17387118294 0.232999730312 9.45234255156 1.86940634121 22.4584009874 0.00753464155925 4.6711e-05
pedestrian -1 -1 -10 927.21 191.95 948.068 234.561 1.00588950801 0.736919732166 0.287000091436 6.42171252122 1.80952220497 14.2278395457 0.00753464155925 3.4725e-05
pedestrian -1 -1 -10 932.89 202.46 951.034 246.968 2.14076491463 1.18687024711 0.384999157355 9.39496426357 1.81838628986 19.7534695281 0.00753464155925 3.3224e-05
pedestrian -1 -1 -10 203.22 171.18 233.926 237.483 1.69581380892 0.258970499341 0.603999906661 -11.5647852263 0.809805607052 20.9391755769 0.00753464155925 1.3863e-05
pedestrian -1 -1 -10 772.06 173.42 788.152 220.599 0.324964281921 0.353961313328 0.52899916668 9.75678939498 -0.102025972093 41.7572676712 0.00753464155925 1.2399e-05
pedestrian -1 -1 -10 416.57 145.22 435.324 201.765 0.33796288097 0.208976739346 1.08899941487 -12.0013869574 0.527780299767 48.667414519 0.00753464155925 1.1566e-05
pedestrian -1 -1 -10 171.42 128.99 195.359 172.987 0.978892566675 0.361959857213 0.753999479274 -12.0941833056 0.0788780309125 21.0571931735 0.00753464155925 3.6092e-06
pedestrian -1 -1 -10 166.86 165.84 185.34 229.16 1.4398418513 1.19286915503 1.11199964816 -6.35082602316 1.49061781008 10.6014961532 0.00753464155925 9.562e-07
pedestrian -1 -1 -10 903.65 172.1 954.67 268.41 1.00588950801 0.805911464244 0.287000091436 6.42197243274 1.81003288564 14.2623344326 0.00753464155925 7.8401e-07
pedestrian -1 -1 -10 16.914 153.74 79.782 217.458 0.901900983809 0.120987035185 0.615000536533 -13.1002926141 0.450678232098 17.3516882602 0.00753464155925 2.4072e-07
pedestrian -1 -1 -10 231.52 176.66 273.678 239.175 0.731919661519 0.636929351466 1.17199957257 -8.78862292178 1.40558656269 17.9218908479 0.00753464155925 4.142e-09
