pedestrian -1 -1 -10 733.09 158.96 754.187 222.313 1.69399243891 0.907998423366 0.538997771954 4.28553119738 1.22120059981 21.2070745653 0.00692802392802 0.99569
pedestrian -1 -1 -10 1122.8 128.33 1174.47 237.59 1.7829920277 0.794000087534 0.527997895275 9.43420697703 1.13533352616 12.174030491 0.00692802392802 0.98442
pedestrian -1 -1 -10 758.24 156.03 778.382 220.89 1.70299240202 0.763999421219 0.671996466217 5.06680099682 1.22620706623 21.4582835242 0.00692802392802 0.93379
pedestrian -1 -1 -10 784.23 154.57 801.749 223.482 1.64999356978 0.808999467018 0.645997017795 5.8369645249 1.21821585549 21.3333562141 0.00692802392802 0.91472
pedestrian -1 -1 -10 736.49 158.78 776.387 220.581 1.70299240202 0.696000581192 0.51799818078 5.09004165268 1.22665424594 21.4935089388 0.00692802392802 0.42823
pedestrian -1 -1 -10 769.76 156.08 798.093 219.332 1.70299240202 0.808999467018 1.06899623001 5.52513803652 1.22552240047 21.4339923406 0.00692802392802 0.30881
pedestrian -1 -1 -10 168.52 169.03 234.585 347.51 1.81099185403 1.19299903131 0.653997349663 -3.69864111619 1.64445959336 6.13694127733 0.00692802392802 0.25216
pedestrian -1 -1 -10 110.31 167.62 213.84 358.36 1.83799180295 1.1659990992 0.707997524545 -3.72517725566 1.67146226518 6.1986421786 0.00692802392802 0.12412
pedestrian -1 -1 -10 780.52 157.57 818.476 222.155 1.30699420236 0.617999611713 0.527998372111 5.79523284826 1.07486823351 21.3556733696 0.00692802392802 0.1135
pedestrian -1 -1 -10 748.43 157.56 767.265 219.841 1.70299240202 0.696000581192 0.51799818078 5.09004165268 1.22665424594 21.4935089388 0.00692802392802 0.065656
pedestrian -1 -1 -10 728.35 164.02 745.548 219.443 1.69399243891 0.907998423366 0.538997771954 4.28553119738 1.22120059981 21.2070745653 0.00692802392802 0.064282
pedestrian -1 -1 -10 789.64 160.64 807.914 214.766 1.30699420236 0.617999611713 0.527998372111 5.79523284826 1.07486823351 21.3556733696 0.00692802392802 0.052315
pedestrian -1 -1 -10 179.72 173.62 225.744 283.16 1.80999193098 1.18399921289 0.653997349663 -3.69760676516 1.64328580463 6.28643690951 0.00692802392802 0.026855
pedestrian -1 -1 -10 183.88 174.62 211.468 258.613 1.81099185403 1.19499936184 0.653997349663 -3.69706154096 1.64419443356 6.36493557675 0.00692802392802 0.021839
pedestrian -1 -1 -10 432.91 174.33 448.111 213.011 1.51299328357 0.457000422723 0.604998224117 -8.92684252264 0.998444310082 38.8603926803 0.00692802392802 0.0088248
pedestrian -1 -1 -10 199.61 209.91 230.377 323.55 1.80999193098 1.18299928605 0.653997349663 -3.69661952919 1.64312007951 6.42893355525 0.00692802392802 0.0053083
pedestrian -1 -1 -10 1138.3 120.65 1189.36 220.245 0.549997551739 0.666999364884 0.0879990134321 25.1189245444 -0.0520125847815 31.4856806799 0.00692802392802 0.0037656
pedestrian -1 -1 -10 420.96 172.02 442.008 219.928 0.777996495366 0.396999090093 0.504998218151 -8.4106275241 0.686315306213 35.9818078227 0.00692802392802 0.0032808
pedestrian -1 -1 -10 157.28 170.42 213.104 290.58 1.81099185403 1.18499913973 0.653997349663 -3.69774740922 1.64430956875 6.26593804259 0.00692802392802 0.0027629
pedestrian -1 -1 -10 193.63 178.93 214.745 235.898 1.70699234661 1.16399924552 0.653997349663 -3.69727076386 1.54020597449 6.35537630173 0.00692802392802 0.0026
pedestrian -1 -1 -10 790.72 153.02 833.977 254.34 2.19699018151 1.18999877395 1.03599612314 2.63072285324 1.48016812905 8.6142373805 0.00692802392802 0.0023706
pedestrian -1 -1 -10 183.74 176.59 200.844 244.857 1.70699234661 1.17999950552 0.653997349663 -3.6980259117 1.54033273949 6.24637902388 0.00692802392802 0.0021908
pedestrian -1 -1 -10 202.3 177.79 229.743 273.757 0.748996655643 0.347999336922 0.597997804084 -7.75256737347 0.722014951467 13.6772573435 0.00692802392802 0.002165
pedestrian -1 -1 -10 1104.0 130.28 1149.15 209.658 1.71999234557 0.596000267491 0.527997895275 9.43480597373 1.07221870885 12.2729919923 0.00692802392802 0.0016648
pedestrian -1 -1 -10 1162.5 129.04 1186.73 200.307 0.513997706771 0.312999513229 0.482997987958 23.4059791544 -0.0690864847042 28.6864790915 0.00692802392802 0.0015171
pedestrian -1 -1 -10 102.32 136.81 165.018 353.01 2.14899035841 0.676999586989 0.690997390017 -10.668605438 1.49785339781 15.6010957787 0.00692802392802 0.001432
pedestrian -1 -1 -10 1161.1 104.91 1199.75 197.646 0.0999995529652 0.0 0.0 37.5107229743 -1.32508953189 45.3844551124 0.0 0.0013435
pedestrian -1 -1 -10 1125.5 127.55 1145.87 174.795 0.106999491155 0.533000584842 0.81599882798 41.557463132 -2.76658796318 54.4164604264 0.00692802392801 0.00092142
pedestrian -1 -1 -10 200.23 178.16 223.964 235.647 0.765996599197 0.347999336922 0.670997484191 -7.7890428952 0.739115263975 13.6775200532 0.00692802392802 0.00077131
pedestrian -1 -1 -10 1120.3 125.66 1157.33 204.175 1.7829920277 0.794000087534 0.527997895275 9.43420697703 1.13533352616 12.174030491 0.00692802392802 0.00071548
pedestrian -1 -1 -10 195.92 179.5 240.933 304.45 0.748996655643 0.347999336922 0.642997711402 -7.77506678666 0.722076822883 13.6774132945 0.00692802392802 0.00060761
pedestrian -1 -1 -10 668.53 172.07 685.015 221.208 0.0999995529652 0.0 0.0 4.30335092876 0.720278248751 39.4587461767 0.0 0.00055509
pedestrian -1 -1 -10 210.54 179.41 228.003 241.212 1.93399137557 0.727998240172 0.929996812999 -10.7084365914 1.33787794815 20.0469198131 0.00692802392802 0.00048397
pedestrian -1 -1 -10 663.76 168.03 678.508 212.46 0.106999491155 0.464996022773 0.905996735273 6.91550024908 0.59782163179 67.653700008 0.00692802392802 0.00043617
pedestrian -1 -1 -10 658.88 167.45 672.959 211.258 0.10899951607 0.575004187969 1.01599645573 6.40454683863 0.595549270952 67.3752277031 0.00692802392802 0.00042805
pedestrian -1 -1 -10 1178.3 84.525 1220.24 187.115 0.101999637484 0.0839995768644 0.203997799654 43.4946176868 -2.28543427735 50.4880067068 0.00692802392811 0.00032753
pedestrian -1 -1 -10 1091.7 122.29 1129.92 193.014 0.306998629868 1.1769973408 0.117000140494 25.1999113609 -0.309338435526 35.0720500239 0.00692802392802 0.00027518
pedestrian -1 -1 -10 654.6 169.33 668.511 209.712 0.10899951607 0.544005978995 1.00499634064 5.9565094333 0.594035888275 67.1558246694 0.00692802392802 0.00027009
pedestrian -1 -1 -10 211.26 220.76 231.668 278.942 0.951995742321 0.806999613332 0.708997448311 -6.05824005462 1.53351893191 11.7767977945 0.00692802392802 0.00019968
pedestrian -1 -1 -10 664.48 165.01 692.579 212.06 0.750996665656 0.0279998589548 0.11899951119 4.05147506293 -0.69897140044 36.7793950893 0.00692802392802 0.00015081
pedestrian -1 -1 -10 359.95 178.86 388.912 248.671 1.30299415439 1.18199840553 0.964996528985 -5.37899890029 0.317184264473 16.5450913785 0.00692802392802 0.00010159
pedestrian -1 -1 -10 377.67 189.16 392.352 245.404 0.959995722771 0.683999551727 0.233999327316 -5.29446404703 1.52292736828 17.4461302363 0.00692802392802 8.8944e-05
pedestrian -1 -1 -10 672.68 117.17 690.277 165.738 1.45699348003 0.664998557524 0.270998890835 2.25448932833 0.422283997617 18.1607793348 0.00692802392802 8.66e-05
pedestrian -1 -1 -10 121.18 159.46 185.534 291.14 2.24298997968 0.762000521207 0.348998666607 -10.7972353228 1.41243513373 17.1503702555 0.00692802392802 7.9722e-05
pedestrian -1 -1 -10 148.24 171.09 174.32 241.787 1.00199554563 0.288999361647 0.561998164332 -8.22870482005 0.869357556593 13.6510795935 0.00692802392802 7.5752e-05
pedestrian -1 -1 -10 646.89 166.92 676.407 219.496 0.106999491155 0.427001663755 0.779997280886 5.84360454678 0.592413256788 67.0981025249 0.00692802392802 4.9614e-05
pedestrian -1 -1 -10 1136.8 129.69 1160.24 193.253 1.7829920277 0.794000087534 0.527997895275 9.43420697703 1.13533352616 12.174030491 0.00692802392802 4.2749e-05
pedestrian -1 -1 -10 144.38 166.04 193.291 273.26 1.00199554563 0.288999361647 0.841996845896 -8.08870884217 0.86897257991 13.6501092347 0.00692802392802 4.0594e-05
pedestrian -1 -1 -10 366.99 194.22 380.609 249.587 1.63999269009 1.19199862763 1.01499605513 -5.40330474587 0.654213167278 16.5784565811 0.00692802392802 3.3618e-05
pedestrian -1 -1 -10 209.14 175.43 277.591 255.23 0.670997010171 1.07299922708 0.666997312292 -6.09011836713 0.773643247778 12.6173191414 0.00692802392802 3.1674e-05
pedestrian -1 -1 -10 362.3 201.02 377.158 252.321 0.251998823881 0.238998251122 0.187999019398 -6.02881213077 1.41147872192 19.6110524394 0.00692802392802 1.7369e-05
pedestrian -1 -1 -10 776.31 140.51 849.715 279.14 2.19699018151 1.18999877395 1.05899603868 2.64222253478 1.48013650593 8.61415767237 0.00692802392802 1.6205e-05
pedestrian -1 -1 -10 222.89 168.21 308.624 227.378 0.477997869253 0.18200003688 0.850996636625 -5.99785906859 0.503276970356 13.5890020675 0.00692802392802 1.2973e-05
pedestrian -1 -1 -10 142.1 171.4 160.322 233.886 2.24298997968 0.762000521207 0.348998666607 -10.7972353228 1.41243513373 17.1503702555 0.00692802392802 6.7476e-06
pedestrian -1 -1 -10 56.733 276.49 87.853 348.345 0.914995847643 0.844999694391 0.461998158366 -5.23718064157 1.69418951352 6.58919021643 0.00692802392802 6.577e-06
pedestrian -1 -1 -10 76.516 165.9 130.983 326.18 2.14899035841 1.19499983867 0.920997022269 -10.7858055864 1.49853945827 15.2839003921 0.00692802392802 3.1734e-06
pedestrian -1 -1 -10 91.558 209.32 135.797 336.6 0.416998048127 1.09799882866 0.791996842913 -8.86093126688 1.60510320061 12.7801338468 0.00692802392802 1.2486e-06
pedestrian -1 -1 -10 82.635 208.53 189.705 362.48 1.80999193098 1.18699947025 0.653997349663 -3.70072088547 1.64380856512 5.83694791759 0.00692802392802 1.1405e-06
pedestrian -1 -1 -10 667.73 94.959 706.793 190.879 1.45699348003 0.721999632787 0.270998890835 2.2542918775 0.42231714325 18.1322794811 0.00692802392802 7.1655e-07
pedestrian -1 -1 -10 82.267 216.93 120.853 328.77 0.437997981906 1.15899865763 0.751997031261 -8.84457816858 1.62666509957 12.2495203907 0.00692802392802 6.2607e-07
