pedestrian -1 -1 -10 1014.2 99.695 1075.42 198.888 1.64381953191 1.18486965757 0.122000180092 7.40927618928 0.931042931874 12.2218476195 0.00753464155925 0.076362
pedestrian -1 -1 -10 1002.3 102.76 1061.23 249.11 2.09976943731 1.19786872174 0.219000272469 7.42169223356 1.37945685897 12.5880417172 0.00753464155925 0.028319
pedestrian -1 -1 -10 1031.1 104.07 1065.29 183.386 1.59582476425 1.19586908577 0.128000220217 7.40539254156 0.883340475474 12.106711914 0.00753464155925 0.013969
pedestrian -1 -1 -10 1004.0 101.55 1041.94 197.525 1.59482488692 1.19286915503 0.204999860953 7.43345111692 0.874272691405 12.8462294265 0.00753464155925 0.0024948
pedestrian -1 -1 -10 321.97 137.06 347.649 202.282 1.27086045849 0.277969424995 0.0780000447878 -14.0540794153 0.841708349429 37.1010404555 0.00753464155925 0.0017104
pedestrian -1 -1 -10 1193.2 121.54 1213.03 169.069 1.76480623901 1.19886806294 0.256999890812 7.38470893679 1.09554844912 9.0130505842 0.00753464155925 0.0010115
pedestrian -1 -1 -10 158.82 132.5 199.086 193.977 1.66281738007 1.18387031637 0.119999848826 -14.0945435258 0.680431620613 23.9158162471 0.00753464155925 0.00096972
pedestrian -1 -1 -10 332.44 140.93 360.149 201.496 1.31985510349 0.681928312597 0.199999748043 -13.996845028 0.888651675855 38.9905389909 0.00753464155925 0.00038265
pedestrian -1 -1 -10 1218.4 107.94 1241.95 169.932 1.6838151021 1.18986922428 0.214000159559 7.40336108136 1.01998209049 8.6378772357 0.00753464155925 0.00037011
pedestrian -1 -1 -10 355.66 150.34 377.076 193.462 0.594934663774 0.0919889761046 0.182000104505 -13.9637885496 0.709741119311 42.3030285942 0.00753464155925 0.00018413
pedestrian -1 -1 -10 339.45 153.85 357.417 207.311 0.562938171865 0.183977952209 0.182000104505 -13.986380635 0.64039633748 39.1725579522 0.00753464155925 9.9765e-05
pedestrian -1 -1 -10 1187.0 116.09 1234.41 172.98 1.761806607 1.19586908577 0.256999890812 7.38376437517 1.09369073358 8.88754548061 0.00753464155925 7.6404e-05
pedestrian -1 -1 -10 343.16 149.0 380.016 200.659 0.577936540484 0.100986861191 0.180999700453 -14.0015810912 0.673610769629 40.6719989638 0.00753464155925 5.66e-05
pedestrian -1 -1 -10 1229.4 206.38 1241.98 263.791 2.44973097444 1.19786872174 0.521999676177 7.24865320572 1.78514485059 8.50736725004 0.00753464155925 2.6903e-05
pedestrian -1 -1 -10 716.26 186.35 735.604 257.568 1.2738601799 0.533941900734 0.756999737755 3.20741663186 1.88160635161 20.7193665261 0.00753464155925 4.7137e-06
