pedestrian -1 -1 -10 791.52 161.74 809.583 218.772 1.64081984031 0.673925954432 0.551999876802 6.62575344322 1.54073408687 24.5899098513 0.00753464155925 0.99695
pedestrian -1 -1 -10 817.65 164.22 837.005 216.681 1.82779934549 0.881903352577 0.851999975704 7.51286168635 1.54648802963 24.4765098655 0.00753464155925 0.90234
pedestrian -1 -1 -10 83.654 181.16 106.399 228.781 1.54882997077 0.582968038138 0.594999131218 -19.2542448332 1.85995162099 27.6433980169 0.00753464155925 0.78882
pedestrian -1 -1 -10 799.99 161.88 815.134 218.91 1.64081984031 0.673925954432 0.551999876802 6.62575344322 1.54073408687 24.5899098513 0.00753464155925 0.24665
pedestrian -1 -1 -10 808.46 162.32 830.989 225.051 2.20475786865 0.268970586338 0.195000111969 2.58428631064 1.63253447122 8.81149511772 0.00753464155925 0.23409
pedestrian -1 -1 -10 825.57 167.06 839.916 216.214 1.82779934549 0.78591510453 0.784999607114 7.54672253755 1.54717414942 24.5242505787 0.00753464155925 0.045448
pedestrian -1 -1 -10 931.92 160.22 951.242 212.822 1.48783667111 0.839908136468 0.452999929996 9.45835022095 1.3371211355 20.7499220241 0.00753464155925 0.0082786
pedestrian -1 -1 -10 922.35 158.02 940.004 217.08 1.48783667111 0.995891185077 0.452999929996 9.45893785357 1.33827573077 20.8279113346 0.00753464155925 0.0067248
pedestrian -1 -1 -10 921.95 162.57 958.671 216.831 1.48783667111 0.839908136468 0.452999929996 9.45835022095 1.3371211355 20.7499220241 0.00753464155925 0.0059738
pedestrian -1 -1 -10 1102.6 153.65 1127.13 219.866 1.61782233382 1.12687640012 0.548999618321 9.21097748198 1.37050236906 12.7296469707 0.00753464155925 0.0035335
pedestrian -1 -1 -10 73.576 178.03 95.272 230.503 2.73569964695 0.459948694802 1.16800081739 -21.0662978257 1.79553705129 29.1024888174 0.00753464155925 0.001118
pedestrian -1 -1 -10 100.69 182.13 118.244 225.472 1.54882997077 0.282968038138 0.594999131218 -19.2542448332 1.85995162099 27.6433980169 0.00753464155925 0.0006759
pedestrian -1 -1 -10 908.83 159.28 929.56 215.905 2.28274937355 1.15087107821 0.373000030779 14.391776537 1.14850090894 32.8065935457 0.00753464155925 0.00040074
pedestrian -1 -1 -10 1101.3 146.49 1137.46 237.467 1.61782233382 0.960894218083 0.532999829213 9.20235251164 1.36927958416 12.6467184249 0.00753464155925 0.00039397
pedestrian -1 -1 -10 1092.0 138.63 1120.3 229.832 1.61782233382 1.15087393892 0.59599953527 9.23595339005 1.37338654894 12.9254432277 0.00753464155925 0.00026847
pedestrian -1 -1 -10 938.19 156.57 958.173 203.984 0.72991986215 0.633929420724 0.378000143689 14.0488642199 0.826234339371 29.2534641688 0.00753464155925 0.00024969
pedestrian -1 -1 -10 900.49 155.26 918.839 206.646 2.32774439001 1.18887274379 0.277999792831 14.3293717131 1.18052378201 33.6160343783 0.00753464155925 3.1899e-05
pedestrian -1 -1 -10 485.93 179.05 499.655 217.813 0.0999890208244 0.0 0.0 -8.35619969564 1.52695927314 49.7000433774 0.0 2.5928e-05
pedestrian -1 -1 -10 1077.5 139.05 1146.35 249.33 1.61782233382 1.13987546429 0.548999618321 9.21129766269 1.37113146813 12.7721406512 0.00753464155925 1.4198e-05
pedestrian -1 -1 -10 62.547 184.87 87.263 231.619 2.56671817219 0.231974936942 1.15800059157 -21.4173727302 1.80448000873 29.217765946 0.00753464155924 1.1613e-05
pedestrian -1 -1 -10 1113.2 150.41 1152.8 251.17 1.61782233382 1.02088806507 0.532999829213 9.20257852557 1.36972366198 12.676714497 0.00753464155925 2.737e-06
pedestrian -1 -1 -10 913.59 152.03 946.261 224.23 0.931897750846 0.521940270626 0.0650005141602 14.2196353358 -0.171414940472 31.5217524509 0.00753464155925 2.662e-06
pedestrian -1 -1 -10 137.96 167.38 173.49 261.136 2.39273719157 0.176980656664 1.07299962577 -18.1894545442 1.92686402993 29.2408524254 0.00753464155926 2.2587e-06
pedestrian -1 -1 -10 1097.3 150.75 1193.48 253.36 2.08877066743 0.12898557907 1.1979995875 12.0896335892 1.23753632151 16.0978787407 0.00753464155925 1.9972e-06
pedestrian -1 -1 -10 1085.1 85.246 1163.46 268.856 1.93978697777 0.689923042203 1.03200022578 11.6914854479 1.10353590202 16.3512934454 0.00753464155925 6.8906e-07
pedestrian -1 -1 -10 1071.1 50.922 1184.08 322.432 1.61782233382 0.960894218083 0.532999829213 9.20235251164 1.36927958416 12.6467184249 0.00753464155925 1.7048e-07
pedestrian -1 -1 -10 1124.2 181.18 1159.24 251.521 2.08077152955 0.139984053698 1.19200002421 12.0006767282 1.23268308525 16.1040622483 0.00753464155925 7.7901e-08
