pedestrian -1 -1 -10 686.7 175.34 702.119 221.34 1.43684225747 0.430954450001 0.629999683172 3.34896532021 1.66655462529 26.7350200123 0.78553464155925 0.99001
pedestrian -1 -1 -10 680.51 172.21 695.396 222.45 1.43684225747 0.430954450001 0.54399974383 3.30596656761 1.66658593243 26.7353435351 0.00753464155925 0.0093728
pedestrian -1 -1 -10 307.06 180.96 350.424 306.17 1.43384255749 0.778914948275 0.784999607114 -2.89164238195 1.48350312845 7.09101240651 0.00753464155925 0.0043783
pedestrian -1 -1 -10 329.54 192.39 355.882 284.222 1.53783111149 1.17987056764 1.17199957257 -2.61585278351 1.58584712612 6.99067544815 0.00753464155925 0.0003641
pedestrian -1 -1 -10 168.06 180.0 230.119 279.674 1.47183839536 0.979892666951 0.817999827801 -3.82169151812 1.52598284143 7.15217987396 0.00753464155925 0.00032209
pedestrian -1 -1 -10 506.37 164.46 526.917 208.343 0.326964088739 0.206978056945 0.399000045708 -4.35326791928 0.526118923541 35.0968686988 0.00753464155925 0.000224
pedestrian -1 -1 -10 496.63 166.61 521.202 207.27 1.61882227075 0.826909072299 0.234999823159 -2.62750218033 1.46380451381 19.3473741718 0.00753464155925 9.7207e-05
pedestrian -1 -1 -10 337.85 247.93 353.016 298.836 1.53883104843 1.16487234429 1.13999951752 -2.5996306532 1.58727209096 7.02004384037 0.00753464155925 4.2594e-05
pedestrian -1 -1 -10 1219.1 207.79 1241.97 325.85 1.67481605709 1.17687111368 0.616999437289 7.58817731676 1.7474481289 8.87418291553 0.00753464155925 3.5621e-06
pedestrian -1 -1 -10 702.74 169.29 730.633 219.715 0.101988835093 0.132984851013 0.256999890812 7.72834630191 1.17856329845 50.210609964 0.00753464155925 9.8462e-07
pedestrian -1 -1 -10 151.05 184.94 199.594 295.99 0.414954434037 1.05488378373 0.32799996826 -9.62691934011 1.36990048844 15.8801069668 0.00753464155925 5.4056e-07
pedestrian -1 -1 -10 1211.2 122.87 1241.12 197.346 0.530941694856 0.523942767307 0.600000197802 14.0896486739 -0.109102133132 16.8118124006 0.00753464155925 2.9532e-07
