pedestrian -1 -1 -10 657.2 139.64 672.017 189.899 1.19986827373 0.278968766195 0.636999650511 3.2884965008 0.33272553716 37.4899491137 0.00753464155925 0.142
pedestrian -1 -1 -10 652.66 133.55 677.132 201.939 1.19986827373 0.278968766195 0.636999650511 3.2884965008 0.33272553716 37.4899491137 0.00753464155925 0.10092
pedestrian -1 -1 -10 709.04 167.95 721.282 207.591 1.99778057838 0.71392248814 0.784999607114 5.27591218937 1.59375622716 34.3972880965 0.00753464155925 0.087948
pedestrian -1 -1 -10 661.05 136.06 685.021 199.898 0.0999890208244 0.0589916450816 0.915999847393 4.10584604159 0.230751796489 44.0690676921 0.00753464155925 0.051414
pedestrian -1 -1 -10 701.19 168.09 727.268 210.459 1.18786953712 0.574937775642 0.690999773218 5.22968692156 1.59481921918 34.4611350402 0.00753464155925 0.010799
pedestrian -1 -1 -10 669.45 135.38 691.465 192.629 0.545940033676 0.0969894963879 0.696999813343 4.36163307604 -0.612416376179 39.8233376035 0.00753464155925 0.0070818
pedestrian -1 -1 -10 978.82 150.7 1010.02 203.889 1.38884753358 1.10587783849 0.951999372888 11.2248618879 1.23796274125 21.0153852267 0.00753464155925 0.0056484
pedestrian -1 -1 -10 648.82 137.62 667.746 178.137 0.594934678673 0.572935278961 0.33300008117 3.21403968555 -0.64479228846 44.1404199569 0.00753464155925 0.0028922
pedestrian -1 -1 -10 966.59 154.29 1000.32 202.898 1.38884753358 1.14387378266 1.0289999673 11.0935090244 1.23833973083 21.0353720361 0.00753464155925 0.0024188
pedestrian -1 -1 -10 999.88 118.36 1087.93 264.18 1.50083516586 0.814910302901 1.18199979839 6.33314161304 1.44018832459 10.291093858 0.00753464155925 0.00097022
pedestrian -1 -1 -10 962.64 162.45 980.418 201.739 1.27486005723 1.13487589757 0.756000287378 10.9581518851 1.24060767216 21.1820344301 0.00753464155925 0.00074696
pedestrian -1 -1 -10 1199.9 160.92 1235.24 220.647 0.580936217188 0.505945089994 0.390998720642 16.7810939397 0.856933958466 20.0260496203 0.00753464155924 0.00052407
pedestrian -1 -1 -10 648.89 141.68 662.804 201.831 0.594934678673 0.572935278961 0.33300008117 3.21403968555 -0.64479228846 44.1404199569 0.00753464155925 0.00031683
pedestrian -1 -1 -10 986.62 151.25 1002.93 196.618 1.23886392934 0.840907477669 1.17599928143 14.8845660652 0.37637198413 27.6838778778 0.00753464155925 0.00027505
pedestrian -1 -1 -10 985.51 151.58 1024.16 248.624 1.38584784198 0.604933268784 0.818999993435 11.1964747719 1.23127432363 20.7651416416 0.00753464155925 0.00020524
pedestrian -1 -1 -10 986.73 145.69 1065.41 249.11 0.618932032705 0.890903144804 0.379000547741 9.85469257471 1.12614098067 17.1836354216 0.00753464155925 0.00012648
pedestrian -1 -1 -10 992.51 142.93 1039.31 226.488 0.329963787792 0.21497660083 0.558999844142 21.8331488107 -0.171581092045 38.5764153285 0.00753464155925 0.00010287
pedestrian -1 -1 -10 957.98 168.24 974.682 206.11 1.79580285358 0.212976011289 0.133999783505 15.5895934025 0.905790700435 30.9833065248 0.00753464155925 6.2702e-05
pedestrian -1 -1 -10 991.45 95.911 1122.28 295.401 1.15587309084 0.337964225556 0.596999939321 13.4366930236 0.222359548185 21.0050296098 0.00753464155925 1.1652e-05
