pedestrian -1 -1 -10 650.68 174.11 662.516 206.921 0.100988957758 0.0279968107396 0.229000021453 3.60037268167 1.45946683863 48.3417836696 0.00753464155925 0.019401
pedestrian -1 -1 -10 1064.0 196.04 1103.03 264.986 0.791913076397 0.597935019669 0.632999703234 6.64539341147 1.28239627287 9.70624935603 0.00753464155925 0.0057385
pedestrian -1 -1 -10 650.51 172.58 671.916 214.907 0.100988957758 0.0279968107396 0.229000021453 3.60037268167 1.45946683863 48.3417836696 0.00753464155925 0.0041007
pedestrian -1 -1 -10 639.56 174.99 652.083 209.52 0.100988913059 0.148981938785 0.340999975724 3.50110283998 0.962160886099 54.6012581282 0.00753464155925 0.0019679
pedestrian -1 -1 -10 1057.4 194.72 1084.71 260.922 2.16076272953 0.721921032025 0.64700011475 8.93682943341 1.40326702729 14.4619848039 0.00753464155925 0.0016464
pedestrian -1 -1 -10 676.77 162.8 710.522 220.58 2.09976946711 0.602934586382 1.17299973821 4.39972650664 2.30671583504 35.9067993475 0.00753464155925 0.0011844
pedestrian -1 -1 -10 668.02 163.23 698.051 221.132 1.01688828535 0.744921136761 0.541999650982 3.86336773024 1.49039471873 37.5491364161 0.00753464155925 0.0011523
pedestrian -1 -1 -10 655.88 169.47 684.153 213.682 0.349961587785 0.378960100465 0.574999871669 4.47338936216 0.579238721295 52.5581629346 0.00753464155925 0.00088573
pedestrian -1 -1 -10 1042.3 190.73 1071.35 272.745 2.2667510978 0.778914948275 0.888999666831 8.81546962201 1.50756648054 14.4096321814 0.00753464155925 0.00068531
pedestrian -1 -1 -10 626.94 177.88 640.428 212.784 0.819909939769 0.989893230733 0.867999764812 1.49003057771 1.92673784182 41.1830999603 0.00753464155925 0.00034584
pedestrian -1 -1 -10 1002.2 150.04 1031.0 213.079 0.0999890208244 0.0 0.0 31.7859813737 1.433935081 55.8278462434 0.0 0.00031268
pedestrian -1 -1 -10 1011.6 184.15 1040.09 248.826 2.25075282205 0.967894374338 0.707999966378 8.72567933985 1.49303293164 14.504918575 0.00753464155925 8.9119e-05
pedestrian -1 -1 -10 5.0428 192.21 15.041 227.726 2.54472051323 0.995891185077 1.18799936168 -22.7131045748 1.75831077009 27.666835378 0.00753464155925 7.0605e-05
pedestrian -1 -1 -10 1020.2 185.23 1051.83 257.06 2.25775214219 0.878903421835 0.792999978505 8.76784504683 1.49934259263 14.4600527735 0.00753464155925 3.2249e-05
pedestrian -1 -1 -10 1016.8 164.96 1042.28 216.793 2.2667510978 0.946896766283 0.834999782543 8.78926148743 1.50914040026 14.5148208603 0.00753464155925 2.7326e-05
