pedestrian -1 -1 -10 196.07 154.9 210.917 191.59 0.564997507632 0.56299934381 0.920996068599 -20.1794449307 -1.19396964589 35.749272878 0.00692802392802 0.17472
pedestrian -1 -1 -10 213.06 156.46 225.939 202.118 1.89499154538 0.653998885413 0.24699976678 -12.6842082327 0.611077643316 23.7588772566 0.00692802392802 0.077751
pedestrian -1 -1 -10 187.46 156.39 215.655 193.844 0.564997507632 0.923999160203 0.75099663066 -20.0956977512 -1.19399346378 35.5681881543 0.00692802392802 0.025672
pedestrian -1 -1 -10 204.0 153.75 223.798 200.864 1.30399416685 0.530999777482 0.653997826498 -15.7641630095 0.43991449337 28.7059816522 0.00692802392802 0.019998
pedestrian -1 -1 -10 1169.0 160.16 1189.85 208.112 2.07099075764 1.19699921552 1.0199961508 3.81589034829 1.45851775152 4.57747475121 0.00692802392802 0.00064403
pedestrian -1 -1 -10 316.03 149.77 330.378 193.795 1.23599448204 1.0499985255 0.441997775705 -13.5494370767 0.274715233001 35.7791600701 0.00692802392802 0.00026529
pedestrian -1 -1 -10 852.34 170.08 863.927 199.471 1.20799462497 0.677999036995 0.590997860887 7.7295002454 1.11278645301 21.1353692851 0.00692802392802 0.0001938
pedestrian -1 -1 -10 170.85 159.26 208.212 199.837 0.522997669876 0.455999065369 0.678998304825 -16.3716472624 0.218498645139 28.7878883318 0.00692802392802 6.447e-05
pedestrian -1 -1 -10 202.96 156.06 240.793 203.065 1.89499154538 0.653998885413 0.24699976678 -12.6842082327 0.611077643316 23.7588772566 0.00692802392802 5.1077e-05
pedestrian -1 -1 -10 173.02 153.83 222.027 211.93 0.522997669876 0.455999065369 1.03099626589 -16.1956525095 0.218014674976 28.7866684535 0.00692802392802 4.6671e-06
