pedestrian -1 -1 -10 980.23 112.27 1002.86 160.586 1.08688064492 1.19486974457 0.643999856269 5.53981678016 0.442247606735 9.92872868319 0.00753464155925 0.0062575
pedestrian -1 -1 -10 928.56 126.07 951.248 169.547 1.21986608862 0.653928641148 0.149000122236 5.51974932568 0.55060332642 11.8430245319 0.00753464155925 0.0039839
pedestrian -1 -1 -10 989.45 117.76 1010.34 162.657 1.03588624525 1.18886892951 0.736999762951 5.58951118954 0.393661746422 9.82368155591 0.00753464155925 0.0031185
pedestrian -1 -1 -10 392.15 180.91 411.573 226.391 0.511943787098 0.44194911035 0.258999745241 -10.1658937496 1.44952938267 35.6199309583 0.00753464155925 0.0020823
pedestrian -1 -1 -10 970.81 121.09 993.519 161.438 1.11187793588 1.19186981382 0.217999868418 5.32396958628 0.464615667578 10.2147483117 0.00753464155925 0.00091448
pedestrian -1 -1 -10 965.43 106.55 1000.45 161.566 1.10687845981 1.19486974457 0.217999868418 5.32340801336 0.460513218999 10.1402659067 0.00753464155925 0.00054482
pedestrian -1 -1 -10 994.75 107.61 1016.58 157.867 1.07588190484 1.194868791 0.732000126878 5.59143748604 0.435500622695 9.74533286384 0.00753464155925 0.00052113
pedestrian -1 -1 -10 0.0 209.82 40.741 308.05 1.55482922733 0.972893464266 1.19699966029 -5.0745916597 1.54625289314 6.30831677926 0.00753464155925 1.0153e-05
pedestrian -1 -1 -10 0.0 163.3 81.032 354.85 1.56882774842 0.9348975201 1.19599973307 -4.88023631864 1.55982855606 6.28775231803 0.00753464155925 7.4655e-07
pedestrian -1 -1 -10 205.23 180.1 246.177 237.932 1.67581596422 0.597934066099 1.11399997943 -12.295290085 1.24916716038 23.0908243659 0.00753464155925 7.1718e-07
