pedestrian -1 -1 -10 836.89 80.509 890.994 243.309 1.77780482316 0.751918432306 0.907999952839 3.70563065442 1.15945778426 10.4066101728 0.00753464155925 0.058101
pedestrian -1 -1 -10 623.34 151.0 637.951 185.692 0.363960034371 0.247973931853 0.802999846698 1.84184241445 -0.0438196043842 50.8285750813 0.00753464155925 0.016957
pedestrian -1 -1 -10 298.71 176.24 309.776 205.876 0.0999890208244 0.0529955978769 0.349000823953 -20.5884413619 0.56091112912 50.140058495 0.00753464155925 0.0047441
pedestrian -1 -1 -10 783.61 150.48 797.426 182.631 1.24586322713 0.425953929718 1.17199957257 7.81663302869 0.988846278362 30.1859562454 0.00753464155925 0.0013516
pedestrian -1 -1 -10 188.12 113.94 224.097 201.742 0.114987359645 1.00988768331 0.714999933718 -30.8358292868 -1.19209707293 56.4116863024 0.00753464155925 0.00091947
pedestrian -1 -1 -10 35.032 124.89 55.251 186.719 0.107988158701 0.529940721651 0.120998345529 -40.9129254204 -0.995940120331 52.9621719814 0.00753464155925 0.00087906
pedestrian -1 -1 -10 836.99 102.54 874.089 176.64 1.48283719504 0.751918432306 0.907999952839 3.70553970562 0.864490156137 10.4087942866 0.00753464155925 0.00016786
pedestrian -1 -1 -10 621.45 156.89 633.391 196.005 0.363960034371 0.247973931853 0.641999882631 1.7613447109 -0.0437609944789 50.8291807465 0.00753464155925 0.00014013
pedestrian -1 -1 -10 153.3 183.18 164.884 226.468 1.29685761189 0.504943841654 0.199999748043 -14.5806521132 1.67201117448 23.7895735026 0.00753464155925 7.2763e-05
pedestrian -1 -1 -10 617.42 151.66 641.943 196.725 0.363960034371 0.247973931853 0.802999846698 1.84184241445 -0.0438196043842 50.8285750813 0.00753464155925 3.5209e-05
pedestrian -1 -1 -10 633.12 149.5 647.634 191.379 0.379958250526 0.131985509812 0.497999754096 2.92112500003 -0.758932060463 58.8402545492 0.00753464155925 3.436e-05
pedestrian -1 -1 -10 834.58 102.67 855.962 198.212 1.62382168722 0.751918432306 0.804999820337 3.65408456746 1.00551214416 10.4081378303 0.00753464155925 5.8318e-06
