pedestrian -1 -1 -10 339.56 146.61 430.659 309.34 1.83699176162 0.440000235879 0.95999643332 -2.64307768605 1.43804926301 8.32092679785 0.00692802392802 0.99957
pedestrian -1 -1 -10 612.83 162.45 625.705 198.754 2.07899067849 0.481999070638 1.19199552568 0.385928843834 1.18260398061 14.5186574091 0.00692802392802 0.0096518
pedestrian -1 -1 -10 617.08 160.71 631.073 198.284 1.75399220288 0.778998800703 1.04099612195 0.514104225534 0.734378635639 17.9030210554 0.00692802392802 0.0070225
pedestrian -1 -1 -10 339.45 220.9 372.896 305.754 0.980995596945 1.05099892918 0.956996662022 -3.70340625249 1.38763969084 10.364262311 0.00692802392802 0.0020834
pedestrian -1 -1 -10 649.57 217.41 662.163 260.195 2.26798984408 1.19299903131 0.845996898586 1.14538194998 1.44249406223 12.7840456753 0.00692802392802 0.0004845
pedestrian -1 -1 -10 342.7 197.04 386.784 307.09 0.955995732546 0.796999391227 0.568997869111 -3.60332319129 1.36250979101 10.2365512445 0.00692802392802 0.00044783
pedestrian -1 -1 -10 367.56 151.1 413.322 247.349 1.8489917919 0.549000368006 0.873996552167 -2.59968465654 1.44986766742 8.37513437965 0.00692802392802 0.00026327
pedestrian -1 -1 -10 365.59 140.69 408.451 319.42 1.8489917919 0.549000368006 0.933996508063 -2.62968391386 1.44995016276 8.37534231451 0.00692802392802 0.00011634
pedestrian -1 -1 -10 384.37 169.55 437.884 308.53 2.35298944265 0.572000115908 1.16999544449 -4.0435292634 1.43110021949 15.1474897712 0.00692802392802 5.7584e-05
pedestrian -1 -1 -10 246.97 196.2 270.199 255.54 0.890996025503 1.07299922708 0.657997521562 -4.79158414819 1.39860844419 10.3928673502 0.00692802392802 3.4686e-05
pedestrian -1 -1 -10 320.09 175.6 374.167 306.49 2.03599088788 0.435999574833 1.19899537947 -5.53408478576 1.09396707867 15.3606133892 0.00692802392802 1.7482e-07
