pedestrian -1 -1 -10 480.04 148.23 551.464 297.87 1.75699218065 0.536999338541 0.811997279213 -1.0230717425 1.39592715179 8.89321549173 0.00692802392802 0.98816
pedestrian -1 -1 -10 497.52 157.2 542.742 271.39 1.75699218065 0.536999338541 0.711997279213 -1.0230717425 1.39592715179 8.89321549173 0.00692802392802 0.0038356
pedestrian -1 -1 -10 500.63 153.83 535.344 229.967 1.75699218065 0.536999338541 0.711997279213 -1.0230717425 1.39592715179 8.89321549173 0.00692802392802 0.0031864
pedestrian -1 -1 -10 501.86 145.58 518.921 228.803 1.75699218065 0.536999338541 0.711997279213 -1.0230717425 1.39592715179 8.89321549173 0.00692802392802 0.0014737
pedestrian -1 -1 -10 473.94 147.19 523.642 240.845 0.199999129772 0.417999937983 0.560998002148 -2.18373624302 1.30751846171 12.9286584107 0.00692802392802 0.0008525
pedestrian -1 -1 -10 698.02 204.53 713.543 262.001 2.06199079454 0.611999096981 1.19299547924 2.10488640313 1.16595713554 14.4367368646 0.00692802392802 0.00073362
pedestrian -1 -1 -10 682.69 194.57 713.735 264.075 2.05999082923 0.662999657511 1.1909955125 1.96271102402 1.16437730307 14.4122202738 0.00692802392802 0.00059875
pedestrian -1 -1 -10 484.26 138.36 499.875 194.743 1.59699283987 1.16099946499 0.304998921473 -2.42715926929 0.644825898794 15.8613340427 0.00692802392802 0.00059806
pedestrian -1 -1 -10 737.82 165.68 753.145 206.794 0.762996561825 0.085000934218 1.17699586453 3.62872676515 0.748101172742 17.6340284935 0.00692802392802 0.00053973
pedestrian -1 -1 -10 490.73 138.11 505.167 209.305 1.71099235266 1.17699924815 0.339998875878 -2.35690024995 0.745196748158 16.2419071625 0.00692802392802 0.00041508
pedestrian -1 -1 -10 706.73 152.98 725.275 202.168 2.06199079454 0.52599966643 1.1909955125 2.3344367061 1.16539910347 14.3711446281 0.00692802392802 0.0003293
pedestrian -1 -1 -10 496.65 141.57 513.234 222.989 1.64299260825 0.536999338541 0.625997636478 -1.06122787099 1.28203207313 8.89341367271 0.00692802392802 0.00031947
pedestrian -1 -1 -10 511.36 148.79 528.06 210.253 1.66799259186 0.536999338541 0.706997302757 -1.02069453769 1.30692068842 8.8931472604 0.00692802392802 0.00022963
pedestrian -1 -1 -10 747.99 165.94 766.002 208.43 0.764996571839 0.085000934218 1.11199581296 3.88028072542 0.75040029333 17.640286822 0.00692802392802 7.3294e-05
pedestrian -1 -1 -10 701.44 137.64 721.836 197.977 1.94999130666 0.611999096981 1.19699553193 2.25172801568 1.0535534214 14.4356539276 0.00692802392802 7.2636e-05
pedestrian -1 -1 -10 1051.6 277.14 1073.12 331.102 0.915995830298 0.312000063223 0.393998573925 3.23479267086 1.4782547087 5.33871393638 0.00692802392802 2.2822e-05
pedestrian -1 -1 -10 510.39 146.52 547.362 222.24 0.371998292208 0.178999779514 0.609997723738 -1.20425947444 1.11271599342 14.7640910822 0.00692802392802 2.2448e-05
pedestrian -1 -1 -10 461.48 137.24 498.438 239.21 2.29198978543 0.809999870698 1.05199585707 -2.63534907657 1.36817881009 15.180696807 0.00692802392802 4.1476e-06
pedestrian -1 -1 -10 482.78 241.37 505.142 297.164 1.74099221975 0.536999338541 0.602997720936 -1.07759227519 1.38007705691 8.8935840876 0.00692802392802 4.0133e-06
pedestrian -1 -1 -10 474.31 169.2 518.347 292.4 2.28898983747 0.709999556996 0.710997295843 -2.46519615431 1.36776811258 15.1295178069 0.00692802392802 1.6991e-06
