pedestrian -1 -1 -10 682.78 212.8 700.413 252.604 0.983892027848 0.803911828273 1.06699958564 1.6622419376 1.77991968392 13.7864107013 0.00753464155925 0.18574
pedestrian -1 -1 -10 549.47 158.47 577.364 232.269 2.40073638904 1.12987728443 1.19799970671 -1.30274590742 1.58013198058 21.9283152441 0.00753464155925 0.058412
pedestrian -1 -1 -10 135.55 189.05 175.8 302.32 0.0999890208244 0.0 0.0 -11.5177057639 1.13201394166 18.8474526049 0.0 0.020606
pedestrian -1 -1 -10 1006.6 212.22 1030.99 280.57 0.965893997425 1.00389068253 0.76999974522 5.22842591836 1.4653882841 9.24143926124 0.00753464155925 0.0099511
pedestrian -1 -1 -10 545.48 174.47 566.539 230.882 2.49272629583 0.717921760083 1.15299964419 -1.49435193624 1.68107002371 21.5108876491 0.00753464155925 0.0047359
pedestrian -1 -1 -10 173.3 220.81 195.359 274.38 2.45073085177 1.04888487581 0.708999893593 -7.25152736558 1.77271650874 12.0617896359 0.00753464155925 0.0036688
pedestrian -1 -1 -10 119.69 176.26 133.068 218.846 0.100988913059 0.305966235734 0.563999003378 -38.8898446108 0.729085029855 58.9781738938 0.00753464155925 0.0024836
pedestrian -1 -1 -10 996.4 187.77 1023.01 286.825 1.01588846016 0.595935383697 0.474999759229 5.07940863133 1.5124704297 9.0382069727 0.00753464155925 0.0020016
pedestrian -1 -1 -10 689.06 203.84 706.361 246.063 0.975892889971 0.678925521145 1.04599980283 1.75926584886 1.77092440323 13.7232449822 0.00753464155925 0.0018772
pedestrian -1 -1 -10 147.03 185.93 200.811 276.336 2.4227339288 0.99989045702 0.827999815204 -7.37152596313 1.74383702351 11.9974048087 0.00753464155925 0.0015417
pedestrian -1 -1 -10 123.57 175.27 139.256 221.795 2.49072654116 0.859906403322 0.858999943043 -12.7341531423 1.60968968925 19.1942881661 0.00753464155925 0.0012086
pedestrian -1 -1 -10 998.36 186.35 1014.9 235.823 2.02777737522 1.10287981489 1.16699945966 6.87309555931 1.3346994583 12.3787755004 0.00753464155925 0.00072814
pedestrian -1 -1 -10 985.0 178.92 1006.05 228.266 2.03277676189 1.01488820359 1.19199954738 6.7733603981 1.34026718795 12.480495331 0.00753464155925 0.00071634
pedestrian -1 -1 -10 264.32 170.47 280.275 214.174 1.06388319057 0.336964884356 0.551999876802 -17.2447060531 0.614699374276 37.4404544159 0.00753464155925 0.00056112
pedestrian -1 -1 -10 395.7 165.54 430.978 224.074 2.50072531451 0.760918224532 0.985999759208 -7.18873357815 1.55390352697 27.4090429505 0.00753464155925 0.0004576
pedestrian -1 -1 -10 677.01 203.18 697.913 248.706 0.983892027848 0.9288981354 0.970999658896 1.61471419188 1.78087978707 13.8492632227 0.00753464155925 0.00040435
pedestrian -1 -1 -10 1003.9 193.0 1077.39 306.89 1.52283283972 0.895901757947 0.702999615049 3.64744394909 1.65744855915 5.6031270641 0.00753464155925 0.00031918
pedestrian -1 -1 -10 987.69 182.45 1015.88 256.672 2.02777737522 1.00289038776 1.19699966029 6.84947300521 1.33545705934 12.4289493653 0.00753464155925 0.00029848
pedestrian -1 -1 -10 975.64 151.51 996.066 198.221 2.0387761451 1.19286915503 1.19599973307 6.65358550966 1.34775273722 12.6433539306 0.00753464155925 0.00029129
pedestrian -1 -1 -10 383.63 167.31 406.996 212.512 1.76780590081 0.914898776461 1.1869999113 -8.35460771004 0.78423813615 28.598959153 0.00753464155925 0.00016228
pedestrian -1 -1 -10 998.18 178.41 1039.3 275.37 1.21786621476 1.17687111368 0.889999594046 5.63691863946 1.49506945807 9.84637094197 0.00753464155925 8.9787e-05
pedestrian -1 -1 -10 681.43 190.18 709.62 251.404 0.980892336245 0.750917183966 1.0499996309 1.69654038256 1.77650260446 13.759676772 0.00753464155925 6.5997e-05
pedestrian -1 -1 -10 988.36 140.45 1057.89 281.14 1.15587310481 0.950896038226 0.76999974522 5.69774906354 1.43470534393 9.95936287899 0.00753464155925 6.1042e-05
pedestrian -1 -1 -10 278.31 166.67 295.923 219.896 2.48572709488 1.15787409517 0.997999839458 -11.7466862496 1.82881770946 26.8736268557 0.00753464155925 5.3793e-05
pedestrian -1 -1 -10 977.71 157.22 1010.29 217.701 2.03777620817 1.0308871985 1.19299947459 6.7610355239 1.34561618895 12.5035489511 0.00753464155925 5.294e-05
pedestrian -1 -1 -10 74.369 174.58 117.922 235.237 0.101988805294 0.386958644351 0.276000892075 -40.9644526322 1.17582438105 58.3306107119 0.00753464155925 2.803e-05
pedestrian -1 -1 -10 371.62 160.64 406.985 225.752 0.586935561749 0.545939716562 0.693000104484 -7.7914831972 0.792238964558 24.9668575172 0.00753464155925 1.8312e-05
pedestrian -1 -1 -10 539.06 181.46 557.83 230.975 2.50572487998 1.16087211877 1.19499956744 -1.76374526814 1.68638231996 21.8584827085 0.00753464155925 1.6972e-05
pedestrian -1 -1 -10 283.07 158.81 303.117 222.424 0.469948372844 1.1478730546 0.96499985719 -11.1036007633 0.870837502581 25.8809067619 0.00753464155925 1.4437e-05
pedestrian -1 -1 -10 973.17 184.87 1029.38 292.11 2.02777737522 0.992891254335 1.14999974334 6.82001151117 1.33555255166 12.4341707419 0.00753464155925 8.049e-06
pedestrian -1 -1 -10 976.28 97.251 1091.71 302.171 2.06377343606 1.1938694498 1.13099969575 7.16916890517 1.37168115711 12.1197279702 0.00753464155925 6.2959e-06
