pedestrian -1 -1 -10 164.57 159.3 232.001 301.13 2.17576112794 0.368959059898 0.260000149293 -5.34616408651 1.56291421452 9.3851362021 0.00753464155925 0.043129
pedestrian -1 -1 -10 188.84 144.86 208.179 190.642 1.86679503834 0.368959059898 0.260000149293 -5.34625935153 1.25394812492 9.38742396873 0.00753464155925 0.0011053
pedestrian -1 -1 -10 128.78 127.75 205.473 299.11 2.38173848128 1.19586908577 0.407000417099 -9.99296704739 1.60884961532 16.2794402851 0.00753464155925 0.001026
pedestrian -1 -1 -10 880.92 236.74 922.045 328.353 1.46983856619 0.842907590425 0.689999846003 2.35864581319 1.62077706967 5.43646407045 0.00753464155925 0.00048552
pedestrian -1 -1 -10 130.18 149.97 160.28 220.113 2.35674124992 1.19686842697 0.244999810562 -9.83419109424 1.57152758322 15.4539966361 0.00753464155925 0.0002662
pedestrian -1 -1 -10 179.51 151.62 210.178 248.622 2.28574900556 0.646930392033 0.64899996918 -10.1945895713 1.47762043118 17.2688271447 0.00753464155925 0.0001824
pedestrian -1 -1 -10 904.06 217.85 939.287 293.436 1.46683887459 1.10687861005 0.860999797472 2.44346440941 1.61638290846 5.34585573534 0.00753464155925 0.00017031
pedestrian -1 -1 -10 361.56 211.03 382.34 277.713 1.37084950316 0.979893143736 0.692999866065 -4.23391686251 1.76720802693 12.2126655764 0.00753464155925 0.00010564
pedestrian -1 -1 -10 313.69 187.27 334.105 236.625 1.39684661186 1.10387915609 1.18399965282 -4.71815430202 1.78410812316 11.9832240118 0.00753464155925 6.1188e-05
pedestrian -1 -1 -10 143.97 238.64 176.292 313.094 1.06688291942 0.668926387718 0.953999704154 -6.4752208544 1.75225611723 10.9048419208 0.00753464155925 2.4187e-05
pedestrian -1 -1 -10 321.99 244.11 339.25 294.149 1.39684661186 1.02288770105 1.18499958004 -4.56149125727 1.7823577785 11.8715543965 0.00753464155925 1.801e-05
pedestrian -1 -1 -10 371.25 210.84 387.352 268.349 1.45983971834 0.749917842765 1.15799963789 -4.67125213938 1.82413518445 15.0261644302 0.00753464155925 1.262e-05
pedestrian -1 -1 -10 740.13 219.36 755.988 283.957 1.18486990511 0.454950081659 0.867999764812 2.76366919284 1.54708272997 15.3997688924 0.00753464155925 7.8262e-06
pedestrian -1 -1 -10 178.3 210.79 222.091 318.22 2.17576112794 0.368959059898 0.260000149293 -5.34616408651 1.56291421452 9.3851362021 0.00753464155925 5.8832e-06
pedestrian -1 -1 -10 176.72 261.44 193.794 312.815 1.16587196756 0.729920529481 1.1779996127 -6.26202663393 1.75455227447 10.9344389185 0.00753464155925 5.3343e-06
pedestrian -1 -1 -10 324.46 219.88 362.948 289.196 1.39184713579 1.02488733702 1.06599989684 -4.42216672074 1.78088552459 11.9805047165 0.00753464155925 9.2053e-07
pedestrian -1 -1 -10 163.26 205.0 206.734 319.72 1.16587196756 0.748918501564 1.17899953991 -6.28245442133 1.75470782399 10.9440918722 0.00753464155925 3.2325e-07
