pedestrian -1 -1 -10 649.96 165.98 664.281 203.477 0.273969921365 0.222975144716 0.00499999370107 1.90183508635 0.336278774159 26.9950428021 0.00753464155925 0.033193
pedestrian -1 -1 -10 642.75 169.89 655.081 213.689 1.28185922092 0.191980310374 0.374999765999 2.44193227823 1.77210659969 38.2132263517 0.00753464155925 0.025192
pedestrian -1 -1 -10 546.99 175.21 561.462 215.191 1.57982651271 1.07088182507 0.596000012107 -2.21355724838 1.82598464295 27.3427091672 0.00753464155925 0.0041866
pedestrian -1 -1 -10 647.5 167.97 667.933 223.311 0.0999890208244 0.0 0.0 1.92233533127 1.53141918264 27.5354839353 0.0 0.0035755
pedestrian -1 -1 -10 657.49 165.58 670.771 202.847 2.37273946607 0.863905675265 0.732999815674 2.19783174812 1.4963854363 24.5903418176 0.00753464155925 0.0034859
pedestrian -1 -1 -10 542.47 176.38 556.475 216.364 1.45584017361 0.826909072299 0.673999818476 -2.25167516209 1.70383259863 27.4659035759 0.00753464155925 0.003353
pedestrian -1 -1 -10 297.38 167.36 318.843 221.324 2.1137678392 1.13187596683 0.471999977585 -9.68073975008 1.20977738078 23.3119814897 0.00753464155925 0.0017956
pedestrian -1 -1 -10 220.07 130.71 241.127 171.82 1.51483365715 1.17687111368 0.115000689589 -9.54558103174 0.685525194452 18.370109247 0.00753464155925 0.0004368
pedestrian -1 -1 -10 349.96 208.57 363.745 259.177 0.508944155093 0.679925815916 1.06999984412 -4.89784487214 1.5779972781 14.3943898885 0.00753464155925 0.00029163
pedestrian -1 -1 -10 140.11 200.97 201.872 345.84 1.71081218871 1.10987854079 0.698999667772 -3.50401354376 1.58862827965 5.31937525026 0.00753464155925 0.00015073
pedestrian -1 -1 -10 655.89 164.49 677.177 216.463 2.48572697569 0.98589205165 0.803999654704 2.23290532681 1.60744433164 24.5282614472 0.00753464155925 6.5549e-05
pedestrian -1 -1 -10 948.96 169.74 974.449 223.201 1.62582150894 0.989891800378 0.905999859991 3.17112489472 1.59201902383 6.70359814935 0.00753464155925 1.2028e-05
pedestrian -1 -1 -10 83.168 184.17 168.746 288.44 0.681925139187 0.53594105992 0.698999667772 -4.33809435512 0.506646120389 6.1641764622 0.00753464155925 3.4748e-06
pedestrian -1 -1 -10 531.68 175.6 560.382 219.642 1.45584017361 0.990890664794 0.673999818476 -2.25229292751 1.7026187977 27.383915107 0.00753464155925 2.806e-06
pedestrian -1 -1 -10 93.232 212.57 131.733 292.241 1.73680924899 1.07888179931 1.00699942281 -3.65910248579 1.57961692758 5.17735000605 0.00753464155925 1.0304e-06
pedestrian -1 -1 -10 890.76 127.32 969.03 211.315 1.1758708601 0.646928484893 0.990999872119 5.86571149934 0.487002580883 13.3027350507 0.00753464155925 6.2406e-07
pedestrian -1 -1 -10 297.9 179.64 345.699 251.864 1.51883322608 0.660928797403 1.10499968082 -6.49652514246 1.33407887817 16.8413566281 0.00753464155925 3.7797e-07
pedestrian -1 -1 -10 71.366 140.16 175.476 254.92 1.64281958753 1.13887516952 1.04699937242 -3.6781590221 1.48755134806 5.3071785926 0.00753464155925 2.3985e-07
pedestrian -1 -1 -10 5.5546 138.61 92.2056 222.049 1.58482593477 1.194868791 1.19899951472 -3.98467372004 1.37988362987 5.11462565626 0.00753464155925 1.3839e-07
