pedestrian -1 -1 -10 20.058 169.12 40.035 211.758 1.73680925644 0.896901099148 1.18500005687 -10.9420673429 0.975311435628 13.9073673883 0.00753464155925 0.0033808
pedestrian -1 -1 -10 532.93 163.36 554.447 221.627 1.66881673348 0.809910736187 0.649999657976 -2.23391511588 1.56358839491 23.6033886892 0.00753464155925 0.0010513
pedestrian -1 -1 -10 521.93 166.93 539.337 217.456 1.66881673348 0.890903144804 0.649999657976 -2.23360999438 1.56418790525 23.643883744 0.00753464155925 0.00078767
pedestrian -1 -1 -10 526.33 164.62 546.373 220.873 1.66881673348 0.939897563598 0.649999657976 -2.23250630351 1.56635646467 23.7903631718 0.00753464155925 0.00076976
pedestrian -1 -1 -10 511.46 165.58 527.158 208.533 0.100988913059 0.117987104443 0.693000104484 -6.51613450495 0.934852028794 53.0154118627 0.00753464155925 0.00058414
pedestrian -1 -1 -10 47.784 160.28 113.292 296.96 2.33474365055 0.684925382629 0.758000141807 -9.10947356596 1.60604687167 12.8175001136 0.00753464155925 0.00013601
pedestrian -1 -1 -10 15.068 157.02 50.661 211.439 1.62682137883 0.861905085723 1.1849991032 -11.1859623932 0.865760250321 13.9275151177 0.00753464155925 7.6134e-05
pedestrian -1 -1 -10 65.875 217.75 97.417 298.917 2.33474365055 0.684925382629 0.758000141807 -9.10947356596 1.60604687167 12.8175001136 0.00753464155925 7.3007e-05
pedestrian -1 -1 -10 56.396 227.47 86.025 288.614 0.0999890208244 0.0 0.0 -11.2921534862 0.432926144619 14.6015151358 0.0 5.4991e-05
pedestrian -1 -1 -10 517.73 163.2 532.636 205.399 0.0999890208244 0.0 0.0 -6.16055226477 1.29304475736 54.0535662089 0.0 5.494e-05
pedestrian -1 -1 -10 49.106 227.92 68.636 276.314 0.789913321727 0.703923354713 0.694000031699 -16.8709539413 2.01754566441 22.238247495 0.00753464155925 4.5373e-05
pedestrian -1 -1 -10 393.55 186.0 412.537 241.891 1.90279109919 0.760916317393 0.876999825 -4.0087337501 1.6844666067 13.8648588227 0.00753464155925 4.1773e-06
pedestrian -1 -1 -10 158.64 175.89 209.057 293.0 2.30274715865 0.57193689133 0.758000141807 -9.12756988984 1.53530579796 15.4683123888 0.00753464155925 3.5944e-06
pedestrian -1 -1 -10 1076.8 168.12 1144.16 272.84 0.971893321033 0.617932332953 1.18799983852 6.03338942332 1.43894112502 8.70473705125 0.00753464155925 1.7921e-06
pedestrian -1 -1 -10 312.22 207.75 329.117 250.887 0.859905629153 0.488944846743 0.744999657505 -7.71406555055 1.56358864147 18.9795501474 0.00753464155925 1.7625e-06
pedestrian -1 -1 -10 409.27 187.48 425.532 246.263 2.01177915906 0.863905675265 0.649999657976 -3.89488064383 1.68814599489 13.9162606776 0.00753464155925 1.3767e-06
pedestrian -1 -1 -10 417.03 194.07 434.457 241.625 2.03977608203 1.17587177248 0.62499980868 -3.87701444532 1.72076480818 14.2288933084 0.00753464155925 8.1184e-07
pedestrian -1 -1 -10 423.38 193.29 440.937 236.329 2.03977608203 1.17587081891 0.611999801215 -3.85622253888 1.72722075207 14.6657011654 0.00753464155925 7.2699e-07
pedestrian -1 -1 -10 865.55 158.9 916.747 222.286 1.47983748108 1.19186981382 1.1629997508 3.34330741592 1.53082415543 8.52037707294 0.00753464155925 6.9572e-07
pedestrian -1 -1 -10 1110.8 211.22 1152.6 287.741 0.912899723891 0.540941103419 1.1779996127 6.27769125472 1.44033318629 8.7409441391 0.00753464155925 2.9194e-07
pedestrian -1 -1 -10 264.95 212.52 283.322 266.814 0.48394680453 0.319964641104 0.144000009326 -8.30368944156 1.5794602111 19.0784882192 0.00753464155925 2.2688e-07
pedestrian -1 -1 -10 1087.4 197.76 1133.6 284.767 0.971893321033 0.645929143692 1.19399987864 5.92028702981 1.43881616345 8.69158923267 0.00753464155925 3.2116e-09
pedestrian -1 -1 -10 859.14 216.99 904.223 306.824 1.46583907175 0.686925018601 1.18999945453 2.97292133823 1.56733640277 8.13397034209 0.00753464155925 1.3986e-09
pedestrian -1 -1 -10 1073.7 191.83 1119.69 275.066 0.971893321033 0.580936683557 1.18799983852 5.83796163759 1.43823195087 8.64871175995 0.00753464155925 9.5845e-10
pedestrian -1 -1 -10 529.25 161.15 568.624 232.002 1.66881673348 0.798912261559 0.600999886598 -2.20945735803 1.56348914587 23.5977052759 0.00753464155925 1.6698e-11
