pedestrian -1 -1 -10 893.08 166.7 947.399 257.384 1.71999232694 0.593999460131 0.675997579856 6.33684540501 1.53780943833 13.9820384695 0.00692802392802 0.99928
pedestrian -1 -1 -10 575.68 171.96 600.437 231.821 1.46399345547 0.532998677495 0.56099789784 -0.402807055903 1.36494376055 20.4973383022 0.00692802392802 0.98565
pedestrian -1 -1 -10 386.52 165.39 397.953 193.985 0.325998553634 0.237998801116 1.00499634064 -13.2977557216 -0.209241464704 45.6266266544 0.00692802392802 0.88594
pedestrian -1 -1 -10 391.27 168.53 407.709 194.13 0.396998216212 0.583999238026 0.8269965589 -12.7327210747 0.387123960681 45.6953646833 0.00692802392802 0.66255
pedestrian -1 -1 -10 381.58 163.43 392.456 195.042 0.397998228669 0.347999336922 0.298998663624 -13.5949045038 0.392530375985 45.6703447182 0.00692802392802 0.64882
pedestrian -1 -1 -10 85.459 145.58 131.675 244.0 1.80699190944 1.12499923761 0.591997784653 -9.0286303091 1.20350469254 12.8265216894 0.00692802392802 0.57884
pedestrian -1 -1 -10 86.115 204.44 107.019 243.922 1.80699190944 1.1489993892 0.591997784653 -9.02947551888 1.20364657603 12.7045249593 0.00692802392802 0.029662
pedestrian -1 -1 -10 435.82 164.64 446.4 195.306 2.51098878831 0.54499970696 0.985995881742 -6.13756252402 1.14767645894 27.5583824748 0.00692802392802 0.020441
pedestrian -1 -1 -10 275.55 162.6 288.12 202.607 2.12399043441 0.461999580102 0.274998585899 -5.94767435042 1.26273559586 13.0635674367 0.00692802392802 0.019703
pedestrian -1 -1 -10 269.29 158.14 286.052 198.931 0.578997413814 0.607001846949 0.334999733883 -17.7353287566 0.0787360804997 38.8608897046 0.00692802392802 0.017218
pedestrian -1 -1 -10 106.6 141.36 134.521 245.95 1.38099381477 0.961999241263 0.185999171866 -14.6268276732 0.122816594837 21.6770150673 0.00692802392802 0.0086764
pedestrian -1 -1 -10 60.953 148.38 122.944 249.15 1.80699190944 1.15099924288 0.591997784653 -9.02998126323 1.20373147422 12.6315263296 0.00692802392802 0.0075358
pedestrian -1 -1 -10 84.829 149.21 106.125 208.932 1.80699190944 1.16999928341 0.591997784653 -9.02954826219 1.20365878729 12.6940252642 0.00692802392802 0.0049262
pedestrian -1 -1 -10 101.9 194.03 115.325 243.164 1.80699190944 1.1499988392 0.591997784653 -9.02854371087 1.20349015548 12.8390211902 0.00692802392802 0.0047945
pedestrian -1 -1 -10 477.8 169.31 490.31 201.523 0.925995865464 0.192001212658 0.706997123944 -6.67668571692 0.594037939749 41.6592426492 0.00692802392802 0.0037435
pedestrian -1 -1 -10 90.351 148.07 116.104 227.915 1.80699190944 1.16999928341 0.591997784653 -9.02954826219 1.20365878729 12.6940252642 0.00692802392802 0.0033732
pedestrian -1 -1 -10 340.77 168.7 357.064 195.067 0.100999550521 0.0819968621572 0.185999171866 -15.5862790898 0.0959055832581 44.0239262455 0.00692802392802 0.0032613
pedestrian -1 -1 -10 562.53 172.35 571.618 196.769 0.373998317123 0.149997609532 0.135999407301 -2.43418766732 1.06282726513 52.5999867581 0.00692802392802 0.0027812
pedestrian -1 -1 -10 287.2 167.19 298.932 198.404 0.102999560535 0.0890006415905 0.188998466328 -17.140547358 0.350718993578 40.0673929405 0.00692802392804 0.0018879
pedestrian -1 -1 -10 97.798 150.23 150.54 248.333 1.80699190944 1.14299887446 0.591997784653 -9.02705765967 1.20324069536 13.0535163244 0.00692802392802 0.0015085
pedestrian -1 -1 -10 910.85 164.04 943.758 236.939 1.71599227712 0.593999460131 0.657997521562 6.33483985135 1.53381488843 13.9820500445 0.00692802392802 0.0014486
pedestrian -1 -1 -10 1182.5 178.12 1214.81 222.299 1.45199350715 0.49100079641 0.927997919137 24.0963451208 1.96725581291 28.4755136659 0.00692802392803 0.00097243
pedestrian -1 -1 -10 476.16 168.41 501.502 200.772 0.925995865464 0.192001212658 0.706997123944 -6.67668571692 0.594037939749 41.6592426492 0.00692802392802 0.00094517
pedestrian -1 -1 -10 901.57 167.16 928.188 251.952 1.71999232694 0.593999460131 0.675997579856 6.33684540501 1.53780943833 13.9820384695 0.00692802392802 0.00079842
pedestrian -1 -1 -10 986.74 180.73 1000.12 228.937 2.37298945338 0.495999953789 0.228999231651 5.91919905656 1.54863325103 10.7694853669 0.00692802392802 0.00079832
pedestrian -1 -1 -10 218.95 170.21 233.561 196.391 1.031995368 0.69600248854 0.478998292894 -17.9594261954 -0.647127077659 34.0317153125 0.00692802392802 0.00062364
pedestrian -1 -1 -10 198.65 167.64 215.656 209.208 0.0999995529652 0.0 0.0 -16.3789152277 0.640286084302 29.8687027298 0.0 0.00059776
pedestrian -1 -1 -10 984.79 175.02 1012.15 262.052 0.319998598099 0.0559997179096 0.451997967035 17.3068316245 1.22581030972 30.373893528 0.00692802392802 0.00049836
pedestrian -1 -1 -10 212.13 169.12 228.985 201.783 1.02699539512 0.984999942839 0.20899884899 -17.7157332882 0.547966661658 33.3669041108 0.00692802392802 0.0004422
pedestrian -1 -1 -10 96.799 176.05 120.498 244.391 1.80699190944 1.12499923761 0.591997784653 -9.0286303091 1.20350469254 12.8265216894 0.00692802392802 0.00040741
pedestrian -1 -1 -10 263.19 144.8 291.421 200.479 1.94499133378 0.461999580102 0.274998585899 -5.94792117597 1.08373649524 13.0634650578 0.00692802392802 0.00035609
pedestrian -1 -1 -10 1192.2 177.57 1208.56 217.018 1.45199350715 0.49100079641 0.852997437828 24.1338444607 1.96715269301 28.4752537454 0.00692802392803 0.00027964
pedestrian -1 -1 -10 48.413 124.03 139.795 261.31 1.80699190944 1.19299903131 0.591997784653 -9.02983577662 1.2037070517 12.6525257198 0.00692802392802 0.00024759
pedestrian -1 -1 -10 338.79 161.32 362.676 192.892 0.0999995529652 0.0639991326546 0.391996819051 -18.8300167213 -0.188899656846 53.4212999686 0.00692802392805 0.00020781
pedestrian -1 -1 -10 472.22 169.36 483.857 202.076 0.856996197998 0.232002101078 0.610997766713 -6.97821338321 1.04683886776 40.8138779134 0.00692802392802 0.00018121
pedestrian -1 -1 -10 74.776 180.57 121.484 242.897 1.80699190944 1.18099895552 0.591997784653 -9.0298773447 1.20371402964 12.6465258259 0.00692802392802 0.00016045
pedestrian -1 -1 -10 91.34 147.78 108.276 194.179 1.73199219704 1.1499988392 0.591997784653 -9.02864712952 1.12849044308 12.8389782939 0.00692802392802 0.0001489
pedestrian -1 -1 -10 923.23 163.72 941.408 206.595 1.72699226514 0.593999460131 0.675997579856 6.33685505737 1.54480937652 13.9820424731 0.00692802392802 0.00011862
pedestrian -1 -1 -10 1175.7 184.38 1211.13 244.464 1.45199350715 0.482999474318 1.11199533613 23.8573791552 1.96790837192 28.4811707758 0.00692802392802 0.00010217
pedestrian -1 -1 -10 732.12 136.23 775.37 204.613 1.95499127954 1.15800016129 1.14399623449 8.0697718976 0.207640594252 37.0459179349 0.00692802392802 3.4668e-05
pedestrian -1 -1 -10 53.184 196.03 72.194 251.75 0.414998202026 0.175001025815 0.154999150943 -15.2692047434 0.854599283714 19.0513131714 0.00692802392802 3.2733e-05
pedestrian -1 -1 -10 929.08 162.53 990.02 256.282 0.424998147785 0.283000754262 1.10999644227 11.5121230701 1.43953712996 22.728538738 0.00692802392802 2.1689e-05
pedestrian -1 -1 -10 5.9756 34.906 144.966 283.226 1.64699268788 0.700000288565 0.994996149307 -15.0200576566 0.423251139432 20.4969053463 0.00692802392802 1.3154e-05
pedestrian -1 -1 -10 1156.2 172.2 1185.8 228.452 0.849996080995 1.07599757709 0.231000032854 25.4836732344 1.95196592691 31.5058095849 0.00692802392802 9.7787e-06
pedestrian -1 -1 -10 1096.8 154.43 1141.6 257.2 0.101999518275 0.0439986884448 0.127999778755 24.1077605589 1.70873843714 33.2755368836 0.00692802392802 9.4455e-06
pedestrian -1 -1 -10 1.788 177.51 35.147 235.255 2.02799096704 0.609000746962 1.18499692358 -16.6030528454 0.77917872246 20.0055520136 0.00692802392802 9.1762e-06
pedestrian -1 -1 -10 997.05 175.57 1026.74 254.311 0.428998197615 0.172000768449 1.08299611641 13.330609491 1.49155553021 22.6994973097 0.00692802392802 6.9862e-06
pedestrian -1 -1 -10 355.64 161.83 369.196 194.855 0.0999995529652 0.0709990973933 0.183997416992 -19.7396118293 -0.478866467496 59.0809055378 0.00692802392802 6.962e-06
pedestrian -1 -1 -10 3.921 172.15 49.954 258.907 0.770996557176 0.762999971213 0.591997784653 -14.4540228468 0.907329673011 17.3204778013 0.00692802392802 2.848e-06
pedestrian -1 -1 -10 0.0 107.48 42.075 221.64 1.55899308175 0.395000190081 1.17499673225 -16.4759564185 0.311707134223 20.1114035137 0.00692802392802 2.2064e-06
pedestrian -1 -1 -10 34.692 103.23 170.922 294.85 1.80699190944 1.16999928341 0.591997784653 -9.02954826219 1.20365878729 12.6940252642 0.00692802392802 2.0538e-06
pedestrian -1 -1 -10 51.197 133.14 92.027 237.71 2.12499047667 0.666999364884 1.08699581147 -15.065514334 0.900394687391 20.480996361 0.00692802392802 1.0072e-06
