pedestrian -1 -1 -10 422.91 166.86 442.81 220.881 1.38299383572 0.529998420129 0.470998425931 -5.9715929649 1.20723595114 24.9253922156 0.00692802392802 0.99224
pedestrian -1 -1 -10 655.29 171.51 670.682 203.949 1.57799290866 0.731997947545 0.983996272628 2.58354452047 1.40884735373 29.9913686031 0.00692802392802 0.12568
pedestrian -1 -1 -10 439.31 164.01 450.118 209.918 0.334998501837 0.0639991326546 0.169999437939 -10.2086207691 -0.217993102661 48.4522777594 0.00692802392802 0.093305
pedestrian -1 -1 -10 432.99 163.81 447.811 217.98 0.99299556762 0.64999917804 0.942996775627 -6.17026771027 -0.372214829831 27.5422227271 0.00692802392802 0.057434
pedestrian -1 -1 -10 530.97 167.98 554.841 238.014 1.62799276412 0.784999315435 0.56699790237 -1.40908236758 1.37834900645 16.4491307327 0.00692802392802 0.032425
pedestrian -1 -1 -10 481.86 169.63 492.65 200.35 0.630997167528 0.467998187487 0.73199760227 -6.6936266686 0.299090428031 41.6541892505 0.00692802392802 0.018359
pedestrian -1 -1 -10 991.66 183.2 1003.44 227.868 0.522997640073 0.28599910428 0.925997117935 17.1145457046 1.42343046383 30.2953356026 0.00692802392803 0.012727
pedestrian -1 -1 -10 264.52 154.26 282.66 197.456 0.582997433841 0.601001332217 0.0979992047628 -17.8028041377 -1.23252881296 38.3758186472 0.00692802392802 0.012251
pedestrian -1 -1 -10 271.78 160.25 285.819 201.486 2.12999050915 0.489999439056 0.298998663624 -5.95399701588 1.26180450622 13.0186054824 0.00692802392802 0.01201
pedestrian -1 -1 -10 545.46 169.15 558.466 215.92 1.62799276412 0.982999135479 0.577997898258 -1.40248095936 1.37814896882 16.6080881309 0.00692802392802 0.0061214
pedestrian -1 -1 -10 523.25 170.95 544.985 231.032 1.62799276412 0.691998966472 0.531998067175 -1.42690401656 1.37845120744 16.402752969 0.00692802392802 0.0054568
pedestrian -1 -1 -10 410.62 167.68 425.194 214.327 0.355998398364 0.360999816394 0.692997237549 -13.5039276691 -0.206077542389 52.0997013514 0.00692802392802 0.0043689
pedestrian -1 -1 -10 541.32 169.39 565.281 233.134 1.62799276412 0.763999421219 0.540997977113 -1.38322283161 1.37797075033 16.7174571338 0.00692802392802 0.0039043
pedestrian -1 -1 -10 477.86 169.96 489.278 203.266 0.630997167528 0.467998187487 0.73199760227 -6.6936266686 0.299090428031 41.6541892505 0.00692802392802 0.0024757
pedestrian -1 -1 -10 644.73 176.49 670.876 210.911 1.39599380046 0.819999139129 1.11499582268 2.46233036854 1.22709280143 30.0691044063 0.00692802392802 0.0020002
pedestrian -1 -1 -10 198.96 168.37 214.918 209.074 1.70799234509 1.17099873342 0.295998415491 -14.189610855 0.67513343467 25.5920343721 0.00692802392802 0.00078811
pedestrian -1 -1 -10 640.58 170.36 674.398 224.135 1.39599380046 0.819999139129 1.11499582268 2.46233036854 1.22709280143 30.0691044063 0.00692802392802 0.00061441
pedestrian -1 -1 -10 280.57 168.02 306.967 196.283 0.372998334467 0.308997898509 0.223998182315 -17.1546800091 0.351800293046 40.0293340608 0.00692802392801 0.00051982
pedestrian -1 -1 -10 534.68 162.75 578.299 256.504 0.906995986402 0.363000623753 0.423998313455 -1.40839385167 1.2811081734 16.660436829 0.00692802392802 0.00049221
pedestrian -1 -1 -10 665.28 166.91 680.897 209.378 0.0999995529652 0.0139999294774 0.838996597763 5.95842990879 -0.538075645192 58.5022860319 0.00692802392802 0.00043286
pedestrian -1 -1 -10 985.49 180.09 1012.41 232.378 0.522997640073 0.28599910428 0.925997117935 17.1145457046 1.42343046383 30.2953356026 0.00692802392803 0.00042599
pedestrian -1 -1 -10 653.22 165.03 683.825 219.215 0.0999995529652 0.0 0.0 5.94504372382 0.873919609819 57.6700007271 0.0 0.0003846
pedestrian -1 -1 -10 986.79 180.46 1000.61 229.468 2.37498941869 0.416000084297 0.214998868421 5.90913282042 1.55067234476 10.75955584 0.00692802392802 0.00037357
pedestrian -1 -1 -10 989.62 174.88 1017.12 253.986 0.444998039305 0.350999594289 1.08199571581 13.1789613211 1.50183352164 22.822054565 0.00692802392802 0.00026579
pedestrian -1 -1 -10 199.8 158.66 223.073 207.423 1.56099298745 0.697000031199 0.19899961133 -14.1744505644 0.527784111647 25.8608510961 0.00692802392802 0.00018348
pedestrian -1 -1 -10 1065.7 173.61 1096.45 229.052 0.61599727869 0.296001233733 0.397997315318 26.1556854455 1.10843716372 38.2134747666 0.00692802392803 0.00016973
pedestrian -1 -1 -10 731.63 136.26 775.931 204.0 1.95299131423 1.15000074655 1.18299564554 8.10824570834 0.207539377616 37.0416526196 0.00692802392802 2.8286e-05
pedestrian -1 -1 -10 534.04 184.17 548.641 240.871 1.62799276412 0.896998751255 0.577997898258 -1.40319453747 1.3782687556 16.5050909853 0.00692802392802 5.4112e-06
pedestrian -1 -1 -10 1.6734 178.38 34.4034 233.459 2.02399091721 0.623000676439 1.17999587424 -16.5996249968 0.776180720592 19.9955266287 0.00692802392802 3.2782e-06
pedestrian -1 -1 -10 538.75 184.8 560.208 242.315 1.62799276412 1.04299856076 0.577997898258 -1.40268879643 1.37818385797 16.5780891382 0.00692802392802 1.7664e-06
pedestrian -1 -1 -10 3.6127 130.48 47.2247 233.59 2.01999098659 0.3259999927 1.18799526437 -16.3875683839 0.775423149037 20.1465628321 0.00692802392802 3.1095e-07
pedestrian -1 -1 -10 3.432 122.22 84.561 227.01 2.00499100834 0.158000838971 1.18599446317 -15.7459587395 0.767555880592 20.2321196197 0.00692802392802 1.1593e-07
