pedestrian -1 -1 -10 311.56 171.07 361.208 286.57 1.71599566917 0.791997847913 0.862000002961 -4.41288190232 1.48429786085 11.5332336272 0.00702763010872 0.99974
pedestrian -1 -1 -10 216.97 158.13 265.315 288.86 1.78099559534 1.19499672395 1.15100004212 -5.38000149079 1.47038974441 10.5944004279 0.00702763010872 0.99739
pedestrian -1 -1 -10 269.99 173.22 306.436 283.45 1.78499557853 1.15499686154 1.18900014957 -4.93157086987 1.47398324966 11.2232693059 0.00702763010873 0.98884
pedestrian -1 -1 -10 167.27 171.17 223.604 287.88 1.72999572396 0.866997470722 0.941999928004 -5.66871420738 1.42009041451 10.2803644216 0.00702763010872 0.97404
pedestrian -1 -1 -10 1153.9 182.14 1176.7 237.693 1.58799594069 0.837999167875 0.850999846375 18.7789236174 1.95170481262 23.5937794536 0.00702763010873 0.9641
pedestrian -1 -1 -10 241.49 163.21 300.871 285.2 1.7039957345 1.10699759885 1.01300002837 -5.12650376797 1.47295475182 11.233728796 0.00702763010872 0.64355
pedestrian -1 -1 -10 173.79 178.38 199.911 284.58 1.72999572396 0.779997793823 0.90299989302 -5.68851944161 1.42018768386 10.2370026933 0.00702763010873 0.22117
pedestrian -1 -1 -10 421.78 170.76 438.615 211.573 1.50099622804 0.626999249936 0.980000035451 -5.29443378699 1.3893782039 22.1302471911 0.00702763010872 0.20184
pedestrian -1 -1 -10 187.58 167.42 215.992 268.2 1.72999572396 0.977997255801 1.00199987179 -5.63832494677 1.41996652628 10.3356521195 0.00702763010872 0.16973
pedestrian -1 -1 -10 193.85 173.31 214.825 215.724 1.72999572396 0.979998059543 1.00199987179 -5.63831791638 1.41996427054 10.3366524967 0.00702763010873 0.12333
pedestrian -1 -1 -10 262.88 170.09 291.438 278.16 1.7839955343 1.15599726341 1.16899969147 -5.09467586567 1.47301133406 11.2089144876 0.00702763010872 0.10219
pedestrian -1 -1 -10 295.63 166.06 337.122 286.43 1.71599566917 0.816997404292 1.18699981766 -4.57546564015 1.48431924638 11.5218761224 0.00702763010872 0.097467
pedestrian -1 -1 -10 240.17 158.67 268.463 276.37 1.78499553382 1.19599712582 1.1110000796 -5.276672106 1.4739666607 10.7831823612 0.00702763010873 0.065415
pedestrian -1 -1 -10 202.59 171.67 218.821 223.355 0.100999764085 0.00299834459661 0.154001238535 -20.571884193 0.240712791954 37.7700254715 0.00702763010872 0.033756
pedestrian -1 -1 -10 217.98 157.15 251.35 223.601 1.72999572396 1.18399707173 0.96000005419 -5.52766237692 1.41943669084 10.5718796732 0.00702763010872 0.033642
pedestrian -1 -1 -10 423.34 172.62 447.016 219.724 1.27499679029 0.335997699834 0.485000141619 -7.45790384042 0.714518113949 32.2419590533 0.00702763010872 0.032887
pedestrian -1 -1 -10 188.43 170.47 208.147 222.139 1.72999572396 1.00399721405 0.922999874281 -5.67773261186 1.41993556058 10.348929363 0.00702763010872 0.032429
pedestrian -1 -1 -10 400.25 175.14 436.046 221.103 1.48899629337 0.593998385935 1.15199996966 -5.55654320771 1.3774045122 22.1155748362 0.00702763010872 0.018485
pedestrian -1 -1 -10 289.75 170.01 320.949 274.14 1.71599566917 1.08699719081 1.13699962609 -4.72041086167 1.48461762447 11.3878915201 0.00702763010872 0.013459
pedestrian -1 -1 -10 211.51 160.83 246.547 269.76 1.76599552798 1.08499734074 1.03800012416 -5.56738926795 1.45566823835 10.46869726 0.00702763010872 0.01313
pedestrian -1 -1 -10 252.62 160.23 269.895 265.2 1.78499553382 1.19799697589 1.18400003504 -5.1658938686 1.47388108989 10.8224051773 0.00702763010873 0.01289
pedestrian -1 -1 -10 100.78 148.6 141.547 217.24 2.03899496567 0.284998662041 0.263000015839 -5.25796265141 1.31080208563 7.75181417814 0.00702763010873 0.012275
pedestrian -1 -1 -10 902.41 123.51 959.634 244.47 1.88799526119 0.822997908173 1.02999975018 8.40694233767 0.796319902785 17.4350581971 0.00702763010873 0.011084
pedestrian -1 -1 -10 219.25 161.41 240.02 212.137 1.72099568355 1.19299687388 1.17799999298 -5.54818002398 1.41028131531 10.6405152801 0.00702763010873 0.0096051
pedestrian -1 -1 -10 894.5 112.6 1005.54 252.66 2.26599433589 1.03399782611 1.19100000464 8.67468924145 1.17456809815 17.3281001755 0.00702763010873 0.0057965
pedestrian -1 -1 -10 401.86 173.44 420.141 225.631 1.48899629337 0.593998385935 1.18900014957 -5.78903730835 1.37739478369 22.1172087239 0.00702763010872 0.0050238
pedestrian -1 -1 -10 389.89 168.87 425.446 227.221 2.48599375415 0.990998665434 0.966000096252 -5.62261257524 1.32099640833 20.964256199 0.00702763010872 0.0049997
pedestrian -1 -1 -10 270.75 170.65 282.562 215.967 0.0999997496605 0.074001128282 0.11999893389 -18.2442403236 0.254487863053 40.5572753055 0.0070276301087 0.0043215
pedestrian -1 -1 -10 214.01 163.24 232.384 212.62 0.0999997496605 0.0 0.0 -21.0373428699 -0.0166831190914 39.2702595671 0.0 0.00423
pedestrian -1 -1 -10 221.53 196.91 255.376 285.225 1.77399552417 1.19599712582 1.18599989012 -5.39753251505 1.46339908756 10.5900157255 0.00702763010872 0.003629
pedestrian -1 -1 -10 131.28 148.62 213.285 273.75 1.65399589059 0.825998160113 0.667999755578 -5.80585588332 1.41713089203 10.2609069653 0.00702763010872 0.0036115
pedestrian -1 -1 -10 294.15 170.49 313.933 238.649 1.71599566917 1.11499699913 1.13699962609 -4.72050924701 1.48464919205 11.3738919616 0.00702763010872 0.0030759
pedestrian -1 -1 -10 429.99 170.08 457.429 216.66 1.87799535537 0.169999653659 0.11800003249 -5.04792422359 0.885342036238 23.4784896304 0.00702763010872 0.0025351
pedestrian -1 -1 -10 415.91 178.89 439.599 228.716 1.50099622804 0.713998926835 1.10400011 -5.35612659503 1.38927752434 22.1741816593 0.00702763010872 0.0024337
pedestrian -1 -1 -10 256.34 164.82 275.035 235.134 2.29299427831 1.17899696972 1.17799999298 -5.79545146273 1.40251172664 12.308635936 0.00702763010873 0.0024018
pedestrian -1 -1 -10 249.17 158.65 265.042 226.404 1.78499553382 1.19499672395 1.0900001708 -5.26609861852 1.47394342329 10.7936087186 0.00702763010872 0.0022775
pedestrian -1 -1 -10 1139.6 177.77 1154.46 226.654 2.4839936955 0.672998662555 1.17099954655 18.7848111409 1.95142429406 23.7172309259 0.00702763010873 0.002017
pedestrian -1 -1 -10 209.64 162.99 238.858 232.288 1.76099554527 1.08499734074 1.08999969397 -5.59338834585 1.45066716773 10.4688743353 0.00702763010872 0.0017102
pedestrian -1 -1 -10 176.73 169.31 208.027 234.967 1.72999572396 0.872997974603 0.921000019206 -5.67919281802 1.42008321007 10.2834383877 0.00702763010872 0.0016332
pedestrian -1 -1 -10 998.74 136.63 1023.11 188.314 1.89499527276 0.676998362694 0.947000519366 9.57483847618 0.805836861096 16.7758453425 0.00702763010872 0.0015408
pedestrian -1 -1 -10 1145.2 181.71 1166.34 235.127 2.4839936955 0.631998398275 1.17500116404 19.0838632773 1.95141764095 23.7236286257 0.00702763010873 0.0012575
pedestrian -1 -1 -10 988.78 126.93 1023.61 209.108 1.89499527276 0.745998435294 1.01400090958 9.54158155979 0.805757667193 16.8105799488 0.00702763010872 0.00076346
pedestrian -1 -1 -10 940.16 108.11 984.751 254.74 2.27199424362 0.925998292973 1.14199926377 8.98578097752 1.18070956609 17.2689192695 0.00702763010873 0.00068889
pedestrian -1 -1 -10 118.52 142.46 166.368 218.324 0.506998732299 0.507998157234 0.227998737331 -16.4440370732 0.307857905761 25.7798825199 0.00702763010872 0.00062385
pedestrian -1 -1 -10 450.87 168.5 464.53 208.168 1.12799717331 0.301997387634 0.78499986053 -6.16921983654 1.13901622347 32.480032447 0.00702763010872 0.00058558
pedestrian -1 -1 -10 276.68 172.53 289.341 228.359 1.7039957345 1.08599678894 1.06699993009 -4.99232804868 1.47290286085 11.2582862426 0.00702763010873 0.00050298
pedestrian -1 -1 -10 232.95 157.07 251.925 247.874 1.78099559534 1.19799697589 1.15100004212 -5.37983634684 1.47033675689 10.6178992781 0.00702763010872 0.00039363
pedestrian -1 -1 -10 142.54 169.4 193.665 206.656 0.301999251008 0.122998885497 0.10900116149 -16.7286541063 0.115073488601 27.8982368191 0.00702763010872 0.00030883
pedestrian -1 -1 -10 897.53 181.1 920.087 237.248 1.26499685466 0.846998016353 0.935000435242 9.32885487585 1.5645064499 20.9121087625 0.00702763010872 0.0002614
pedestrian -1 -1 -10 895.34 144.77 910.895 193.897 2.28899433982 1.06399653083 0.331999784296 12.0128575422 0.811008464912 27.3700693651 0.00702763010872 0.0002181
pedestrian -1 -1 -10 684.23 181.02 713.106 235.627 1.92599518347 0.498999308757 0.194999936501 3.03299495325 1.42728938657 21.3783116992 0.00702763010872 0.00020447
pedestrian -1 -1 -10 976.59 113.15 1017.32 180.34 1.65999584675 0.844999119955 1.18700029449 9.45543518502 0.560643040861 16.8603994215 0.00702763010872 0.00019482
pedestrian -1 -1 -10 1134.8 176.89 1160.01 237.077 2.4839936955 0.709999226696 1.18499948575 18.7510188961 1.95135635367 23.7469690688 0.00702763010872 0.00019401
pedestrian -1 -1 -10 406.51 161.27 452.335 229.203 1.50099622804 0.626999249936 0.980000035451 -5.29443378699 1.3893782039 22.1302471911 0.00702763010872 0.0001937
pedestrian -1 -1 -10 975.34 108.4 1000.08 174.366 1.54799607897 0.983998713354 1.17000009585 9.28842869303 0.448479553238 16.9309483239 0.00702763010872 0.00015779
pedestrian -1 -1 -10 310.13 177.24 332.066 272.423 1.71599566917 0.811997302282 1.14199974061 -4.55294858793 1.48431455063 11.5242179931 0.00702763010872 0.00014163
pedestrian -1 -1 -10 887.6 182.72 906.688 233.278 1.3229967376 0.95299674575 1.15699960735 8.49597883665 1.60236357866 20.078958376 0.00702763010872 0.00012099
pedestrian -1 -1 -10 444.56 173.36 457.367 213.637 0.376999125838 0.0289992565184 0.178000453109 -10.8988894138 -0.946316373441 52.5264626415 0.00702763010872 0.00011015
pedestrian -1 -1 -10 962.29 102.97 1003.57 239.82 2.1709944855 1.15099811507 1.19400026409 9.31736499188 1.07117585466 17.065950859 0.00702763010872 7.209e-05
pedestrian -1 -1 -10 86.958 147.81 128.516 221.227 2.06399487925 1.14899731133 0.209999087982 -16.5986768797 0.610590815109 24.1213515049 0.00702763010872 7.1287e-05
pedestrian -1 -1 -10 328.86 209.79 354.543 280.061 1.71599566917 0.706998021083 0.809000028778 -4.38608389838 1.48420313908 11.5755462631 0.00702763010872 7.0625e-05
pedestrian -1 -1 -10 893.12 174.99 912.826 222.419 1.26499685466 1.05199743041 0.972000138314 9.11626058581 1.56485048392 20.7570985095 0.00702763010872 6.4209e-05
pedestrian -1 -1 -10 872.06 172.69 888.741 209.837 0.640998403907 0.489998552935 0.524999627304 8.79746507883 0.700657579705 21.2821082523 0.00702763010873 5.9079e-05
pedestrian -1 -1 -10 950.03 170.57 979.313 248.542 2.51699363506 1.14599705939 1.19299985972 8.9607514391 1.42587704471 17.1943699179 0.00702763010872 3.9677e-05
pedestrian -1 -1 -10 320.52 172.36 347.062 277.82 1.71599566917 0.791997847913 0.898999706033 -4.43138129704 1.48429708676 11.5333636346 0.00702763010872 3.4284e-05
pedestrian -1 -1 -10 1124.2 180.27 1153.91 244.654 2.47899383199 1.13499740717 1.1800003249 18.4558929308 1.94590551795 23.9435417632 0.00702763010872 3.1103e-05
pedestrian -1 -1 -10 900.89 162.47 927.099 234.168 2.2749943167 0.631998398275 0.331999784296 12.0113394111 0.811495508801 27.1540914182 0.00702763010872 3.0396e-05
pedestrian -1 -1 -10 918.68 155.54 947.491 231.772 1.98999500394 0.817998759835 1.01599981099 8.39995878106 0.898313716485 17.4377219105 0.00702763010872 2.1005e-05
pedestrian -1 -1 -10 880.76 174.33 918.362 250.421 1.31999672413 0.97399660199 1.05300046773 8.58814672073 1.60199195583 20.2448178236 0.00702763010872 2.0212e-05
pedestrian -1 -1 -10 892.49 153.27 934.01 247.414 2.2749943167 0.631998398275 0.331999784296 12.0113394111 0.811495508801 27.1540914182 0.00702763010872 1.8272e-05
pedestrian -1 -1 -10 93.957 139.81 116.778 206.285 2.25699435508 1.18399707173 0.393999106316 -16.6925080374 0.813173866715 23.8617430696 0.00702763010873 1.4931e-05
pedestrian -1 -1 -10 936.8 167.69 970.625 245.264 2.51699363506 1.05499768235 1.19400026409 8.69957776256 1.42576350811 17.2417061677 0.00702763010872 1.2333e-05
pedestrian -1 -1 -10 105.89 111.83 137.288 206.805 1.74499567211 0.284998662041 0.263000015839 -5.25795882998 1.01680279207 7.7514826821 0.00702763010873 1.1498e-05
pedestrian -1 -1 -10 930.12 177.05 953.459 233.534 1.98999500394 0.957997801432 1.18799974519 8.50446428243 0.898475947912 17.3669862329 0.00702763010872 9.6137e-06
pedestrian -1 -1 -10 898.61 149.64 918.627 208.965 2.28199426866 0.774997691813 0.331999784296 12.0118419711 0.811334288354 27.2255814067 0.00702763010873 9.5937e-06
pedestrian -1 -1 -10 312.14 163.22 328.417 210.867 0.0999997496605 0.0809972656741 0.176000598034 -22.2301272396 -0.31525919041 56.8059455109 0.00702763010875 6.1076e-06
pedestrian -1 -1 -10 316.91 164.71 333.976 223.694 1.71599566917 0.793997697983 1.12400009126 -4.54388573873 1.48429463407 11.5331543269 0.00702763010872 5.2442e-06
pedestrian -1 -1 -10 942.97 187.39 963.762 239.273 2.51699363506 1.05499768235 1.19600011917 8.7025774711 1.42576363363 17.2416850868 0.00702763010872 3.9291e-06
pedestrian -1 -1 -10 894.47 83.536 986.03 207.896 1.53499615967 0.858999024115 1.1469993783 8.46531879529 0.443363837505 17.4162489568 0.00702763010872 1.4794e-06
pedestrian -1 -1 -10 322.85 169.41 339.397 226.86 1.71599566917 0.793997697983 0.961999909265 -4.46288764787 1.48429802337 11.5325851005 0.00702763010872 3.8778e-07
pedestrian -1 -1 -10 331.1 169.78 347.851 212.705 1.68399580364 0.758997937583 0.827000154964 -4.39526603989 1.45226152277 11.5495741135 0.00702763010872 2.7011e-07
pedestrian -1 -1 -10 331.37 175.75 350.048 255.854 1.71599566917 0.652998254514 0.802999986716 -4.3828942078 1.48414238412 11.6025243971 0.00702763010872 3.8975e-08
