pedestrian -1 -1 -10 1060.8 172.05 1071.75 204.252 2.07477214635 0.561938711473 0.411998622661 22.1538924286 1.56530278911 34.9352003931 0.00753464155925 0.016178
pedestrian -1 -1 -10 59.475 165.38 73.449 198.765 0.819909969568 0.245971435172 0.79699873369 -24.7772976186 0.817161957598 33.3053293322 0.00753464155925 0.0060571
pedestrian -1 -1 -10 56.383 164.54 84.321 199.313 0.819909969568 0.245971435172 0.79699873369 -24.7772976186 0.817161957598 33.3053293322 0.00753464155925 0.0058865
pedestrian -1 -1 -10 419.67 166.45 435.346 196.388 0.100988913059 0.0429983715896 0.182999554882 -12.6995528464 0.910603035097 51.3906297815 0.00753464155925 0.0017938
pedestrian -1 -1 -10 555.41 162.52 567.581 196.188 0.104988467098 0.244975908251 0.311999940733 -2.62507336835 1.4082140483 46.7827590528 0.00753464155925 0.0014903
pedestrian -1 -1 -10 387.03 159.23 399.064 194.654 0.35296122724 0.272968904711 0.66600016234 -14.9099589146 0.575871138054 51.4561110408 0.00753464155925 0.0012641
pedestrian -1 -1 -10 1044.6 165.46 1068.81 206.725 2.07477214635 0.561938711473 0.411998622661 22.1538924286 1.56530278911 34.9352003931 0.00753464155925 0.00051161
pedestrian -1 -1 -10 999.5 167.43 1054.92 219.152 1.11987702906 0.9278987942 0.902000151133 8.3306928769 1.39373861967 14.5960065749 0.00753464155925 0.00046062
pedestrian -1 -1 -10 1047.3 151.26 1064.96 190.409 0.100988927959 0.313968593899 0.504997098832 39.9526757541 0.406235452407 64.029673575 0.00753464155925 3.3931e-05
pedestrian -1 -1 -10 972.41 172.44 1038.24 231.043 1.21186689115 0.95689589971 1.19399940181 7.93441706728 1.48243314424 14.4238362136 0.00753464155925 4.9351e-07
