pedestrian -1 -1 -10 604.17 180.62 617.495 217.492 1.41884421122 0.27097022231 0.512999824606 0.301153043378 2.08019914231 35.9680002098 0.00753464155925 0.85301
pedestrian -1 -1 -10 595.65 181.26 611.208 218.23 1.14387442779 0.555938849989 0.348999900081 -0.322056940899 2.04614720305 35.6666201828 0.00753464155925 0.64898
pedestrian -1 -1 -10 591.23 183.56 605.07 218.47 1.14387442779 0.555938849989 0.348999900081 -0.322056940899 2.04614720305 35.6666201828 0.00753464155925 0.22601
pedestrian -1 -1 -10 609.21 173.52 626.35 214.397 0.0999890208244 0.0 0.0 1.35904251116 -0.305898418883 50.8031363375 0.0 0.11949
pedestrian -1 -1 -10 747.84 139.94 766.257 175.698 0.512943664433 0.724919055628 0.927999689225 7.46868334896 -0.586361578744 35.2286663917 0.00753464155925 0.11371
pedestrian -1 -1 -10 557.08 143.48 579.825 195.793 1.99978045225 0.424952681378 0.658999718163 -1.6842240268 1.00771257913 31.2724833873 0.00753464155925 0.042939
pedestrian -1 -1 -10 739.56 139.19 759.968 181.082 0.50994397283 0.536939924336 0.649999896394 7.33039648271 -0.584868944539 35.3236768842 0.00753464155925 0.018771
pedestrian -1 -1 -10 615.75 164.73 627.861 205.707 0.0999890208244 0.0639959796443 0.156999897581 1.03750792449 0.535360080882 49.7879648527 0.00753464155925 0.0067572
pedestrian -1 -1 -10 731.27 139.24 754.464 191.911 0.945896122934 0.588936181012 0.815999734954 5.59795167611 0.88939414005 28.2381544828 0.00753464155925 0.0010189
pedestrian -1 -1 -10 758.73 138.5 774.105 177.152 0.514943419103 0.763916248135 1.00000017072 7.78180495352 -0.5863001476 35.11080364 0.00753464155925 0.00050992
pedestrian -1 -1 -10 727.45 150.79 746.687 199.891 0.465948833704 0.301966963791 0.136000114771 5.53287781894 1.23367372105 27.6404143911 0.00753464155925 7.1525e-05
pedestrian -1 -1 -10 1158.3 262.12 1194.81 334.926 1.43884202611 1.194868791 1.19299971301 3.7714703907 1.55569199626 4.81446865498 0.00753464155925 2.7085e-05
pedestrian -1 -1 -10 543.09 141.44 561.326 189.192 0.101988775495 0.107989878155 0.559000082561 -3.66731393015 -0.690692039069 50.7457046645 0.00753464155925 1.3164e-05
pedestrian -1 -1 -10 530.63 127.61 556.639 190.633 0.339962665439 0.521942177766 0.62999992159 -4.50061452648 0.546863240405 50.2683581268 0.00753464155925 1.2052e-06
