pedestrian -1 -1 -10 639.56 141.11 656.349 192.817 0.352961204891 0.215975942031 0.84599969716 2.88889870131 -0.0549108742072 48.7724875036 0.00753464155925 0.56589
pedestrian -1 -1 -10 633.42 141.46 651.333 190.621 0.108988095634 0.281970604077 0.493999806819 2.98759668177 -1.30415140426 53.3600621704 0.00753464155925 0.25842
pedestrian -1 -1 -10 637.13 140.03 670.218 195.352 0.352961204891 0.116987763242 0.546999763892 3.03812699175 -0.0555452032577 48.7358680204 0.00753464155925 0.016894
pedestrian -1 -1 -10 649.34 141.32 665.337 183.712 0.341962435009 0.0729938647308 0.381999852548 3.75621991484 -0.69955830443 51.1332381773 0.00753464155925 0.015051
pedestrian -1 -1 -10 628.17 143.32 643.097 191.765 0.377958495856 0.0589916450816 0.0520000298585 2.44382748259 -0.755138865962 58.5362366545 0.00753464155925 0.0020485
pedestrian -1 -1 -10 973.43 290.24 991.289 347.953 1.68781466359 0.916899366002 0.172000117103 2.90646110883 1.5163155209 5.43049585531 0.00753464155925 0.0012661
pedestrian -1 -1 -10 786.78 178.76 803.92 217.261 0.826909200311 0.151979962387 0.0520000298585 10.6732149276 0.909431543516 40.6069478116 0.00753464155925 0.00043168
pedestrian -1 -1 -10 621.67 143.96 637.178 191.253 0.0999890208244 0.0 0.0 2.46277344712 0.567346355395 72.8749402017 0.0 0.00010376
pedestrian -1 -1 -10 654.79 138.31 672.538 181.613 0.330963605529 0.0419990303888 0.253999870749 4.04739583896 -0.681863613831 48.7608746924 0.00753464155925 7.5878e-05
pedestrian -1 -1 -10 1110.0 157.02 1242.02 369.37 1.66981669276 1.19886853972 0.173999971532 2.87549171152 1.48683923011 3.708794868 0.00753464155925 4.7084e-06
