pedestrian -1 -1 -10 426.14 159.03 457.703 241.514 1.8329918161 0.860999477555 0.778997118702 -3.74548822813 1.27959090927 16.6240879239 0.00692802392802 0.99888
pedestrian -1 -1 -10 817.84 165.11 854.007 270.35 1.68699244857 0.79499953754 0.851996560391 3.93861208596 1.3961991973 11.5549474399 0.00692802392802 0.99424
pedestrian -1 -1 -10 314.17 160.56 332.917 222.475 1.73599221706 0.801000052273 0.803997358611 -8.25468169296 1.13862198139 20.4743142049 0.00692802392802 0.99177
pedestrian -1 -1 -10 240.2 158.3 264.435 203.984 1.61199281812 0.646998920674 0.713997067141 -13.831959378 0.765969340388 28.3707876914 0.00692802392802 0.99077
pedestrian -1 -1 -10 846.37 161.7 883.009 264.04 1.7409922272 0.842999840705 0.796996938579 4.16234662513 1.44955647576 11.5774287907 0.00692802392802 0.97019
pedestrian -1 -1 -10 285.81 161.06 309.884 222.442 1.71299234778 0.656999142779 1.0089960357 -8.47292508911 1.11734116406 20.3718121917 0.00692802392802 0.91705
pedestrian -1 -1 -10 831.36 168.18 864.031 268.52 1.68699244857 0.842999840705 1.04799592359 4.03677568582 1.39590180146 11.5782677633 0.00692802392802 0.57665
pedestrian -1 -1 -10 818.85 168.5 881.549 254.796 1.68699244857 0.842999840705 1.04799592359 4.03677568582 1.39590180146 11.5782677633 0.00692802392802 0.5263
pedestrian -1 -1 -10 186.51 153.0 202.043 194.278 1.6509926185 0.697000031199 0.742997240532 -17.3274378179 0.489473408576 30.2367060501 0.00692802392802 0.49481
pedestrian -1 -1 -10 179.93 154.12 196.316 198.943 0.798996429145 1.06200146231 0.455999569441 -18.3154481027 -0.807109371477 31.3780665914 0.00692802392802 0.38528
pedestrian -1 -1 -10 307.31 161.63 326.445 220.599 1.73599221706 0.8329996186 0.985995881742 -8.34578961464 1.13889082286 20.4589455368 0.00692802392802 0.25924
pedestrian -1 -1 -10 189.36 155.08 213.474 194.173 1.6509926185 0.432000821134 0.572997802593 -17.2415221876 0.48908557765 30.3686133281 0.00692802392802 0.23036
pedestrian -1 -1 -10 696.12 164.73 718.01 224.047 1.80699195415 0.788999022808 1.1419956717 3.11193407056 1.43985199041 20.8448842829 0.00692802392802 0.11694
pedestrian -1 -1 -10 455.08 161.26 465.476 199.175 0.0999995529652 0.132999330035 0.363997999932 -11.6431095237 -0.496744243267 59.5608016979 0.00692802392802 0.094606
pedestrian -1 -1 -10 843.38 164.49 868.923 249.669 1.7409922272 0.842999840705 0.934996431829 4.09334853594 1.44974621447 11.5779070394 0.00692802392802 0.083187
pedestrian -1 -1 -10 842.15 168.09 853.671 246.208 1.68699244857 0.842999840705 1.04799592359 4.03677568582 1.39590180146 11.5782677633 0.00692802392802 0.06559
pedestrian -1 -1 -10 298.32 161.02 314.113 220.134 1.73599221706 0.8329996186 1.12399585183 -8.41478794225 1.13908056222 20.4594237872 0.00692802392802 0.05922
pedestrian -1 -1 -10 450.25 162.03 462.893 206.999 1.37299386412 0.391998025367 0.612997614245 -6.9161630754 1.03911869964 33.4239567304 0.00692802392802 0.056957
pedestrian -1 -1 -10 174.23 153.81 187.634 198.118 1.5929929167 1.15999906131 0.169999437939 -18.0609798037 0.0321387786463 30.5477960604 0.00692802392802 0.055994
pedestrian -1 -1 -10 161.85 153.22 204.831 198.085 1.5929929167 1.15999906131 0.169999437939 -18.0609798037 0.0321387786463 30.5477960604 0.00692802392802 0.050487
pedestrian -1 -1 -10 377.89 161.04 388.172 190.749 0.344998447597 0.23699935111 0.278999234634 -15.2527685418 -0.202148854195 49.3847600468 0.00692802392802 0.047887
pedestrian -1 -1 -10 232.14 157.5 253.506 201.152 1.0389953509 0.887000436497 0.304999159891 -18.0819479969 0.0571420910036 35.8429235507 0.00692802392802 0.04096
pedestrian -1 -1 -10 279.72 163.8 300.7 223.747 1.71099238247 0.600999424869 0.782997052184 -8.58611860646 1.11568449335 20.3445950792 0.00692802392802 0.03529
pedestrian -1 -1 -10 202.97 157.95 218.9 195.497 0.996995557845 0.645999470668 0.540998334739 -17.508058366 0.523599620334 32.3129286761 0.00692802392802 0.031779
pedestrian -1 -1 -10 442.33 162.06 463.794 216.307 1.37299386412 0.391998025367 0.612997614245 -6.9161630754 1.03911869964 33.4239567304 0.00692802392802 0.023655
pedestrian -1 -1 -10 1142.0 171.22 1165.46 225.171 1.76199212372 0.564998243822 1.1259961762 15.1981736964 1.85105531816 19.5046235491 0.00692802392802 0.021154
pedestrian -1 -1 -10 844.9 168.56 855.289 219.029 1.72799227387 0.822999396495 1.00099616874 4.06040081549 1.43682537562 11.5881283138 0.00692802392802 0.01721
pedestrian -1 -1 -10 855.34 163.45 878.092 244.785 1.7409922272 0.842999840705 0.78399697595 4.16884645031 1.44953860181 11.5773837382 0.00692802392802 0.017198
pedestrian -1 -1 -10 850.01 163.16 865.511 233.275 1.7409922272 0.842999840705 0.909996430337 4.10584823642 1.44971184138 11.5778203998 0.00692802392802 0.016733
pedestrian -1 -1 -10 681.61 159.06 714.151 221.498 1.7829920128 0.83099881124 1.01399636978 2.95523781708 1.41622794998 20.8939578968 0.00692802392802 0.014941
pedestrian -1 -1 -10 677.32 149.39 694.609 208.566 0.332998521626 0.277000239529 0.1809990762 6.15237498548 -0.264306422516 48.6203806746 0.00692802392802 0.014267
pedestrian -1 -1 -10 699.35 158.84 737.244 227.118 1.7829920128 0.694999223839 0.939996527494 3.31156973604 1.41535674212 20.7964855568 0.00692802392802 0.013584
pedestrian -1 -1 -10 166.88 151.29 183.152 194.62 1.80099198371 1.15099828921 0.169999437939 -18.0629757483 0.240521047333 30.2184239121 0.00692802392802 0.011265
pedestrian -1 -1 -10 704.64 161.05 726.319 212.873 1.7829920128 0.694999223839 1.01099612165 3.2760707917 1.41545436111 20.7967316118 0.00692802392802 0.0064039
pedestrian -1 -1 -10 709.26 169.87 731.322 220.556 1.7829920128 0.694999223839 0.855996732291 3.35356862477 1.41524124885 20.7961944485 0.00692802392802 0.0061641
pedestrian -1 -1 -10 863.34 165.0 882.897 252.325 1.7409922272 0.791999280174 0.61799770991 4.25202075475 1.44928070918 11.6023081222 0.00692802392802 0.0057133
pedestrian -1 -1 -10 811.92 168.57 841.494 247.531 1.6139927797 0.79499953754 0.70799704771 3.86671471986 1.39639718557 11.5554882345 0.00692802392802 0.0056437
pedestrian -1 -1 -10 1151.7 174.08 1169.81 215.706 0.348998393119 0.306998998497 0.589997937121 29.6418131686 0.849576422533 36.6806383315 0.00692802392801 0.0045284
pedestrian -1 -1 -10 156.07 146.94 177.938 199.945 2.03299088031 1.16699902605 0.60799751858 -17.8384785885 0.484704348652 29.5170005634 0.00692802392802 0.0043029
pedestrian -1 -1 -10 824.6 185.08 841.375 270.234 1.6139927797 0.743999930683 0.789996995381 3.90753704701 1.39631409777 11.5297048654 0.00692802392802 0.0040621
pedestrian -1 -1 -10 248.68 157.43 284.115 205.133 0.362998388708 0.182998533213 0.300999464827 -21.7825478105 -0.777183826283 45.9232329762 0.00692802392802 0.0025618
pedestrian -1 -1 -10 195.69 160.18 224.418 199.216 0.99299556762 1.00099877233 0.185000678606 -18.1293985759 -0.635503751327 32.1483820989 0.00692802392803 0.0020611
pedestrian -1 -1 -10 426.79 159.59 449.796 215.15 1.8329918161 0.860999477555 0.778997118702 -3.74548822813 1.27959090927 16.6240879239 0.00692802392802 0.0018314
pedestrian -1 -1 -10 277.24 160.08 294.515 211.253 0.10099953562 0.0450019531458 0.395998421457 -22.2046178172 -0.440489114242 50.7068196966 0.00692802392798 0.0016964
pedestrian -1 -1 -10 255.62 153.37 274.187 198.49 0.362998388708 0.182998533213 0.300999464827 -21.7825478105 -0.777183826283 45.9232329762 0.00692802392802 0.0012275
pedestrian -1 -1 -10 863.56 163.89 876.355 224.841 1.7409922272 0.791999280174 0.711997219609 4.20502212887 1.44940995129 11.6026338853 0.00692802392802 0.0011446
pedestrian -1 -1 -10 666.6 162.75 702.18 229.084 0.10399954319 0.161998638996 0.271999291436 5.58508800113 0.852746105703 44.7021482615 0.00692802392802 0.0010242
pedestrian -1 -1 -10 671.19 154.73 729.104 226.312 0.1059995085 0.279998589548 0.449998596339 5.6863613963 0.564755493412 41.826037681 0.00692802392802 0.00092683
pedestrian -1 -1 -10 1128.9 167.08 1171.59 238.475 1.76199212372 0.682998194374 1.1259961762 15.1985824463 1.85098670221 19.5636221085 0.00692802392802 0.00082964
pedestrian -1 -1 -10 149.05 145.79 171.314 197.363 2.01899094433 1.13199920235 0.985996358577 -18.0294721851 0.478559590333 29.2298178369 0.00692802392802 0.00078252
pedestrian -1 -1 -10 798.15 158.0 836.559 251.032 0.255998873711 0.348998786929 0.0169991808573 8.27896302477 0.557881995197 25.8480874211 0.00692802392802 0.00070228
pedestrian -1 -1 -10 679.79 146.75 700.379 194.401 0.332998521626 0.447002107965 0.201998905792 6.16346353185 -0.26443415029 48.7053067923 0.00692802392802 0.00065641
pedestrian -1 -1 -10 1143.3 172.7 1183.42 230.884 1.77799208462 0.564998243822 1.12999587126 15.4741881158 1.86629632424 19.5027197053 0.00692802392802 0.00053186
pedestrian -1 -1 -10 869.8 166.55 880.886 208.771 2.0969906047 0.598998617509 0.743996687462 13.3980050441 1.28385833418 33.629589997 0.00692802392802 0.00051366
pedestrian -1 -1 -10 807.73 175.17 825.153 231.009 0.255998873711 0.348998786929 0.0169991808573 8.27896302477 0.557881995197 25.8480874211 0.00692802392802 0.00041808
pedestrian -1 -1 -10 717.15 176.19 738.847 223.775 0.800996394456 0.399001804801 0.623997729342 6.84542581931 0.916174910545 37.789413083 0.00692802392802 0.00030274
pedestrian -1 -1 -10 217.24 164.12 231.42 197.067 1.26399435401 1.12599868762 0.337999982017 -18.2035216796 0.298867887564 34.6273867765 0.00692802392802 0.00028608
pedestrian -1 -1 -10 16.583 159.33 55.996 211.231 0.910995902121 0.38199971061 0.732998002872 -16.1185244661 0.604110420328 20.6491566533 0.00692802392802 0.00021127
pedestrian -1 -1 -10 694.6 142.85 763.175 226.428 0.366998378932 0.112998885825 1.08999605961 9.26415213535 -0.873021829757 50.4831427945 0.00692802392802 0.00019885
pedestrian -1 -1 -10 225.21 153.18 247.415 204.646 1.03599534333 0.981002142814 0.1809990762 -18.1478206434 0.057633251497 35.5723756459 0.00692802392802 0.00013351
pedestrian -1 -1 -10 741.55 154.58 764.729 207.334 1.1209950462 0.672997972269 0.942996298792 6.88892702844 1.15685784313 31.8420592499 0.00692802392802 8.4525e-05
pedestrian -1 -1 -10 839.9 192.94 860.87 262.994 1.72799227387 0.842999840705 1.01499605513 4.05333175921 1.43685625448 11.5781768495 0.00692802392802 4.9116e-05
pedestrian -1 -1 -10 1151.3 173.68 1202.35 241.248 0.6429971084 0.131000430023 1.09099550654 29.9810514151 1.14275204978 36.5834563902 0.00692802392801 3.5976e-05
pedestrian -1 -1 -10 724.81 180.27 746.244 223.035 1.12399496436 0.595996452796 0.791996842913 6.45485337518 1.16665624002 32.1905847394 0.00692802392802 3.2431e-05
pedestrian -1 -1 -10 812.67 159.58 832.917 213.514 2.3769894436 0.318000577955 1.17999587424 11.4646740876 0.881511176358 35.9689109639 0.00692802392802 2.3806e-05
pedestrian -1 -1 -10 79.113 160.84 120.27 200.151 2.01399103105 1.15699880394 0.894995189671 -18.0502527228 0.581837630939 25.5404939381 0.00692802392802 2.0755e-05
pedestrian -1 -1 -10 810.18 186.03 828.915 262.852 1.6139927797 0.631000091184 0.60299789975 3.81364831547 1.39663691559 11.4738543626 0.00692802392802 1.6128e-05
pedestrian -1 -1 -10 727.65 172.16 759.281 230.372 1.11299506575 0.739999269637 0.903996887741 6.51065861692 1.14985971491 31.8781779558 0.00692802392802 8.2112e-06
pedestrian -1 -1 -10 1117.5 165.01 1188.07 258.501 1.76199212372 0.564998243822 1.1259961762 15.1981736964 1.85105531816 19.5046235491 0.00692802392802 5.6473e-06
pedestrian -1 -1 -10 1108.0 172.74 1156.19 246.728 0.425998070836 0.22100052162 0.906997135875 16.5794330403 1.38024978509 22.127348245 0.00692802392802 2.2967e-06
pedestrian -1 -1 -10 12.862 143.1 78.073 222.842 0.769996530749 0.521999005384 0.674998609761 -16.6984974643 0.637925763078 21.3353140459 0.00692802392802 1.6287e-06
pedestrian -1 -1 -10 24.27 167.58 72.84 220.466 0.769996530749 0.521999005384 0.674998609761 -16.6984974643 0.637925763078 21.3353140459 0.00692802392802 4.3522e-07
pedestrian -1 -1 -10 78.188 140.04 130.845 196.393 2.01999104619 1.12899894499 0.894995189671 -18.0480925456 0.581473617904 25.853482508 0.00692802392802 2.2955e-07
pedestrian -1 -1 -10 1136.2 184.08 1181.05 261.523 1.76199212372 0.682998194374 1.00799658877 15.3625774486 1.85053573031 19.5624854044 0.00692802392802 2.1959e-07
pedestrian -1 -1 -10 1087.9 180.87 1130.67 242.845 1.26499436647 0.679999844355 0.818996215101 16.2068411765 1.73100978036 22.3593551483 0.00692802392802 6.2777e-08
