pedestrian -1 -1 -10 793.38 175.33 807.312 223.071 1.36984959602 0.65692952546 1.18799983852 5.41898855197 1.73164452248 20.2080653491 0.00753464155925 0.064997
pedestrian -1 -1 -10 787.71 173.64 816.703 233.579 1.36984959602 0.65692952546 1.16999971814 5.47198724734 1.73160593444 20.2076665867 0.00753464155925 0.011459
pedestrian -1 -1 -10 518.49 168.46 533.626 210.59 2.10776857519 0.544940375361 1.18099963276 -2.59388174492 1.27359407085 23.4591230552 0.00753464155925 0.004581
pedestrian -1 -1 -10 798.67 172.51 817.943 220.576 2.49572598743 0.557939439531 0.506999814284 4.65373576135 1.76624036958 16.3076124379 0.00753464155925 0.0031663
pedestrian -1 -1 -10 493.95 137.49 541.682 217.738 1.98378217649 0.549940895645 1.19399964022 -2.84143290757 1.14775110146 23.4594326865 0.00753464155925 0.002291
pedestrian -1 -1 -10 489.4 166.5 509.994 221.064 2.68670500195 0.578937047585 1.19099985858 -3.43790767658 1.84870139733 23.4312490296 0.00753464155925 0.0021113
pedestrian -1 -1 -10 484.72 149.5 518.415 219.64 1.98578193116 0.591936111754 1.19499980586 -3.35807707032 1.14781630046 23.4423365202 0.00753464155925 0.0019216
pedestrian -1 -1 -10 805.69 179.14 822.711 231.09 2.49572598743 0.557939439531 0.506999814284 4.65373576135 1.76624036958 16.3076124379 0.00753464155925 0.0014242
pedestrian -1 -1 -10 514.29 174.15 528.019 211.958 2.10976832986 0.549940895645 1.1779996127 -2.73639716585 1.2736608072 23.4577098137 0.00753464155925 0.00091474
pedestrian -1 -1 -10 516.06 167.49 544.854 214.893 2.10776857519 0.544940375361 1.18299948719 -2.44488607841 1.27348558798 23.458002011 0.00753464155925 0.00058736
pedestrian -1 -1 -10 499.49 161.03 520.1 214.948 2.10976832986 0.591936111754 1.19399964022 -3.09354515328 1.27360987842 23.4393987947 0.00753464155925 0.00035347
pedestrian -1 -1 -10 464.15 130.75 484.072 186.439 1.54083079565 0.347961451844 1.18799983852 -4.2307546852 0.696413086463 23.3112818743 0.00753464155925 0.00033905
pedestrian -1 -1 -10 803.35 171.58 839.094 224.864 1.08988030672 0.482944985258 1.16099989637 11.6307858224 1.15018354234 38.8743779698 0.00753464155925 0.00029521
pedestrian -1 -1 -10 796.4 173.18 827.533 235.988 2.49572598743 0.557939439531 0.506999814284 4.65373576135 1.76624036958 16.3076124379 0.00753464155925 0.00028563
pedestrian -1 -1 -10 506.28 113.65 553.599 223.58 1.98178242182 0.544940375361 1.19399964022 -2.45742461439 1.14750853557 23.4590289343 0.00753464155925 0.00014328
pedestrian -1 -1 -10 0.0 207.13 45.486 264.078 1.60082418073 1.19886865892 1.034999769 -1.58177704664 1.14318446441 1.7926866969 0.00753464155925 9.3462e-05
pedestrian -1 -1 -10 526.69 176.67 547.254 219.138 1.52483254969 0.149983187125 0.988999540852 -2.34955588995 0.688555381074 23.2641008076 0.00753464155925 5.7925e-05
pedestrian -1 -1 -10 476.44 151.23 505.751 224.62 2.5727174362 0.547938398964 1.19499956744 -3.69712104654 1.73253998834 23.4095748215 0.00753464155925 3.9988e-05
pedestrian -1 -1 -10 232.45 182.03 250.585 230.612 0.320964742781 0.0979888375887 0.214000636396 -20.8080191385 0.427195230318 41.913693344 0.00753464155925 2.4425e-05
pedestrian -1 -1 -10 793.51 163.93 855.57 227.226 1.08988030672 0.41395229961 1.173999427 11.7405430128 1.15061450574 38.9080494753 0.00753464155925 1.6421e-05
pedestrian -1 -1 -10 826.44 170.77 867.382 233.782 0.423953449249 0.223974485917 0.404999608996 8.45901063819 0.77822962969 24.8314127756 0.00753464155925 1.6907e-07
