pedestrian -1 -1 -10 925.7 208.44 947.332 259.175 2.18476014316 1.19586908577 0.0950002379481 5.52627518133 1.50489246832 12.1330308729 0.00753464155925 0.091028
pedestrian -1 -1 -10 980.74 194.37 1001.78 249.479 2.20475786865 1.19386849623 0.122000180092 5.46843525675 1.55162758388 10.356677739 0.00753464155925 0.041407
pedestrian -1 -1 -10 924.36 193.83 959.88 266.936 2.19975842238 1.19287010859 0.0950002379481 5.52463046456 1.52364086049 11.9133463733 0.00753464155925 0.036234
pedestrian -1 -1 -10 976.53 187.19 996.294 240.786 2.21175712919 1.19286915503 0.122000180092 5.46883923831 1.55741896598 10.4101483244 0.00753464155925 0.024089
pedestrian -1 -1 -10 970.0 192.42 991.938 250.305 2.21275700653 1.19786872174 0.157999944005 5.4553692832 1.55544273757 10.6138138729 0.00753464155925 0.018276
pedestrian -1 -1 -10 936.11 203.87 973.501 272.459 2.20475798785 1.19686842697 0.1860002902 5.47569774366 1.53390745867 11.4565367725 0.00753464155925 0.017884
pedestrian -1 -1 -10 955.81 201.41 987.931 268.316 2.19575891304 1.1938694498 0.166000315396 5.46125015477 1.53415802484 10.864993886 0.00753464155925 0.015885
pedestrian -1 -1 -10 932.91 202.28 955.508 258.961 2.19975842238 1.18886988308 0.0950002379481 5.52396749636 1.522338244 11.8253586899 0.00753464155925 0.015376
pedestrian -1 -1 -10 919.29 204.43 940.548 250.171 2.19375915837 1.19586908577 0.113000358323 5.53905750376 1.50839264256 12.3699815694 0.00753464155925 0.013336
pedestrian -1 -1 -10 965.95 132.32 984.926 177.464 1.80880137813 1.18986922428 0.106000390983 5.4904079476 1.14775742007 10.7716168643 0.00753464155925 0.01313
pedestrian -1 -1 -10 962.25 225.97 986.634 274.349 2.19575891304 1.19286915503 0.166000315396 5.46111078161 1.53388418097 10.8464965863 0.00753464155925 0.012836
pedestrian -1 -1 -10 990.74 193.75 1012.12 241.608 2.19375909877 1.19886806294 0.105999914146 5.4578433659 1.54653394967 10.0122039394 0.00753464155925 0.01174
pedestrian -1 -1 -10 970.27 137.22 990.382 188.394 1.91678950107 1.18987017785 0.100999801236 5.48325116416 1.26041806683 10.5457713069 0.00753464155925 0.010226
pedestrian -1 -1 -10 977.89 130.52 994.796 181.004 1.8827931949 1.1938694498 0.122000180092 5.46807983709 1.22915962664 10.3250665244 0.00753464155925 0.010118
pedestrian -1 -1 -10 910.15 169.93 927.56 213.173 2.19075946677 1.19286915503 0.17400020995 5.57200171302 1.50019007007 12.6953779747 0.00753464155925 0.0093517
pedestrian -1 -1 -10 913.2 185.26 948.3 253.182 2.19375915837 1.194868791 0.113000358323 5.53839077075 1.50708262889 12.2814942296 0.00753464155925 0.0091717
pedestrian -1 -1 -10 987.06 201.33 1006.21 253.027 2.19975842238 1.19586908577 0.111000027057 5.46168627299 1.54917436952 10.190704631 0.00753464155925 0.0087622
pedestrian -1 -1 -10 965.75 115.45 986.072 164.04 1.65181861019 1.19286915503 0.106000390983 5.49034824274 0.990752446471 10.7712793343 0.00753464155925 0.0084119
pedestrian -1 -1 -10 966.53 187.04 985.394 238.554 2.2147567612 1.194868791 0.166000315396 5.46013341804 1.55694228548 10.7152850954 0.00753464155925 0.0082382
pedestrian -1 -1 -10 954.19 122.6 987.334 183.321 1.76980568528 1.18987017785 0.098000019592 5.49560016474 1.10912740377 10.9318833866 0.00753464155925 0.0077765
pedestrian -1 -1 -10 995.68 182.12 1016.6 228.559 2.19375915837 1.19686938054 0.104999986932 5.45594584049 1.5497804356 9.82614463926 0.00753464155925 0.0077116
pedestrian -1 -1 -10 908.34 180.52 928.869 239.577 2.1947590357 1.18987017785 0.1860002902 5.57865201672 1.50146611244 12.7818502073 0.00753464155925 0.00718
pedestrian -1 -1 -10 963.97 108.73 995.007 172.444 1.60082421053 1.19686938054 0.0879997937714 5.49031906421 0.943758309863 10.6365794263 0.00753464155925 0.0070591
pedestrian -1 -1 -10 986.8 219.43 1004.42 265.654 2.19975842238 1.19786967531 0.105999914146 5.45876439942 1.5483472539 10.1347314088 0.00753464155925 0.0069378
pedestrian -1 -1 -10 972.63 213.19 990.839 262.917 2.21575669813 1.19286915503 0.157999944005 5.45495332182 1.55962065223 10.5582701478 0.00753464155925 0.0067828
pedestrian -1 -1 -10 963.68 144.11 985.025 200.092 2.05977380753 1.18586995234 0.166000315396 5.4604058157 1.40258843793 10.7589268376 0.00753464155925 0.0067516
pedestrian -1 -1 -10 925.97 185.34 945.607 245.328 2.20675768292 1.1938694498 0.0950002379481 5.52604088361 1.52641632744 12.1008723389 0.00753464155925 0.006742
pedestrian -1 -1 -10 1011.6 172.76 1024.06 223.457 2.18875971209 1.19886806294 0.103000132502 5.45336539636 1.54667264008 9.61614406981 0.00753464155925 0.0064292
pedestrian -1 -1 -10 955.03 213.4 975.436 270.383 2.20175823665 1.19586908577 0.166000315396 5.46306393522 1.53772542055 11.1060047672 0.00753464155925 0.0059286
pedestrian -1 -1 -10 982.73 120.24 1002.0 177.798 1.72581054615 1.19086951905 0.122000180092 5.46757749099 1.07428105709 10.2656926937 0.00753464155925 0.0057239
pedestrian -1 -1 -10 1020.7 175.32 1034.59 222.957 2.17876075995 1.19286915503 0.0989999468067 5.44826663088 1.54254493239 9.33713127885 0.00753464155925 0.0053944
pedestrian -1 -1 -10 969.66 124.59 1003.06 195.009 1.93278783643 1.19786872174 0.122000180092 5.4689603979 1.2788567369 10.43970986 0.00753464155925 0.00532
pedestrian -1 -1 -10 947.72 186.18 982.235 259.562 2.20175823665 1.19086951905 0.166000315396 5.46298483483 1.53757000214 11.095506738 0.00753464155925 0.005275
pedestrian -1 -1 -10 1015.6 173.59 1030.25 222.965 2.18576002049 1.1958681322 0.103000132502 5.45241330157 1.54480012313 9.48963917618 0.00753464155925 0.0049232
pedestrian -1 -1 -10 971.02 153.9 990.814 212.791 2.21275700653 1.19786872174 0.157999944005 5.45535421681 1.55541313473 10.6118142937 0.00753464155925 0.004604
pedestrian -1 -1 -10 944.24 198.31 963.027 263.198 2.20775761985 1.19086951905 0.1860002902 5.47618651262 1.53486962139 11.5215500756 0.00753464155925 0.0044428
pedestrian -1 -1 -10 956.1 101.88 984.781 165.788 1.50683454907 1.19086951905 0.0950002379481 5.49693228918 0.845984941584 10.9223205223 0.00753464155925 0.0041996
pedestrian -1 -1 -10 983.94 171.83 1014.4 239.836 2.19675879037 1.19786872174 0.105999914146 5.45826056407 1.54735548834 10.0677185265 0.00753464155925 0.0041962
pedestrian -1 -1 -10 946.64 182.47 962.35 227.111 2.20475798785 1.19686842697 0.1860002902 5.47569774366 1.53390745867 11.4565367725 0.00753464155925 0.0041712
pedestrian -1 -1 -10 991.62 214.57 1010.69 260.334 2.19375909877 1.19586908577 0.105999914146 5.4578320679 1.54651175108 10.0107044933 0.00753464155925 0.0041321
pedestrian -1 -1 -10 914.19 179.9 935.429 231.432 2.20075835931 1.18487061114 0.15700001679 5.56215825026 1.51054519861 12.5163482548 0.00753464155925 0.0041172
pedestrian -1 -1 -10 904.4 169.34 921.727 213.916 2.1917594037 1.18787054188 0.188999595007 5.5987958508 1.49163521554 13.2668888213 0.00753464155925 0.0039455
pedestrian -1 -1 -10 991.81 178.81 1009.41 221.185 2.19375909877 1.19786872174 0.105999914146 5.45760605397 1.54606767326 9.98070842132 0.00753464155925 0.0039112
pedestrian -1 -1 -10 983.29 207.75 1015.29 277.206 2.19675879037 1.19786872174 0.105999914146 5.4581400257 1.54711865154 10.0517209393 0.00753464155925 0.0036655
pedestrian -1 -1 -10 997.49 205.52 1016.46 251.82 2.19375915837 1.1938694498 0.104999986932 5.45595714209 1.54980264126 9.82764456206 0.00753464155925 0.0033998
pedestrian -1 -1 -10 971.07 213.4 1004.73 276.079 2.20975731493 1.19286915503 0.122000180092 5.46834262787 1.55644200184 10.3441426349 0.00753464155925 0.0033858
pedestrian -1 -1 -10 918.42 171.23 938.323 213.406 2.19375915837 1.1938694498 0.113000358323 5.53864314908 1.50757850814 12.3149893269 0.00753464155925 0.0033552
pedestrian -1 -1 -10 1007.3 179.91 1027.59 234.15 2.18775977516 1.19686842697 0.103000132502 5.45294381321 1.54584369718 9.56014415683 0.00753464155925 0.0032238
pedestrian -1 -1 -10 991.34 193.04 1021.43 259.475 2.19375915837 1.19286915503 0.104999986932 5.45614171444 1.55016529363 9.85214059932 0.00753464155925 0.0028411
pedestrian -1 -1 -10 922.4 177.26 956.241 238.691 2.20375799132 1.19086951905 0.0950002379481 5.52494564726 1.52426256238 11.9553700125 0.00753464155925 0.0026496
pedestrian -1 -1 -10 939.66 180.77 958.201 229.622 2.20775761985 1.18387031637 0.1860002902 5.47699639077 1.53646089023 11.6290353249 0.00753464155925 0.0025615
pedestrian -1 -1 -10 982.52 173.93 997.701 219.903 2.20675768292 1.18987017785 0.122000180092 5.46794802929 1.55566486743 10.2916274171 0.00753464155925 0.0025197
pedestrian -1 -1 -10 205.36 205.71 222.813 264.152 2.15776309752 1.1468737134 0.62499980868 -5.011390107 1.55638556597 8.75549080882 0.00753464155925 0.0024856
pedestrian -1 -1 -10 976.85 224.85 995.894 273.197 2.21075725186 1.19386849623 0.122000180092 5.46843710656 1.55762696708 10.3566333161 0.00753464155925 0.0024411
pedestrian -1 -1 -10 929.79 180.53 947.479 227.637 2.20375799132 1.19186886025 0.0950002379481 5.52536377033 1.52508410104 12.0108623882 0.00753464155925 0.0023931
pedestrian -1 -1 -10 952.55 116.32 968.024 158.545 1.55082968819 1.19786872174 0.0789999720024 5.50739874559 0.883808498342 11.2485523542 0.00753464155925 0.0023471
pedestrian -1 -1 -10 974.63 144.83 996.713 203.723 2.08277134382 1.19586908577 0.122000180092 5.46860735476 1.4280557127 10.3856066306 0.00753464155925 0.002232
pedestrian -1 -1 -10 1002.9 197.23 1019.98 242.311 2.1917593441 1.19186981382 0.103000132502 5.45402367487 1.5479678594 9.70365430775 0.00753464155925 0.0021733
pedestrian -1 -1 -10 980.72 121.9 1013.32 191.615 1.80680162346 1.19086951905 0.105999914146 5.45822696745 1.15756855538 10.0821047711 0.00753464155925 0.0020988
pedestrian -1 -1 -10 954.95 163.07 986.075 241.939 2.19575891304 1.18687024711 0.166000315396 5.46160800506 1.53486113805 10.9124869913 0.00753464155925 0.0020539
pedestrian -1 -1 -10 1032.2 214.1 1052.89 255.308 2.17276137674 1.194868791 0.604999833876 5.68560467696 1.5411444226 8.98227044035 0.00753464155925 0.0020091
pedestrian -1 -1 -10 353.71 166.51 372.631 214.746 1.97078359234 1.18087038563 1.03199974894 -4.86829271777 1.44622078664 14.1524044787 0.00753464155925 0.001963
pedestrian -1 -1 -10 976.5 171.23 993.384 219.58 2.20675768292 1.1938694498 0.145999863755 5.45739945566 1.55353103619 10.4847649593 0.00753464155925 0.0017539
pedestrian -1 -1 -10 946.68 113.75 961.873 158.836 1.50983424067 1.19686842697 0.0780000447878 5.50928678246 0.838574091794 11.4354301497 0.00753464155925 0.0017508
pedestrian -1 -1 -10 915.64 170.09 947.48 228.346 2.18476014316 1.1828700216 0.0930003835187 5.52781374168 1.50595011577 12.2045133126 0.00753464155925 0.0017454
pedestrian -1 -1 -10 949.07 135.58 970.876 183.859 1.89679177558 1.19286915503 0.0880002706084 5.50249056718 1.23075964563 11.1775042968 0.00753464155925 0.0016669
pedestrian -1 -1 -10 937.79 124.65 953.502 173.866 1.75180765486 1.19686842697 0.0750002631438 5.51302664281 1.07781033181 11.7216911881 0.00753464155925 0.0016133
pedestrian -1 -1 -10 1003.8 181.21 1038.86 250.102 2.18176045155 1.19886806294 0.103000132502 5.45224502522 1.54446706653 9.46711262619 0.00753464155925 0.0015142
pedestrian -1 -1 -10 944.08 102.66 976.088 169.173 1.51083411801 1.18586995234 0.0789999720024 5.50749188913 0.844020169175 11.2628469897 0.00753464155925 0.0015068
pedestrian -1 -1 -10 951.04 178.07 966.356 222.604 2.20175829624 1.19486974457 0.1860002902 5.47474188406 1.53202754454 11.3295322224 0.00753464155925 0.001498
pedestrian -1 -1 -10 910.29 200.78 928.656 252.125 2.1947590357 1.17587081891 0.1860002902 5.5783657372 1.50090362328 12.7438558184 0.00753464155925 0.0014404
pedestrian -1 -1 -10 1012.9 168.29 1039.71 234.933 2.17876075995 1.1938694498 0.0989999468067 5.44847380642 1.54295199607 9.36462716171 0.00753464155925 0.0014376
pedestrian -1 -1 -10 965.47 169.03 984.87 220.641 2.19375909877 1.194868791 0.166000315396 5.46076484592 1.53320326635 10.8004881193 0.00753464155925 0.0013829
pedestrian -1 -1 -10 940.64 114.51 957.082 160.949 1.55182956553 1.194868791 0.0750002631438 5.51219900884 0.88032196096 11.6211270218 0.00753464155925 0.0013525
pedestrian -1 -1 -10 346.1 167.69 365.464 220.656 1.84779710078 1.18886892951 0.997999362621 -4.86710840344 1.44257718566 13.9055048844 0.00753464155925 0.0012956
pedestrian -1 -1 -10 981.86 97.96 998.428 161.824 1.50583467173 1.18487061114 0.122000180092 5.46775074508 0.854778863317 10.2993171756 0.00753464155925 0.0012823
pedestrian -1 -1 -10 950.9 194.07 971.536 254.201 2.19775872731 1.19686842697 0.184999886149 5.47367036318 1.53090291629 11.2535166394 0.00753464155925 0.0012804
pedestrian -1 -1 -10 995.19 215.11 1018.31 268.386 2.19375915837 1.1958681322 0.104999986932 5.45609274685 1.55006908089 9.8456417285 0.00753464155925 0.0012668
pedestrian -1 -1 -10 976.8 156.65 1005.03 232.448 2.20175823665 1.19586908577 0.122000180092 5.46778074663 1.5503397688 10.2696676343 0.00753464155925 0.0012666
pedestrian -1 -1 -10 996.41 162.22 1027.35 228.441 2.1917593441 1.194868791 0.104999986932 5.45526841891 1.54844820921 9.73614209216 0.00753464155925 0.0012098
pedestrian -1 -1 -10 955.22 186.09 974.479 235.233 2.20175823665 1.19286915503 0.166000315396 5.46300743443 1.53761440639 11.0985061068 0.00753464155925 0.0011766
pedestrian -1 -1 -10 949.21 138.87 979.591 227.864 2.20175823665 1.19886806294 0.166000315396 5.46319577877 1.53798447006 11.123502754 0.00753464155925 0.0011514
pedestrian -1 -1 -10 960.53 177.77 979.582 225.684 2.19575891304 1.18986922428 0.166000315396 5.46150630149 1.53466130832 10.8989891164 0.00753464155925 0.0011311
pedestrian -1 -1 -10 898.9 177.72 917.687 230.346 2.20175829624 1.17387118294 0.177999918809 5.60625875883 1.49549466356 13.5278856373 0.00753464155925 0.0010823
pedestrian -1 -1 -10 915.03 155.84 931.379 197.754 2.18775977516 1.17887074966 0.15700001679 5.56228984711 1.49781305409 12.5344416704 0.00753464155925 0.0010667
pedestrian -1 -1 -10 899.9 192.27 933.572 259.376 2.1947590357 1.19686938054 0.1860002902 5.57905507339 1.50225804827 12.8353430038 0.00753464155925 0.0010304
pedestrian -1 -1 -10 937.91 172.41 972.225 243.031 2.20475798785 1.1938694498 0.1860002902 5.47561864328 1.53375204025 11.4460387432 0.00753464155925 0.00097647
pedestrian -1 -1 -10 357.65 167.82 381.359 232.452 2.06077368486 1.16187241354 0.912999827331 -4.80837975325 1.46202693955 14.209892518 0.00753464155925 0.00088976
pedestrian -1 -1 -10 1005.9 203.98 1025.37 249.954 2.18775977516 1.19686842697 0.103000132502 5.45324516272 1.54643579623 9.60013860168 0.00753464155925 0.00088916
pedestrian -1 -1 -10 934.21 172.12 953.423 215.037 2.19775866771 1.18586995234 0.0950002379481 5.52372326423 1.52185715911 11.7928480982 0.00753464155925 0.00085218
pedestrian -1 -1 -10 1037.1 212.56 1059.87 262.995 2.17576112794 1.18886988308 0.637999816144 5.66778260419 1.5455505159 8.8063372972 0.00753464155925 0.00083184
pedestrian -1 -1 -10 923.95 159.84 943.015 204.055 2.20675768292 1.19686938054 0.0930003835187 5.52738356642 1.52708910979 12.1463583418 0.00753464155925 0.00080468
pedestrian -1 -1 -10 987.45 165.51 1005.09 216.04 2.19675879037 1.19686938054 0.105999914146 5.45876155592 1.54833984966 10.1342090646 0.00753464155925 0.0007663
pedestrian -1 -1 -10 901.45 149.29 936.279 214.897 2.19075946677 1.19186886025 0.1860002902 5.57824642845 1.50066677943 12.7278281393 0.00753464155925 0.00075304
pedestrian -1 -1 -10 213.2 219.98 244.879 294.841 2.16876180781 1.19886806294 0.552999804017 -4.99718746788 1.5457000086 9.18268236992 0.00753464155925 0.00069951
pedestrian -1 -1 -10 345.24 157.37 375.046 235.226 1.97078359234 1.1588724828 1.01799933743 -4.8756091449 1.44560417436 14.110462646 0.00753464155925 0.00067556
pedestrian -1 -1 -10 940.37 162.89 959.734 215.664 2.20775761985 1.18387031637 0.1860002902 5.47652176691 1.5355283374 11.5660442888 0.00753464155925 0.00061208
pedestrian -1 -1 -10 930.09 145.7 947.934 197.66 2.10776851559 1.18886988308 0.0950002379481 5.52466990684 1.43178418058 11.9230265806 0.00753464155925 0.00059785
pedestrian -1 -1 -10 210.81 207.7 229.006 266.666 2.15776309752 1.1338756028 0.577999891732 -4.98646316651 1.55917353311 8.94478819503 0.00753464155925 0.00059775
pedestrian -1 -1 -10 1023.3 179.18 1042.63 238.463 2.17976063729 1.19486974457 0.111999954271 5.44085738388 1.54475806858 9.21614475684 0.00753464155925 0.00056964
pedestrian -1 -1 -10 940.13 132.64 959.999 187.649 1.81580057908 1.19286915503 0.0780000447878 5.51050180203 1.14374637174 11.582188634 0.00753464155925 0.00054104
pedestrian -1 -1 -10 935.65 143.62 954.22 198.647 1.97078359234 1.18687024711 0.0799998992171 5.51569753375 1.29399199866 11.7340938611 0.00753464155925 0.000533
pedestrian -1 -1 -10 927.83 150.06 956.317 213.691 2.19975842238 1.19786872174 0.0950002379481 5.52405413353 1.52250847088 11.8368569856 0.00753464155925 0.00039091
pedestrian -1 -1 -10 939.01 123.23 972.882 189.892 1.78380408717 1.18886988308 0.0850000121274 5.50554173983 1.11489487342 11.3893898227 0.00753464155925 0.00037674
pedestrian -1 -1 -10 238.76 220.97 258.344 261.901 1.98278229916 0.439951381518 0.951999849725 -5.99017906457 1.46363067372 12.3099327999 0.00753464155925 0.00034575
pedestrian -1 -1 -10 931.54 112.06 964.738 177.73 1.56982759595 1.17487147771 0.0750002631438 5.51260138013 0.895104954039 11.6740456474 0.00753464155925 0.00032662
pedestrian -1 -1 -10 199.06 203.08 231.261 276.385 2.15776309752 1.19686842697 0.62499980868 -5.01067440282 1.55779179945 8.85047749615 0.00753464155925 0.00031618
pedestrian -1 -1 -10 319.41 133.02 336.488 188.659 1.74080888497 1.17287088817 0.939999769475 -4.88732056977 1.08396543153 12.3119537541 0.00753464155925 0.0003063
pedestrian -1 -1 -10 888.52 173.53 922.97 248.948 2.20475798785 1.15387386966 0.0969996155404 5.64789443129 1.49770034579 13.6785818534 0.00753464155925 0.00025831
pedestrian -1 -1 -10 359.45 157.03 379.335 198.71 1.96678402341 1.13887516952 0.900999747081 -4.80249550041 1.36786268274 14.1990450341 0.00753464155925 0.0001857
pedestrian -1 -1 -10 311.28 131.54 340.841 203.253 1.75280753219 1.15487321086 0.920999721885 -4.89344185481 1.09473947362 12.2289175534 0.00753464155925 0.00018547
pedestrian -1 -1 -10 1027.1 217.53 1061.58 283.774 2.17276137674 1.19586908577 0.604999833876 5.68544270062 1.54082616742 8.96077329513 0.00753464155925 0.00018165
pedestrian -1 -1 -10 229.37 219.48 253.598 273.749 1.98278229916 0.426952317349 0.819999920649 -6.05612818985 1.46377494635 12.3169287175 0.00753464155925 0.00016191
pedestrian -1 -1 -10 202.4 226.88 235.262 298.004 2.15776309752 1.13887516952 0.62499980868 -5.01045592568 1.55822106879 8.8794733018 0.00753464155925 0.00015795
pedestrian -1 -1 -10 308.58 125.4 328.108 176.784 1.57482710182 1.1938694498 0.981000123135 -4.93090852775 0.914009794192 12.0430326213 0.00753464155925 0.00015181
pedestrian -1 -1 -10 367.65 168.76 389.016 222.065 2.00577971626 1.19486974457 0.804000131541 -4.75221892683 1.40330239083 14.4334627589 0.00753464155925 0.00015132
pedestrian -1 -1 -10 887.61 148.45 919.394 216.049 2.16276254379 1.18387031637 0.0969996155404 5.6479944878 1.45592693712 13.69389061 0.00753464155925 0.00014382
pedestrian -1 -1 -10 1022.2 215.56 1039.65 261.587 2.18176039196 1.19686842697 0.10899969579 5.44267326998 1.54537867826 9.2581423016 0.00753464155925 0.0001428
pedestrian -1 -1 -10 1018.3 205.31 1051.44 265.573 2.17676094568 1.19686938054 0.588000117552 5.6783619602 1.54362262431 9.1493407901 0.00753464155925 7.0228e-05
pedestrian -1 -1 -10 1011.0 211.25 1037.98 276.142 2.18176045155 1.19786872174 0.098000019592 5.44940225563 1.54379537638 9.42163791003 0.00753464155925 3.4159e-05
pedestrian -1 -1 -10 1114.7 255.63 1134.97 301.307 2.14676432764 1.19386897301 0.397999641656 5.51076336407 1.53490187973 7.60779757529 0.00753464155925 2.052e-05
pedestrian -1 -1 -10 1087.7 129.92 1112.38 184.919 1.86079565513 1.19686842697 0.651999750824 5.63977240069 1.24497896327 7.88853968917 0.00753464155925 6.2354e-06
