pedestrian -1 -1 -10 285.54 180.12 303.723 231.957 0.926898170477 0.273970153052 0.294000058776 -7.95177647025 1.2559091827 18.4538184506 0.00753464155925 0.8661
pedestrian -1 -1 -10 277.81 181.46 294.163 232.809 2.13376574349 1.18387031637 0.270999825491 -9.6275065858 1.27056343534 21.543585448 0.00753464155925 0.010588
pedestrian -1 -1 -10 267.57 179.38 305.954 245.869 2.12676654255 1.16687198026 0.166999765774 -9.57600365528 1.26255679348 21.4777538579 0.00753464155925 0.0064364
pedestrian -1 -1 -10 917.67 202.74 934.17 259.212 2.22575565028 1.00189009299 0.254000109168 5.04730909119 1.57036312404 11.536891347 0.00753464155925 0.0019477
pedestrian -1 -1 -10 912.08 202.64 928.494 253.825 2.22575565028 0.794912989616 0.127000293002 5.11158694372 1.57184894755 11.639899201 0.00753464155925 0.0018948
pedestrian -1 -1 -10 1125.2 22.311 1242.0 375.001 1.22086593616 1.19486926778 0.134000260342 5.08129718463 0.631194065077 6.39389013619 0.00753464155925 0.0015391
pedestrian -1 -1 -10 922.66 184.6 954.46 282.551 2.22275589908 1.194868791 0.270000375113 5.03580253202 1.56247844727 11.0715079841 0.00753464155925 0.0009604
pedestrian -1 -1 -10 53.702 56.864 127.933 224.964 1.51383380961 1.11287799475 0.752000578519 -9.71064706709 0.759604155978 13.3705590247 0.00753464155925 0.00053677
pedestrian -1 -1 -10 283.43 174.35 312.707 241.682 0.926898170477 0.273970153052 0.294000058776 -7.95177647025 1.2559091827 18.4538184506 0.00753464155925 0.00037034
pedestrian -1 -1 -10 911.87 191.23 938.387 267.92 2.22575565028 0.9288981354 0.216000013988 5.06658358251 1.57088958116 11.5732433374 0.00753464155925 0.00036783
pedestrian -1 -1 -10 914.77 179.38 934.601 244.349 2.22575565028 0.976893212994 0.216000013988 5.06640277137 1.57053431891 11.5492464798 0.00753464155925 5.7774e-05
pedestrian -1 -1 -10 46.61 144.18 89.178 247.26 2.01677854574 0.71392153457 0.871000023293 -9.77151574629 1.27157861535 13.1636331724 0.00753464155925 2.5039e-05
pedestrian -1 -1 -10 894.76 169.72 931.512 247.023 2.50172537064 0.367959718698 0.710999748022 7.06287572107 1.73072204323 17.2511643279 0.00753464155925 1.4839e-05
pedestrian -1 -1 -10 81.251 76.189 125.744 211.159 1.51083411801 1.19186981382 0.440999849746 -9.55312093215 0.749496555148 13.6400370408 0.00753464155925 6.3323e-06
pedestrian -1 -1 -10 521.13 154.52 544.863 196.934 0.364959911706 0.0479950775935 0.164999911345 -5.20667622968 -0.040230499706 51.3176974932 0.00753464155925 5.3583e-06
pedestrian -1 -1 -10 61.358 92.67 106.099 244.67 1.90079128492 0.883902988549 0.718000192199 -9.69438572394 1.15285350595 13.2529631441 0.00753464155925 2.9052e-06
pedestrian -1 -1 -10 30.036 59.419 101.772 239.349 1.50683454907 0.663926821005 0.884000507595 -9.77835953253 0.764268919673 13.1424169348 0.00753464155925 2.4423e-06
