pedestrian -1 -1 -10 906.93 158.25 987.233 302.74 1.54899307638 0.628999283824 1.02399584586 4.16760877353 1.3660531736 8.50833089811 0.00692802392802 0.97706
pedestrian -1 -1 -10 929.76 155.0 1019.98 297.75 1.54899307638 0.841999437025 1.18699581744 4.49564362891 1.36506130759 8.58455928245 0.00692802392802 0.2244
pedestrian -1 -1 -10 972.15 170.07 1039.18 311.96 1.62699267715 0.742999527003 1.0169963795 4.66740340394 1.44264550434 8.53391297162 0.00692802392802 0.010982
pedestrian -1 -1 -10 953.27 157.62 1008.52 273.98 1.54899307638 0.742999527003 1.18699581744 4.49530069478 1.36511887519 8.53506051537 0.00692802392802 0.001062
pedestrian -1 -1 -10 992.37 178.27 1050.94 289.46 2.25498989075 0.916999195464 1.1909955125 6.89427623438 1.38189643165 11.6851270194 0.00692802392802 0.0005966
pedestrian -1 -1 -10 956.12 160.42 978.555 213.259 2.05099086612 0.928999271256 1.19599560817 6.0528435699 1.18432376876 11.5918434832 0.00692802392802 0.0003744
pedestrian -1 -1 -10 925.51 160.41 982.123 257.119 1.54899307638 0.714999668048 1.08699581147 4.19940590366 1.365916545 8.55111172663 0.00692802392802 0.00035363
pedestrian -1 -1 -10 935.67 159.12 962.77 231.76 1.54899307638 0.81399957807 1.09399575467 4.20324872531 1.36584935302 8.60058623482 0.00692802392802 0.00022167
pedestrian -1 -1 -10 980.53 177.26 1025.54 240.155 2.21599014997 0.874999407032 1.19899537947 6.59936244448 1.34368579535 11.7061489834 0.00692802392802 0.00012322
pedestrian -1 -1 -10 348.17 206.48 361.304 246.622 1.01499554366 1.18299976288 1.0619960484 -3.7178330151 1.38149168815 10.5283394211 0.00692802392802 8.1556e-05
pedestrian -1 -1 -10 759.22 166.17 788.042 237.978 0.764996556938 0.0990008636954 0.758996974458 4.1188044484 0.750739788821 17.642634501 0.00692802392802 7.709e-05
pedestrian -1 -1 -10 989.96 229.21 1027.52 313.153 0.940995813906 0.602999755392 0.386998630727 3.24454741084 1.50335665457 5.22615828228 0.00692802392802 6.6322e-05
pedestrian -1 -1 -10 647.66 214.16 664.822 260.767 2.26498983651 1.15799920762 0.753997176815 1.19341041772 1.44035687201 12.788211733 0.00692802392802 6.345e-05
pedestrian -1 -1 -10 895.3 168.18 946.464 287.87 2.21899003834 1.12899989866 1.19699553193 5.28821169995 1.36633022063 11.6812566457 0.00692802392802 2.8372e-05
pedestrian -1 -1 -10 992.68 194.47 1038.44 261.471 1.62699267715 0.656999142779 0.933996508063 4.70860443882 1.44258139437 8.49062616847 0.00692802392802 1.6036e-05
