pedestrian -1 -1 -10 690.86 145.24 717.616 207.464 2.12176703667 0.84290806721 0.798999780212 2.250950195 1.40034430929 17.1599814258 0.00753464155925 0.28066
pedestrian -1 -1 -10 901.92 197.83 920.874 254.768 2.12476669848 1.19186933704 0.976999699021 2.01870833284 1.62772438644 4.61315628116 0.00753464155925 0.23721
pedestrian -1 -1 -10 686.06 143.75 706.887 201.448 2.00977934479 0.84290806721 0.798999780212 2.25091566529 1.28835661741 17.1608106485 0.00753464155925 0.15266
pedestrian -1 -1 -10 906.85 197.4 934.831 258.916 2.12476669848 1.19486926778 1.0249997816 2.04255325168 1.62740345888 4.59247835422 0.00753464155925 0.047756
pedestrian -1 -1 -10 700.86 144.57 712.529 188.873 1.79480291665 0.794912989616 0.798999780212 2.25066856942 1.07302492701 17.1384056028 0.00753464155925 0.016057
pedestrian -1 -1 -10 682.3 138.84 697.109 187.701 1.8108011328 0.84290806721 0.726999775549 2.21485532999 1.08940461607 17.1625548567 0.00753464155925 0.013756
pedestrian -1 -1 -10 1024.9 163.21 1040.31 211.635 1.66981667042 0.669924775349 0.672000679302 19.3214684487 0.478300222544 31.9182154871 0.00753464155925 0.0095307
pedestrian -1 -1 -10 758.93 176.2 769.282 199.302 0.101988835093 0.235974208885 0.28499976017 11.1364558117 1.19636634837 50.6092270214 0.00753464155925 0.0028352
pedestrian -1 -1 -10 895.16 188.13 928.914 251.916 2.12476669848 1.19686890375 0.958999817065 2.00925285393 1.62683538625 4.55273219438 0.00753464155925 0.0013532
pedestrian -1 -1 -10 706.09 167.63 720.525 206.84 2.22375583601 0.84290806721 0.713999768084 2.29348044484 1.50230216549 17.1589064795 0.00753464155925 0.00067444
pedestrian -1 -1 -10 673.37 123.91 708.396 197.541 1.8108011328 0.84290806721 0.749999770416 2.22635500192 1.08939624322 17.1624683331 0.00753464155925 0.00057715
pedestrian -1 -1 -10 1021.8 159.71 1050.7 221.564 1.04788492227 0.681924498318 0.220999650062 15.766215803 1.47588514947 25.9898126696 0.00753464155925 0.00034208
pedestrian -1 -1 -10 896.19 186.73 916.505 236.597 2.12476669848 1.19686842697 0.995999746611 2.0290179641 1.62930873504 4.7205698159 0.00753464155925 7.4265e-05
