pedestrian -1 -1 -10 500.49 164.43 516.731 204.22 1.46083953608 0.175979408323 0.360999950529 -5.00268252035 1.52637034233 38.0592548767 0.00753464155925 0.53497
pedestrian -1 -1 -10 893.39 147.82 912.583 186.952 1.08888043311 0.766916178877 0.58199960059 12.1464484199 0.406404866693 29.529205382 0.00753464155925 0.23096
pedestrian -1 -1 -10 323.14 169.98 345.396 212.802 1.88979251504 0.623932194437 0.770999672435 -8.58350893683 1.01079639382 22.6159077406 0.00753464155925 0.13753
pedestrian -1 -1 -10 1119.7 125.91 1158.17 242.51 1.93678728617 1.19586908577 0.827999576785 2.82797247346 1.44004134642 3.79033278707 0.00753464155925 0.069976
pedestrian -1 -1 -10 1221.1 182.32 1242.03 264.151 0.981892183781 0.62893080758 1.19499980586 7.09361707602 1.23309812934 8.15329427327 0.00753464155925 0.047129
pedestrian -1 -1 -10 615.62 172.99 626.404 196.62 0.334963219166 0.283969286479 0.322999944756 0.8769217091 0.528561611154 49.3239494247 0.00753464155925 0.046606
pedestrian -1 -1 -10 493.38 164.35 509.684 204.564 1.74080888497 0.400953235441 0.399000045708 -5.60354382351 1.53813841244 38.3582203261 0.00753464155925 0.03801
pedestrian -1 -1 -10 316.54 168.1 337.744 219.939 2.46072986352 1.15587350563 1.04599920678 -8.72242593261 1.57869571175 22.4007430978 0.00753464155925 0.032365
pedestrian -1 -1 -10 307.06 166.72 348.851 233.873 2.46072986352 1.17886979609 0.982999500727 -8.69101360474 1.57850255771 22.3890082806 0.00753464155925 0.015312
pedestrian -1 -1 -10 1215.0 186.25 1235.57 246.037 0.996890492802 0.41395516032 1.01799981426 7.00481054 1.28249831762 8.10883707189 0.00753464155925 0.013211
pedestrian -1 -1 -10 883.99 144.39 907.917 192.053 1.08888043311 0.766916178877 0.58199960059 12.1464484199 0.406404866693 29.529205382 0.00753464155925 0.010207
pedestrian -1 -1 -10 873.22 150.57 889.701 190.663 0.359960465432 0.315963462022 0.259000698915 17.9707802292 -0.104789652667 46.9103971376 0.00753464155925 0.0064423
pedestrian -1 -1 -10 919.22 147.3 935.754 186.385 0.300966942788 0.561938711473 0.1200008025 17.5056300968 0.347587731367 38.5386129322 0.00753464155925 0.0061046
pedestrian -1 -1 -10 1109.1 123.42 1182.31 323.05 1.95878494513 1.19786896013 1.01399962857 2.88590976196 1.46186355557 3.78073482147 0.00753464155925 0.0049159
pedestrian -1 -1 -10 1200.1 177.61 1242.03 259.635 0.996890492802 0.41395516032 0.961999598709 6.97681122475 1.28251870376 8.10904773888 0.00753464155925 0.004119
pedestrian -1 -1 -10 887.28 141.62 931.32 188.838 0.883902938486 0.766916178877 0.58199960059 12.1463852181 0.201427372066 29.5307231559 0.00753464155925 0.0036822
pedestrian -1 -1 -10 1143.1 141.84 1167.92 189.174 1.87979362249 1.15287357489 0.512999854408 2.6702598511 1.38277008489 3.7654432279 0.00753464155925 0.0036394
pedestrian -1 -1 -10 621.04 174.2 632.366 198.352 0.100988913059 0.0719907092506 0.351999890341 1.63879658101 0.990470504414 55.8275380176 0.00753464155925 0.0030275
pedestrian -1 -1 -10 458.49 168.27 475.865 211.103 2.61771245266 0.494946615366 0.559999771357 -6.02318697894 1.62427910111 31.1976087569 0.00753464155925 0.0025561
pedestrian -1 -1 -10 487.96 163.86 503.434 205.423 1.74080888497 0.400953235441 0.399000045708 -5.60354382351 1.53813841244 38.3582203261 0.00753464155925 0.0025089
pedestrian -1 -1 -10 1134.5 135.35 1169.94 247.16 1.95878494513 1.19886877812 1.03799978907 2.89780779719 1.46165498537 3.76714642214 0.00753464155925 0.0022097
pedestrian -1 -1 -10 870.36 149.73 918.554 190.915 1.08888043311 0.582936319528 0.58199960059 12.1471415244 0.407766695919 29.6211927005 0.00753464155925 0.0020907
pedestrian -1 -1 -10 1068.2 142.1 1087.82 185.71 0.103988530165 0.502943252112 0.388999819887 23.1140357228 -0.414684665507 35.2462315411 0.00753464155925 0.0019037
pedestrian -1 -1 -10 880.08 145.35 894.175 192.218 0.0999890208244 0.0 0.0 21.5601675701 -0.0775669859889 54.9741420089 0.0 0.0018221
pedestrian -1 -1 -10 904.4 125.95 922.249 175.606 0.0999890208244 0.0 0.0 20.7336239718 -0.38108220445 48.2889397398 0.0 0.0016847
pedestrian -1 -1 -10 238.94 136.19 253.723 168.667 1.56482814968 1.16487139072 0.565999811482 -9.50520376274 0.732936293527 19.5476352279 0.00753464155925 0.0015122
pedestrian -1 -1 -10 734.87 158.2 745.653 192.485 0.342962327243 0.2289750062 0.232999730312 9.41773654243 0.543149337046 50.462104789 0.00753464155925 0.0014766
pedestrian -1 -1 -10 35.67 110.93 56.182 170.943 0.106988281366 0.308966166476 0.0810003032688 -10.7847182641 -0.668919839402 14.0334751404 0.00753464155925 0.0012386
pedestrian -1 -1 -10 320.59 168.21 365.125 227.388 0.101988801569 0.0459944880523 0.269999898276 -6.21220154224 0.253919412631 17.6503288829 0.00753464155925 0.0012185
pedestrian -1 -1 -10 1060.2 140.84 1079.7 183.85 0.600934002282 0.247973931853 0.194000184755 22.345744409 0.0890378683243 34.5876508862 0.00753464155925 0.0011605
pedestrian -1 -1 -10 898.11 128.85 916.691 175.782 0.0999890208244 0.0 0.0 20.6256189509 -1.38195197977 49.4487259862 0.0 0.0011005
pedestrian -1 -1 -10 12.133 117.15 42.135 171.195 0.926898207726 1.16487234429 0.300000098901 -9.35206099238 0.218322651579 11.6102832521 0.00753464155925 0.0010747
pedestrian -1 -1 -10 593.36 172.4 602.578 188.351 0.0999890208244 0.0149977465706 0.194999933156 -0.624630120287 1.13344828148 62.0788290639 0.00753464155925 0.0010403
pedestrian -1 -1 -10 932.09 128.96 998.52 187.163 1.66981664062 0.582936319528 0.503999555803 9.02967403541 0.866560463688 17.5925273977 0.00753464155925 0.0010215
pedestrian -1 -1 -10 1144.1 144.11 1175.8 229.086 1.95878494513 1.19286939342 1.07299962577 2.91525448244 1.46153862364 3.76001551399 0.00753464155925 0.0010186
pedestrian -1 -1 -10 285.69 159.75 329.171 245.621 2.46672912753 1.14287444146 0.746000061557 -9.15119907834 1.58139939946 22.5655014076 0.00753464155925 0.00096343
pedestrian -1 -1 -10 1016.9 139.99 1056.5 192.264 1.32785418177 0.708921967856 0.953999227317 12.5369366943 1.00246920844 21.1730558891 0.00753464155925 0.00075062
pedestrian -1 -1 -10 475.91 155.98 491.195 201.991 0.100988898159 0.387957985552 0.366000063439 -11.454910838 0.503882618412 66.8619058724 0.00753464155925 0.00068374
pedestrian -1 -1 -10 227.83 134.04 241.802 168.509 1.41484464228 1.05888400924 0.565999811482 -9.50926548668 0.575063072997 19.0158202693 0.00753464155925 0.00059472
pedestrian -1 -1 -10 864.17 153.19 881.506 188.25 0.347961818215 0.292967171565 0.326999564208 16.4287301057 -0.11130605184 44.650208836 0.00753464155925 0.0005632
pedestrian -1 -1 -10 753.72 153.11 773.484 210.245 1.94278666937 0.72892023471 1.04899970368 2.81247154918 1.37886932468 13.2332020348 0.00753464155925 0.00053474
pedestrian -1 -1 -10 1076.8 127.9 1225.56 370.8 1.95878494513 1.18487037275 1.03799978907 2.89786053317 1.46175860236 3.77414542615 0.00753464155925 0.0003855
pedestrian -1 -1 -10 1072.9 139.12 1094.68 182.073 0.103988530165 0.502943252112 0.388999819887 23.1140357228 -0.414684665507 35.2462315411 0.00753464155925 0.00038007
pedestrian -1 -1 -10 1131.9 145.87 1229.75 273.45 1.57082756268 0.874904149893 0.803999177867 8.10695832864 1.13707797438 10.2927351719 0.00753464155925 0.0003525
pedestrian -1 -1 -10 233.9 137.11 247.433 170.458 1.55982870341 1.17487243128 0.565999811482 -9.50720174204 0.724014196343 19.2827094072 0.00753464155925 0.00034792
pedestrian -1 -1 -10 745.25 161.21 760.018 199.527 0.340962557674 0.0599948005618 0.161999652864 10.3176033119 0.532439183162 49.8438840794 0.00753464155925 0.00034036
pedestrian -1 -1 -10 1177.0 158.3 1239.28 304.1 1.1468740747 0.874904149893 0.64899996918 7.10325313413 1.26723897286 8.90704162948 0.00753464155925 0.00025717
pedestrian -1 -1 -10 1050.8 139.58 1091.76 187.063 0.600934002282 0.247973931853 0.194000184755 22.345744409 0.0890378683243 34.5876508862 0.00753464155925 0.00023837
pedestrian -1 -1 -10 945.39 117.59 1151.93 334.43 0.114987359645 0.32796413856 0.340999498887 8.6145556337 0.962382561022 13.9717293164 0.00753464155925 0.00022687
pedestrian -1 -1 -10 509.49 165.32 521.876 205.325 0.356960773829 0.108989219356 0.325999636993 -6.10761435843 -0.0499997023639 49.2697891242 0.00753464155925 0.00021915
pedestrian -1 -1 -10 738.22 159.16 752.281 196.582 0.336963003635 0.198979513059 0.471999977585 9.8374968217 0.519757373888 49.0350476088 0.00753464155925 0.00018484
pedestrian -1 -1 -10 368.93 164.46 380.296 203.75 0.101988801569 0.466949804627 0.821999775079 -5.91060721802 0.155824420945 18.5351308239 0.00753464155925 0.00016514
pedestrian -1 -1 -10 983.49 144.66 1005.96 185.057 0.328963850859 0.200974381181 0.218000345255 21.0269949198 -0.164463818877 39.0234375902 0.00753464155925 0.00012262
pedestrian -1 -1 -10 899.97 133.24 946.591 183.015 1.47783773014 0.137985371297 0.193000734377 13.318506369 0.415874333055 29.8826626886 0.00753464155925 0.00011642
pedestrian -1 -1 -10 1061.0 137.98 1108.29 183.315 0.103988530165 0.502943252112 0.388999819887 23.1140357228 -0.414684665507 35.2462315411 0.00753464155925 0.00011347
pedestrian -1 -1 -10 849.57 151.28 897.783 191.48 0.347961818215 0.292967171565 0.326999564208 16.4287301057 -0.11130605184 44.650208836 0.00753464155925 9.9432e-05
pedestrian -1 -1 -10 1098.7 128.66 1136.12 232.78 0.0999890208244 0.07199452353 0.117000544019 25.1767996665 -0.212838868325 35.3201846723 0.00753464155925 5.691e-05
pedestrian -1 -1 -10 1104.1 96.394 1210.06 276.324 1.91378980947 1.16387228791 1.01299970135 2.92022174546 1.41650284046 3.75781135223 0.00753464155925 5.2894e-05
pedestrian -1 -1 -10 1226.9 205.21 1241.97 270.104 0.981892183781 0.565937983416 1.09699978627 7.04485576505 1.23360008136 8.18515845721 0.00753464155925 4.081e-05
pedestrian -1 -1 -10 751.03 152.03 782.518 225.941 1.94278666937 0.980892484937 1.19299947459 2.88352014542 1.37695179075 13.1066777737 0.00753464155925 3.9597e-05
pedestrian -1 -1 -10 950.53 208.25 985.928 275.711 0.246972896217 1.07388175581 0.431000100762 7.13953722674 1.25213085878 13.5544723096 0.00753464155925 2.6529e-05
pedestrian -1 -1 -10 8.0126 183.85 67.4926 308.61 0.283968804599 0.533941900734 0.13999982363 -6.53344205406 0.653476954268 8.2858894352 0.00753464155925 2.0525e-05
pedestrian -1 -1 -10 918.68 199.29 1002.84 301.62 0.977892585043 1.17987056764 0.514999947256 2.57306527761 1.42836672156 5.68559032896 0.00753464155925 1.9153e-05
pedestrian -1 -1 -10 1033.2 132.23 1079.02 185.462 0.594934648874 0.19997885426 0.31599988801 21.5377960077 0.0877462407873 34.3316780344 0.00753464155925 1.8732e-05
pedestrian -1 -1 -10 997.86 138.43 1041.44 191.252 1.31785528922 0.808911394986 0.741999399024 12.4313133861 0.993287618968 21.2239207426 0.00753464155925 1.7751e-05
pedestrian -1 -1 -10 9.3521 159.35 100.874 245.219 1.58382604254 0.97189364628 1.17099964536 -5.59620393019 1.63700960276 7.41777063647 0.00753464155925 1.7152e-05
pedestrian -1 -1 -10 883.17 102.1 1067.45 341.26 1.66981664062 0.688923701002 0.503999555803 9.02927475073 0.865775939152 17.5395352112 0.00753464155925 1.4341e-05
pedestrian -1 -1 -10 267.81 124.76 286.504 177.336 0.250972405557 0.215975942031 0.0629997060568 -9.7442854354 -0.611575472835 21.6644071707 0.00753464155925 1.3291e-05
pedestrian -1 -1 -10 709.73 255.87 735.402 301.355 0.874903967973 1.08588052521 0.614999702068 1.95340582131 1.57202094518 10.6320524452 0.00753464155925 1.2865e-05
pedestrian -1 -1 -10 1144.3 111.95 1203.19 242.96 1.57082756268 1.0198877703 1.04099909387 7.98791553004 1.13609107418 10.2211369884 0.00753464155925 1.2741e-05
pedestrian -1 -1 -10 1041.0 140.67 1055.41 192.184 1.52083301055 0.476948938054 0.801999800274 13.2987354401 0.582075369903 21.8580629209 0.00753464155925 7.5339e-06
pedestrian -1 -1 -10 1139.6 201.23 1186.27 319.26 1.15587303031 0.874904149893 0.871999950508 7.06875701222 1.27626304692 8.9072345658 0.00753464155925 5.9797e-06
pedestrian -1 -1 -10 989.8 137.39 1024.59 189.042 1.43684224164 0.650927756836 1.08199944753 13.0562728933 0.773577297044 23.6356787617 0.00753464155925 5.7439e-06
pedestrian -1 -1 -10 962.15 130.02 1005.54 189.867 0.339962680339 0.0809924086165 0.0990009004807 23.8322331356 -0.794461539016 45.0205373887 0.00753464155925 4.5354e-06
pedestrian -1 -1 -10 930.79 136.38 971.008 192.077 0.0999890208244 0.0 0.0 21.2468264879 -0.136364857957 44.1698826314 0.0 3.4217e-06
pedestrian -1 -1 -10 918.62 142.48 953.074 191.501 0.300966942788 0.561938711473 0.1200008025 17.5056300968 0.347587731367 38.5386129322 0.00753464155925 1.9603e-06
pedestrian -1 -1 -10 1153.6 196.86 1197.47 300.92 1.36285033548 0.580936683557 0.725999609916 8.14610808903 0.997405366059 10.3159718856 0.00753464155925 5.4079e-07
pedestrian -1 -1 -10 914.61 204.3 966.039 286.569 0.267970558645 1.18586995234 0.444999558604 7.03831047378 1.25953235026 14.455405167 0.00753464155925 4.6682e-07
pedestrian -1 -1 -10 808.48 148.48 851.136 193.034 0.100988898159 0.0319979898222 0.175000137165 14.8481080464 -0.087478832707 48.0149021641 0.00753464155925 4.5092e-07
pedestrian -1 -1 -10 1218.2 148.61 1241.98 232.562 0.0999890208244 0.0 0.0 16.2217466418 0.789726043535 18.7025173806 0.0 1.269e-07
pedestrian -1 -1 -10 951.79 141.16 974.676 193.386 0.0999890208244 0.0 0.0 18.4697286721 -0.3766493055 37.0133737332 0.0 3.8142e-08
