pedestrian -1 -1 -10 629.9 154.17 674.989 270.13 1.84299176186 0.619999465399 0.627997662823 0.714613658774 1.42338182229 11.2997181138 0.00692802392802 0.99734
pedestrian -1 -1 -10 186.62 155.18 204.067 198.485 1.38899376541 1.04699826813 0.545997476734 -17.4162923111 0.4936741519 30.2764794051 0.00692802392802 0.92932
pedestrian -1 -1 -10 1020.8 169.95 1058.39 243.494 1.52299322933 0.520999555377 0.57999774579 10.3066876143 1.5266453055 16.7942069267 0.00692802392802 0.61263
pedestrian -1 -1 -10 173.64 155.05 209.253 196.663 0.79399651587 0.872001057013 0.496997874353 -18.3126119171 -0.808172049984 31.4260491798 0.00692802392802 0.29003
pedestrian -1 -1 -10 1032.6 174.42 1052.74 236.348 1.52299322933 0.520999555377 0.57999774579 10.3066876143 1.5266453055 16.7942069267 0.00692802392802 0.2725
pedestrian -1 -1 -10 195.18 156.6 212.238 195.755 0.582997366786 0.614999354347 0.231999479784 -17.4540976186 0.512290671561 31.5802633147 0.00692802392802 0.1526
pedestrian -1 -1 -10 640.14 167.17 667.066 249.972 1.84299176186 0.619999465399 0.627997662823 0.714613658774 1.42338182229 11.2997181138 0.00692802392802 0.083297
pedestrian -1 -1 -10 624.41 163.09 657.576 264.08 1.84299176186 0.619999465399 0.627997662823 0.714613658774 1.42338182229 11.2997181138 0.00692802392802 0.042328
pedestrian -1 -1 -10 1034.9 172.41 1062.12 216.365 0.850996212661 0.45500152271 1.10599483986 23.1854901981 0.239670103653 36.4243607296 0.00692802392802 0.029761
pedestrian -1 -1 -10 192.54 154.89 228.321 199.049 0.996995557845 1.09899827867 0.525999001414 -17.5015304763 0.523907119806 32.0283747584 0.00692802392802 0.028012
pedestrian -1 -1 -10 1009.7 177.2 1046.47 245.514 1.12499502152 0.405999862192 0.16099964721 10.9953942823 1.15615201875 18.1877700196 0.00692802392802 0.016337
pedestrian -1 -1 -10 645.62 154.76 679.294 236.726 0.10099953562 0.0330009236809 1.04499615229 4.61840222931 -0.8541195793 50.4055006101 0.00692802392802 0.015005
pedestrian -1 -1 -10 214.14 167.6 226.279 196.39 1.04599530399 0.99800042231 0.290997366155 -18.2870391796 -0.647457289752 34.2359830904 0.00692802392802 0.013981
pedestrian -1 -1 -10 162.91 154.12 192.886 198.63 1.80399199128 1.10100099338 0.210999650192 -18.0608535299 0.240576972185 30.1644062964 0.00692802392802 0.013762
pedestrian -1 -1 -10 171.73 155.67 184.589 198.106 1.80399199128 1.17899814816 0.216998239118 -18.0563786491 0.240321009082 30.3773805492 0.00692802392802 0.011329
pedestrian -1 -1 -10 631.09 163.62 651.973 234.494 1.84299176186 0.619999465399 0.627997662823 0.714613658774 1.42338182229 11.2997181138 0.00692802392802 0.0073749
pedestrian -1 -1 -10 653.12 161.77 677.142 218.013 0.102999560535 0.117999950552 0.145999360214 4.89677962453 0.705673795854 49.0468537281 0.00692802392802 0.0039518
pedestrian -1 -1 -10 656.95 152.68 687.28 223.417 0.102999560535 0.173000218455 0.31399895062 5.32781239748 0.713990336361 49.4793851764 0.00692802392802 0.0028435
pedestrian -1 -1 -10 648.35 158.35 667.382 216.487 1.83699174672 0.619999465399 0.627997662823 0.714605385229 1.41738180715 11.2997146821 0.00692802392802 0.0020194
pedestrian -1 -1 -10 655.63 156.6 672.676 201.202 0.10099953562 0.0330009236809 1.04499615229 4.61840222931 -0.8541195793 50.4055006101 0.00692802392802 0.0007761
pedestrian -1 -1 -10 680.46 146.98 697.913 189.425 0.342998497188 0.0489997531709 0.811996748739 6.69007302023 -1.51187887725 50.4422453258 0.00692802392802 0.00053093
pedestrian -1 -1 -10 1083.9 174.68 1112.02 241.942 1.46699348539 0.599999974863 0.390998325791 11.4187014977 1.57986629358 16.543090487 0.00692802392802 0.00033927
pedestrian -1 -1 -10 15.25 158.86 49.215 210.587 1.33599399365 0.582000338013 0.606996164307 -18.1204368457 -0.0127536678635 22.7301134345 0.00692802392802 0.00028749
pedestrian -1 -1 -10 625.14 168.23 638.591 214.262 1.84299176186 0.619999465399 0.627997662823 0.714613658774 1.42338182229 11.2997181138 0.00692802392802 0.00018254
pedestrian -1 -1 -10 1038.9 172.23 1076.63 238.366 0.120999486744 0.102998663721 0.412998555985 14.3768939129 1.53104734793 22.3709657846 0.00692802392801 8.9203e-05
pedestrian -1 -1 -10 761.85 133.9 801.98 212.924 2.12199058831 0.825999653861 1.18699581744 7.60507015154 0.660034097784 29.0813694637 0.00692802392802 5.7121e-05
pedestrian -1 -1 -10 1076.8 181.49 1095.58 262.089 1.46699348539 0.599999974863 0.390998325791 11.4187014977 1.57986629358 16.543090487 0.00692802392802 3.7863e-05
pedestrian -1 -1 -10 24.877 161.52 66.306 212.392 0.775996558927 0.596000267491 0.551997973001 -16.5631707568 0.642417546976 21.4533806365 0.00692802392802 2.7857e-05
pedestrian -1 -1 -10 85.28 164.72 122.623 198.077 2.0219909519 1.15499990393 0.876995608212 -18.0657808894 0.582470764989 25.8986062386 0.00692802392802 1.1388e-05
pedestrian -1 -1 -10 599.27 165.28 640.469 248.833 0.488997872174 0.190999855305 0.0509998075399 0.907015187819 1.06023026646 30.2047155934 0.00692802392802 7.5317e-06
pedestrian -1 -1 -10 266.15 152.62 304.848 192.669 0.0999995529652 0.0909995416031 0.155999551544 -23.0599740964 -0.843745448657 52.1173107571 0.006928023928 3.8192e-06
pedestrian -1 -1 -10 245.77 133.54 295.671 188.993 0.105999329687 0.0579986179222 0.277998834032 -30.341229024 -2.71620426299 65.6944104124 0.00692802392802 1.0825e-06
pedestrian -1 -1 -10 76.748 145.85 138.88 196.016 1.86099165827 1.15199773921 0.876995608212 -18.0655906826 0.421402274238 25.9580124271 0.00692802392802 6.2826e-07
pedestrian -1 -1 -10 11.534 122.76 87.28 219.533 1.53899314553 1.12799949498 0.605996717377 -18.1171897006 0.175658394213 23.2362040682 0.00692802392802 3.6417e-07
