pedestrian -1 -1 -10 682.91 167.31 710.106 233.536 1.84079782534 0.807912053786 0.889999832464 2.62907257956 1.81157937157 21.4410566544 0.00753464155925 0.9937
pedestrian -1 -1 -10 678.67 170.81 697.077 232.766 0.328963850859 0.0909896349038 0.304999973393 3.93211033228 1.52420433544 38.209116077 0.00753464155925 0.028292
pedestrian -1 -1 -10 659.09 177.99 672.477 205.963 0.102988682629 0.163983499635 0.247999830624 4.20420740997 1.15386945533 49.4769316814 0.00753464155925 0.0080285
pedestrian -1 -1 -10 698.84 168.95 715.801 227.734 1.85879585577 0.811911325728 0.621999788617 2.76308942455 1.82950944296 21.4419147773 0.00753464155925 0.0058876
pedestrian -1 -1 -10 686.47 171.58 724.085 224.435 1.85879585577 0.811911325728 0.690999773218 2.72859040874 1.82953456149 21.4421743481 0.00753464155925 0.0025699
pedestrian -1 -1 -10 675.82 173.88 690.184 224.342 1.80480176449 0.807912053786 0.682999878663 2.5255644333 1.77565866631 21.4421019027 0.00753464155925 0.00098489
pedestrian -1 -1 -10 1044.0 125.65 1079.55 170.706 1.76780587101 0.746917912023 0.586999713501 8.87705348374 1.03628274959 13.3123002826 0.00753464155925 0.00026369
pedestrian -1 -1 -10 0.0 125.17 98.319 323.33 0.261971264836 0.0839904322189 0.229999471831 -15.7650102735 0.894173627461 20.9804632561 0.00753464155925 0.00017294
pedestrian -1 -1 -10 709.04 167.18 722.836 220.093 0.0999890208244 0.0 0.0 7.68798666615 1.17786668542 50.229411502 0.0 2.8058e-05
pedestrian -1 -1 -10 706.33 165.44 731.312 230.61 0.0999890208244 0.0 0.0 7.70070737747 1.14956928682 49.2646012768 0.0 1.6083e-05
pedestrian -1 -1 -10 40.589 87.453 197.999 315.213 0.587935418132 0.778913994705 0.0780000447878 -14.4681518137 1.23854237544 21.8696314574 0.00753464155925 1.3038e-05
pedestrian -1 -1 -10 254.35 146.4 343.909 224.295 0.101988790394 0.28596796888 0.0359992870759 -18.5333175976 0.742239276861 43.020424044 0.00753464155925 5.1166e-06
pedestrian -1 -1 -10 269.5 165.62 336.076 251.015 1.31685545658 0.936897156071 0.977999626236 -3.36695645051 1.41498516403 8.04887359663 0.00753464155925 9.1724e-08
pedestrian -1 -1 -10 220.09 126.83 259.383 206.503 1.28985836625 0.864903109326 0.303001311056 -18.3367383036 0.83059009167 35.9019459495 0.00753464155925 3.0589e-08
pedestrian -1 -1 -10 294.2 174.56 357.466 246.036 1.2798594588 1.07588234535 1.19499956744 -3.18215297114 1.37848394639 8.0902537933 0.00753464155925 2.4262e-09
