pedestrian -1 -1 -10 658.03 155.81 671.3 200.81 2.30474697291 0.670927930829 0.76999974522 2.17051775734 1.38514219315 27.6796178257 0.00753464155925 0.13668
pedestrian -1 -1 -10 651.49 139.24 668.881 196.049 1.95878494513 0.670927930829 0.76999974522 2.17041108519 1.03918016536 27.682179532 0.00753464155925 0.094547
pedestrian -1 -1 -10 657.23 133.41 671.515 189.063 1.64381953191 0.604935175923 0.76999974522 2.17006535684 0.723726270077 27.6515162803 0.00753464155925 0.024221
pedestrian -1 -1 -10 703.56 163.97 718.276 216.146 2.25775208259 0.573937480872 0.490999786756 2.12117516942 1.57220802775 15.1866489908 0.00753464155925 0.012413
pedestrian -1 -1 -10 646.82 132.4 663.402 181.484 0.701922954079 0.476948938054 0.208000000225 2.16905420401 0.474155786022 33.0779955202 0.00753464155925 0.012319
pedestrian -1 -1 -10 693.03 168.18 704.48 205.143 2.35974088192 0.573937480872 0.930999828497 2.03720908757 1.67425798519 15.1865258036 0.00753464155925 0.0075198
pedestrian -1 -1 -10 663.45 135.46 676.737 191.806 1.78580390144 0.594936042496 0.696999813343 2.20657039883 0.865610050794 27.6451909015 0.00753464155925 0.0031176
pedestrian -1 -1 -10 641.25 129.99 673.519 186.171 1.27086047246 0.579936388786 0.728999629978 2.15535657592 0.35059272528 27.6418879448 0.00753464155925 0.0031122
pedestrian -1 -1 -10 655.78 152.39 676.504 210.607 2.46572930979 0.670927930829 0.76999974522 2.17056739381 1.54612453002 27.6784258178 0.00753464155925 0.00119
pedestrian -1 -1 -10 706.95 163.71 731.777 215.133 2.25475239098 0.573937480872 0.490999786756 2.12117424452 1.56920833615 15.1866712023 0.00753464155925 0.00094185
pedestrian -1 -1 -10 646.18 151.3 667.626 212.36 2.46572930979 0.670927930829 0.76999974522 2.17056739381 1.54612453002 27.6784258178 0.00753464155925 0.000198
