pedestrian -1 -1 -10 681.59 150.92 701.8 202.393 2.10876839293 0.911900752858 0.726999894758 2.26363129635 1.32803015918 20.3137953808 0.00753464155925 0.11253
pedestrian -1 -1 -10 671.09 148.21 691.452 195.463 2.10876839293 0.911900752858 0.726999894758 2.26363129635 1.32803015918 20.3137953808 0.00753464155925 0.022607
pedestrian -1 -1 -10 1084.5 160.1 1102.89 201.471 2.19375915837 1.15287357489 0.425001014311 19.2559751886 1.04475586852 28.4342212844 0.00753464155925 0.0057981
pedestrian -1 -1 -10 686.83 146.52 703.071 188.714 2.09476999104 0.783914514989 0.721999901057 2.26564474559 1.31308257581 20.2498889213 0.00753464155925 0.0046954
pedestrian -1 -1 -10 665.99 145.96 695.962 210.481 2.10876839293 0.911900752858 0.726999894758 2.26363129635 1.32803015918 20.3137953808 0.00753464155925 0.0038848
pedestrian -1 -1 -10 1091.5 166.83 1103.49 203.262 2.18975958943 1.15287357489 0.43900094899 19.2620395361 1.03891568616 28.3102147868 0.00753464155925 0.002286
pedestrian -1 -1 -10 784.84 186.72 801.253 232.356 2.19375906897 0.944896653526 1.01099972771 2.07080637951 1.64117256736 7.68499898148 0.00753464155925 0.0021162
pedestrian -1 -1 -10 1078.4 163.81 1092.41 202.479 2.41173515892 1.19086951905 0.536998584397 19.1757721811 1.25719719543 28.6633262512 0.00753464155925 0.0011949
pedestrian -1 -1 -10 671.26 130.14 696.27 182.448 1.61682248628 0.911900752858 0.726999894758 2.26347961227 0.836084252534 20.3174380376 0.00753464155925 0.0011179
pedestrian -1 -1 -10 672.94 131.76 707.189 197.199 1.84879700792 0.911900752858 0.726999894758 2.2635511381 1.06805877417 20.3157203619 0.00753464155925 0.0010698
pedestrian -1 -1 -10 785.03 174.61 816.118 231.824 2.19775869751 0.962894807624 1.09199979256 2.11123869467 1.64500948556 7.67566583044 0.00753464155925 0.00044744
pedestrian -1 -1 -10 779.92 183.43 790.789 227.416 2.19375906897 0.907900527346 0.935999702989 2.03344680351 1.64147371753 7.7037786618 0.00753464155925 0.00036851
pedestrian -1 -1 -10 673.62 161.47 695.124 234.841 2.48272740328 0.911900752858 0.726999894758 2.26374660095 1.70198916954 20.3110263684 0.00753464155925 0.00025369
pedestrian -1 -1 -10 658.63 161.74 675.425 209.829 2.61071325172 0.478947620455 0.397999880075 2.36507852247 1.71933686529 25.7422018132 0.00753464155925 0.00019526
pedestrian -1 -1 -10 814.85 183.68 831.784 223.025 2.09876958978 0.652928346377 0.563999718634 2.15137476384 1.5482863721 7.83108420777 0.00753464155925 0.00015541
pedestrian -1 -1 -10 1094.3 153.5 1126.38 211.38 2.16176260686 0.786914445731 0.142999605274 19.4062251805 1.01931917028 27.8031418702 0.00753464155925 6.7951e-05
pedestrian -1 -1 -10 785.36 166.88 801.925 212.851 2.09876958978 0.652928346377 0.563999718634 2.15137476384 1.5482863721 7.83108420777 0.00753464155925 1.9104e-05
