pedestrian -1 -1 -10 1008.3 137.51 1124.58 324.9 1.70399241447 0.717999448578 0.952996490123 4.25160164091 1.29214643957 6.47502319498 0.00692802392802 0.98841
pedestrian -1 -1 -10 834.92 147.6 858.358 211.372 1.63899270743 0.590999202764 0.548998201703 6.46402101988 0.923133735782 18.6351035064 0.00692802392802 0.95628
pedestrian -1 -1 -10 1072.1 125.87 1140.49 329.57 1.67699246556 0.717999448578 0.945996308508 4.37506096933 1.26480688592 6.47415175646 0.00692802392802 0.94506
pedestrian -1 -1 -10 806.94 157.98 821.013 199.897 1.24299442023 0.617999611713 0.886996753213 9.4677317749 0.711042807879 30.7060765857 0.00692802392802 0.86399
pedestrian -1 -1 -10 1171.5 115.98 1224.05 330.36 1.73899216503 0.475000059573 0.566997783161 5.0637071877 1.26869939742 5.78183199424 0.00692802392802 0.70001
pedestrian -1 -1 -10 822.38 153.46 836.062 203.833 1.24299442023 0.482999474318 0.822996863836 9.78674967892 0.71032625891 30.5633620178 0.00692802392802 0.62957
pedestrian -1 -1 -10 825.26 149.82 846.699 206.516 1.63899270743 0.590999202764 0.548998201703 6.46402101988 0.923133735782 18.6351035064 0.00692802392802 0.326
pedestrian -1 -1 -10 801.62 158.37 816.614 196.747 1.24199443758 0.617999611713 0.537998086606 9.29323801211 0.711522654243 30.7072866417 0.00692802392802 0.14719
pedestrian -1 -1 -10 804.4 156.37 831.692 198.876 1.24299442023 0.673999329623 0.972995919113 9.51053634282 0.710957128984 30.6777793614 0.00692802392802 0.080876
pedestrian -1 -1 -10 809.95 153.13 842.326 203.88 1.24299442023 0.482999474318 0.889997001347 9.75325041486 0.710418378953 30.5635942123 0.00692802392802 0.065221
pedestrian -1 -1 -10 839.77 145.35 873.329 212.773 0.109999498725 0.586997588045 0.351000421481 19.2672421437 -1.65677522233 52.3751243618 0.00692802392802 0.047498
pedestrian -1 -1 -10 845.06 157.43 859.35 213.202 1.63899270743 0.590999202764 0.548998201703 6.46402101988 0.923133735782 18.6351035064 0.00692802392802 0.012566
pedestrian -1 -1 -10 852.43 160.7 876.391 206.256 0.274998722971 0.0439986884448 0.0299996203214 9.17240375858 0.715489941407 24.9115468042 0.00692802392802 0.010428
pedestrian -1 -1 -10 1045.1 172.51 1102.46 324.66 1.70399241447 0.717999448578 0.996996473674 4.27360110423 1.29208594297 6.47487070936 0.00692802392802 0.0077125
pedestrian -1 -1 -10 1107.7 119.74 1215.57 315.99 1.42099365741 1.19499983867 0.444998500673 6.72035744486 1.17325517727 8.29649076188 0.00692802392802 0.0056245
pedestrian -1 -1 -10 859.84 164.91 875.089 199.53 0.340998472273 0.981997778125 0.47499859783 17.7995150297 -0.292091043618 47.4521242943 0.00692802392802 0.0049124
pedestrian -1 -1 -10 1012.8 149.59 1068.81 322.25 1.70699242204 0.613999427504 0.776997032752 4.16324790839 1.29544890799 6.42363608905 0.00692802392802 0.0046009
pedestrian -1 -1 -10 1059.9 133.67 1108.52 249.36 0.338998488337 0.656999142779 0.470998425931 6.93604612925 0.114497397229 10.1874411147 0.00692802392802 0.0026378
pedestrian -1 -1 -10 1092.4 130.41 1137.48 284.24 1.67699246556 0.717999448578 0.871996704635 4.4120598825 1.26470514215 6.47389530465 0.00692802392802 0.0024117
pedestrian -1 -1 -10 854.94 153.39 870.995 197.434 0.340998472273 0.834998518613 0.47499859783 17.8000242329 -0.29217652242 47.5256221602 0.00692802392802 0.0017764
pedestrian -1 -1 -10 1077.7 114.16 1125.64 237.92 1.68199243844 0.820999065972 0.928996412397 4.39092417188 1.26970434309 6.52554575664 0.00692802392802 0.00042694
pedestrian -1 -1 -10 1064.0 223.6 1094.43 328.13 1.70299237221 0.717999448578 1.04999624795 4.30009897584 1.29101303009 6.47468646224 0.00692802392802 4.9124e-05
pedestrian -1 -1 -10 11.614 153.49 68.454 246.237 1.50899326354 1.00999954443 1.17799554987 -4.99712744211 1.45793427071 6.23039797014 0.00692802392802 3.7316e-06
pedestrian -1 -1 -10 1092.7 239.34 1138.47 317.134 1.68199243844 0.820999065972 0.810996824973 4.44992254837 1.26954210272 6.52513681921 0.00692802392802 8.5955e-07
pedestrian -1 -1 -10 1152.1 118.76 1217.19 201.904 1.38399378881 1.17999950552 0.633997443837 6.81228672604 1.13441703888 7.93332155157 0.00692802392802 1.6902e-07
