pedestrian -1 -1 -10 546.87 152.34 663.48 362.4 1.71999231577 0.718999375421 0.980996352319 -0.0282226534208 1.47747713595 6.01436832023 0.00692802392802 0.99917
pedestrian -1 -1 -10 646.92 224.37 663.517 263.499 1.52599316239 1.07899974181 0.759997136642 1.19707684787 1.49110094452 13.0061806544 0.00692802392802 0.14993
pedestrian -1 -1 -10 584.82 151.08 644.475 303.45 0.522997580469 0.572999565915 0.79699700284 0.475675698798 1.17917945356 14.6794404762 0.00692802392802 0.025779
pedestrian -1 -1 -10 624.32 152.78 640.132 208.626 1.86899163872 0.762999971213 1.17499554016 0.818695871754 0.849633616882 17.8199746928 0.00692802392802 0.0092859
pedestrian -1 -1 -10 654.99 222.67 671.409 260.868 2.24898999482 1.02499892391 0.862996794697 1.2510158168 1.43134554565 12.6593087802 0.00692802392802 0.0079386
pedestrian -1 -1 -10 616.26 154.24 636.467 215.555 1.99499100298 0.762999971213 1.13999566026 0.642374517238 0.976118327206 17.8212701048 0.00692802392802 0.0059466
pedestrian -1 -1 -10 588.21 150.68 632.854 228.658 1.68199249804 0.718999375421 0.920996545434 -0.0282750372523 1.43947731818 6.01434658606 0.00692802392802 0.0042019
pedestrian -1 -1 -10 538.64 161.4 604.987 364.5 0.376998324692 0.209999895835 0.680997496708 -0.810136882646 1.1106911529 14.7098546476 0.00692802392802 0.0014461
pedestrian -1 -1 -10 324.16 202.4 348.293 261.439 1.0549952969 1.07399963076 1.17899571206 -4.13546601339 1.37615661915 10.9537139325 0.00692802392802 0.00081161
pedestrian -1 -1 -10 661.79 177.38 676.196 214.748 1.46599348783 1.14999979288 0.998996201997 1.32224470753 1.43079745139 12.9697773055 0.00692802392802 0.0003733
pedestrian -1 -1 -10 649.79 215.07 682.655 265.151 2.24898999482 1.18599906657 0.92399655515 1.28286244984 1.43103547626 12.8535920735 0.00692802392802 0.00020392
pedestrian -1 -1 -10 667.23 175.58 680.959 212.533 2.24898999482 1.1489993892 1.04899608577 1.34548888015 1.43084209651 12.871658272 0.00692802392802 0.00019176
pedestrian -1 -1 -10 583.63 149.64 602.995 202.972 1.85999167562 0.545999156966 1.16399566348 -0.19910078893 0.849486808714 17.77953036 0.00692802392802 9.3781e-05
pedestrian -1 -1 -10 598.97 146.59 628.838 274.17 1.71999231577 0.718999375421 0.980996352319 -0.0282226534208 1.47747713595 6.01436832023 0.00692802392802 5.7306e-05
pedestrian -1 -1 -10 589.27 150.94 612.271 218.316 1.64499260336 0.718999375421 0.920996545434 -0.0283260571701 1.4024774235 6.01432542389 0.00692802392802 4.3335e-05
pedestrian -1 -1 -10 581.85 150.62 617.067 251.43 1.71999231577 0.718999375421 0.980996352319 -0.0282226534208 1.47747713595 6.01436832023 0.00692802392802 3.857e-05
pedestrian -1 -1 -10 326.79 232.41 348.447 279.266 1.0549952969 1.0819990455 1.18099532117 -4.10649436566 1.37608152505 10.9495133169 0.00692802392802 3.7373e-05
pedestrian -1 -1 -10 563.2 153.59 623.219 278.75 1.72899221927 0.718999375421 0.980996352319 -0.0282102432683 1.48647703945 6.01437346775 0.00692802392802 2.4639e-05
pedestrian -1 -1 -10 578.08 165.82 603.628 248.839 1.72899221927 0.718999375421 0.980996352319 -0.0282102432683 1.48647703945 6.01437346775 0.00692802392802 6.4779e-06
pedestrian -1 -1 -10 557.23 150.36 602.733 243.81 1.11199506819 0.489999439056 1.16499563195 -0.50943490477 0.976380081034 17.7502625615 0.00692802392802 1.4182e-06
pedestrian -1 -1 -10 547.91 157.07 593.093 271.15 1.11199506819 0.596999717497 1.1839955395 -0.742299088523 0.977081637645 17.6983751965 0.00692802392802 8.3072e-07
