pedestrian -1 -1 -10 516.43 168.37 527.515 198.528 0.859905569554 0.188978472492 0.484000057835 -5.12701724185 0.989816992044 43.5539424605 0.00753464155925 0.45234
pedestrian -1 -1 -10 86.514 161.13 112.213 221.317 0.334963219166 0.215975942031 0.780000447878 -28.252076969 0.423324994883 41.0048122325 0.00753464155925 0.0043822
pedestrian -1 -1 -10 467.86 138.74 486.351 185.361 0.394956648944 0.321963323506 1.02999941768 -9.86656022359 -0.0228455281965 55.4043329496 0.00753464155925 0.0019348
pedestrian -1 -1 -10 83.118 132.01 117.272 219.15 1.82579953122 0.662927479804 0.607000165142 -11.8992872531 0.997941113968 16.4092481085 0.00753464155925 0.0019035
pedestrian -1 -1 -10 505.69 165.3 522.03 198.692 0.0999890208244 0.0 0.0 -7.66282030957 0.692141635441 58.9994603704 0.0 0.0017485
pedestrian -1 -1 -10 513.42 161.79 534.438 198.867 0.859905569554 0.188978472492 0.484000057835 -5.12701724185 0.989816992044 43.5539424605 0.00753464155925 0.0014908
pedestrian -1 -1 -10 418.06 151.06 443.497 200.14 1.6578179934 0.72792089351 0.687000064359 -10.3006688519 1.23969468165 41.3083173236 0.00753464155925 0.0010229
pedestrian -1 -1 -10 456.87 134.34 480.399 189.73 0.100988898159 0.0879916113014 0.385999561406 -10.8744207662 -0.0212640222234 56.2098390525 0.00753464155925 0.0005616
pedestrian -1 -1 -10 474.73 139.53 490.627 183.803 1.74680822348 0.352961972127 1.015999483 -6.55391759205 0.60426540338 38.469263718 0.00753464155925 0.00045848
pedestrian -1 -1 -10 278.1 141.02 294.649 180.655 0.335963170999 0.496943390628 0.248001022717 -19.3472871519 -0.718333042037 44.2435773583 0.00753464155925 0.00037154
pedestrian -1 -1 -10 71.684 154.68 89.857 210.938 2.31074623692 0.924898863457 0.6350000345 -11.9141241864 1.4809588858 16.2747806368 0.00753464155925 0.00035756
pedestrian -1 -1 -10 528.8 156.3 540.183 197.34 0.100988898159 0.306965576935 0.676999838538 -6.3565186574 0.465057624601 63.6421268956 0.00753464155925 9.5923e-05
pedestrian -1 -1 -10 80.573 201.82 113.986 282.93 2.57571712781 0.772916040361 0.480000348977 -11.8138320062 1.97495733092 16.3446831504 0.00753464155925 9.5778e-05
pedestrian -1 -1 -10 63.987 148.48 83.58 202.616 2.20775761985 1.04288501433 0.622000503873 -11.9217629892 1.37579902326 16.1286116134 0.00753464155925 8.2452e-05
pedestrian -1 -1 -10 431.7 142.14 449.178 196.331 0.599934124947 0.796913579158 0.24899951942 -9.93139468773 0.729477268895 43.6010761659 0.00753464155925 8.0829e-05
pedestrian -1 -1 -10 2.9768 144.72 41.6098 221.036 0.100988927959 0.131985509812 0.111000027057 -33.7035137393 0.190124081608 41.7096982171 0.00753464155927 3.0062e-05
pedestrian -1 -1 -10 75.883 166.8 102.15 232.581 2.67870586407 0.947896107484 0.657000340571 -11.9030975271 1.84874027713 16.2604749888 0.00753464155925 2.6515e-05
pedestrian -1 -1 -10 0.0 159.14 18.857 212.007 0.349961587785 0.205974901465 0.584998905397 -33.2760991622 0.430679280708 40.9546559075 0.00753464155927 1.6682e-05
pedestrian -1 -1 -10 460.72 133.29 494.834 191.904 1.50183514749 0.267972198707 1.12899984132 -6.75716900514 0.357069897791 38.5151468377 0.00753464155925 1.3922e-05
pedestrian -1 -1 -10 1112.7 114.02 1172.55 186.495 1.6808154105 0.203978126203 0.847999313171 15.4400398488 0.708418705431 20.8226015677 0.00753464155925 3.8672e-06
