pedestrian -1 -1 -10 1113.3 211.74 1204.2 342.4 2.06677306807 1.19586908577 1.02699963603 5.13192683338 1.48972851964 6.63459441475 0.00753464155925 0.068741
pedestrian -1 -1 -10 484.32 147.23 500.425 190.659 0.369959357979 0.245975249452 0.140999750845 -8.84300176471 -0.740611778457 56.0081464806 0.00753464155925 0.00038397
pedestrian -1 -1 -10 890.38 185.35 915.925 251.516 2.29174832917 1.08587957164 1.19599973307 7.11585896217 1.50880362883 17.3265058183 0.00753464155925 0.00012948
pedestrian -1 -1 -10 470.82 147.02 498.283 197.23 0.368959480644 0.944896176742 0.701999449416 -9.43125427057 0.64147398849 55.7765806918 0.00753464155925 9.1222e-05
pedestrian -1 -1 -10 898.51 181.64 920.47 233.739 2.29174832917 1.08288154804 1.19099962016 7.24470349921 1.5074289255 17.2390432509 0.00753464155925 8.559e-05
pedestrian -1 -1 -10 792.86 187.11 805.986 228.594 0.232974434732 0.18598044889 0.418999543675 4.99441211274 1.13516621318 19.0060135822 0.00753464155925 3.7644e-05
pedestrian -1 -1 -10 57.08 168.78 82.748 222.631 0.370959235314 0.533941900734 0.0640001101085 -13.7731630146 0.766311864669 18.7108434085 0.00753464155925 3.3776e-05
pedestrian -1 -1 -10 788.99 174.82 810.64 224.419 0.367959603309 0.206978056945 0.755999333704 11.9093892989 1.80381203544 43.3078711258 0.00753464155925 2.2406e-05
pedestrian -1 -1 -10 795.96 173.46 818.669 234.737 1.04288547599 0.466949804627 0.430999623925 4.83175867614 1.28079848037 16.8182756555 0.00753464155925 7.8472e-06
pedestrian -1 -1 -10 326.64 156.42 340.676 207.614 0.0999890208244 0.103988699073 0.481998296058 -23.1539068579 0.740850938198 61.0357262541 0.00753464155925 5.6216e-06
pedestrian -1 -1 -10 76.087 198.52 119.694 285.929 0.121986560588 0.455949422859 0.0859994625051 -11.7558476026 1.33640400506 15.6209375518 0.00753464155925 2.035e-08
