pedestrian -1 -1 -10 204.37 161.71 237.118 260.737 2.36474032819 0.917899660773 0.78199982547 -7.74066039876 1.63934930025 14.3806322153 0.00753464155925 0.98869
pedestrian -1 -1 -10 195.93 164.17 219.975 260.366 2.36474032819 0.917899660773 0.78199982547 -7.74234795744 1.63603354275 14.1566631334 0.00753464155925 0.099701
pedestrian -1 -1 -10 206.15 163.77 227.841 219.791 2.30474697291 0.917899660773 0.78199982547 -7.7406788968 1.57935594497 14.3810764414 0.00753464155925 0.0096269
pedestrian -1 -1 -10 449.32 157.49 469.29 196.046 0.565937937966 0.905902798514 1.11099924411 -7.96809586879 -0.602398040191 39.108626904 0.00753464155925 0.0058568
pedestrian -1 -1 -10 402.43 146.93 422.379 206.782 2.29374814343 0.860905744523 0.712999602451 -6.04461680279 1.44741572092 23.1008737002 0.00753464155925 0.0042892
pedestrian -1 -1 -10 209.39 165.44 242.057 225.469 2.36474032819 0.917899660773 0.78199982547 -7.74066039876 1.63934930025 14.3806322153 0.00753464155925 0.0033036
pedestrian -1 -1 -10 181.21 170.3 226.66 245.247 2.36474032819 1.03288683447 0.718999642576 -7.77259278809 1.63852109313 14.3233772606 0.00753464155925 0.0022176
pedestrian -1 -1 -10 446.39 163.85 461.221 200.558 1.24586322713 0.613934968149 1.11599983385 -7.9098016011 0.833957262817 37.7787751934 0.00753464155925 0.002166
pedestrian -1 -1 -10 215.4 197.73 238.028 261.811 2.36474032819 0.887903214062 0.78199982547 -7.74054739359 1.63957133563 14.3956300129 0.00753464155925 0.0010004
pedestrian -1 -1 -10 444.78 146.2 474.645 199.474 0.567937692636 0.99989045702 1.15999949232 -7.8014063771 -0.602104109302 39.0003662706 0.00753464155925 0.0005734
pedestrian -1 -1 -10 339.3 165.28 351.093 207.165 0.100988898159 0.122983810447 0.347000015849 -21.602388239 1.13648148366 60.3295917206 0.00753464155925 0.00049497
pedestrian -1 -1 -10 399.91 142.64 445.115 211.044 1.06788272226 0.903900301833 1.15599978346 -9.47585312814 1.31120200987 37.5901662829 0.00753464155925 0.00045516
pedestrian -1 -1 -10 325.1 176.59 338.14 213.189 1.02588735271 0.433954380743 0.581000150213 -13.2894938898 1.68670242757 34.4906007494 0.00753464155925 0.00037475
pedestrian -1 -1 -10 343.89 164.76 355.859 208.562 1.23786408925 0.265969702026 0.293000131561 -12.1544860657 0.124149724596 34.6487704681 0.00753464155925 0.0003574
pedestrian -1 -1 -10 410.02 140.15 431.907 195.711 0.557938800089 0.354960654529 0.900999747081 -9.96726060393 -0.62148355008 39.6274848867 0.00753464155925 0.00029187
pedestrian -1 -1 -10 439.47 114.19 469.588 191.349 0.56193830943 0.744917322482 0.839999895454 -8.03844077726 -0.606042885698 39.1296843034 0.00753464155925 0.00024182
pedestrian -1 -1 -10 316.24 179.11 338.948 217.679 1.23886390699 0.433954380743 0.581000150213 -13.2894282217 1.89967898185 34.4890237457 0.00753464155925 0.00020132
pedestrian -1 -1 -10 217.65 163.84 238.169 204.597 2.19775872731 0.838907841697 0.78199982547 -7.7404143003 1.47295240123 14.4213634337 0.00753464155925 0.00010175
pedestrian -1 -1 -10 1162.9 163.19 1182.66 209.0 0.0999890208244 0.0 0.0 32.3050831372 0.720335332347 40.8894367452 0.0 9.9333e-05
pedestrian -1 -1 -10 416.34 127.7 452.091 206.447 0.0999890208244 0.0279968107396 0.0769996407361 -12.0737685536 0.304909962274 49.9561743833 0.00753464155925 7.2177e-05
pedestrian -1 -1 -10 449.03 140.11 491.262 197.245 0.558938617826 0.592933545815 1.10299934955 -7.29074911859 -0.604172897853 39.1520044607 0.00753464155925 3.1413e-05
pedestrian -1 -1 -10 493.45 170.96 517.059 215.067 1.01288884305 0.605932609984 1.07699981146 -3.48604592201 1.36273817463 24.8411115821 0.00753464155925 2.4538e-06
