pedestrian -1 -1 -10 686.54 180.83 705.573 235.504 1.66281746947 0.71492182934 0.691999700432 3.046389988 1.95527436206 22.9211714089 0.00753464155925 0.91788
pedestrian -1 -1 -10 256.21 190.64 284.91 253.241 1.31185593581 0.795912330817 0.846999862793 -7.1723142868 1.74256971695 15.6262020142 0.00753464155925 0.83999
pedestrian -1 -1 -10 691.45 180.12 714.067 232.131 1.66281746947 0.71492182934 0.691999700432 3.046389988 1.95527436206 22.9211714089 0.00753464155925 0.1626
pedestrian -1 -1 -10 251.19 192.48 273.023 257.045 1.25986159921 0.917898707203 0.729999795612 -7.23036913881 1.69152092266 15.6880186098 0.00753464155925 0.11269
pedestrian -1 -1 -10 263.19 187.98 301.029 256.5 1.33685316718 1.13987641786 0.846999862793 -7.17052861503 1.77106033694 15.8619844307 0.00753464155925 0.0087177
pedestrian -1 -1 -10 700.96 180.61 719.411 231.042 1.79080334771 0.245971435172 1.03399984179 3.57596488753 1.7029187335 25.2856912881 0.00753464155925 0.00093147
pedestrian -1 -1 -10 244.39 194.57 259.242 242.006 2.46472943246 0.420953409435 0.424999106963 -15.587515751 2.20209734173 31.5920337068 0.00753464155925 0.00057493
pedestrian -1 -1 -10 683.62 189.71 695.269 235.979 1.64181965805 0.439952335088 1.12199963556 2.94538898961 1.55528261375 25.3515341068 0.00753464155925 0.00045216
pedestrian -1 -1 -10 248.55 192.82 264.121 236.36 0.748917784808 1.02288674748 0.58399945502 -16.1525833327 0.763616396057 34.1002306662 0.00753464155925 0.00042149
pedestrian -1 -1 -10 697.75 199.53 711.685 234.182 0.816910367362 0.319966548244 0.41600000045 3.0111527363 1.93437760504 22.7179581253 0.00753464155925 0.00030763
pedestrian -1 -1 -10 238.19 195.71 252.156 239.422 0.890902184128 0.265971609166 0.570999924392 -15.1479200455 2.25539618086 29.7275262287 0.00753464155925 0.00020948
pedestrian -1 -1 -10 981.71 194.36 1003.79 239.412 2.18276026929 1.08888045595 0.683999805878 7.70209908688 1.44672729609 13.9012286254 0.00753464155925 9.432e-06
pedestrian -1 -1 -10 705.72 172.82 733.685 228.058 1.79080334771 0.224973827118 0.664999758288 3.76038060319 1.70262897843 25.2738046421 0.00753464155925 3.3857e-06
pedestrian -1 -1 -10 979.53 167.7 1007.07 237.368 2.19275916184 1.08188125327 0.683999805878 7.7030551896 1.45859870559 14.0276372698 0.00753464155925 2.7518e-06
pedestrian -1 -1 -10 967.38 136.33 1002.64 238.57 2.20075829971 1.08888045595 0.643999856269 7.6837023807 1.46787801435 14.1132164861 0.00753464155925 3.8595e-07
