pedestrian -1 -1 -10 326.95 169.8 354.303 239.571 1.56499305218 0.770999385958 0.468998578399 -6.06434628962 1.3352044107 16.4343674437 0.00692802392802 0.9387
pedestrian -1 -1 -10 399.56 160.78 446.835 259.946 1.78599206507 1.10999890446 0.806996891492 -3.5028500075 1.43386004096 13.1820280132 0.00692802392802 0.86518
pedestrian -1 -1 -10 338.41 172.42 360.407 237.416 1.56499305218 0.770999385958 0.468998578399 -6.06434628962 1.3352044107 16.4343674437 0.00692802392802 0.15909
pedestrian -1 -1 -10 737.05 158.66 761.835 220.044 2.29898972362 0.676999586989 0.776997032752 2.90853838018 1.3641777593 14.9287744665 0.00692802392802 0.1575
pedestrian -1 -1 -10 739.59 159.27 754.409 209.328 2.29898972362 0.676999586989 0.822996863836 2.88553901711 1.36424100554 14.9289338828 0.00692802392802 0.1028
pedestrian -1 -1 -10 412.15 189.0 442.858 260.406 1.8079919219 1.15299909657 0.738997068632 -3.46861619843 1.45573209472 13.2113046935 0.00692802392802 0.090265
pedestrian -1 -1 -10 706.04 143.28 717.821 191.652 1.96499128491 0.770999385958 0.678997589572 2.58643729344 1.04001007058 14.9778243288 0.00692802392802 0.0329
pedestrian -1 -1 -10 268.97 162.07 284.113 215.623 1.57699297816 0.637000605916 0.461997681531 -7.77063688414 1.15028505659 16.9799803873 0.00692802392802 0.012874
pedestrian -1 -1 -10 717.56 141.59 732.802 184.809 1.96499128491 0.589998799084 0.920996545434 2.70680688168 1.03978259088 14.8864875397 0.00692802392802 0.0058386
pedestrian -1 -1 -10 403.09 162.97 435.555 232.575 1.78599206507 1.18399921289 0.868996694919 -3.53329492469 1.4338522469 13.2622413052 0.00692802392802 0.0053932
pedestrian -1 -1 -10 346.01 174.93 365.792 226.537 0.512997694314 0.253999537953 0.557997515597 -10.1483675027 1.16569172807 30.2289164115 0.00692802392802 0.0048294
pedestrian -1 -1 -10 411.76 164.4 426.192 219.411 1.78599206507 1.16099946499 0.868996694919 -3.53367249943 1.43391562954 13.207742547 0.00692802392802 0.0043736
pedestrian -1 -1 -10 700.5 143.67 723.416 195.321 2.06599078476 0.770999385958 0.698997495398 2.59657627644 1.1409820721 14.9778127843 0.00692802392802 0.0020631
pedestrian -1 -1 -10 418.4 161.42 432.589 225.723 1.80599195659 1.16099946499 0.76499699389 -3.48164631973 1.45377252946 13.2073935664 0.00692802392802 0.0013428
pedestrian -1 -1 -10 746.74 167.71 768.401 219.131 1.42199359536 0.418000891657 0.365998801135 5.76899343605 1.04966055026 25.970873566 0.00692802392802 0.0011094
pedestrian -1 -1 -10 718.89 143.59 747.262 198.11 2.07499074787 0.676999586989 1.04999600954 2.77173329381 1.14055413618 14.9295924506 0.00692802392802 0.00094413
pedestrian -1 -1 -10 702.95 142.64 714.16 186.881 1.96499128491 0.770999385958 0.632997758489 2.56343793037 1.04007331681 14.9779837451 0.00692802392802 0.00089972
pedestrian -1 -1 -10 722.73 144.88 738.148 192.685 2.07499074787 0.676999586989 1.04999600954 2.77173329381 1.14055413618 14.9295924506 0.00692802392802 0.000825
pedestrian -1 -1 -10 705.86 174.65 720.443 226.531 2.36498947293 0.770999385958 0.715997391508 2.60548831577 1.43995738671 14.9779248827 0.00692802392802 0.00034011
pedestrian -1 -1 -10 728.89 152.78 753.141 217.098 2.34998949468 0.676999586989 0.963996366802 2.81511128373 1.41543464008 14.9294516977 0.00692802392802 0.00032973
pedestrian -1 -1 -10 26.129 109.22 53.694 193.048 0.601997312903 0.640998405942 0.346998819075 -25.1574478906 -0.365426616106 32.4176214952 0.00692802392802 0.00029384
pedestrian -1 -1 -10 261.1 156.25 283.503 225.41 1.57699297816 0.637000605916 0.461997681531 -7.77063688414 1.15028505659 16.9799803873 0.00692802392802 0.00017677
pedestrian -1 -1 -10 1172.8 247.97 1194.94 285.194 0.964995755255 1.16899887973 1.17799554987 6.92448820347 1.34961036693 8.37054844443 0.00692802392802 0.00013702
pedestrian -1 -1 -10 347.6 161.14 418.781 249.29 0.860996158421 0.619998511725 1.14399575765 -9.22271441056 1.15595048286 30.392294894 0.00692802392802 0.0001369
pedestrian -1 -1 -10 322.32 166.41 340.301 215.803 1.47999339402 0.598998617509 0.468998578399 -6.06386768945 1.25010473557 16.5203171483 0.00692802392802 6.822e-05
pedestrian -1 -1 -10 1167.6 202.95 1213.0 290.564 0.960995705426 1.12099953024 1.15999596842 6.94174795315 1.34568409518 8.2644245411 0.00692802392802 2.3692e-06
pedestrian -1 -1 -10 1153.3 210.53 1193.32 294.574 1.00999551117 0.568999858542 1.18899566497 6.77312202083 1.354831982 8.54158178277 0.00692802392802 8.1785e-08
pedestrian -1 -1 -10 969.44 150.32 1019.66 236.748 1.48099331707 1.00299862602 1.1969950551 4.74018355664 1.42434175841 8.62447467829 0.00692802392802 4.0062e-08
