pedestrian -1 -1 -10 766.07 173.39 784.661 219.342 1.09088027346 0.664928069345 0.245999737776 5.2322182619 1.54069924849 22.7695875892 0.00753464155925 0.015114
pedestrian -1 -1 -10 986.67 259.06 1013.09 320.347 2.03777626776 1.17087172898 0.718999642576 3.74190759384 1.47366172032 6.50457143552 0.00753464155925 0.0088158
pedestrian -1 -1 -10 981.83 204.83 1020.85 327.71 2.03977605223 1.1818706804 0.718999642576 3.74207648858 1.47399478045 6.52708341631 0.00753464155925 0.005856
pedestrian -1 -1 -10 760.08 178.06 779.523 220.345 1.10887830388 0.943896835541 0.245999737776 5.23327476621 1.56076222135 22.908934745 0.00753464155925 0.0056794
pedestrian -1 -1 -10 733.11 171.14 747.091 209.64 0.303966619492 0.0209976080547 0.176999991594 7.1893904359 1.32868036327 38.7833656881 0.00753464155925 0.0028061
pedestrian -1 -1 -10 883.22 149.52 900.095 192.877 1.92378870202 1.17387118294 0.644999783484 4.02355163442 1.37606567501 9.64998492125 0.00753464155925 0.0027989
pedestrian -1 -1 -10 709.23 158.42 726.801 208.821 1.67381620955 0.68492442906 0.275000011187 4.5466267737 1.26835431901 28.3968747777 0.00753464155925 0.0026289
pedestrian -1 -1 -10 1230.7 157.91 1242.02 221.9 2.02577756095 0.979893143736 0.966999711619 14.000463182 1.13109904737 15.7430426332 0.00753464155925 0.002176
pedestrian -1 -1 -10 771.75 163.76 792.421 210.278 1.67281630242 0.666926751747 0.110000099842 6.1617326617 1.57688075091 24.9856619421 0.00753464155925 0.0020284
pedestrian -1 -1 -10 1218.2 156.62 1241.95 220.756 2.02477762402 0.937896974057 0.907999714421 13.9711225382 1.13143138354 15.7642546697 0.00753464155925 0.00091913
pedestrian -1 -1 -10 1145.9 190.81 1162.08 230.757 0.239973695273 0.57093659656 0.432000027977 14.4035211922 1.19801980209 18.779716987 0.00753464155925 0.0005271
pedestrian -1 -1 -10 1000.5 272.49 1019.88 319.889 2.03177691436 1.18986922428 0.718999642576 3.74065507623 1.47119710785 6.33805012416 0.00753464155925 0.00041993
pedestrian -1 -1 -10 989.51 237.36 1025.02 313.338 2.03377669883 1.1938694498 0.718999642576 3.74115168667 1.47217407199 6.40405581342 0.00753464155925 0.00028239
pedestrian -1 -1 -10 761.83 156.11 791.014 217.884 0.789913321727 0.211974762949 0.785000083951 8.5527903825 1.48907937988 36.9785676859 0.00753464155925 0.00016211
pedestrian -1 -1 -10 1146.2 181.38 1173.29 232.616 1.62682134903 0.546940964903 0.378000143689 15.4041419868 0.675845108188 20.0393467807 0.00753464155925 9.8604e-05
pedestrian -1 -1 -10 727.53 151.81 747.121 199.45 1.65981774807 0.976894166564 0.409999721906 4.33817028451 1.25738392933 25.0810461618 0.00753464155925 1.7125e-05
pedestrian -1 -1 -10 81.108 220.88 134.579 319.619 1.41884427082 1.19786872174 0.911999423279 -4.03928304912 1.60617770142 5.60202602813 0.00753464155925 1.3386e-05
pedestrian -1 -1 -10 1193.3 151.36 1240.54 240.94 0.878903477313 0.893901168406 0.589000521604 16.2502324741 0.813026221579 19.13478154 0.00753464155925 1.2152e-05
pedestrian -1 -1 -10 790.36 159.6 807.06 201.468 0.536941040814 0.220976462315 0.138999896415 10.2144264043 0.589059172491 37.9291306555 0.00753464155925 1.0051e-05
pedestrian -1 -1 -10 878.29 130.18 913.436 190.233 1.69681374585 1.18586995234 0.280999812893 3.84015135917 1.15558734094 9.47492621765 0.00753464155925 3.9676e-06
pedestrian -1 -1 -10 170.49 179.68 258.793 242.028 1.46683888948 1.19486926778 0.813999880524 -3.90134341824 1.61460126603 7.1899366935 0.00753464155925 9.9328e-08
