pedestrian -1 -1 -10 322.48 151.8 335.33 192.988 1.30485668272 0.325962595448 0.489999621123 -12.0045801165 0.46420503534 31.4826656668 0.00753464155925 0.63315
pedestrian -1 -1 -10 315.6 152.08 342.005 192.655 1.30485668272 0.325962595448 0.489999621123 -12.0045801165 0.46420503534 31.4826656668 0.00753464155925 0.018298
pedestrian -1 -1 -10 311.0 152.96 328.374 193.654 0.624931356313 0.0549904659991 1.13099826524 -17.113454624 -0.690787223453 43.2273395556 0.00753464155925 0.0033901
pedestrian -1 -1 -10 272.02 217.84 296.096 273.34 1.29485781252 1.03688705999 0.714999933718 -5.10620770864 1.74951896369 10.8462481417 0.00753464155925 0.0030407
pedestrian -1 -1 -10 282.64 224.6 298.561 276.596 1.23686421191 0.865905311236 0.682999878663 -5.10353702149 1.76478164504 10.9310848159 0.00753464155925 0.0019247
pedestrian -1 -1 -10 269.6 198.85 303.788 279.842 0.498945262546 0.737918119797 0.569000069963 -8.55270869556 1.6314187286 19.5377697065 0.00753464155925 0.00024974
pedestrian -1 -1 -10 305.1 153.19 321.294 191.167 0.62693123018 0.0449970539912 1.12700046373 -17.5305429191 -0.693675629031 43.2175375089 0.00753464155925 0.00016942
pedestrian -1 -1 -10 297.43 150.13 332.6 198.905 0.625931293247 0.0399965337079 1.13100017259 -17.2685299512 -0.691829615495 43.2180294456 0.00753464155925 0.00010005
pedestrian -1 -1 -10 311.48 144.43 338.785 217.954 0.488946310401 0.460948036003 0.698999190935 -12.6403384338 0.484410295994 32.2067165149 0.00753464155925 6.5562e-05
pedestrian -1 -1 -10 296.85 143.92 354.489 225.103 1.30485668272 0.325962595448 0.489999621123 -12.0045801165 0.46420503534 31.4826656668 0.00753464155925 7.9577e-06
pedestrian -1 -1 -10 200.64 168.43 280.078 242.731 0.241973449943 0.433952473604 0.609000019571 -9.94880959027 0.903807613753 20.25225534 0.00753464155925 2.2693e-06
pedestrian -1 -1 -10 101.49 166.6 160.918 242.489 0.202977712393 0.250971955456 0.280000600934 -10.682045154 0.493265457466 16.4735462121 0.00753464155925 1.7732e-06
pedestrian -1 -1 -10 237.61 162.44 300.474 249.749 0.759916524891 0.801912192301 1.17100012219 -9.41887370313 1.42291979243 20.349425158 0.00753464155925 7.2245e-07
