pedestrian -1 -1 -10 820.35 246.86 843.706 307.359 0.753917141684 0.743918458066 0.173999971532 2.30597401186 1.65852760408 7.30276087435 0.00753464155925 0.013648
pedestrian -1 -1 -10 819.37 241.79 859.449 323.681 1.02788710738 1.14687419019 0.198999820828 2.29117127959 1.6541773734 7.01042430076 0.00753464155925 0.002496
pedestrian -1 -1 -10 816.27 241.27 835.979 287.387 1.79380306911 0.820910164385 1.10199966076 3.04783102647 1.3980527595 10.1476163121 0.00753464155925 0.00084317
pedestrian -1 -1 -10 259.67 163.73 284.313 213.877 0.90590046335 0.222975144716 0.61799984134 -14.2224273774 -0.160195907261 30.6220454423 0.00753464155925 0.00078748
pedestrian -1 -1 -10 812.38 249.04 829.702 296.528 1.79380306911 0.839908136468 1.03399984179 3.0139036501 1.39821813799 10.1573708368 0.00753464155925 0.00067499
pedestrian -1 -1 -10 254.72 126.34 282.346 193.825 0.90590046335 0.222975144716 0.61799984134 -14.2224273774 -0.160195907261 30.6220454423 0.00753464155925 0.00064292
pedestrian -1 -1 -10 362.38 122.83 396.184 187.132 0.733919416189 0.483948140739 0.624000358302 -10.9343058928 0.313887250828 35.6221722458 0.00753464155925 0.00055338
pedestrian -1 -1 -10 365.72 138.75 404.495 205.095 1.2018680284 0.517944812962 0.994999580977 -10.7847945439 0.781475371237 35.6005846233 0.00753464155925 0.00035085
pedestrian -1 -1 -10 902.2 118.79 935.019 186.631 0.991891098677 0.555940757129 0.373999957993 7.41655552913 0.227038951347 16.8145225032 0.00753464155925 0.00023195
pedestrian -1 -1 -10 240.72 134.35 276.858 215.986 0.0999890208244 0.0759918883332 0.0729999318775 -27.1112507675 0.672993148035 56.5589267268 0.00753464155925 0.00022709
pedestrian -1 -1 -10 267.0 166.52 293.844 214.197 0.543940279006 0.28697112436 0.133999783505 -14.8885265513 1.17546404844 32.9899405339 0.00753464155925 0.00014263
pedestrian -1 -1 -10 216.59 95.872 253.73 204.742 1.26586098242 0.64292921295 0.591000376033 -14.5574965078 0.215917305948 29.3324880873 0.00753464155925 0.00013187
pedestrian -1 -1 -10 248.71 162.64 274.48 216.366 0.110987850304 0.290968489164 0.146999314133 -15.8918556619 1.67342662783 33.47899194 0.00753464155925 0.00011146
pedestrian -1 -1 -10 915.98 114.67 940.016 173.417 0.991891098677 0.555940757129 0.373999957993 7.41655552913 0.227038951347 16.8145225032 0.00753464155925 8.507e-05
pedestrian -1 -1 -10 169.89 43.09 287.57 263.5 1.52483257949 0.757917340221 0.53399927959 -8.00638145733 0.779672979789 14.5941724606 0.00753464155925 8.1188e-05
pedestrian -1 -1 -10 899.06 120.07 920.121 172.123 1.08288112068 0.495945956567 0.479999395303 10.5206665801 0.133307205436 25.3373729464 0.00753464155925 6.0663e-05
pedestrian -1 -1 -10 253.76 151.6 297.215 213.12 0.499945117532 0.297963877569 0.54799921427 -14.6692931723 0.501704968391 32.8174127435 0.00753464155925 4.4531e-05
pedestrian -1 -1 -10 233.02 164.4 265.011 228.648 2.86368549538 0.64292921295 1.01099937009 -14.4220079532 1.8136435292 29.3196411452 0.00753464155925 3.1079e-05
pedestrian -1 -1 -10 238.89 180.91 256.328 227.968 2.65970789672 0.64292921295 0.886999812402 -14.4839430837 1.81368866959 29.3185972486 0.00753464155925 2.9803e-05
pedestrian -1 -1 -10 1209.7 120.78 1242.02 259.27 0.872904153704 0.636930305036 0.871000023293 8.40258697181 0.190216011115 9.30322206088 0.00753464155925 2.953e-05
pedestrian -1 -1 -10 927.26 108.03 945.87 175.74 0.174980774523 0.0689926856483 0.0169997163233 4.7405540816 -0.450215727635 10.4042770381 0.00753464155925 2.8965e-05
pedestrian -1 -1 -10 981.71 271.22 1013.72 353.464 1.50383485747 0.855906177809 0.696999813343 2.40091956626 1.65656361228 4.20819829482 0.00753464155925 2.7815e-05
pedestrian -1 -1 -10 167.5 76.899 251.49 229.109 1.52483257949 0.648929074434 0.53399927959 -8.00597086745 0.780479717038 14.6486650466 0.00753464155925 5.3537e-06
pedestrian -1 -1 -10 905.45 303.14 930.879 369.328 1.46183944321 1.18786958831 0.724999682701 2.43959943227 1.63265863093 5.2290906812 0.00753464155925 5.176e-06
pedestrian -1 -1 -10 438.71 184.22 457.923 231.607 1.29685762679 0.698922834429 0.875999659366 -4.86978902619 1.717626818 21.7364557636 0.00753464155925 4.1168e-06
pedestrian -1 -1 -10 847.55 139.12 899.73 266.3 1.65281845773 0.210976375318 0.885999646769 3.48888337744 1.25203031731 9.89437718131 0.00753464155925 9.8961e-07
pedestrian -1 -1 -10 1078.4 177.34 1130.99 256.067 0.568937532722 0.769916109619 0.690999773218 6.21916446299 0.634985503236 9.59637847807 0.00753464155925 2.7818e-07
pedestrian -1 -1 -10 834.99 121.3 893.744 209.933 1.65281845773 0.218975872773 0.995999746611 3.43391502063 1.25212957412 9.89879062546 0.00753464155925 1.5914e-07
pedestrian -1 -1 -10 429.66 174.51 462.928 234.619 1.29685762679 0.702922106372 0.947999664029 -4.90580307597 1.71762342581 21.7347270409 0.00753464155925 6.1377e-08
pedestrian -1 -1 -10 997.48 165.06 1047.3 333.23 1.49983525873 1.14587461059 0.960999671494 2.53335778294 1.65134146881 4.26625614379 0.00753464155925 2.4104e-09
pedestrian -1 -1 -10 402.42 144.0 462.481 236.384 1.29685762679 0.933897702114 1.19299947459 -5.22767253346 1.71907945596 21.8196434973 0.00753464155925 2.8304e-10
