pedestrian -1 -1 -10 951.69 109.62 1135.87 375.0 1.85479630173 1.18986946268 0.739999783014 2.44530396442 1.60168739862 3.81621959026 0.00753464155925 0.79111
pedestrian -1 -1 -10 836.24 79.375 894.101 245.535 1.48383707237 0.735919437395 0.879999845062 3.69278218694 0.866973049275 10.4408650585 0.00753464155925 0.37048
pedestrian -1 -1 -10 964.41 114.42 1060.44 366.76 1.85479630173 1.17987056764 0.576999726098 2.36484589874 1.6037894787 3.95481363812 0.00753464155925 0.056817
pedestrian -1 -1 -10 153.23 186.92 164.319 213.546 1.29685761189 0.597934066099 0.223999908543 -14.6099039441 1.67153640956 23.7562965974 0.00753464155925 0.021476
pedestrian -1 -1 -10 26.938 124.23 50.782 190.069 0.103988530165 0.641931778889 0.451999525944 -41.7415890334 -0.494596002637 53.8250835514 0.00753464155925 0.007748
pedestrian -1 -1 -10 62.48 171.44 79.903 233.088 0.104988467098 0.449951468515 0.190000475896 -26.046927542 1.20320947085 35.7462267294 0.00753464155925 0.0060566
pedestrian -1 -1 -10 298.55 176.81 309.957 205.872 0.0999890208244 0.0719907092506 0.256000440434 -20.5507056806 0.561350131435 50.1712737823 0.00753464155925 0.0045529
pedestrian -1 -1 -10 629.49 147.65 642.629 184.696 0.385957633732 0.355959995729 0.544999909463 2.80547023903 -0.757189368217 58.953159558 0.00753464155925 0.0026166
pedestrian -1 -1 -10 1222.6 162.63 1233.29 197.867 0.792912909034 0.200978195461 0.0270004189809 26.8738565911 0.228987959964 31.0588999182 0.00753464155923 0.0020114
pedestrian -1 -1 -10 64.937 161.94 91.415 224.501 0.0999890208244 0.0 0.0 -36.7908485041 0.996228363069 50.9692949002 0.0 0.001266
pedestrian -1 -1 -10 41.698 126.46 59.255 179.196 1.50883434844 0.635930010265 0.475000236066 -17.4446334394 0.488844108161 23.196651766 0.00753464155925 0.00092603
pedestrian -1 -1 -10 842.43 93.42 883.176 188.732 1.48383707237 0.735919437395 0.879999845062 3.69278218694 0.866973049275 10.4408650585 0.00753464155925 0.00039316
pedestrian -1 -1 -10 954.01 154.06 1024.17 350.64 1.82479962409 1.16287246992 0.552999804017 2.35477696803 1.57761317996 4.2125905731 0.00753464155925 0.00029083
pedestrian -1 -1 -10 964.3 140.23 1014.38 294.57 1.82479962409 1.19386897301 0.552999804017 2.35431364307 1.5767028275 4.15109910222 0.00753464155925 0.00025729
pedestrian -1 -1 -10 158.39 182.83 171.907 222.747 1.29685761189 0.597934066099 0.223999908543 -14.6099039441 1.67153640956 23.7562965974 0.00753464155925 0.00013233
pedestrian -1 -1 -10 49.91 127.51 67.228 180.733 1.50883434844 0.635930010265 0.475000236066 -17.4446334394 0.488844108161 23.196651766 0.00753464155925 0.00013136
pedestrian -1 -1 -10 1071.9 188.57 1136.21 339.05 1.04188556886 0.921898932715 0.409000271528 9.52894957467 1.50048909239 13.6146861537 0.00753464155925 0.00010978
pedestrian -1 -1 -10 633.79 148.66 647.849 191.764 0.385957633732 0.355959995729 0.730999722826 2.89846751343 -0.757257078986 58.952459846 0.00753464155925 4.3764e-05
pedestrian -1 -1 -10 1088.1 234.53 1149.29 343.69 0.203977574828 0.869904583179 0.664999758288 6.69699119489 1.39902726411 9.74578868457 0.00753464155925 4.1759e-05
pedestrian -1 -1 -10 1054.0 149.77 1091.65 218.78 1.71281193221 1.19286915503 0.552999804017 2.35258778808 1.4613919774 3.92745934826 0.00753464155925 1.7654e-05
pedestrian -1 -1 -10 41.091 124.76 73.206 184.546 1.50883434844 0.635930010265 0.475000236066 -17.4446334394 0.488844108161 23.196651766 0.00753464155925 1.2286e-05
pedestrian -1 -1 -10 830.26 107.57 864.92 174.501 1.55182962513 0.735919437395 0.824999556723 3.66530378561 0.934985624157 10.440568507 0.00753464155925 8.3638e-06
pedestrian -1 -1 -10 946.9 119.89 1005.18 316.77 1.88779270077 0.503944500453 1.10999931689 12.9404890132 1.22028367609 25.6370523807 0.00753464155925 6.6426e-06
pedestrian -1 -1 -10 194.12 103.7 225.439 204.2 0.114987359645 1.0018929537 0.720001000302 -30.8402683279 -1.19197538567 56.4197184721 0.00753464155925 5.4556e-06
pedestrian -1 -1 -10 1047.6 204.19 1119.94 361.79 1.86079568493 1.11187841516 0.739999783014 2.4447784526 1.60665060848 3.7461848888 0.00753464155925 1.1581e-06
pedestrian -1 -1 -10 977.49 259.15 1030.28 361.55 1.83779820824 1.17487147771 0.595999773688 2.45588472829 1.59566171175 4.55770558465 0.00753464155925 3.8693e-07
pedestrian -1 -1 -10 1030.7 148.16 1107.87 354.19 1.86079568493 1.15887319798 0.805999747551 2.47795454358 1.60697444009 3.76943332822 0.00753464155925 3.5531e-07
