pedestrian -1 -1 -10 918.59 169.37 935.356 208.333 0.321964649915 0.34296474584 0.512000880868 17.7669485659 1.42143901888 39.2745054768 0.00753464155925 0.48817
pedestrian -1 -1 -10 377.05 139.22 398.176 190.548 0.588935355065 0.31396668676 0.481999726569 -5.89835686065 -0.195090871382 19.2904411835 0.00753464155925 0.030341
pedestrian -1 -1 -10 908.4 170.83 929.114 217.404 2.42973324894 0.454950081659 0.437999591265 10.1506522641 1.522952944 23.4067936522 0.00753464155925 0.015835
pedestrian -1 -1 -10 371.21 134.24 391.681 181.809 0.588935355065 0.31396668676 0.481999726569 -5.89835686065 -0.195090871382 19.2904411835 0.00753464155925 0.011732
pedestrian -1 -1 -10 360.73 137.3 386.867 193.816 1.49083630311 1.19286915503 0.317000292061 -4.3644962921 1.26660359815 13.3866097702 0.00753464155925 0.0050898
pedestrian -1 -1 -10 289.0 212.96 306.672 275.995 2.05077480722 1.1938694498 0.357999692048 -4.85828087016 1.79855398471 11.0667793683 0.00753464155925 0.0044165
pedestrian -1 -1 -10 926.17 169.69 942.886 202.934 0.10298865283 0.316966617502 0.419999947727 21.4494045135 1.11447314228 46.2516480084 0.00753464155925 0.0041935
pedestrian -1 -1 -10 792.85 240.71 818.378 298.718 0.248972710485 1.00888929568 0.4970000653 4.24244277347 1.85793410014 14.1589288856 0.00753464155925 0.0040916
pedestrian -1 -1 -10 338.66 215.55 359.191 265.21 2.07277239168 1.19486974457 0.379000070904 -4.52610451366 1.83926993466 12.6145508795 0.00753464155925 0.0027592
pedestrian -1 -1 -10 344.44 223.28 363.133 273.08 2.07377229881 1.19286915503 0.379999998118 -4.50602526687 1.84039552401 12.6914006135 0.00753464155925 0.0025294
pedestrian -1 -1 -10 367.47 134.61 402.267 213.272 0.588935355065 0.31396668676 0.481999726569 -5.89835686065 -0.195090871382 19.2904411835 0.00753464155925 0.0022574
pedestrian -1 -1 -10 303.12 209.78 324.087 261.386 2.07077262211 1.19287010859 0.354999910404 -4.74871451573 1.82446115046 11.605292974 0.00753464155925 0.0015223
pedestrian -1 -1 -10 287.91 198.28 323.181 269.637 2.06077377426 1.19486974457 0.361999877743 -4.77339907389 1.8131553126 11.448550602 0.00753464155925 0.0012344
pedestrian -1 -1 -10 345.03 204.76 364.303 253.728 2.05177475905 1.19586908577 0.359999546477 -4.4771778881 1.82005768975 12.8048377715 0.00753464155925 0.0011746
pedestrian -1 -1 -10 364.22 131.85 379.962 176.879 0.329963787792 0.746919819163 0.251999777901 -13.8454728838 -0.662191068143 42.9960806154 0.00753464155925 0.00084803
pedestrian -1 -1 -10 845.72 146.73 874.844 206.336 2.30274709905 1.14887621008 1.02299945034 12.1459799829 1.17909689528 34.036376926 0.00753464155925 0.00067267
pedestrian -1 -1 -10 347.96 214.19 369.404 263.787 2.05177475905 1.19286915503 0.384000183814 -4.44618055612 1.82199717302 12.9370934778 0.00753464155925 0.00048551
pedestrian -1 -1 -10 912.72 162.92 938.915 226.963 0.328963895557 0.193978992776 0.436000690509 19.817697811 0.437724355243 44.1138369671 0.00753464155925 0.00038249
pedestrian -1 -1 -10 337.71 199.97 371.001 262.822 2.05177475905 1.194868791 0.359999546477 -4.47703098534 1.82034632797 12.824334384 0.00753464155925 7.7184e-05
pedestrian -1 -1 -10 230.03 124.4 258.46 182.219 0.495945541144 0.345961815872 0.63699988893 -7.04142135658 -0.224334312862 14.5661457143 0.00753464155925 3.1616e-05
pedestrian -1 -1 -10 839.29 157.45 860.712 205.506 2.29474802077 0.759918883332 0.706999562326 12.0334661645 1.4117214621 34.4772832995 0.00753464155925 2.0487e-05
