pedestrian -1 -1 -10 750.16 207.48 763.508 235.604 0.423953449249 0.186979790091 0.266999878214 3.70073291479 1.56453473563 17.6921358036 0.00753464155925 0.001103
pedestrian -1 -1 -10 1077.9 217.67 1101.05 279.047 0.796912463073 0.832908933783 1.1979995875 6.32230726271 1.38732416585 9.61965517019 0.00753464155925 0.00096504
pedestrian -1 -1 -10 888.98 193.94 919.649 262.728 0.765915848499 0.481947551197 0.951999849725 6.12537392763 1.45913425517 15.2031172136 0.00753464155925 0.00064836
pedestrian -1 -1 -10 1060.5 205.39 1113.04 283.122 0.795912645336 0.84290806721 1.15999949232 6.3033451142 1.38641219569 9.62480495064 0.00753464155925 0.00049481
pedestrian -1 -1 -10 888.94 157.58 936.47 263.1 0.107988128902 0.383958713609 0.189000071844 6.73320176836 0.44399538191 16.6398930711 0.00753464155925 0.00019274
pedestrian -1 -1 -10 1082.9 209.64 1109.5 281.692 0.796912463073 0.764916542905 1.15299952498 6.36854999159 1.38678702681 9.58531008196 0.00753464155925 3.372e-05
pedestrian -1 -1 -10 1008.7 138.77 1060.68 209.485 0.784913815856 1.10487849729 0.205999311331 20.274917847 0.770111264967 34.029954313 0.00753464155925 7.6853e-06
pedestrian -1 -1 -10 1128.0 167.34 1182.8 227.993 1.25286241317 1.19186981382 1.18299972561 7.77363828609 1.44508779677 10.1398126074 0.00753464155925 5.0356e-06
pedestrian -1 -1 -10 994.49 149.74 1062.25 252.63 0.375958711386 0.863904721695 0.92699976201 7.89423802926 0.685925950215 13.3070884249 0.00753464155925 2.0919e-06
pedestrian -1 -1 -10 30.219 191.19 81.228 271.262 0.0999890208244 0.0 0.0 -15.9805740064 1.0708444742 21.0142790911 0.0 5.0422e-07
