pedestrian -1 -1 -10 804.39 143.65 823.053 189.67 1.87679387129 1.08288154804 1.05099979653 7.25284022412 1.12500018561 25.3816950072 0.00753464155925 0.0017204
pedestrian -1 -1 -10 785.41 148.8 801.766 190.784 1.77280531729 1.04388626267 1.14699996169 6.73605399909 1.15457110201 25.8029390385 0.00753464155925 0.00067147
pedestrian -1 -1 -10 796.8 146.95 814.056 193.139 2.04977491498 1.15887152923 1.18099987118 7.08568993939 1.28867377948 25.4878263623 0.00753464155925 0.00065705
pedestrian -1 -1 -10 1070.1 184.1 1089.08 219.73 1.39984624386 1.17387118294 0.834999782543 8.21686985373 0.67284523543 12.3773012465 0.00753464155925 0.00050943
pedestrian -1 -1 -10 920.16 179.21 938.802 219.251 1.72681036389 1.17487052414 1.15699923384 8.29469334433 0.901842128118 18.5941025948 0.00753464155925 0.00029752
pedestrian -1 -1 -10 961.34 139.48 979.536 187.676 1.12587639737 1.169871911 0.438999995316 8.4590537461 0.690769296511 16.9048084308 0.00753464155925 0.00023543
pedestrian -1 -1 -10 776.96 151.2 806.191 199.202 1.93278771723 0.736918778596 1.15999949232 6.75175948757 1.3168151353 25.955124724 0.00753464155925 0.00022076
pedestrian -1 -1 -10 780.33 145.57 796.963 183.421 1.77280531729 1.119878151 1.06499973121 6.582771977 1.15412000109 25.7660953136 0.00753464155925 0.0002192
pedestrian -1 -1 -10 930.1 176.29 948.721 217.141 1.06488307536 1.08988170429 1.15099967055 7.03266442859 1.04184502804 15.2266746523 0.00753464155925 0.00017655
pedestrian -1 -1 -10 1063.7 176.42 1093.74 222.279 1.39984624386 1.18886988308 0.834999782543 8.21673048057 0.672571391561 12.3588039469 0.00753464155925 0.00010588
pedestrian -1 -1 -10 781.18 167.46 800.661 213.157 2.07977165222 1.06788380147 1.09300007741 6.59545759707 1.45830808722 25.5767434908 0.00753464155925 6.1763e-05
pedestrian -1 -1 -10 1177.6 188.08 1209.34 248.559 2.11576771307 1.17887074966 1.19199907054 8.18709410785 1.41631618097 10.0439972789 0.00753464155925 5.8565e-05
pedestrian -1 -1 -10 902.17 151.28 915.305 197.543 1.04688503003 0.3429628387 0.725999609916 10.0798218462 0.11813094928 24.4290280455 0.00753464155925 5.0484e-05
pedestrian -1 -1 -10 1185.0 200.34 1218.1 259.129 2.19575891304 1.19786872174 1.18699943447 7.91119315936 1.49874745128 9.58888437299 0.00753464155925 1.7562e-05
pedestrian -1 -1 -10 898.09 157.17 919.806 206.519 1.83579842377 1.10987711044 1.19200002421 7.7014528206 1.01672946978 18.3591458891 0.00753464155925 1.7281e-05
pedestrian -1 -1 -10 822.73 172.51 842.629 210.938 2.32374482107 1.04088633193 0.867999764812 7.44246613804 1.4495049699 23.1284600616 0.00753464155925 1.7154e-05
pedestrian -1 -1 -10 853.4 160.97 866.236 196.038 1.6138227835 1.15887343637 1.19699966029 6.50838903505 1.66137152712 18.4814651224 0.00753464155925 1.0203e-05
pedestrian -1 -1 -10 823.2 183.46 843.995 225.492 1.45384031278 0.884903283319 0.536000087694 6.24749815749 1.63655365524 19.0896991243 0.00753464155925 9.6823e-06
