pedestrian -1 -1 -10 926.48 154.43 937.86 183.062 0.34896169555 0.366960377497 0.0419998040379 19.642872906 -0.13086014779 43.3961204989 0.00753464155925 0.046631
pedestrian -1 -1 -10 397.9 191.95 413.665 224.599 1.36585002708 1.13687457998 0.258999745241 -7.10279068608 1.28579790624 25.710730473 0.00753464155925 0.03583
pedestrian -1 -1 -10 391.41 193.44 408.717 226.852 1.69081430304 1.15987277757 0.258999745241 -7.10789130068 1.60254085736 25.0178905627 0.00753464155925 0.0031354
pedestrian -1 -1 -10 392.81 189.2 425.12 228.917 1.25986165881 1.15887152923 0.16399998413 -7.12578988573 1.18577132051 26.1806646367 0.00753464155925 0.0012163
pedestrian -1 -1 -10 317.49 134.27 336.756 175.161 1.59582476425 1.17587177248 0.687999991574 -7.47737578437 0.808344584409 18.7138570797 0.00753464155925 0.00086248
pedestrian -1 -1 -10 330.63 131.53 348.573 173.952 0.673925971511 0.431951884063 0.383999706977 -8.18031920504 -0.18611144726 22.0985164015 0.00753464155925 0.00074349
pedestrian -1 -1 -10 32.563 179.79 54.853 236.953 1.7068125788 1.16587168549 1.12600005968 -12.6077477883 1.25811088992 16.2533318077 0.00753464155925 0.00027374
pedestrian -1 -1 -10 896.08 181.27 914.628 228.561 0.614932493566 0.568937914158 0.112000431108 10.399038407 1.30041954499 24.7199656206 0.00753464155925 0.00024376
pedestrian -1 -1 -10 867.82 149.8 883.406 190.022 2.39973645211 0.924897909888 1.09199967335 10.8610810497 1.37615549198 29.056171306 0.00753464155925 0.00013799
pedestrian -1 -1 -10 328.08 135.04 355.136 192.484 0.673925971511 0.431951884063 0.383999706977 -8.18031920504 -0.18611144726 22.0985164015 0.00753464155925 6.2037e-05
pedestrian -1 -1 -10 986.43 161.52 1025.9 235.913 0.648928710345 1.18587090591 0.195000588806 10.1718588 1.52433155047 18.8953104668 0.00753464155925 4.866e-10
