pedestrian -1 -1 -10 231.07 161.05 262.119 240.986 1.66299255937 0.659999400145 0.621997404974 -7.87264354687 1.24307490059 15.6612124827 0.00692802392802 0.99774
pedestrian -1 -1 -10 425.91 157.81 454.005 237.344 1.88899153024 0.737998462277 1.01099636007 -3.94693521621 1.32057468114 17.9980320075 0.00692802392802 0.99222
pedestrian -1 -1 -10 319.16 155.69 349.312 247.564 1.73099227399 0.498998303808 0.546997877335 -6.01516197361 1.30664722294 15.9278848961 0.00692802392802 0.99155
pedestrian -1 -1 -10 292.73 157.46 354.434 239.388 1.73099227399 0.498998303808 0.546997877335 -6.01516197361 1.30664722294 15.9278848961 0.00692802392802 0.98426
pedestrian -1 -1 -10 450.88 164.4 471.688 236.881 1.89299158007 0.829999361234 0.853997123176 -3.79435997009 1.32397786862 18.1519801349 0.00692802392802 0.98078
pedestrian -1 -1 -10 367.97 161.5 393.256 230.983 2.33198962808 0.684999001734 0.643997635168 -6.17795086563 1.26318827733 19.3416970127 0.00692802392802 0.96519
pedestrian -1 -1 -10 284.0 158.93 329.0 233.168 1.77799202502 0.506000175894 0.701997028278 -7.28383296809 1.20763652636 18.1210865342 0.00692802392802 0.91348
pedestrian -1 -1 -10 254.58 159.79 273.988 217.778 1.77899200767 0.417998984309 0.496997874353 -9.82285407794 1.06067478176 20.7115691573 0.00692802392802 0.90831
pedestrian -1 -1 -10 431.6 160.89 477.863 236.574 1.89299158007 0.87099969966 0.969996386233 -3.85250023295 1.32416120004 18.1318824628 0.00692802392802 0.89697
pedestrian -1 -1 -10 303.24 154.43 324.598 232.65 1.77799202502 0.506000175894 0.701997028278 -7.28383296809 1.20763652636 18.1210865342 0.00692802392802 0.86109
pedestrian -1 -1 -10 277.34 158.56 307.493 227.251 1.62799265981 0.577998723293 0.629997748773 -8.37852248306 1.19314190049 19.4447735153 0.00692802392802 0.76804
pedestrian -1 -1 -10 309.32 154.71 340.228 240.966 1.73099227399 0.498998303808 0.546997877335 -6.01516197361 1.30664722294 15.9278848961 0.00692802392802 0.75508
pedestrian -1 -1 -10 191.62 154.69 228.82 201.653 1.68199243844 0.502999918527 0.89399574274 -17.1881417959 0.506969240586 31.2157670326 0.00692802392802 0.59598
pedestrian -1 -1 -10 199.54 149.51 218.938 197.105 1.68199243844 0.502999918527 0.89399574274 -17.1881417959 0.506969240586 31.2157670326 0.00692802392802 0.55864
pedestrian -1 -1 -10 443.71 159.76 463.915 236.486 1.89299158007 0.938998539687 0.946996709109 -3.84123621753 1.32416911799 18.0978041514 0.00692802392802 0.49702
pedestrian -1 -1 -10 291.92 158.64 313.437 231.447 1.77799202502 0.506000175894 0.635997291369 -7.31683204386 1.20772727093 18.1213152618 0.00692802392802 0.40728
pedestrian -1 -1 -10 261.84 155.46 278.95 220.863 1.77899200767 0.417998984309 0.496997874353 -9.82285407794 1.06067478176 20.7115691573 0.00692802392802 0.36996
pedestrian -1 -1 -10 175.02 153.87 192.601 199.228 1.59499290436 1.0589992976 0.148000161416 -18.0665531202 0.0339190215823 30.7533412538 0.00692802392802 0.26617
pedestrian -1 -1 -10 243.07 159.4 281.147 230.303 1.77899200767 0.417998984309 0.496997874353 -9.82285407794 1.06067478176 20.7115691573 0.00692802392802 0.2449
pedestrian -1 -1 -10 330.89 154.44 359.814 239.498 1.73099227399 0.498998303808 0.546997877335 -6.01516197361 1.30664722294 15.9278848961 0.00692802392802 0.21738
pedestrian -1 -1 -10 421.88 160.32 442.24 235.586 1.88899153024 0.783997958082 0.75999737506 -4.07227235258 1.32089303716 18.0219010614 0.00692802392802 0.16576
pedestrian -1 -1 -10 173.84 154.68 210.456 198.866 1.35099394768 0.287000461634 0.505998618753 -16.9909552936 0.46910515584 29.7485135634 0.00692802392802 0.1298
pedestrian -1 -1 -10 362.29 165.58 385.846 219.095 2.33198962808 0.684999001734 0.643997635168 -6.17795086563 1.26318827733 19.3416970127 0.00692802392802 0.11125
pedestrian -1 -1 -10 270.57 159.61 296.488 215.543 0.0999995529652 0.0 0.0 -16.0717481614 0.290651131224 35.8013139123 0.0 0.1086
pedestrian -1 -1 -10 349.33 157.93 382.934 230.608 2.33198962808 0.684999001734 0.643997635168 -6.17795086563 1.26318827733 19.3416970127 0.00692802392802 0.097364
pedestrian -1 -1 -10 212.35 159.2 257.232 237.011 1.62399269938 0.618999061719 0.581997593322 -7.89255472546 1.20410619592 15.6818284766 0.00692802392802 0.072568
pedestrian -1 -1 -10 308.71 158.11 328.138 215.635 1.77799202502 0.506000175894 0.701997028278 -7.28383296809 1.20763652636 18.1210865342 0.00692802392802 0.063536
pedestrian -1 -1 -10 215.71 162.54 230.355 202.731 0.598997312784 0.847998998084 0.280999082166 -17.348868357 0.532730986427 32.6900774304 0.00692802392802 0.06138
pedestrian -1 -1 -10 368.03 163.66 383.632 204.367 2.33198962808 0.684999001734 0.643997635168 -6.17795086563 1.26318827733 19.3416970127 0.00692802392802 0.028936
pedestrian -1 -1 -10 274.41 157.35 289.117 195.697 0.219999021292 0.232000193731 0.0469997548494 -10.2459190512 -0.226524377805 22.7809611354 0.00692802392802 0.024034
pedestrian -1 -1 -10 442.22 163.54 480.399 211.238 1.89299158007 0.785998765442 0.827997197919 -3.78120790236 1.32391653476 18.1738897999 0.00692802392802 0.022832
pedestrian -1 -1 -10 456.61 166.11 481.168 235.77 1.58699284941 0.606999939602 0.527998133693 -3.63040714981 1.23740027238 18.2624240343 0.00692802392802 0.02256
pedestrian -1 -1 -10 294.82 158.59 309.658 209.51 1.77799202502 0.506000175894 0.701997028278 -7.28383296809 1.20763652636 18.1210865342 0.00692802392802 0.021666
pedestrian -1 -1 -10 257.86 157.52 291.02 203.746 1.77899200767 0.417998984309 0.496997874353 -9.82285407794 1.06067478176 20.7115691573 0.00692802392802 0.013543
pedestrian -1 -1 -10 301.7 156.81 317.505 202.162 1.77799202502 0.506000175894 0.701997028278 -7.28383296809 1.20763652636 18.1210865342 0.00692802392802 0.013303
pedestrian -1 -1 -10 338.36 156.88 354.358 209.099 0.628997179866 0.221999971626 0.291998720427 -7.28266995315 0.0351894840542 20.2574349136 0.00692802392802 0.011742
pedestrian -1 -1 -10 350.53 159.87 368.594 215.246 0.0999995529652 0.0 0.0 -17.4751143417 -0.813444081882 49.7540968484 0.0 0.007518
pedestrian -1 -1 -10 358.59 160.8 371.263 197.883 2.33198962808 0.684999001734 0.643997635168 -6.17795086563 1.26318827733 19.3416970127 0.00692802392802 0.006595
pedestrian -1 -1 -10 161.75 157.65 191.418 200.962 1.5929929167 1.16699902605 0.144000466352 -18.0709319653 0.0323234353775 30.4103629769 0.00692802392802 0.005004
pedestrian -1 -1 -10 322.16 157.51 336.822 201.478 0.761996594071 0.35999845904 0.369998496199 -7.57272302302 0.174855277107 19.5005109813 0.00692802392802 0.0035071
pedestrian -1 -1 -10 326.54 155.1 344.774 206.412 1.73099227399 0.498998303808 0.546997877335 -6.01516197361 1.30664722294 15.9278848961 0.00692802392802 0.0024171
pedestrian -1 -1 -10 219.79 164.0 233.92 215.698 0.595997327566 0.512000690626 0.221999288454 -17.3692003176 0.5325947294 32.8582232918 0.00692802392801 0.0012655
pedestrian -1 -1 -10 324.77 180.61 342.354 243.769 1.73099227399 0.498998303808 0.546997877335 -6.01516197361 1.30664722294 15.9278848961 0.00692802392802 0.0011321
pedestrian -1 -1 -10 290.62 189.43 309.559 236.868 1.62799265981 0.577998723293 0.629997748773 -8.37852248306 1.19314190049 19.4447735153 0.00692802392802 0.00077975
pedestrian -1 -1 -10 882.8 201.75 898.321 245.57 0.139999336004 0.0690001973807 1.16599551101 5.81917412898 0.98396207074 14.2264050407 0.00692802392802 0.00059686
pedestrian -1 -1 -10 755.63 129.78 813.241 209.879 1.93299142271 0.964999498629 1.16999520608 7.63651487441 0.476081022804 28.9645457534 0.00692802392802 0.00027825
pedestrian -1 -1 -10 627.6 171.74 638.445 206.608 1.73899228424 0.638999505929 0.192999234272 1.54062786874 0.991258195513 33.0185894993 0.00692802392802 0.00017599
pedestrian -1 -1 -10 794.06 156.37 818.315 209.032 2.10099053532 0.607999389608 0.954995860819 8.17847507814 0.647882833446 28.7053869507 0.00692802392802 6.4435e-05
pedestrian -1 -1 -10 84.81 164.4 122.34 199.941 1.86599172056 1.18199840553 0.725997106004 -18.1545289097 0.42772121347 25.8936318604 0.00692802392802 2.1902e-05
pedestrian -1 -1 -10 799.7 137.01 832.251 193.716 1.77399203479 0.266998110077 1.14799640639 11.0684103333 0.462593250038 35.9790196529 0.00692802392802 7.5605e-06
pedestrian -1 -1 -10 13.32 143.07 78.296 223.517 1.53399317265 1.16199796132 0.615996908708 -18.1196744916 0.175746465321 23.165222442 0.00692802392802 1.4469e-06
pedestrian -1 -1 -10 598.64 164.87 628.815 207.391 0.10099953562 0.0449981384511 0.115999531277 0.727138459666 0.207389963651 36.6163540018 0.00692802392802 1.4389e-06
pedestrian -1 -1 -10 76.492 145.93 139.152 197.525 2.03599094748 1.16499821869 0.851997990897 -18.0910564838 0.592504777163 25.9297857822 0.00692802392802 6.1027e-07
pedestrian -1 -1 -10 1115.7 187.37 1159.14 239.982 0.772996522486 0.260999502692 1.00599674124 16.8159428456 1.7276757457 22.0589099095 0.00692802392803 8.3105e-08
