pedestrian -1 -1 -10 116.88 158.64 149.211 201.126 1.36485011995 0.487945505542 0.874999732152 -18.8332786523 0.897477053137 28.9177883419 0.00753464155925 0.2573
pedestrian -1 -1 -10 582.9 143.66 599.982 181.575 1.33685316718 0.991891913134 1.18499960239 -0.503613401417 0.454884916499 25.3895548927 0.00753464155925 0.026266
pedestrian -1 -1 -10 972.67 148.32 986.497 182.062 0.812910723926 0.774915676332 1.16299927397 7.8420622123 0.180166208327 14.9489283506 0.00753464155925 0.0056971
pedestrian -1 -1 -10 579.82 144.59 606.564 196.471 1.50983418107 1.05088546536 1.1779996425 -0.490825151607 0.62635364108 25.2866859569 0.00753464155925 0.0017501
pedestrian -1 -1 -10 532.19 158.63 545.924 191.937 0.411954753609 0.539939855078 0.978999791869 -2.60583425444 0.356858939099 27.7253201808 0.00753464155925 0.00088851
pedestrian -1 -1 -10 537.49 158.58 553.995 194.326 0.231974512698 0.29996828139 0.711999913655 -2.47199430343 0.177566024953 27.778640621 0.00753464155925 0.00028739
pedestrian -1 -1 -10 1013.8 129.12 1035.92 184.505 0.813910601261 0.718921101283 1.13599980866 8.57782121482 0.174284833246 14.5824296412 0.00753464155925 0.00018468
pedestrian -1 -1 -10 519.08 154.2 534.14 195.458 0.619931939839 0.665927410546 0.840999345831 -4.60239217697 0.213941979147 42.1700101548 0.00753464155925 0.00017988
pedestrian -1 -1 -10 573.26 121.58 593.95 184.944 1.33885295165 1.12287808175 1.1089996281 -0.741099466166 0.456087687381 25.3258319981 0.00753464155925 7.6361e-05
pedestrian -1 -1 -10 120.29 161.39 159.144 217.445 1.35985067368 0.487945505542 0.646999161076 -18.7192831349 0.892394606275 28.9169676463 0.00753464155925 5.9612e-05
pedestrian -1 -1 -10 759.11 148.37 776.107 197.931 1.39284701312 0.713920581 0.887999739616 5.15456366006 0.548990719772 22.6605721314 0.00753464155925 5.1315e-05
pedestrian -1 -1 -10 763.18 123.41 785.034 183.824 1.39284701312 0.713920581 0.856999611777 5.17006328527 0.548979434586 22.6604555121 0.00753464155925 3.6736e-05
pedestrian -1 -1 -10 1002.9 116.02 1041.38 181.128 0.231974527598 0.874904149893 0.968999566048 12.130647217 -0.219825996874 21.0020753026 0.00753464155925 2.8399e-05
pedestrian -1 -1 -10 524.65 149.94 556.865 189.951 0.33196360206 0.774916629902 0.497999992515 -3.80523188921 -0.0744069530177 43.5978379814 0.00753464155925 1.4213e-05
pedestrian -1 -1 -10 510.64 150.3 527.566 195.017 0.618932062504 0.47094907657 1.07399955298 -5.04661352257 0.21282163896 42.0758531507 0.00753464155925 8.7725e-06
pedestrian -1 -1 -10 769.56 142.45 786.511 198.582 1.00188996887 0.554939508788 0.724999682701 5.21137593272 0.594747314508 20.6848012124 0.00753464155925 4.8151e-06
pedestrian -1 -1 -10 822.97 130.98 870.662 211.277 0.819909969568 0.267970291568 0.334000008385 7.07117637212 0.523847606654 21.6461243462 0.00753464155925 7.4621e-07
pedestrian -1 -1 -10 1014.6 101.36 1062.7 178.688 0.935897215488 0.718921101283 1.06499925437 8.62135729119 0.296239776496 14.5811990979 0.00753464155925 7.2414e-07
