pedestrian -1 -1 -10 714.21 171.21 737.987 228.12 1.51183398603 0.430952542862 0.602999741028 3.72095263519 1.64042829383 22.2855459005 0.00753464155925 0.99158
pedestrian -1 -1 -10 710.21 176.51 726.021 229.515 1.62382167791 0.430952542862 0.545999836677 3.69248801939 1.75243673577 22.2849311055 0.00753464155925 0.02991
pedestrian -1 -1 -10 726.28 167.91 741.767 217.082 0.0999890208244 0.0 0.0 11.7237070056 1.64212689135 66.2143372102 0.0 0.029654
pedestrian -1 -1 -10 466.9 163.02 487.707 213.999 1.71681144155 1.1828700216 1.04199973634 -2.80235305234 1.51321476566 15.181110209 0.00753464155925 0.0068076
pedestrian -1 -1 -10 673.27 140.95 689.157 187.579 0.325964278452 0.443951607031 0.492999879604 5.06649805495 -0.658727431319 46.0434411105 0.00753464155925 0.0016386
pedestrian -1 -1 -10 490.02 167.28 506.794 208.265 0.713921616196 0.523940860167 0.579999746161 -4.56988644564 0.844833713963 30.9495731206 0.00753464155925 0.0013983
pedestrian -1 -1 -10 478.21 161.45 498.582 203.09 0.0999890208244 0.0209937937753 0.251000327524 -12.4302773242 0.640813149096 78.5663366584 0.00753464155925 0.00071857
pedestrian -1 -1 -10 358.69 132.76 385.608 187.719 0.0999890208244 0.0499975742745 0.206998761708 -20.7536787152 -8.44964586901e-05 64.2520564557 0.00753464155925 0.00050473
pedestrian -1 -1 -10 497.2 166.38 512.31 203.431 0.874903923274 0.523940860167 0.579999746161 -4.56983680918 1.00581602104 30.948381113 0.00753464155925 0.00048001
pedestrian -1 -1 -10 489.14 164.47 516.336 199.694 0.874903923274 0.523940860167 0.579999746161 -4.56983680918 1.00581602104 30.948381113 0.00753464155925 0.00038098
pedestrian -1 -1 -10 481.15 165.55 506.311 220.317 1.3078564451 1.16087402591 0.247999830624 -2.6874976297 1.42727188671 17.010742991 0.00753464155925 0.00030736
pedestrian -1 -1 -10 1203.5 138.23 1237.92 186.092 0.577936525585 0.78591415096 0.385000111029 9.72422580687 -0.158706368415 11.7950906236 0.00753464155925 0.00028348
pedestrian -1 -1 -10 870.33 212.6 893.76 256.724 1.22186587309 0.803911828273 0.873999566519 3.53630550062 1.56634347624 9.10156821172 0.00753464155925 7.1618e-05
pedestrian -1 -1 -10 463.11 157.84 490.755 237.031 1.66481722414 1.12587610535 0.664999758288 -2.90553752422 1.45607653627 14.6947817304 0.00753464155925 2.2488e-05
pedestrian -1 -1 -10 386.36 153.05 423.355 218.723 1.4818373475 0.77091640439 0.863999817535 -3.85578103278 1.16159518768 14.353398267 0.00753464155925 1.7416e-06
