pedestrian -1 -1 -10 684.45 169.44 698.91 217.516 0.508944095495 0.473947100172 1.13399971581 4.35268434319 1.45661666679 36.7705835634 0.00753464155925 0.043349
pedestrian -1 -1 -10 91.264 189.38 106.144 229.044 1.11687733746 0.796913579158 0.748999366364 -15.7332442395 1.46608737343 22.4637905439 0.00753464155925 0.018388
pedestrian -1 -1 -10 676.31 166.29 696.164 218.993 1.81180105111 0.559938121932 1.00299971395 3.3606497862 2.14145634611 31.1177814912 0.00753464155925 0.014916
pedestrian -1 -1 -10 90.839 190.55 110.361 248.473 1.11087807345 0.612933719809 0.608000569194 -15.6634417907 1.45867495145 22.3713172246 0.00753464155925 0.0037337
pedestrian -1 -1 -10 800.05 272.27 830.939 356.301 0.128985880728 0.180979928607 0.0390000223939 2.90846099896 1.82189531584 9.77801989776 0.00753464155925 0.0023324
pedestrian -1 -1 -10 45.491 185.03 62.0 226.105 0.657927755356 0.05699296268 0.0410003536602 -26.9385385998 0.889435531511 35.3931305946 0.00753464155925 0.0021117
pedestrian -1 -1 -10 666.73 159.29 689.684 215.156 0.364959881907 0.292970985845 1.01599972141 3.73468270945 1.05344328353 36.9376641012 0.00753464155925 0.0019869
pedestrian -1 -1 -10 680.53 161.06 705.776 220.154 0.286968466404 0.473947100172 0.717000026565 4.26311851057 1.23470620022 36.7729005803 0.00753464155925 0.0014502
pedestrian -1 -1 -10 603.95 171.12 626.269 221.781 1.90579076099 0.476948938054 0.681999791261 0.615712462522 2.01005590828 29.4923781052 0.00753464155925 0.0014048
pedestrian -1 -1 -10 337.4 179.0 356.527 227.197 1.82379968715 0.689924949343 1.07200017539 -8.62486399597 1.72967172299 24.423338929 0.00753464155925 0.0010676
pedestrian -1 -1 -10 98.276 190.42 118.95 236.695 0.781914183851 0.781913925447 1.03499953059 -15.8169958666 1.48134531903 22.7452550577 0.00753464155925 0.00066318
pedestrian -1 -1 -10 537.15 237.87 553.417 279.895 0.70192292428 1.17987104443 1.18599962646 -1.11891630753 1.79449610416 12.8969373633 0.00753464155925 0.00063157
pedestrian -1 -1 -10 85.163 192.02 126.206 303.45 0.327963913926 0.87190421915 0.685999660307 -10.7015163253 1.67514996585 15.1064344057 0.00753464155925 0.00055329
pedestrian -1 -1 -10 73.128 191.24 111.338 285.769 0.126986006861 0.631930738322 0.504000509477 -13.161551141 1.57304847292 18.035395491 0.00753464155925 0.00045424
pedestrian -1 -1 -10 253.32 134.9 281.853 177.823 0.64992858768 0.618931674153 1.15499937941 -13.1625022097 -0.170575159443 28.004957948 0.00753464155925 0.00031371
pedestrian -1 -1 -10 167.36 134.42 179.351 177.249 0.892901998396 0.525943356848 1.18399965282 -16.7923512922 -0.188617960989 27.8528492216 0.00753464155925 0.0003033
pedestrian -1 -1 -10 267.34 163.82 338.219 233.786 1.53783110404 1.09587965864 1.1189996155 -3.72474292166 1.59340059489 8.67014968398 0.00753464155925 0.00024663
pedestrian -1 -1 -10 1206.8 167.03 1219.79 221.182 2.52772247934 0.414954501521 0.30399980776 11.1351467928 1.73749537831 13.2185200558 0.00753464155925 0.00020587
pedestrian -1 -1 -10 796.04 241.89 851.02 355.42 0.534941323393 0.445950289432 0.23299996873 3.14461365872 1.98069003144 11.3966182722 0.00753464155925 0.00019555
pedestrian -1 -1 -10 613.67 168.87 629.4 216.163 0.106988281366 0.320963982305 0.759999772719 0.894904967608 1.28676292545 43.455595844 0.00753464155925 0.00014945
pedestrian -1 -1 -10 171.8 134.68 183.464 175.954 1.26786078179 0.621931604895 1.08100095083 -16.5820986206 0.193476190634 27.800377828 0.00753464155925 8.9786e-05
pedestrian -1 -1 -10 35.582 177.66 54.279 228.984 0.638929817799 0.344963428241 0.522998649718 -17.5649210035 1.37169604736 22.8985100613 0.00753464155925 8.7859e-05
pedestrian -1 -1 -10 579.82 173.79 607.238 226.852 0.101988775495 0.0659908477665 0.286999972227 -0.902932747657 1.87098941017 45.6202521482 0.00753464155925 1.6263e-05
pedestrian -1 -1 -10 129.35 145.08 194.205 230.149 0.56193830943 0.365961036296 0.853000379755 -14.0154115828 0.440622614315 22.5074268429 0.00753464155925 1.1184e-05
pedestrian -1 -1 -10 95.352 227.84 123.471 298.346 0.952895294078 0.65692761832 0.745000134342 -6.57469530728 1.72066481218 9.5770325328 0.00753464155925 1.0407e-05
pedestrian -1 -1 -10 235.87 171.49 292.423 263.489 0.729919839801 0.884903283319 1.1879996001 -4.25768117748 0.788439301362 8.78561626072 0.00753464155925 3.5182e-08
