pedestrian -1 -1 -10 502.4 159.53 564.294 315.56 1.70899238735 0.747999638056 0.577997838654 -0.853653599718 1.45225378949 8.19961795927 0.00692802392802 0.99974
pedestrian -1 -1 -10 705.19 169.67 723.16 212.212 0.755996608734 0.0989989563481 1.10299578382 2.87862574925 0.740181049166 17.6242194407 0.00692802392802 0.0029273
pedestrian -1 -1 -10 536.53 166.26 557.478 222.048 1.70899238735 0.747999638056 0.577997838654 -0.853653599718 1.45225378949 8.19961795927 0.00692802392802 0.0027054
pedestrian -1 -1 -10 534.63 158.32 550.673 200.994 0.741996695101 0.792999683854 0.846996762748 -1.23966200811 0.550929940591 12.9104224281 0.00692802392802 0.0015405
pedestrian -1 -1 -10 518.74 160.99 566.82 251.704 1.70899238735 0.747999638056 0.577997838654 -0.853653599718 1.45225378949 8.19961795927 0.00692802392802 0.00051879
pedestrian -1 -1 -10 501.08 167.83 531.823 291.74 1.70899238735 0.940999347047 0.577997838654 -0.852985051765 1.45214156183 8.2961154979 0.00692802392802 0.00043441
pedestrian -1 -1 -10 501.01 155.82 525.761 215.724 1.6019928053 0.951999019158 1.17799543067 -1.61010782972 1.41197145564 12.892990023 0.00692802392802 0.00040832
pedestrian -1 -1 -10 700.74 159.15 720.198 204.654 0.754996626079 0.0989989563481 1.01399613137 2.83412561305 0.739303434197 17.6245273045 0.00692802392802 0.00028843
pedestrian -1 -1 -10 638.1 159.1 650.404 197.68 2.07499068826 0.521999005384 1.19499546089 0.888704488988 1.17617220725 14.5581697625 0.00692802392802 0.00026615
pedestrian -1 -1 -10 652.5 127.73 667.398 166.102 1.55199308395 0.747998684382 0.532998050545 1.06901701545 0.735018634502 12.5096611533 0.00692802392802 0.00010075
pedestrian -1 -1 -10 690.61 154.73 713.213 197.38 2.06099075228 0.595999313817 1.19899537947 2.05294190532 1.16509078099 14.4450964115 0.00692802392802 6.2679e-05
pedestrian -1 -1 -10 1051.0 283.1 1072.47 339.763 0.923995810747 0.394999713244 0.406998536553 3.22509263857 1.48631628326 5.3082854139 0.00692802392802 5.7023e-05
pedestrian -1 -1 -10 345.48 210.26 372.328 272.076 1.00599552095 1.14499968182 1.0099964363 -3.69593910323 1.38645326147 10.5091982188 0.00692802392802 5.5548e-05
pedestrian -1 -1 -10 692.92 162.68 720.154 225.822 2.06099075228 0.603999682236 1.19299559845 2.13591195067 1.16486719656 14.4405210381 0.00692802392802 5.2614e-05
pedestrian -1 -1 -10 479.21 160.44 523.554 277.22 1.56499302983 0.951999019158 0.946996470691 -1.9236502481 1.37583375407 12.8951417744 0.00692802392802 2.0659e-05
pedestrian -1 -1 -10 505.08 149.07 535.47 233.638 1.70899238735 0.940999347047 0.577997838654 -0.852985051765 1.45214156183 8.2961154979 0.00692802392802 1.2273e-05
pedestrian -1 -1 -10 700.8 149.47 732.554 195.293 2.06199079454 0.557999232757 1.19399564143 2.34809570747 1.16533523228 14.3940502533 0.00692802392802 8.5295e-06
pedestrian -1 -1 -10 589.29 141.15 606.459 186.626 1.86099165827 0.584001145373 1.18999555893 -0.065936830604 0.850093151406 17.8026086658 0.00692802392802 8.133e-06
pedestrian -1 -1 -10 496.19 192.01 516.945 249.309 1.70899238735 0.940999347047 0.577997838654 -0.852985051765 1.45214156183 8.2961154979 0.00692802392802 8.6649e-07
