pedestrian -1 -1 -10 295.87 166.99 340.696 263.417 1.61382284682 0.718921101283 0.609999708367 -4.06570016151 1.48447361439 10.4856433349 0.00753464155925 0.81144
pedestrian -1 -1 -10 180.84 166.9 237.33 298.43 2.13576549816 0.902900960632 0.57699948768 -5.55997713089 1.49228781011 10.2796200498 0.00753464155925 0.16297
pedestrian -1 -1 -10 291.34 169.44 321.852 255.363 1.61382284682 0.718921101283 0.609999708367 -4.06570016151 1.48447361439 10.4856433349 0.00753464155925 0.13152
pedestrian -1 -1 -10 305.08 172.39 331.954 250.24 1.61382284682 0.718921101283 0.609999708367 -4.06570016151 1.48447361439 10.4856433349 0.00753464155925 0.10651
pedestrian -1 -1 -10 312.12 166.72 355.174 255.633 1.60782346362 0.648929074434 0.609999708367 -4.06596569125 1.47795614628 10.4506927378 0.00753464155925 0.10398
pedestrian -1 -1 -10 317.95 170.14 338.267 252.978 1.61382284682 0.718921101283 0.609999708367 -4.06570016151 1.48447361439 10.4856433349 0.00753464155925 0.048117
pedestrian -1 -1 -10 199.35 170.2 243.072 268.942 2.13576549816 1.04688523984 0.614999582859 -5.57843421087 1.49336742324 10.3517530983 0.00753464155925 0.0080015
pedestrian -1 -1 -10 281.34 170.63 305.56 242.727 2.36374045086 1.169871911 0.229000021453 -5.41577530005 1.69394944951 12.4240313615 0.00753464155925 0.0077611
pedestrian -1 -1 -10 323.92 174.69 347.861 234.73 1.60982321829 0.673925954432 0.609999708367 -4.06587090428 1.48014092926 10.4631760157 0.00753464155925 0.0068774
pedestrian -1 -1 -10 409.8 189.57 427.816 223.282 2.12676654255 1.134874944 0.86499974475 -2.7738043528 1.51568521162 10.4222365022 0.00753464155925 0.0053383
pedestrian -1 -1 -10 262.56 164.07 326.206 289.32 2.36374045086 1.1468737134 0.229000021453 -5.41568865929 1.69411968346 12.4355301339 0.00753464155925 0.0046339
pedestrian -1 -1 -10 688.35 184.76 702.315 230.392 1.13587523032 1.09487936387 0.530999974783 3.12133970618 1.74690550132 23.6398905313 0.00753464155925 0.0040765
pedestrian -1 -1 -10 223.05 179.96 243.055 228.662 2.14076500403 1.10187952012 0.756999737755 -5.6479459039 1.49634261175 10.549797296 0.00753464155925 0.0034185
pedestrian -1 -1 -10 287.91 173.16 308.976 225.387 2.36374045086 1.19286915503 0.225000312594 -5.41663373383 1.69619348618 12.5755257374 0.00753464155925 0.0021749
pedestrian -1 -1 -10 296.72 167.99 320.469 215.834 1.61382284682 0.718921101283 0.609999708367 -4.06570016151 1.48447361439 10.4856433349 0.00753464155925 0.0014949
pedestrian -1 -1 -10 681.26 185.93 706.983 237.837 1.13587523032 1.12487676415 0.530999974783 3.12083494234 1.74591372871 23.5728993833 0.00753464155925 0.0012983
pedestrian -1 -1 -10 326.1 185.91 356.624 248.543 1.61382284682 0.718921101283 0.609999708367 -4.06570016151 1.48447361439 10.4856433349 0.00753464155925 0.00073866
pedestrian -1 -1 -10 175.93 166.71 215.457 258.789 2.08877066743 0.637930599807 0.239999697651 -5.42681339898 1.47079158226 9.17093416966 0.00753464155925 0.00066805
pedestrian -1 -1 -10 338.76 187.55 355.647 236.444 2.27375035834 1.1818706804 0.27999964726 -5.40966146141 1.56073253255 14.7736154142 0.00753464155925 0.00046588
pedestrian -1 -1 -10 679.67 182.82 697.806 223.829 0.565937878368 0.193978992776 0.0489997713775 2.88691771291 1.37006650678 24.9226935054 0.00753464155925 0.00034156
pedestrian -1 -1 -10 322.36 165.11 340.902 215.599 1.61382284682 0.718921101283 0.609999708367 -4.06570016151 1.48447361439 10.4856433349 0.00753464155925 0.0001204
pedestrian -1 -1 -10 505.9 167.9 517.875 203.176 2.32874426735 0.601933338042 0.547999929525 -2.47969451557 1.59610851318 17.1497532255 0.00753464155925 6.7163e-05
pedestrian -1 -1 -10 184.82 201.47 203.066 263.158 2.08877066743 0.730919870682 0.239999697651 -5.42716371608 1.47010327047 9.12444085398 0.00753464155925 4.8686e-05
pedestrian -1 -1 -10 319.57 162.4 334.645 209.6 1.61382284682 0.718921101283 0.609999708367 -4.06570016151 1.48447361439 10.4856433349 0.00753464155925 2.5092e-05
pedestrian -1 -1 -10 179.95 195.21 198.106 249.825 2.08877066743 0.744918276052 0.239999697651 -5.42721645206 1.46999965349 9.11744184997 0.00753464155925 1.9074e-05
pedestrian -1 -1 -10 797.48 247.94 813.93 299.401 1.39384696495 1.04988517058 1.19499956744 3.23116835737 1.5906969378 11.8151538369 0.00753464155925 1.5619e-05
pedestrian -1 -1 -10 803.32 245.7 822.14 308.965 1.28385902774 0.750917183966 1.18099963276 3.40767572175 1.48165403648 11.8871338168 0.00753464155925 2.1828e-06
