pedestrian -1 -1 -10 588.13 146.69 636.392 278.63 1.86099174768 0.610999646974 0.589997773209 0.134990391055 1.37087753818 10.5151425276 0.00692802392802 0.99954
pedestrian -1 -1 -10 123.33 152.93 139.082 197.236 0.580997394025 0.653999839086 0.697997333214 -8.70483493305 -0.0311301728496 13.4750717201 0.00692802392802 0.00139
pedestrian -1 -1 -10 587.12 151.31 615.719 208.987 1.86099174768 0.610999646974 0.589997773209 0.134990391055 1.37087753818 10.5151425276 0.00692802392802 0.0010894
pedestrian -1 -1 -10 602.15 148.1 650.518 244.875 1.86099174768 0.610999646974 0.589997773209 0.134990391055 1.37087753818 10.5151425276 0.00692802392802 0.00052688
pedestrian -1 -1 -10 619.28 147.3 642.036 237.854 1.75199211836 0.631000091184 0.760997149815 0.970828252284 0.732166111779 17.8618543549 0.00692802392802 0.0004189
pedestrian -1 -1 -10 592.62 146.5 628.758 219.128 1.86099174768 0.610999646974 0.589997773209 0.134990391055 1.37087753818 10.5151425276 0.00692802392802 0.00037313
pedestrian -1 -1 -10 585.31 145.23 609.579 191.48 0.981995594502 0.20100007741 0.785997058174 -0.283005969761 -0.0294974914135 17.9681050131 0.00692802392802 0.00023869
pedestrian -1 -1 -10 616.71 151.11 637.501 202.15 1.83599176407 0.610999646974 0.589997773209 0.134955918062 1.34587755457 10.5151282288 0.00692802392802 0.00019054
pedestrian -1 -1 -10 1201.2 95.19 1223.97 161.632 1.55699305683 1.18299880921 0.707997524545 10.4334900291 0.592504152116 12.2371090624 0.00692802392802 0.00017344
pedestrian -1 -1 -10 586.64 150.99 610.824 257.21 1.86099174768 0.610999646974 0.589997773209 0.134990391055 1.37087753818 10.5151425276 0.00692802392802 0.00015575
pedestrian -1 -1 -10 605.49 145.93 622.96 210.629 1.86099174768 0.610999646974 0.589997773209 0.134990391055 1.37087753818 10.5151425276 0.00692802392802 0.00012703
pedestrian -1 -1 -10 602.15 141.89 626.595 280.89 1.86099174768 0.610999646974 0.589997773209 0.134990391055 1.37087753818 10.5151425276 0.00692802392802 9.0473e-05
pedestrian -1 -1 -10 564.8 148.24 616.548 269.26 2.08299072832 0.410999973244 0.755997158457 -0.439549628292 1.18362522373 14.7418803969 0.00692802392802 5.0948e-05
pedestrian -1 -1 -10 260.72 211.98 280.643 275.705 1.13099499196 1.19799914237 0.914996526003 -4.80611990545 1.39943421343 10.5793336529 0.00692802392802 3.944e-05
pedestrian -1 -1 -10 609.66 148.55 633.241 227.452 1.86099174768 0.610999646974 0.589997773209 0.134990391055 1.37087753818 10.5151425276 0.00692802392802 3.5359e-05
