pedestrian -1 -1 -10 935.4 142.08 1009.39 296.76 1.85099175721 0.608999793288 0.994996149307 4.67268738312 1.42602959774 9.05873983161 0.00692802392802 0.99906
pedestrian -1 -1 -10 934.28 199.42 968.148 288.435 1.85099175721 0.608999793288 0.928996412397 4.63968830735 1.42612034231 9.05896855922 0.00692802392802 0.0037451
pedestrian -1 -1 -10 657.31 219.89 672.038 260.504 2.29098974317 1.18799987393 1.05999608166 1.19702664944 1.47325426545 12.8692121469 0.00692802392802 0.0016625
pedestrian -1 -1 -10 654.07 219.47 666.655 262.638 2.29098974317 0.711999410682 0.786997104874 1.05781467999 1.47408550668 12.4781681992 0.00692802392802 0.00069425
pedestrian -1 -1 -10 247.79 197.27 270.804 256.342 1.49099328518 1.14299982814 1.18299564554 -6.55307142387 1.34282591431 13.5727353071 0.00692802392802 2.1701e-05
pedestrian -1 -1 -10 964.37 147.22 997.99 222.218 1.84699170738 0.608999793288 0.957996108953 4.69118144316 1.42197867569 9.05860931705 0.00692802392802 5.0979e-06
pedestrian -1 -1 -10 246.13 190.32 281.857 270.328 1.4859933123 1.02999998864 1.16199533911 -6.47297209658 1.33767028836 13.5156759275 0.00692802392802 4.8518e-06
pedestrian -1 -1 -10 232.95 219.24 253.165 269.422 1.46999343336 0.528999923796 1.0239963227 -7.38023270881 0.547522804884 14.0805659283 0.00692802392802 2.0961e-06
pedestrian -1 -1 -10 240.28 220.82 257.341 272.557 0.950995700062 1.06999896971 0.59899772785 -4.81575436899 1.39777129532 10.3084965432 0.00692802392802 6.5807e-07
pedestrian -1 -1 -10 926.03 142.63 996.017 232.376 1.85099175721 0.608999793288 0.994996149307 4.67268738312 1.42602959774 9.05873983161 0.00692802392802 1.5717e-07
