pedestrian -1 -1 -10 778.0 175.51 804.57 231.813 0.117987051248 0.311966097218 0.371999626727 11.3761430222 2.38170673352 43.4750091081 0.00753464155925 0.049717
pedestrian -1 -1 -10 773.07 176.01 819.628 239.573 0.117987051248 0.311966097218 0.371999626727 11.3761430222 2.38170673352 43.4750091081 0.00753464155925 0.00046778
pedestrian -1 -1 -10 622.74 180.03 633.7 201.556 0.373958986515 0.165982182036 0.295999913205 1.60993558714 1.88251456267 52.5831257871 0.00753464155925 0.0003691
pedestrian -1 -1 -10 611.93 179.01 622.924 203.348 0.101988775495 0.0959901551871 0.170999951469 1.06772146962 1.65032896652 53.6957866481 0.00753464155925 0.0002598
pedestrian -1 -1 -10 759.06 175.39 808.1 259.653 1.08588073778 0.755917704249 0.848999717223 3.10872096645 1.46842714171 13.6138549047 0.00753464155925 0.00024645
pedestrian -1 -1 -10 921.87 281.2 966.535 369.932 1.46083956588 0.638930417792 1.19499980586 3.21040624457 1.511441032 7.20584324623 0.00753464155925 1.6822e-06
pedestrian -1 -1 -10 157.03 190.99 218.923 265.186 0.280969142795 1.1818706804 0.571999851607 -5.58419756324 0.619140019407 9.24835726649 0.00753464155925 5.5779e-07
pedestrian -1 -1 -10 358.37 143.64 407.621 294.02 0.254972004294 0.28596796888 0.490999786756 -3.55817525677 0.658226768441 11.431623835 0.00753464155925 4.4717e-07
pedestrian -1 -1 -10 378.06 151.18 419.489 310.19 0.254972004294 0.28596796888 0.490999786756 -3.55817525677 0.658226768441 11.431623835 0.00753464155925 1.0969e-07
pedestrian -1 -1 -10 296.84 170.39 365.256 237.074 0.415954326272 0.869904583179 0.348999870279 -3.6303367483 0.475647597642 9.97386008627 0.00753464155925 7.1598e-08
pedestrian -1 -1 -10 393.5 189.83 433.096 289.531 0.686924544487 1.09788024818 1.10599984645 -2.8965770586 0.705365942986 10.6610322915 0.00753464155925 2.8126e-08
pedestrian -1 -1 -10 328.58 155.63 386.83 223.297 0.595934574633 1.12787669489 1.14199961037 -3.50537729592 0.607370808058 10.1633275216 0.00753464155925 2.5941e-08
pedestrian -1 -1 -10 742.23 187.96 780.646 273.686 1.19786851906 0.745918570822 1.19299971301 2.85370821078 1.57749730289 13.6079896662 0.00753464155925 3.2869e-09
