pedestrian -1 -1 -10 371.59 176.16 401.087 252.553 1.46283940994 0.4569506712 0.567999665911 -4.92447024272 1.68677291506 16.2077904095 0.00753464155925 0.98775
pedestrian -1 -1 -10 362.38 178.87 391.901 250.096 1.46283940994 0.4569506712 0.567999665911 -4.92447024272 1.68677291506 16.2077904095 0.00753464155925 0.14862
pedestrian -1 -1 -10 363.64 177.18 380.057 220.269 2.47272851073 1.18287097517 0.4489997443 -5.89071329159 1.68902751963 18.4208171274 0.00753464155925 0.00462
pedestrian -1 -1 -10 383.62 177.47 413.686 241.015 1.46283940994 0.4569506712 0.567999665911 -4.92447024272 1.68677291506 16.2077904095 0.00753464155925 0.002207
pedestrian -1 -1 -10 356.8 179.57 376.139 229.103 2.46272961819 1.17987104443 0.4489997443 -5.89345626613 1.6836319971 18.0562923641 0.00753464155925 0.0013451
pedestrian -1 -1 -10 198.86 214.99 218.477 258.226 2.33874321949 1.19786872174 0.219999722847 -6.06101618155 1.67125889994 10.9998469194 0.00753464155925 0.00071024
pedestrian -1 -1 -10 393.04 180.74 413.505 224.551 2.54172088123 1.15387291609 0.313000106366 -5.73507105325 1.72170711166 20.4994574726 0.00753464155925 0.00060773
pedestrian -1 -1 -10 214.43 226.26 234.097 278.595 2.32874426735 1.19686938054 0.202000079309 -6.07217406328 1.65587411327 11.3786369529 0.00753464155925 0.00016641
pedestrian -1 -1 -10 281.48 169.45 304.413 217.636 2.3967367605 1.19586908577 0.222999981328 -6.05930623805 1.68298903618 13.9534976718 0.00753464155925 0.00011827
pedestrian -1 -1 -10 385.93 171.86 410.393 216.903 2.52872229708 1.18887083665 0.318000219276 -5.73446179746 1.71798246319 20.247876972 0.00753464155925 4.1003e-05
pedestrian -1 -1 -10 469.6 110.42 512.935 213.89 1.53583134192 0.654927028779 1.17199957257 -5.32429508024 0.490897263576 33.4974308635 0.00753464155925 1.2338e-06
