pedestrian -1 -1 -10 347.49 179.55 382.125 259.677 1.53683128631 0.541940444619 0.558999367305 -5.00745571054 1.71916228963 14.9478100022 0.00753464155925 0.97585
pedestrian -1 -1 -10 326.08 169.15 378.408 251.166 1.53683128631 0.541940444619 0.558999367305 -5.00745571054 1.71916228963 14.9478100022 0.00753464155925 0.038826
pedestrian -1 -1 -10 349.41 174.8 368.011 234.088 1.53683128631 0.541940444619 0.558999367305 -5.00745571054 1.71916228963 14.9478100022 0.00753464155925 0.018217
pedestrian -1 -1 -10 341.73 175.34 359.485 222.703 2.45073091137 1.18387031637 0.413999907602 -5.9662689433 1.6892746685 17.08353576 0.00753464155925 0.0036558
pedestrian -1 -1 -10 359.35 183.98 387.775 249.681 1.53683128631 0.541940444619 0.558999367305 -5.00745571054 1.71916228963 14.9478100022 0.00753464155925 0.0021482
pedestrian -1 -1 -10 334.14 180.43 357.434 234.135 2.45173078871 1.19186886025 0.33300008117 -6.01088073282 1.69317552329 16.6697629609 0.00753464155925 0.0015508
pedestrian -1 -1 -10 206.49 203.06 225.366 246.435 2.34274278843 1.1958681322 0.204999860953 -6.10650567267 1.67324599654 11.2672269008 0.00753464155925 0.0014125
pedestrian -1 -1 -10 255.12 188.68 277.988 240.128 2.39173737383 1.1818706804 0.208999569812 -6.1111280978 1.69660853336 12.9125054938 0.00753464155925 0.00077646
pedestrian -1 -1 -10 172.39 234.37 193.422 282.251 2.3187454344 1.19486974457 0.205999788168 -6.11049538797 1.66350701429 10.271586058 0.00753464155925 0.00040538
pedestrian -1 -1 -10 372.1 184.94 391.817 230.651 2.5237229104 1.18087038563 0.361999877743 -5.81132340488 1.72960700131 18.9360666493 0.00753464155925 0.0003461
pedestrian -1 -1 -10 357.07 174.14 380.023 226.03 1.53683128631 0.541940444619 0.558999367305 -5.00745571054 1.71916228963 14.9478100022 0.00753464155925 0.00028599
pedestrian -1 -1 -10 325.27 188.94 343.967 231.576 2.47272845114 1.18886988308 0.302999880545 -6.03723532072 1.72459427774 16.0890725556 0.00753464155925 0.00020917
pedestrian -1 -1 -10 262.73 183.22 284.867 228.338 2.37873884928 1.19286915503 0.208999569812 -6.10867788786 1.67944400579 13.2391899169 0.00753464155925 0.00018551
pedestrian -1 -1 -10 314.66 168.04 352.553 247.909 2.47272845114 1.18586995234 0.302999880545 -6.0372993583 1.72446845511 16.0805736288 0.00753464155925 0.00010704
pedestrian -1 -1 -10 169.25 181.39 188.856 227.431 2.31274605119 1.19386849623 0.206999715382 -6.11063364998 1.65522622517 10.3201720372 0.00753464155925 6.0264e-05
pedestrian -1 -1 -10 688.41 179.57 704.556 227.838 0.100988898159 0.0309967414817 0.0470001553667 3.33334252158 1.01324986088 27.2489921188 0.00753464155925 5.5764e-05
pedestrian -1 -1 -10 252.35 171.31 272.928 219.004 2.38973761916 1.18786958831 0.229999948668 -6.10129747733 1.69628340041 12.8234089272 0.00753464155925 3.8186e-05
pedestrian -1 -1 -10 748.36 186.14 764.251 222.18 0.790913154364 1.13187596683 1.18799983852 3.12184521958 1.05170021792 15.0519399184 0.00753464155925 4.4245e-06
