pedestrian -1 -1 -10 558.08 167.06 572.906 207.677 0.486946511032 0.202976877862 0.161999891282 -1.78555414574 1.03896449987 32.0166891589 0.00753464155925 0.0017412
pedestrian -1 -1 -10 411.75 182.96 441.172 268.66 1.86479522407 0.945896471512 0.760999923451 -2.52732826746 1.25760696153 10.6297890398 0.00753464155925 0.00037821
pedestrian -1 -1 -10 402.26 265.5 423.568 323.028 0.595934615606 0.77891447149 0.202000079309 -2.07023702324 1.53418883181 7.02986377925 0.00753464155925 0.0002493
pedestrian -1 -1 -10 533.2 178.29 545.129 204.265 0.334963219166 0.467947238688 0.32100000092 -2.80342138704 0.887003412304 32.111997272 0.00753464155925 0.00023354
pedestrian -1 -1 -10 389.78 258.09 423.039 337.564 0.595934615606 0.982892120908 0.202000079309 -2.0710054652 1.53267897782 6.92787784952 0.00753464155925 1.5115e-05
pedestrian -1 -1 -10 536.42 175.42 551.793 204.739 0.334963219166 0.467947238688 0.32100000092 -2.80342138704 0.887003412304 32.111997272 0.00753464155925 1.4445e-05
pedestrian -1 -1 -10 529.05 168.31 561.594 207.606 0.334963219166 0.467947238688 0.32100000092 -2.80342138704 0.887003412304 32.111997272 0.00753464155925 2.1233e-06
pedestrian -1 -1 -10 768.64 181.96 817.646 247.099 0.318964958312 0.0489944187943 0.102000205288 9.61009099035 1.41620079765 35.2044523618 0.00753464155925 1.8387e-07
pedestrian -1 -1 -10 67.726 223.97 112.948 291.352 1.88979251504 1.19186981382 0.58899956793 -6.39522215616 1.26193778274 8.53276090257 0.00753464155925 7.4878e-08
pedestrian -1 -1 -10 42.049 224.26 98.466 318.675 1.90179116225 1.19886853972 0.587999640715 -6.39768848122 1.27006594096 8.27121176643 0.00753464155925 3.6432e-08
