pedestrian -1 -1 -10 887.3 265.36 906.764 310.746 2.02877725255 1.1888694063 1.09599985905 2.83427559828 1.47687518631 7.02136666064 0.00753464155925 0.0027607
pedestrian -1 -1 -10 896.32 264.44 934.471 326.302 2.0417758367 1.19686890375 1.16299951238 2.81680417002 1.48403734413 6.6264340061 0.00753464155925 0.0014407
pedestrian -1 -1 -10 881.23 274.47 902.711 322.745 2.05377451372 1.19186933704 0.895999634171 2.55816502619 1.53097826843 6.20621830911 0.00753464155925 0.0014133
pedestrian -1 -1 -10 855.72 282.29 887.777 359.322 2.02377783608 1.19486926778 0.768999818005 2.5448145697 1.50523378913 6.49301750298 0.00753464155925 0.0012662
pedestrian -1 -1 -10 914.05 271.05 933.403 319.512 2.04677522338 1.19586908577 1.19099962016 2.80362014166 1.48771395234 6.46899416016 0.00753464155925 0.0010463
pedestrian -1 -1 -10 884.26 258.87 904.693 296.595 2.02677749788 1.19686890375 0.689999607584 3.06754907465 1.47722294313 7.18961257777 0.00753464155925 0.00097779
pedestrian -1 -1 -10 885.65 264.16 920.569 327.576 2.04077589977 1.1878700651 1.14699948486 2.81985682559 1.48707035828 6.89889633962 0.00753464155925 0.00058408
pedestrian -1 -1 -10 891.56 275.44 913.646 325.463 2.04077589977 1.1878700651 1.14199961037 2.81747749747 1.48730901522 6.91491273586 0.00753464155925 0.00026012
pedestrian -1 -1 -10 851.4 243.45 870.733 287.653 1.08388092352 1.19686890375 0.671999725628 3.09594628391 1.47119809816 8.12763832533 0.00753464155925 0.00025966
pedestrian -1 -1 -10 720.89 153.62 738.101 196.772 0.366959725974 0.279968107396 0.240000174488 6.51383949333 0.153913928322 37.6996606701 0.00753464155925 0.00017068
pedestrian -1 -1 -10 841.57 242.5 860.047 290.768 1.00988907695 1.17587081891 0.676999838538 3.10120759924 1.4765769814 8.49052138034 0.00753464155925 8.7638e-05
pedestrian -1 -1 -10 876.23 254.99 911.84 313.474 2.02677749788 1.19686890375 0.689999607584 3.06754907465 1.47722294313 7.18961257777 0.00753464155925 6.2917e-05
pedestrian -1 -1 -10 382.63 166.3 406.583 228.031 1.41284482801 1.18687024711 0.107999768576 -5.10688415274 1.76366175096 17.33981265 0.00753464155925 5.9212e-05
pedestrian -1 -1 -10 381.18 159.43 420.51 219.353 1.84279762471 1.18087038563 0.155000162361 -7.15601390197 0.948322004187 24.9395508025 0.00753464155925 7.7476e-06
pedestrian -1 -1 -10 370.47 171.56 400.605 233.577 1.41284482801 1.18486965757 0.107999768576 -5.11089963872 1.75577202371 16.8068861718 0.00753464155925 2.0844e-06
