pedestrian -1 -1 -10 831.19 165.72 917.319 327.48 1.90779053254 0.735919437395 0.736999762951 3.31577220193 1.86944111282 9.10181945271 0.00753464155925 0.99901
pedestrian -1 -1 -10 829.6 173.44 874.03 321.06 1.90779053254 0.912900094059 0.730999722826 3.29743942871 1.87076496698 9.19045022163 0.00753464155925 0.90947
pedestrian -1 -1 -10 1148.5 164.19 1186.73 247.113 1.67581594933 0.860905744523 0.992999726548 11.3191369738 1.65164592543 14.4462686537 0.00753464155925 0.51661
pedestrian -1 -1 -10 840.94 176.83 864.094 268.742 1.90779053254 0.881903352577 0.752999790478 3.30855592476 1.87098639777 9.20586539048 0.00753464155925 0.021091
pedestrian -1 -1 -10 825.43 193.3 854.946 297.49 1.90779053254 0.794912989616 0.689999607584 3.27738444239 1.87165323969 9.24959633748 0.00753464155925 0.017488
pedestrian -1 -1 -10 242.49 237.9 256.37 280.503 1.46583904195 1.11687726669 1.17599975827 -7.44595090607 2.15815616112 15.0446709744 0.00753464155925 0.015331
pedestrian -1 -1 -10 1159.7 157.92 1178.18 252.165 1.67581594933 0.860905744523 0.992999726548 11.3191369738 1.65164592543 14.4462686537 0.00753464155925 0.0097621
pedestrian -1 -1 -10 824.34 176.52 859.332 253.484 1.90779053254 0.804911169474 0.708999655174 3.2868465313 1.87157231589 9.24452591325 0.00753464155925 0.0025908
pedestrian -1 -1 -10 833.51 174.87 850.018 221.154 1.40684550441 0.478947620455 0.196000039184 4.35655905188 0.732549210769 13.2091668226 0.00753464155925 0.0023614
pedestrian -1 -1 -10 823.5 203.75 841.889 263.938 1.90779053254 0.762915953364 0.60799961552 3.23650614879 1.87191993455 9.26590287694 0.00753464155925 0.0010096
pedestrian -1 -1 -10 828.47 192.69 848.215 264.73 1.90779053254 0.812910666929 0.675999672905 3.2703168708 1.87152511636 9.24065042056 0.00753464155925 0.00010182
pedestrian -1 -1 -10 869.7 158.84 904.385 328.83 1.90279108627 0.693924221286 0.726999775549 3.32061230465 1.86412717524 9.08082184061 0.00753464155925 7.6713e-05
pedestrian -1 -1 -10 1154.5 160.47 1173.02 232.681 1.67581594933 0.860905744523 0.992999726548 11.3191369738 1.65164592543 14.4462686537 0.00753464155925 7.3718e-05
pedestrian -1 -1 -10 854.85 167.55 866.828 217.651 0.215976281643 0.169981453979 0.202000079309 7.34787893578 0.612751465351 20.9031507665 0.00753464155925 2.3767e-05
pedestrian -1 -1 -10 856.8 173.15 870.204 239.618 1.8517966866 0.912900094059 0.752999790478 3.30842188634 1.81476311221 9.19078207103 0.00753464155925 2.0559e-05
pedestrian -1 -1 -10 846.92 168.16 864.496 225.475 1.70381293387 0.912900094059 0.752999790478 3.30837625779 1.66677935948 9.19187782976 0.00753464155925 1.1861e-05
pedestrian -1 -1 -10 754.55 210.48 783.699 270.806 0.199978035689 0.489946095083 0.513999781623 4.624090097 0.0499261862485 20.1977873359 0.00753464155925 3.4013e-06
pedestrian -1 -1 -10 320.31 206.23 347.7 282.658 1.21786630416 0.923898568687 0.631999776019 -6.08450127782 1.91526439219 15.2437016962 0.00753464155925 2.9512e-06
pedestrian -1 -1 -10 859.51 183.39 896.572 315.93 1.90779053254 0.693924221286 0.726999775549 3.32061384615 1.86912662151 9.08078482177 0.00753464155925 2.0267e-06
pedestrian -1 -1 -10 288.21 192.41 345.569 262.521 0.238973937134 0.424953634947 0.486999839479 -6.28383066971 2.21758097124 15.855068174 0.00753464155925 4.9213e-09
