pedestrian -1 -1 -10 778.48 160.27 790.784 192.435 0.70192292428 0.345958955163 0.199000297665 8.5012253037 0.705782931395 33.6524408795 0.00753464155925 0.0067589
pedestrian -1 -1 -10 812.36 162.85 829.96 199.875 1.34185264325 1.13487399043 0.185999813363 9.73780268792 0.909540944321 32.3401633434 0.00753464155925 0.004416
pedestrian -1 -1 -10 807.38 161.26 823.093 199.823 0.879903399346 0.402955732122 0.423999895004 4.22430348848 0.174043826193 15.3308233337 0.00753464155925 0.0023484
pedestrian -1 -1 -10 797.74 160.78 833.513 207.7 1.00988910675 0.365961036296 0.203999456901 8.61516750298 0.96444170369 29.4474532028 0.00753464155925 0.00041344
pedestrian -1 -1 -10 227.67 173.0 246.002 226.196 0.859905599353 0.696924152028 0.731999173204 -14.4219908581 1.59589350354 28.6479412769 0.00753464155925 0.00019275
pedestrian -1 -1 -10 781.28 159.49 796.651 198.753 0.180980127931 0.0569939162499 0.660999811011 3.01357259241 0.558173412333 12.3096683532 0.00753464155925 9.9739e-05
pedestrian -1 -1 -10 301.24 168.88 320.479 218.655 0.106988251567 0.124986307128 0.96499985719 -13.4054801025 0.727869696323 33.0791715945 0.00753464155925 2.2846e-05
pedestrian -1 -1 -10 70.666 187.95 102.442 260.529 1.30585661221 0.338961659617 0.89099952126 -11.4186877711 1.68666615147 15.9965269281 0.00753464155925 7.0097e-06
pedestrian -1 -1 -10 768.56 174.75 787.718 229.987 0.50394467902 1.08888045595 1.1879996001 2.91496747531 0.630133632275 12.3047357181 0.00753464155925 3.9443e-06
pedestrian -1 -1 -10 760.53 186.48 780.672 233.751 1.20086812127 0.786914445731 1.01099984692 2.63478374681 1.31565177939 11.5177487809 0.00753464155925 1.6664e-06
pedestrian -1 -1 -10 292.54 152.99 325.288 221.461 0.100988927959 0.208976739346 0.0390014529049 -28.1345319498 0.515531662425 68.2370872631 0.00753464155925 7.7117e-07
pedestrian -1 -1 -10 759.98 159.26 794.109 226.683 1.37684879697 1.08288154804 1.19299971301 2.72695035762 1.49375696552 11.6637404025 0.00753464155925 3.0675e-07
