pedestrian -1 -1 -10 834.91 93.142 900.778 218.812 1.62382168722 0.783914514989 0.85799977741 3.71388357709 1.00506104553 10.4476994172 0.00753464155925 0.21787
pedestrian -1 -1 -10 840.0 82.075 882.801 279.635 1.84979688525 0.783914514989 0.85799977741 3.71395325312 1.23103624356 10.4460261639 0.00753464155925 0.013094
pedestrian -1 -1 -10 626.46 151.97 641.368 191.3 0.341962435009 0.408955593606 0.559999771357 2.31736428219 0.555034137887 51.0364930105 0.00753464155925 0.0091621
pedestrian -1 -1 -10 299.19 177.11 309.983 206.637 0.582935986758 0.281966789798 0.135000187557 -14.0720628057 1.01083003665 34.0631631199 0.00753464155925 0.0071259
pedestrian -1 -1 -10 64.939 167.29 89.814 226.092 0.380958180009 0.172981384721 0.188003482489 -35.0171116115 0.54501669597 47.9277700408 0.00753464155927 0.0029254
pedestrian -1 -1 -10 302.8 178.59 313.12 209.182 0.582935986758 0.281966789798 0.135000187557 -14.0720628057 1.01083003665 34.0631631199 0.00753464155925 0.0026463
pedestrian -1 -1 -10 839.43 97.742 880.856 191.29 1.48683670438 0.783914514989 0.85799977741 3.71384133984 0.86807606268 10.4487137345 0.00753464155925 0.00049606
pedestrian -1 -1 -10 49.719 128.08 66.759 183.027 1.14087475109 0.710922557398 0.284000309793 -17.3698258507 0.119697152008 23.1223189249 0.00753464155925 0.00034242
pedestrian -1 -1 -10 194.27 121.76 223.763 203.173 0.114987359645 0.998891115819 0.721999901057 -30.7676715667 -1.19185094332 56.4986807969 0.00753464155925 0.00016534
pedestrian -1 -1 -10 1087.5 105.07 1118.6 186.137 1.54882997822 0.28596796888 0.776000739019 19.3875919104 0.401420590585 28.214449783 0.00753464155924 0.00016381
pedestrian -1 -1 -10 40.333 123.17 72.935 184.813 1.14087475109 0.710922557398 0.284000309793 -17.3698258507 0.119697152008 23.1223189249 0.00753464155925 1.6472e-05
pedestrian -1 -1 -10 832.98 109.25 858.151 177.476 1.48483694971 0.783914514989 0.730999722826 3.65034372646 0.868122295369 10.4491766882 0.00753464155925 5.2231e-06
