pedestrian -1 -1 -10 801.02 174.42 845.286 287.61 1.68581491637 1.13987546429 0.788999554391 3.5356197124 1.79344878848 11.2039357441 0.00753464155925 0.96281
pedestrian -1 -1 -10 828.59 183.79 851.506 251.574 1.68581491637 0.946896766283 0.806999674766 3.61091368897 1.79987244966 11.6408332119 0.00753464155925 0.16832
pedestrian -1 -1 -10 838.25 245.57 852.259 291.224 1.68581491637 1.18586995234 0.869999619241 3.57665349514 1.79447027976 11.2746213367 0.00753464155925 0.11677
pedestrian -1 -1 -10 802.14 177.02 825.134 281.61 1.64281965458 0.904901550173 0.710999748022 3.49744013388 1.75211759458 11.3150321516 0.00753464155925 0.078814
pedestrian -1 -1 -10 818.32 181.03 855.918 264.79 1.68581491637 1.11787756146 0.824999556723 3.55370207646 1.79359851286 11.214798955 0.00753464155925 0.042013
pedestrian -1 -1 -10 808.4 180.59 833.539 274.211 1.68581491637 1.144875031 0.767999652372 3.52510122379 1.79341942614 11.2015150311 0.00753464155925 0.025979
pedestrian -1 -1 -10 833.89 231.2 858.917 289.415 1.61482270181 1.01488820359 0.783999679899 3.53151821058 1.79026066669 10.9879582531 0.00753464155925 0.0062571
pedestrian -1 -1 -10 789.56 176.69 832.094 267.073 1.6318208251 0.954896263738 0.661999738226 3.47274908677 1.74076653923 11.2903012791 0.00753464155925 0.0042572
pedestrian -1 -1 -10 793.46 181.09 820.239 246.367 1.6318208251 0.738919368137 0.595999773688 3.43913980632 1.73959156613 11.2095608848 0.00753464155925 0.0029374
pedestrian -1 -1 -10 725.97 145.67 737.826 187.222 0.390957080006 0.0959901551871 0.297999290798 10.5588873434 -0.795929021558 60.6445897373 0.00753464155925 0.0027404
pedestrian -1 -1 -10 823.82 204.98 851.342 290.793 1.68581491637 1.11587697192 0.824999556723 3.55270008557 1.79162977611 11.0818169252 0.00753464155925 0.0014269
pedestrian -1 -1 -10 837.06 189.91 856.059 253.607 1.94378660631 0.200977241891 0.618999768555 4.21904592477 1.54277366238 13.5542308726 0.00753464155925 0.00058112
pedestrian -1 -1 -10 785.1 172.9 812.539 252.204 1.92478863895 0.394956234667 1.19699942187 3.60325351221 1.5246090533 13.5850026366 0.00753464155925 0.00035321
pedestrian -1 -1 -10 810.99 176.38 826.965 226.141 1.68581491637 0.962894807624 0.788999554391 3.53628644899 1.79475880921 11.2924235606 0.00753464155925 0.00019079
pedestrian -1 -1 -10 799.61 174.85 820.876 221.812 1.92478863895 0.281968696937 1.19699942187 3.82708510428 1.52412770972 13.5618201626 0.00753464155925 0.00014085
pedestrian -1 -1 -10 719.23 155.18 735.884 198.859 0.390957080006 0.0959901551871 0.297999290798 10.5588873434 -0.795929021558 60.6445897373 0.00753464155925 7.435e-05
pedestrian -1 -1 -10 752.96 214.55 763.677 256.236 1.91678950107 0.809910736187 0.720999735424 3.0908302976 1.5220554162 13.7963708413 0.00753464155925 4.1279e-05
pedestrian -1 -1 -10 742.8 208.36 761.461 255.409 2.15576325345 1.19586908577 0.311999940733 2.8924374259 1.83493923279 14.5901118347 0.00753464155925 1.7025e-05
pedestrian -1 -1 -10 1034.0 190.41 1069.77 256.075 2.30574679065 1.08088191207 0.855999684562 8.2357656116 1.57178059852 13.1841684489 0.00753464155925 1.4003e-05
pedestrian -1 -1 -10 730.69 191.47 763.244 258.429 2.03677636063 1.14687466697 0.294999747572 2.91005816097 1.83486974067 15.5307298982 0.00753464155925 1.1871e-05
