pedestrian -1 -1 -10 250.27 149.33 285.604 235.073 1.75380740953 0.525942403278 0.47999987214 -6.7846913856 1.03610509325 14.2688224082 0.00753464155925 0.17684
pedestrian -1 -1 -10 262.71 156.26 287.01 211.629 1.75380740953 0.525942403278 0.47999987214 -6.7846913856 1.03610509325 14.2688224082 0.00753464155925 0.026212
pedestrian -1 -1 -10 264.66 153.03 301.414 253.2 0.456949818493 0.614932402211 0.100999801236 -13.0448748498 1.20429258997 29.4074857187 0.00753464155925 0.021497
pedestrian -1 -1 -10 256.53 145.62 291.673 285.29 1.75380740953 0.525942403278 0.47999987214 -6.7846913856 1.03610509325 14.2688224082 0.00753464155925 0.0050685
pedestrian -1 -1 -10 921.97 199.52 934.756 241.067 1.70081323284 0.708921967856 0.86199924785 9.03407067766 1.92834663921 20.0693489058 0.00753464155925 0.0033672
pedestrian -1 -1 -10 348.47 166.3 361.531 201.925 0.366959696175 0.665927410546 0.574001136547 -18.0799203427 0.61059558152 53.3313405926 0.00753464155925 0.0016683
pedestrian -1 -1 -10 913.69 181.52 935.152 233.42 1.85179666972 1.03888574239 1.15599978346 7.85950879402 1.66997484205 17.9048406895 0.00753464155925 0.00040209
pedestrian -1 -1 -10 474.02 176.02 484.967 210.472 2.04677522338 0.729919575911 1.10899938968 -6.13660251474 1.19275776538 35.3436961286 0.00753464155925 0.00015025
pedestrian -1 -1 -10 232.7 137.81 273.749 232.772 0.0999890208244 0.00899788508648 0.164999911345 -13.4181356031 0.0417670425157 27.7416346458 0.00753464155925 0.00012137
pedestrian -1 -1 -10 962.43 170.71 1002.52 231.538 2.41473485053 1.11487763072 0.884999004298 9.41772368789 1.59783384755 17.7623164619 0.00753464155925 3.053e-05
pedestrian -1 -1 -10 862.55 139.59 883.405 187.485 1.10487870514 1.17987104443 1.12499965562 9.53974927362 0.138056236043 25.6849044925 0.00753464155925 2.5967e-05
