pedestrian -1 -1 -10 242.76 162.61 310.976 319.46 1.69699237198 0.518999701691 0.53699816284 -3.75295560183 1.45653830266 7.94720991517 0.00692802392802 0.9999
pedestrian -1 -1 -10 268.54 205.18 307.938 313.07 1.69699237198 0.518999701691 0.53699816284 -3.75295560183 1.45653830266 7.94720991517 0.00692802392802 0.0036911
pedestrian -1 -1 -10 487.3 156.04 505.205 199.604 1.71099235266 1.19299903131 0.359998543286 -2.39897026356 0.751492035239 16.0852020121 0.00692802392802 0.0015231
pedestrian -1 -1 -10 666.23 166.29 685.681 203.391 1.73799224198 0.172998311108 1.18199560256 1.8496410111 0.733028656617 17.61176851 0.00692802392802 0.0003503
pedestrian -1 -1 -10 744.02 148.67 764.204 208.848 2.06899073273 0.549999818012 1.19599536975 3.08921174815 1.17044132851 14.2629140557 0.00692802392802 0.00024965
pedestrian -1 -1 -10 669.01 177.04 683.873 214.236 1.47499336153 0.787998619128 1.03099608708 1.35884816193 1.44143475297 13.1985365916 0.00692802392802 0.00024046
pedestrian -1 -1 -10 346.96 213.15 372.006 274.799 1.00899540931 1.1499988392 1.02299616051 -3.67732812612 1.38938425165 10.5245713949 0.00692802392802 0.00020692
pedestrian -1 -1 -10 275.3 167.67 337.975 296.0 1.86099171787 0.409999569564 1.18399556931 -6.40638199495 0.905289260547 15.4335406763 0.00692802392802 0.00012902
pedestrian -1 -1 -10 766.85 183.93 786.506 241.512 0.761996594071 0.0900000915968 0.56499793563 4.18084224415 0.749562920016 17.647705046 0.00692802392802 9.6669e-05
pedestrian -1 -1 -10 284.74 196.15 309.91 294.09 0.960995645821 1.06999896971 0.609997842947 -4.26803620281 1.38605457554 10.4886869912 0.00692802392802 8.6303e-05
pedestrian -1 -1 -10 321.42 194.1 347.587 274.955 1.92099139243 0.477999363265 1.1979954557 -5.79252120805 0.974640064189 15.3953327725 0.00692802392802 4.4763e-05
pedestrian -1 -1 -10 693.52 149.95 713.824 191.791 1.95899121016 0.522999409064 1.18699545981 2.09106697322 1.06294197036 14.4832735711 0.00692802392802 9.8724e-06
pedestrian -1 -1 -10 1050.6 275.69 1074.02 333.075 0.928995843232 0.324000139014 0.386998630727 3.2413547479 1.49222985239 5.34467735709 0.00692802392802 7.3827e-06
pedestrian -1 -1 -10 1199.1 228.93 1223.31 310.62 0.97999561429 0.375999672714 0.827996959501 4.53874685086 1.45481165404 5.20461263872 0.00692802392802 1.0793e-07
