pedestrian -1 -1 -10 515.35 165.05 529.14 209.155 1.78699201792 0.895999301248 0.604997508864 -3.07218697623 1.11473981037 27.1090170921 0.00692802392802 0.84168
pedestrian -1 -1 -10 518.95 167.78 535.444 209.547 1.78699201792 0.895999301248 0.604997508864 -3.07218697623 1.11473981037 27.1090170921 0.00692802392802 0.56964
pedestrian -1 -1 -10 509.71 161.29 521.4 207.011 1.62699276656 0.579999530653 0.604997508864 -3.07131298427 0.954556807865 27.2669216737 0.00692802392802 0.12955
pedestrian -1 -1 -10 505.39 162.45 531.212 212.964 1.62699276656 0.697000031199 0.604997508864 -3.07171827216 0.954624842647 27.2084228273 0.00692802392802 0.039119
pedestrian -1 -1 -10 497.44 162.89 514.831 206.944 1.14999487102 0.416999534303 0.816997082822 -4.01408373098 0.666112308259 29.0549380957 0.00692802392802 0.0063541
pedestrian -1 -1 -10 459.32 167.97 470.336 206.351 1.19699465185 0.513000140632 0.350998514139 -5.80842178782 0.711467903535 30.4474300495 0.00692802392802 0.00099946
pedestrian -1 -1 -10 874.83 180.22 893.925 234.181 1.73799224198 0.690999516466 1.17699562611 5.76927561798 0.819215152152 14.1186278629 0.00692802392802 0.00044329
pedestrian -1 -1 -10 890.04 174.7 908.562 215.728 0.737996712327 0.414998726943 0.167999590407 8.30729543574 0.780588745777 19.9157233293 0.00692802392802 0.00037786
pedestrian -1 -1 -10 868.59 173.84 888.701 221.79 1.89099155515 1.10199948971 1.16699591161 5.48307072472 0.973237161784 13.9151956921 0.00692802392802 0.00032852
pedestrian -1 -1 -10 881.06 172.73 913.213 223.715 0.737996712327 0.414998726943 0.167999590407 8.30729543574 0.780588745777 19.9157233293 0.00692802392802 0.00031537
pedestrian -1 -1 -10 840.2 173.71 868.719 214.703 0.643997150659 0.331998600085 0.810996824973 7.16612461298 0.934108276527 20.4653761739 0.00692802392802 2.1699e-05
pedestrian -1 -1 -10 846.65 167.69 863.673 204.271 0.102999545634 0.226999129005 0.00500009566535 8.42036282537 0.0363588075696 23.3405288185 0.00692802392803 1.6401e-05
pedestrian -1 -1 -10 1148.3 142.6 1174.53 208.602 1.77699204236 0.539999595907 0.492998179289 12.0329427247 0.683468121219 15.4055837766 0.00692802392802 1.3856e-05
