pedestrian -1 -1 -10 257.01 175.63 274.956 218.587 1.81980011821 0.345962769442 0.547000717566 -17.3878652025 1.86839513097 36.8699908565 0.00753464155925 0.0026355
pedestrian -1 -1 -10 1096.0 245.44 1114.04 286.393 0.367959603309 1.169871911 0.759999996236 8.03246687844 1.59653606051 11.3212343736 0.00753464155925 0.00062926
pedestrian -1 -1 -10 1028.0 239.91 1045.26 279.99 0.190978990678 1.08188125327 0.260000149293 6.95753617039 1.62712010304 11.8546435728 0.00753464155925 0.00057256
pedestrian -1 -1 -10 1105.7 246.14 1125.55 286.426 0.418954002976 1.17187154697 0.872999877722 8.08133772612 1.6412367691 11.2355705535 0.00753464155925 0.00040717
pedestrian -1 -1 -10 1192.4 257.54 1212.21 298.689 0.377958495856 1.18587090591 0.756999737755 8.41433730966 1.58737742986 9.90837226119 0.00753464155925 0.00038252
pedestrian -1 -1 -10 1115.6 248.01 1134.95 286.275 0.340962498076 1.17787045488 0.833999855329 8.16382540018 1.53827746925 11.10687799 0.00753464155925 0.00036825
pedestrian -1 -1 -10 1177.8 260.09 1196.97 302.071 0.207977084169 1.14287444146 0.763999705095 7.48961966911 1.64149160081 9.47071925459 0.00753464155925 0.00034065
pedestrian -1 -1 -10 1020.6 237.72 1037.02 277.296 0.378958313593 1.16387300308 0.724999682701 7.71814090764 1.58675819686 12.8090339636 0.00753464155925 0.00028169
pedestrian -1 -1 -10 243.86 187.47 259.171 224.264 0.387957388402 0.0859929288998 0.18500131666 -20.2453351319 1.01440956291 42.0152721573 0.00753464155925 0.00025922
pedestrian -1 -1 -10 989.26 232.12 1003.67 268.858 0.374958804252 1.12587705892 0.665999685503 7.58485047416 1.59508780111 13.5009806886 0.00753464155925 0.0001659
pedestrian -1 -1 -10 1171.8 262.13 1190.49 303.583 0.207977084169 1.1688725698 0.731999650041 7.47413992469 1.64252462545 9.53983036275 0.00753464155925 0.00016581
pedestrian -1 -1 -10 833.17 167.34 845.341 197.626 0.331963542462 0.230977502881 0.274000083972 15.0373099137 0.476551918648 46.4691235626 0.00753464155925 0.00012239
pedestrian -1 -1 -10 973.39 228.96 990.464 274.023 0.348961635952 1.14987364415 0.780999421418 7.55229329747 1.57884317261 14.1583647764 0.00753464155925 0.00010797
pedestrian -1 -1 -10 984.04 230.44 999.455 270.907 0.369959357979 1.13787487475 0.777999639774 7.61032146311 1.57395870781 13.8311100277 0.00753464155925 0.00010376
pedestrian -1 -1 -10 1020.2 233.59 1053.03 287.333 0.190978990678 1.08188125327 0.260000149293 6.95753617039 1.62712010304 11.8546435728 0.00753464155925 5.482e-05
pedestrian -1 -1 -10 1170.4 252.22 1204.02 309.471 0.207977084169 1.14287444146 0.763999705095 7.48961966911 1.64149160081 9.47071925459 0.00753464155925 4.9161e-05
pedestrian -1 -1 -10 525.4 175.15 545.021 211.327 0.388957295536 0.0989881787895 0.571999851607 -4.54673747454 1.07188139639 46.4822766098 0.00753464155925 3.3076e-05
