pedestrian -1 -1 -10 1059.8 235.99 1074.49 263.196 1.73080992538 1.18087038563 1.19499980586 6.83697355228 1.61231880369 10.7265123864 0.00753464155925 0.0031794
pedestrian -1 -1 -10 1084.6 231.3 1105.17 276.87 1.51583361643 1.1588724828 1.18699943447 7.29145177096 1.398107332 10.7986780721 0.00753464155925 0.0012133
pedestrian -1 -1 -10 873.5 192.3 895.775 237.189 0.961894368888 0.947898014623 0.851000048489 6.70525193913 1.55706235209 16.9789942076 0.00753464155925 0.0003989
pedestrian -1 -1 -10 876.8 177.07 899.008 226.964 2.16976168514 1.15087489249 1.19499980586 7.07061115448 1.37723916695 18.1645071147 0.00753464155925 0.00035872
pedestrian -1 -1 -10 762.92 166.1 783.503 212.551 0.339962680339 0.458949353601 0.474999759229 7.27031582638 0.892704400103 32.0385473204 0.00753464155925 0.0003397
pedestrian -1 -1 -10 872.69 162.65 892.581 209.856 2.16976168514 1.08388088924 1.19399940181 6.93386279252 1.3768426555 18.1320380604 0.00753464155925 0.00032869
pedestrian -1 -1 -10 724.69 164.43 747.634 220.93 1.26986057371 0.566937324617 0.439999922531 5.57943232041 1.60486883042 31.3055239363 0.00753464155925 9.8028e-05
pedestrian -1 -1 -10 1058.6 227.62 1090.9 284.848 1.57482713162 1.19286915503 1.19399987864 6.74199284672 1.61939647213 10.3889217674 0.00753464155925 8.3825e-05
pedestrian -1 -1 -10 875.79 150.74 910.818 214.898 2.01477873147 0.884903283319 1.17499983105 7.16255888976 1.22021976558 18.0319729561 0.00753464155925 8.1279e-05
pedestrian -1 -1 -10 886.95 180.66 909.946 229.617 0.878903536911 0.848907928694 1.10499968082 6.93159264029 1.47463970583 17.0274019833 0.00753464155925 4.4445e-05
pedestrian -1 -1 -10 812.42 128.48 834.195 170.877 0.780914271129 0.949896697025 0.473999832015 8.61955597382 0.361245690999 27.9514475883 0.00753464155925 4.2267e-05
pedestrian -1 -1 -10 885.44 162.12 923.554 225.158 2.01477873147 1.13087662563 1.09999956791 7.48345075543 1.22274040764 18.2155433235 0.00753464155925 4.0138e-05
pedestrian -1 -1 -10 862.71 178.95 893.885 244.716 0.961894368888 0.916901273142 0.700999999038 6.63013726365 1.55688751801 16.9640605614 0.00753464155925 3.6482e-05
pedestrian -1 -1 -10 770.6 164.86 796.379 222.418 1.80880143773 1.0038916361 1.03299967616 6.05501540632 1.82543871436 24.2751951778 0.00753464155925 2.0815e-05
pedestrian -1 -1 -10 180.65 203.13 238.79 273.081 0.817910185099 0.644929802491 1.16599953245 -7.50193846045 1.25330941013 13.9065344147 0.00753464155925 4.5956e-06
pedestrian -1 -1 -10 799.24 118.99 836.525 176.042 0.479947295189 0.653927687578 0.327000517882 8.71745873208 0.0577760693011 29.7472229687 0.00753464155925 2.8611e-06
