pedestrian -1 -1 -10 777.09 238.46 793.152 298.467 1.0688826145 0.869904583179 0.720999735424 2.49163537499 1.60147617641 9.47083703437 0.00753464155925 0.00093069
pedestrian -1 -1 -10 760.11 215.69 795.795 291.705 1.11787719989 1.18687024711 0.743999730291 2.50428301943 1.62569242858 9.75628534177 0.00753464155925 0.00026781
pedestrian -1 -1 -10 770.85 224.34 799.654 306.414 1.0688826145 0.869904583179 0.720999735424 2.49163537499 1.60147617641 9.47083703437 0.00753464155925 0.00017601
pedestrian -1 -1 -10 245.02 132.25 263.786 167.458 0.259971480367 0.175981315463 0.281000051312 -10.2602686552 -0.613124153563 21.4033476249 0.00753464155925 0.00015163
pedestrian -1 -1 -10 769.88 226.65 788.101 292.497 1.11787719989 1.194868791 0.757999903389 2.51119250228 1.62550970088 9.74423424576 0.00753464155925 0.00012059
pedestrian -1 -1 -10 232.02 133.59 247.329 170.483 0.257971666098 0.683925087859 0.278000746505 -10.0527771493 -0.587868260222 19.5381375825 0.00753464155925 6.8409e-05
pedestrian -1 -1 -10 0.083494 283.25 13.2955 331.275 0.871904276369 1.18586995234 0.255999963597 -7.50892247185 1.51920744347 8.96786912189 0.00753464155925 5.7923e-05
pedestrian -1 -1 -10 1002.9 173.4 1051.39 248.545 1.51383382451 1.10387915609 1.19399964022 2.59288325723 1.6143452948 4.53949651651 0.00753464155925 1.6155e-05
pedestrian -1 -1 -10 1026.7 170.34 1070.7 239.855 0.792912909034 1.16887209301 1.19899975313 2.95756511956 0.897904652956 4.86256319581 0.00753464155925 1.8218e-06
pedestrian -1 -1 -10 849.56 165.03 921.207 248.388 0.535941170929 0.988891982392 0.711999675237 6.66727580502 0.982747797869 16.5520702245 0.00753464155925 1.7993e-06
pedestrian -1 -1 -10 0.0 228.02 35.107 307.686 0.871904276369 1.19586908577 0.274000083972 -7.49869466518 1.52161369827 9.1307790323 0.00753464155925 2.0517e-07
pedestrian -1 -1 -10 0.6639 264.39 29.6289 343.375 0.902900831345 0.47894714367 0.62999992159 -4.11394368925 1.46586413148 5.23729666942 0.00753464155925 2.0476e-07
