pedestrian -1 -1 -10 0.0 178.1 68.553 331.67 1.68581493499 1.17787093167 0.634000107286 -5.17941048023 1.63060037999 6.53035791581 0.00753464155925 0.028412
pedestrian -1 -1 -10 55.379 241.28 89.383 327.995 1.68581493499 1.18586995234 0.699000144609 -5.2106137736 1.63317007325 6.70257888581 0.00753464155925 0.0075773
pedestrian -1 -1 -10 41.218 253.85 82.785 339.92 1.70581272009 1.17187154697 0.634000107286 -5.1794269156 1.6505537573 6.52721023325 0.00753464155925 0.0056959
pedestrian -1 -1 -10 12.874 221.23 95.293 341.36 1.70381296542 1.17387165973 0.634000107286 -5.17922411966 1.64895367267 6.55422150543 0.00753464155925 0.0018549
pedestrian -1 -1 -10 0.0 217.76 46.528 348.21 2.19375915837 1.18586995234 0.642999929055 -7.05229947272 1.63794630246 8.37037211016 0.00753464155925 0.0014321
pedestrian -1 -1 -10 33.561 275.52 65.375 346.77 1.96578414607 1.19886806294 0.620999622984 -7.04637489825 1.53869159671 8.75766311249 0.00753464155925 0.0010926
pedestrian -1 -1 -10 7.3564 168.26 56.4514 264.151 1.70381296542 1.13187596683 0.634000107286 -5.17957820695 1.64825795311 6.50722781818 0.00753464155925 0.00030942
pedestrian -1 -1 -10 0.0 237.72 21.798 288.828 1.70381296542 1.07788150454 0.634000107286 -5.18199653802 1.64350635576 6.18627223137 0.00753464155925 0.0001055
pedestrian -1 -1 -10 0.0 166.09 173.18 339.22 2.06677312767 1.19286915503 0.726999537131 -7.00833970075 1.6415010766 9.42169422472 0.00753464155925 6.6153e-06
pedestrian -1 -1 -10 31.622 207.61 84.874 318.2 1.70581272009 1.17887074966 0.634000107286 -5.17906906172 1.65125687757 6.5747038153 0.00753464155925 4.5602e-06
pedestrian -1 -1 -10 24.873 168.91 71.103 282.2 1.68581493499 1.17187154697 0.634000107286 -5.17943308162 1.63055597221 6.52735830861 0.00753464155925 9.4292e-07
pedestrian -1 -1 -10 42.311 185.86 99.49 337.81 1.68581493499 1.18287049838 0.699000144609 -5.21077574815 1.6328518216 6.68108197897 0.00753464155925 3.444e-07
pedestrian -1 -1 -10 58.454 212.23 110.841 304.391 1.68581493499 1.11187817676 0.615000059696 -5.1870493985 1.63426351504 6.77739554192 0.00753464155925 1.2178e-08
