pedestrian -1 -1 -10 1103.4 120.99 1124.32 172.657 1.29885738146 1.16487234429 0.688999918788 8.49279570739 0.569589000607 12.3715027852 0.00753464155925 0.00041407
pedestrian -1 -1 -10 1091.1 120.98 1116.14 175.138 1.32385461283 1.18787054188 0.706000111949 8.47595987405 0.589864572302 12.5920449232 0.00753464155925 0.00021936
pedestrian -1 -1 -10 0.0 123.72 13.988 162.183 1.60182414746 1.19086999584 0.469999646319 -6.30217797626 0.996378340525 7.55322442322 0.00753464155925 6.2908e-05
pedestrian -1 -1 -10 843.86 124.91 872.055 183.443 1.6548183316 1.14987364415 0.124999961736 8.28433022165 0.744054905834 23.7411933772 0.00753464155925 1.7956e-05
pedestrian -1 -1 -10 222.52 246.64 256.055 319.163 1.78980349272 1.19786872174 0.703999780682 -2.94610966593 1.66302908008 5.23464360968 0.00753464155925 2.4673e-06
pedestrian -1 -1 -10 839.81 153.2 908.727 227.638 1.61782236361 0.828907754701 0.541000200604 8.48856289487 0.720511386617 23.2401609809 0.00753464155925 3.8286e-07
pedestrian -1 -1 -10 798.5 229.51 824.751 292.53 1.01188883162 0.72791993994 0.995999508192 2.6189358227 1.58089488562 9.84181173678 0.00753464155925 2.5169e-07
pedestrian -1 -1 -10 756.37 176.35 834.452 268.054 0.846906985404 0.572937186101 0.870999784875 4.4123304727 1.11910960902 17.6994989126 0.00753464155925 3.1999e-08
pedestrian -1 -1 -10 899.74 150.76 945.831 228.234 0.107988136352 0.457950012401 0.602000052232 4.57452365208 0.169023984454 10.138329366 0.00753464155925 2.6438e-08
pedestrian -1 -1 -10 877.57 151.73 926.404 233.411 0.109987920821 0.494945661797 0.379000070904 4.44937821261 0.171803453889 10.1857521094 0.00753464155925 1.4224e-08
pedestrian -1 -1 -10 198.36 260.32 239.53 325.239 1.69581375677 1.19686890375 0.598999793751 -2.74838122584 1.65548990989 4.46296344969 0.00753464155925 4.5564e-09
pedestrian -1 -1 -10 47.657 158.22 130.909 318.4 0.594934683329 0.718921101283 1.15599954504 -3.37683247958 0.492783720213 4.92982582804 0.00753464155925 4.1028e-09
pedestrian -1 -1 -10 890.56 183.57 937.762 273.979 1.51083411801 0.861906039293 1.17999970554 3.11988117869 1.57929751446 7.59744507802 0.00753464155925 3.0028e-09
pedestrian -1 -1 -10 769.63 209.45 819.296 285.925 1.00888914002 0.766916178877 1.07199957934 2.52508630544 1.58125197688 9.86199432788 0.00753464155925 1.0556e-10
