pedestrian -1 -1 -10 508.83 158.48 547.649 258.289 1.79399203062 0.768999532272 0.685997413561 -1.40818221535 1.37203505636 13.223941145 0.00692802392802 0.99811
pedestrian -1 -1 -10 189.38 153.07 207.134 196.843 1.38799378276 1.04300046811 0.6549982271 -17.3316599178 0.492253829657 30.4398955941 0.00692802392802 0.99299
pedestrian -1 -1 -10 915.86 178.01 939.055 230.241 1.51599315703 0.601998874876 0.549998125469 8.91257751521 1.55371011452 19.224459629 0.00692802392802 0.97227
pedestrian -1 -1 -10 456.86 167.74 467.829 205.969 0.315998607874 0.452998808003 0.206999478293 -7.7769177913 0.77163844801 39.4188720777 0.00692802392802 0.68431
pedestrian -1 -1 -10 940.71 171.79 966.763 227.22 1.68199252039 0.502000468521 0.671997407957 8.81252576583 1.55260565706 17.808020207 0.00692802392802 0.61545
pedestrian -1 -1 -10 910.64 173.2 950.087 236.359 1.51599315703 0.601998874876 0.549998125469 8.91257751521 1.55371011452 19.224459629 0.00692802392802 0.39527
pedestrian -1 -1 -10 185.78 156.72 200.999 198.456 1.38799378276 0.877000214392 0.62599900738 -17.316585634 0.492117430241 30.5227932299 0.00692802392802 0.31606
pedestrian -1 -1 -10 452.94 165.87 463.104 204.66 0.529997637868 0.249999830581 0.599997651616 -6.91440732077 0.196210538409 33.3394527554 0.00692802392802 0.21468
pedestrian -1 -1 -10 901.58 176.99 934.54 231.519 1.07499518842 0.406997404851 0.813998026777 16.0773016201 0.936209093747 36.4822866656 0.00692802392802 0.19037
pedestrian -1 -1 -10 924.77 175.29 961.728 231.583 1.68199252039 0.502000468521 0.671997407957 8.81252576583 1.55260565706 17.808020207 0.00692802392802 0.15658
pedestrian -1 -1 -10 927.01 171.62 939.791 238.375 1.51599315703 0.601998874876 0.549998125469 8.91257751521 1.55371011452 19.224459629 0.00692802392802 0.13809
pedestrian -1 -1 -10 353.24 156.07 365.083 186.077 0.362998388708 0.35799765168 0.433998385577 -16.4498262781 -0.792220303035 47.9598205133 0.00692802392802 0.062597
pedestrian -1 -1 -10 932.82 165.52 968.704 266.58 1.68199252039 0.502000468521 0.671997407957 8.81252576583 1.55260565706 17.808020207 0.00692802392802 0.060878
pedestrian -1 -1 -10 205.91 160.06 222.794 198.596 1.01299545914 0.374999745871 0.0869995665015 -18.1099510549 -0.641793907464 33.2292563727 0.00692802392802 0.060868
pedestrian -1 -1 -10 938.28 170.84 955.579 232.885 1.68199252039 0.502000468521 0.671997407957 8.81252576583 1.55260565706 17.808020207 0.00692802392802 0.059527
pedestrian -1 -1 -10 976.03 174.05 991.75 215.685 1.49299336225 0.603999682236 0.220998887852 9.56552983203 1.61435629048 17.9599894291 0.00692802392802 0.056058
pedestrian -1 -1 -10 905.16 179.62 917.047 227.906 1.07499518842 0.406997404851 1.01599693257 15.9763045933 0.936486826729 36.4829867097 0.00692802392802 0.045822
pedestrian -1 -1 -10 461.51 168.37 472.908 205.747 0.660997034609 0.14099874478 0.667997712893 -7.91859992282 0.333992112304 43.8192522493 0.00692802392802 0.043678
pedestrian -1 -1 -10 912.59 165.5 935.016 253.291 1.51599315703 0.601998874876 0.549998125469 8.91257751521 1.55371011452 19.224459629 0.00692802392802 0.041288
pedestrian -1 -1 -10 175.67 155.47 186.373 196.536 1.6179927811 1.13599890972 0.373997237592 -18.1858722355 0.0324592468746 30.5686490722 0.00692802392802 0.028395
pedestrian -1 -1 -10 485.74 163.02 539.606 257.071 1.79399203062 0.730999451212 0.640997625452 -1.43054993725 1.3720748309 13.2430966801 0.00692802392802 0.026109
pedestrian -1 -1 -10 179.17 155.57 190.247 199.117 1.63699272722 1.18799892026 0.435997279438 -18.2002798486 0.0349028157894 31.0897524934 0.00692802392802 0.025258
pedestrian -1 -1 -10 524.46 160.69 548.187 232.295 1.79399203062 0.697999481205 0.685997413561 -1.40842815841 1.37207634228 13.1884419715 0.00692802392802 0.020936
pedestrian -1 -1 -10 907.72 177.82 921.681 216.304 0.322998546064 0.558002093778 0.614997461777 16.1803835672 0.708733877428 36.6512497671 0.00692802392802 0.020773
pedestrian -1 -1 -10 515.5 162.29 537.237 239.983 1.79399203062 0.768999532272 0.685997413561 -1.40818221535 1.37203505636 13.223941145 0.00692802392802 0.015842
pedestrian -1 -1 -10 443.86 165.13 454.403 204.209 0.529997637868 0.355998751667 0.771996937087 -7.00003771913 0.196385386758 33.393047022 0.00692802392802 0.014755
pedestrian -1 -1 -10 350.65 158.09 360.661 189.373 0.362998388708 0.35799765168 0.433998385577 -16.4498262781 -0.792220303035 47.9598205133 0.00692802392802 0.011696
pedestrian -1 -1 -10 213.88 168.39 225.914 196.227 1.04699534625 1.00800255176 0.394998974526 -18.3340738317 -0.647322231493 34.2313073368 0.00692802392802 0.0078531
pedestrian -1 -1 -10 162.64 153.25 188.796 197.689 1.80299194902 1.12399788026 0.220000394592 -18.0654390132 0.24060388457 30.1519385603 0.00692802392802 0.0072578
pedestrian -1 -1 -10 527.44 162.31 542.611 210.835 1.79399203062 0.768999532272 0.685997413561 -1.40818221535 1.37203505636 13.223941145 0.00692802392802 0.0070937
pedestrian -1 -1 -10 899.22 183.78 911.637 228.587 1.07499518842 0.406997404851 0.805996729308 15.8713070138 0.93677556088 36.4837144829 0.00692802392802 0.0047661
pedestrian -1 -1 -10 510.93 167.27 525.075 216.103 1.79399203062 0.768999532272 0.685997413561 -1.40818221535 1.37203505636 13.223941145 0.00692802392802 0.0041289
pedestrian -1 -1 -10 961.0 174.96 989.871 241.423 1.49299336225 0.603999682236 0.220998887852 9.56552983203 1.61435629048 17.9599894291 0.00692802392802 0.0017019
pedestrian -1 -1 -10 971.54 177.21 997.194 239.622 1.49299336225 0.603999682236 0.220998887852 9.56552983203 1.61435629048 17.9599894291 0.00692802392802 0.0013863
pedestrian -1 -1 -10 506.24 170.13 529.061 233.653 1.79399203062 0.768999532272 0.685997413561 -1.40818221535 1.37203505636 13.223941145 0.00692802392802 0.0011525
pedestrian -1 -1 -10 925.54 160.79 944.585 259.426 2.02799090743 0.234001001091 1.04699695349 17.3056257938 1.44319819017 36.1513058522 0.00692802392802 0.00055477
pedestrian -1 -1 -10 18.017 162.46 54.317 211.846 0.904995946586 0.322000285328 0.518997150875 -15.995798791 0.597816425576 20.6103024715 0.00692802392802 0.00052524
pedestrian -1 -1 -10 174.34 152.67 196.992 205.838 1.63699272722 1.18799892026 0.435997279438 -18.2002798486 0.0349028157894 31.0897524934 0.00692802392802 0.00035069
pedestrian -1 -1 -10 805.21 125.15 826.449 162.122 0.29399869144 0.543000806947 0.753997832464 8.55938576548 -1.12497762248 27.665210364 0.00692802392802 0.00028326
pedestrian -1 -1 -10 866.69 200.14 891.751 250.338 0.478997926414 0.258999649006 1.12799554689 5.56481347572 1.32063278743 14.2533624201 0.00692802392802 7.1257e-05
pedestrian -1 -1 -10 148.6 144.09 175.784 203.855 2.0129910484 1.15899770395 0.945997500596 -18.0531994537 0.476745565457 29.1244807775 0.00692802392802 7.0151e-05
pedestrian -1 -1 -10 470.13 165.82 481.419 199.536 0.660997034609 0.281997489561 1.04499662912 -7.70361727447 0.333320282393 43.8882631988 0.00692802392802 5.4327e-05
pedestrian -1 -1 -10 754.94 129.51 793.876 212.685 2.12999044955 1.06400036232 1.17699562611 7.27753644738 0.665694541775 29.2936458125 0.00692802392802 2.2733e-05
pedestrian -1 -1 -10 77.124 151.16 127.154 201.425 2.0149909541 1.17999950552 0.694997085081 -18.045501481 0.583866295569 25.503961921 0.00692802392802 1.3919e-05
pedestrian -1 -1 -10 12.997 144.01 78.679 223.538 1.34199405909 1.00999954443 0.612996660574 -18.1149519065 -0.00901356334634 22.9440813233 0.00692802392802 1.8571e-06
pedestrian -1 -1 -10 23.215 168.35 72.837 220.347 0.786996487342 0.809998917024 0.575998050726 -16.7634098852 0.653845757282 21.5617768523 0.00692802392802 1.0356e-06
pedestrian -1 -1 -10 264.41 149.24 308.08 192.064 0.0999995529652 0.0739974474122 0.163998941672 -23.1412517947 -0.843475614359 52.077374441 0.00692802392797 5.9014e-07
