pedestrian -1 -1 -10 534.74 160.09 558.799 212.505 0.321964635016 0.226976323799 0.966999711619 -3.86471601043 0.48718141362 46.6023128524 0.00753464155925 0.0027463
pedestrian -1 -1 -10 798.84 231.4 835.231 301.798 1.37584886003 0.989891323593 0.75099969763 2.41261186968 1.59609133694 7.75554743341 0.00753464155925 0.00060377
pedestrian -1 -1 -10 544.26 160.92 559.969 202.951 0.321964635016 0.172977570442 0.596000012107 -3.67925154388 0.486987150422 46.5969180317 0.00753464155925 0.00046828
pedestrian -1 -1 -10 529.06 160.3 554.495 232.584 0.466948711039 0.654927028779 0.157999944005 -1.92800558282 1.71559362142 22.1882436829 0.00753464155925 0.00033092
pedestrian -1 -1 -10 813.76 219.21 828.712 275.406 1.42284372056 1.14787400817 0.871999712089 2.47400725608 1.59783838705 7.87642334567 0.00753464155925 0.00031192
pedestrian -1 -1 -10 591.13 159.76 608.1 204.518 0.32496431172 0.512944292679 0.534999832654 -0.245289915655 0.49641506579 47.3090272942 0.00753464155925 0.00030564
pedestrian -1 -1 -10 800.48 223.99 820.791 283.673 1.37584886003 1.05988335044 0.720999735424 2.39787599306 1.59662034293 7.79065531021 0.00753464155925 0.00022548
pedestrian -1 -1 -10 749.3 188.19 767.591 226.221 1.55882879627 1.14187510026 0.670999798413 5.78233517562 1.47907921679 26.3338108215 0.00753464155925 0.0001562
pedestrian -1 -1 -10 857.68 128.65 875.565 174.447 1.60182405806 1.13387464923 1.19399987864 8.32881892726 0.709208283336 22.9428722815 0.00753464155925 1.8337e-05
pedestrian -1 -1 -10 74.877 215.7 110.518 278.383 2.25775208259 0.19997790069 1.17999994396 -9.77557207895 1.49617609605 13.7442025112 0.00753464155925 5.9046e-06
pedestrian -1 -1 -10 789.95 207.9 823.055 286.855 1.37584886003 1.11987719743 0.690999773218 2.38310245045 1.59707534183 7.82076423898 0.00753464155925 4.7931e-06
pedestrian -1 -1 -10 852.26 149.43 926.756 232.847 1.53883108568 1.18287097517 1.18899976573 3.16834724495 1.639008555 8.11997534399 0.00753464155925 3.4221e-06
pedestrian -1 -1 -10 737.52 191.29 767.32 262.898 0.139984591011 0.641929871749 0.514000020042 4.0720711681 1.67278958974 21.2336223296 0.00753464155925 2.4259e-06
pedestrian -1 -1 -10 718.47 182.66 760.113 273.82 0.146983791955 0.830908344242 0.844999531527 4.20096846157 1.66324647613 22.3504987097 0.00753464155925 4.4396e-07
