pedestrian -1 -1 -10 192.1 183.6 206.483 214.585 1.04388532353 0.852907200637 0.617000390963 -15.0649045685 1.5140820575 27.1501507594 0.00753464155925 0.048869
pedestrian -1 -1 -10 755.23 170.25 774.862 207.519 0.100988898159 0.251971296657 0.400999900137 15.0563241015 1.28897717191 68.7768192829 0.00753464155925 0.0074896
pedestrian -1 -1 -10 187.89 181.94 213.711 216.6 1.04388532353 0.580937637126 0.976999937439 -14.8861454209 1.51152340256 26.9848195407 0.00753464155925 0.0054945
pedestrian -1 -1 -10 695.83 185.42 718.793 240.853 1.41684448635 1.17187250054 0.609999946786 2.6261134636 1.7465753978 16.9132781396 0.00753464155925 0.00097846
pedestrian -1 -1 -10 749.19 167.93 784.601 228.286 0.882903046251 0.966893125997 0.743999968709 3.38075737246 1.20285797206 16.4911313415 0.00753464155925 0.00069509
pedestrian -1 -1 -10 716.74 184.59 732.238 235.239 1.41984414815 0.861905085723 0.934999656565 2.78604447337 1.73945478614 16.4391358765 0.00753464155925 0.00051144
pedestrian -1 -1 -10 731.8 177.44 779.716 241.647 1.20286787594 0.731920165452 0.993999892181 3.25502988909 1.61116465021 16.3708867825 0.00753464155925 0.00031812
pedestrian -1 -1 -10 721.55 185.12 740.514 237.803 1.33085393297 0.735919437395 1.07599964583 2.85609528749 1.73847090414 16.3749554772 0.00753464155925 5.9774e-05
pedestrian -1 -1 -10 184.88 176.48 224.069 228.167 1.04388532353 0.845907997952 0.976999937439 -14.885147202 1.51348472801 27.1173009605 0.00753464155925 4.5156e-05
pedestrian -1 -1 -10 493.37 203.61 515.404 260.357 1.00588950801 0.695923857257 0.561999744995 -2.0717775935 1.76234996877 14.1330123944 0.00753464155925 1.8811e-05
pedestrian -1 -1 -10 171.31 168.09 232.032 243.443 1.04388532353 0.758917634991 0.976999937439 -14.8854749195 1.51284082047 27.0738070136 0.00753464155925 1.6958e-05
pedestrian -1 -1 -10 802.74 182.47 887.278 244.704 1.47983756303 1.14887334937 1.19499956744 3.45012507613 1.83651027195 10.4598149655 0.00753464155925 1.3398e-05
pedestrian -1 -1 -10 350.96 157.29 449.74 230.148 0.245972989083 1.08288154804 0.349000347116 -5.14408206938 0.683492032445 19.5547521016 0.00753464155925 2.5105e-06
pedestrian -1 -1 -10 507.6 182.5 534.812 258.732 1.42584338236 1.17887074966 0.6749998649 -2.03125676357 1.77441107933 14.9522495034 0.00753464155925 1.0307e-06
pedestrian -1 -1 -10 377.43 184.05 434.699 253.415 0.323964404585 0.54293978582 0.875999659366 -3.15159232703 0.835827690971 11.8259967399 0.00753464155925 7.3149e-07
pedestrian -1 -1 -10 399.57 224.03 435.367 355.52 1.06988255143 1.10587879206 0.608999900362 -2.07945139431 1.69492786384 6.67651285931 0.00753464155925 6.4134e-07
pedestrian -1 -1 -10 490.07 185.37 520.805 271.672 1.00588950801 0.892901827205 0.609999708367 -2.04703621893 1.76379053699 14.2313180129 0.00753464155925 5.3065e-07
pedestrian -1 -1 -10 401.68 198.29 449.274 285.655 0.473947971581 0.703923354713 0.997999839458 -2.72223061484 0.764690980957 10.823286635 0.00753464155925 2.6892e-08
