pedestrian -1 -1 -10 272.25 160.15 345.302 314.78 1.71199236512 0.839999583339 0.680997437104 -3.52935357733 1.4183072967 8.48412118043 0.00692802392802 0.9996
pedestrian -1 -1 -10 640.58 133.6 655.995 172.543 1.63199270964 0.416000084297 1.18699560882 0.980935852745 0.736946395722 14.5332767925 0.00692802392802 0.00069176
pedestrian -1 -1 -10 272.24 199.34 302.766 306.53 1.71199236512 0.655999692773 0.680997437104 -3.52999095006 1.41841429105 8.39212344303 0.00692802392802 0.00062138
pedestrian -1 -1 -10 645.95 137.08 662.794 178.993 1.7259922713 0.438000382193 1.13399577494 1.11163804342 0.83057431083 14.5434259268 0.00692802392802 0.00060743
pedestrian -1 -1 -10 314.6 154.88 366.952 294.73 2.02599094212 0.415999130623 1.19199543627 -5.62167796085 1.08222057095 15.3502124493 0.00692802392802 0.0005561
pedestrian -1 -1 -10 308.36 202.37 352.066 303.49 1.01299545914 1.18899932394 0.889996762929 -3.95210073174 1.39302147071 10.6299794039 0.00692802392802 0.00028356
pedestrian -1 -1 -10 709.78 169.91 721.721 210.617 1.00599555075 0.54700051432 1.12699562313 2.88941118944 0.989913342352 17.8322950987 0.00692802392802 0.00012567
pedestrian -1 -1 -10 651.3 132.37 669.298 175.211 1.78399204016 0.805999209652 0.533997914707 1.08460933055 0.960009919262 12.4796794131 0.00692802392802 0.000122
pedestrian -1 -1 -10 700.05 149.66 720.662 196.855 2.06099075228 0.63199954119 1.18999546953 2.237402182 1.16458925061 14.4388181015 0.00692802392802 2.9862e-05
pedestrian -1 -1 -10 267.42 168.57 330.134 258.799 1.71199236512 0.675999183309 0.680997437104 -3.52992167214 1.41840266152 8.40212294831 0.00692802392802 2.0068e-05
