pedestrian -1 -1 -10 643.68 132.7 663.643 181.982 1.54183065808 0.715923077681 1.19499956744 1.95468509527 0.577823268485 29.4052854669 0.00753464155925 0.0072857
pedestrian -1 -1 -10 1172.5 110.93 1198.8 167.913 1.53983091831 1.07688264012 1.06599965843 12.3582965266 0.706285334669 15.1465239028 0.00753464155925 0.0042555
pedestrian -1 -1 -10 454.33 130.24 470.019 183.392 1.57582700896 0.717921760083 1.19599973307 -5.14737825952 0.672217896322 25.8941608027 0.00753464155925 0.0021421
pedestrian -1 -1 -10 1162.5 93.363 1207.46 175.489 1.40784544134 0.973893282252 1.02999941768 12.3401620496 0.574127934799 15.1351385448 0.00753464155925 0.0018426
pedestrian -1 -1 -10 106.54 134.57 133.604 194.499 1.87179448461 0.679925815916 1.16999971814 -14.6760016996 0.914217970646 21.8509976141 0.00753464155925 0.0018046
pedestrian -1 -1 -10 1149.3 47.568 1240.37 282.028 1.53983091831 1.14987459771 1.1629997508 12.4065202186 0.70570973251 15.1096640556 0.00753464155925 0.00099216
pedestrian -1 -1 -10 1146.4 87.204 1202.01 241.944 1.76080667007 1.11787851503 1.19200002421 12.1337520293 0.928142137817 15.3300926425 0.00753464155925 0.00080275
pedestrian -1 -1 -10 1129.6 178.75 1149.87 227.028 1.73480950177 0.211976670088 0.239999697651 9.37961356651 0.995288359967 12.5232673427 0.00753464155925 0.00064271
pedestrian -1 -1 -10 40.636 134.96 58.753 175.936 1.01888809216 0.772914133221 0.586999713501 -15.2776497117 0.0703123807552 20.2789922711 0.00753464155925 8.2109e-05
pedestrian -1 -1 -10 1126.1 149.72 1155.54 230.198 1.73480950177 0.211976670088 0.239999697651 9.37961356651 0.995288359967 12.5232673427 0.00753464155925 7.6215e-05
pedestrian -1 -1 -10 1150.3 147.0 1193.36 263.5 1.76080667007 1.0788822761 1.18300020244 12.1293991557 0.928434066429 15.3496240649 0.00753464155925 7.433e-05
pedestrian -1 -1 -10 37.36 138.17 51.476 178.718 0.341962435009 0.0949869997069 0.163000056915 -28.6327688639 -0.188059137669 37.1857536245 0.00753464155925 2.2946e-05
pedestrian -1 -1 -10 875.91 162.72 915.969 229.658 0.112987604974 0.210979236027 0.888000216453 14.4463438828 1.25743490915 35.6238987933 0.00753464155925 9.9571e-09
