pedestrian -1 -1 -10 651.04 178.49 662.76 218.661 0.285968589069 0.220976462315 0.0850000121274 2.11492401221 1.1782783797 30.7795850307 0.00753464155925 0.093537
pedestrian -1 -1 -10 649.33 182.24 668.12 225.873 2.43373275828 0.481947551197 0.176999872385 1.73300036238 1.58907205491 24.0768534887 0.00753464155925 0.019334
pedestrian -1 -1 -10 639.13 175.01 665.599 225.096 0.322964586849 0.0449932397118 0.0199999748043 2.69657202695 1.49977673371 43.261440262 0.00753464155925 0.0029503
pedestrian -1 -1 -10 51.063 122.39 81.192 169.893 1.18187021351 1.19286820146 0.722999351435 -12.9439666742 0.306511710891 17.6877632337 0.00753464155925 4.5722e-05
pedestrian -1 -1 -10 1211.0 134.85 1241.98 261.73 0.160982324213 0.732919506653 1.0049998068 6.0961571549 0.138038166509 7.23181547761 0.00753464155925 3.7419e-05
pedestrian -1 -1 -10 356.49 161.03 399.656 241.215 0.880903261782 0.798912261559 0.602999979446 -5.56607838416 0.572920549328 17.0729237865 0.00753464155925 1.0243e-05
pedestrian -1 -1 -10 269.55 176.17 286.93 227.752 0.351961357355 0.334962387675 1.14099992157 -7.89435094235 0.734353003745 17.2701880076 0.00753464155925 6.6224e-06
pedestrian -1 -1 -10 438.14 143.66 457.087 187.542 1.92578851629 1.1428763486 1.11199964816 -5.90802824503 1.00000557214 26.7262440154 0.00753464155925 6.0196e-06
pedestrian -1 -1 -10 1075.2 212.11 1103.59 295.023 0.928897999645 0.648928597649 0.816999900587 4.41217564163 1.4998712793 7.14601546879 0.00753464155925 3.3385e-06
pedestrian -1 -1 -10 1039.4 183.76 1104.52 310.47 0.928897999645 0.730919870682 0.9459998096 4.34798639724 1.50052514401 7.1874952259 0.00753464155925 1.3151e-06
pedestrian -1 -1 -10 1196.9 216.62 1242.04 329.16 1.21986601413 1.06388357595 1.16099941954 4.20740199094 1.1406487845 4.96622819275 0.00753464155925 2.9231e-07
