pedestrian -1 -1 -10 750.29 178.59 763.688 228.94 2.25375257325 0.772914133221 0.411999576335 4.40216519584 1.58237780574 20.4255075497 0.00753464155925 0.065081
pedestrian -1 -1 -10 743.15 170.47 764.765 223.213 1.83479848683 0.322964571846 1.18799983852 5.76097292515 1.42618759073 28.0985400813 0.00753464155925 0.02477
pedestrian -1 -1 -10 776.99 165.85 798.177 219.879 2.1397651267 0.286969217221 0.20000022488 4.5785616804 1.50567810616 17.9541290907 0.00753464155925 0.0080404
pedestrian -1 -1 -10 749.38 174.21 773.393 231.572 2.25375257325 0.772914133221 0.411999576335 4.40216519584 1.58237780574 20.4255075497 0.00753464155925 0.0038937
pedestrian -1 -1 -10 790.24 167.37 808.75 212.965 1.85379642439 0.201977536661 0.0739998590921 4.61913455118 1.45183532425 17.356921522 0.00753464155925 0.0016353
pedestrian -1 -1 -10 801.03 174.11 817.449 219.913 2.21075731146 0.406956911205 0.587999879134 4.4090846185 1.47921833289 16.701150007 0.00753464155925 0.0014882
pedestrian -1 -1 -10 770.11 172.11 787.753 224.176 1.84079781044 0.306965576935 1.1039997536 6.71590724333 1.42844826209 27.9533372212 0.00753464155925 0.0014029
pedestrian -1 -1 -10 112.17 198.54 127.504 247.473 0.0999890208244 0.0 0.0 -17.4878729631 1.53042072078 26.1195346453 0.0 0.0012363
pedestrian -1 -1 -10 784.63 170.02 801.08 225.329 1.84479743898 0.304966894533 1.19399987864 7.25521433406 1.42972256774 27.8592718282 0.00753464155925 0.00094086
pedestrian -1 -1 -10 765.27 171.32 781.262 226.342 2.15476340592 0.468948487028 0.170000024255 4.51537148112 1.50500550743 19.3919247515 0.00753464155925 0.0007579
pedestrian -1 -1 -10 987.05 158.5 999.836 195.518 1.80080224026 0.795912330817 0.818999993435 14.2757533379 0.757162469258 26.9703881948 0.00753464155925 0.00072374
pedestrian -1 -1 -10 981.21 163.59 996.138 205.397 1.79580279398 0.619931015354 1.00999991971 14.1795946476 0.755929376696 26.8830815378 0.00753464155925 0.00063777
pedestrian -1 -1 -10 782.33 165.0 814.117 229.566 1.85379642439 0.201977536661 0.0739998590921 4.61913455118 1.45183532425 17.356921522 0.00753464155925 0.00057095
pedestrian -1 -1 -10 986.4 157.8 1011.26 210.29 1.79580279398 0.619931015354 0.657000340571 14.3560894415 0.755800871873 26.88175359 0.00753464155925 0.00045865
pedestrian -1 -1 -10 1015.5 151.88 1035.93 203.01 2.02777737522 0.482946892398 0.62499980868 10.7493994381 1.17952284154 18.1346631143 0.00753464155925 0.00039149
pedestrian -1 -1 -10 607.97 171.85 625.185 207.935 0.100988898159 0.0849897734196 0.397999909877 0.908120634338 1.55007291537 63.2622855194 0.00753464155925 0.00027491
pedestrian -1 -1 -10 970.6 140.21 1002.3 200.119 1.79580279398 0.619931015354 1.11099972094 14.1290961763 0.755966144337 26.8834614885 0.00753464155925 0.00025746
pedestrian -1 -1 -10 217.87 201.48 231.007 232.806 1.71481159748 0.518940339884 1.17799913586 -20.6665940569 2.86216512466 39.2760362333 0.00753464155925 0.00024394
pedestrian -1 -1 -10 805.37 176.39 828.393 233.078 1.67981553316 0.277969424995 1.00100009794 8.26156754958 1.2599128139 27.7114618897 0.00753464155925 0.00023002
pedestrian -1 -1 -10 976.54 151.56 996.331 195.339 1.79580279398 0.619931015354 1.11099972094 14.1290961763 0.755966144337 26.8834614885 0.00753464155925 0.00022358
pedestrian -1 -1 -10 972.21 127.12 994.729 188.562 1.80080224026 0.795912330817 1.18199979839 14.0942585727 0.757294614531 26.9717537624 0.00753464155925 0.00013441
pedestrian -1 -1 -10 961.24 147.54 998.738 219.667 1.80080224026 0.795912330817 1.18199979839 13.9712619468 0.757384167652 26.9726791896 0.00753464155925 8.7251e-05
pedestrian -1 -1 -10 674.49 176.09 693.124 220.262 2.02077811468 0.817911187212 0.95299977694 3.16763967777 1.62298500757 28.6521178822 0.00753464155925 8.2562e-05
pedestrian -1 -1 -10 973.64 113.95 1011.35 196.949 1.58082639563 0.619931015354 0.891999925312 14.2385266901 0.540910022012 26.8842294457 0.00753464155925 7.6223e-05
pedestrian -1 -1 -10 1007.4 151.67 1039.95 219.441 2.03177688456 0.482946892398 0.652000227661 10.7628980322 1.17951301239 18.1345911562 0.00753464155925 5.7666e-05
pedestrian -1 -1 -10 675.92 120.76 710.785 184.747 1.57882667076 0.521942177766 0.690999773218 3.15069001241 0.676653813408 26.3366629767 0.00753464155925 4.19e-05
pedestrian -1 -1 -10 522.24 157.42 539.777 214.276 0.0999890208244 0.0519924423967 0.548999618321 -5.95936840007 -0.308487246313 57.8872850331 0.00753464155925 2.8871e-05
pedestrian -1 -1 -10 636.17 116.41 670.572 212.588 1.9637843914 0.74291864008 0.918999748247 2.11892375347 0.983646147969 30.4808115586 0.00753464155925 1.6289e-05
pedestrian -1 -1 -10 7.9032 226.05 46.6242 276.116 1.14087470639 0.559938121932 0.331000226741 -14.8886998098 1.08799927167 18.8492038889 0.00753464155925 2.4074e-06
