pedestrian -1 -1 -10 209.9 161.92 297.976 330.86 1.71981110335 0.759916976192 1.18699943447 -3.66812353844 1.72680239422 7.55194095136 0.00753464155925 0.29787
pedestrian -1 -1 -10 164.09 177.51 285.79 346.82 1.71981110335 0.663927774575 1.19799934908 -3.90097846234 1.72626115378 7.50569699374 0.00753464155925 0.017426
pedestrian -1 -1 -10 135.46 130.34 170.571 211.789 1.83279879176 0.986891392851 0.581000150213 -11.4698852744 0.985050177265 18.1905009181 0.00753464155925 0.0094252
pedestrian -1 -1 -10 132.24 138.88 158.128 201.074 1.15287343555 0.777914653505 0.580000699835 -11.4713819051 0.303578327362 18.0910538414 0.00753464155925 0.0032352
pedestrian -1 -1 -10 232.46 170.94 333.15 311.41 1.70881239307 0.672926136446 1.18899952731 -3.47862564969 1.71469578645 7.48510188397 0.00753464155925 0.0015217
pedestrian -1 -1 -10 202.79 175.52 264.106 321.69 1.71981110335 0.663927774575 1.16799938688 -3.81098100388 1.72619562716 7.50501985239 0.00753464155925 0.0011381
pedestrian -1 -1 -10 159.15 189.39 176.021 236.455 2.86368561458 0.88590262452 0.632000729694 -11.4426552637 2.01869391506 18.3701508595 0.00753464155925 0.00089309
pedestrian -1 -1 -10 136.64 124.42 157.206 170.067 1.41884424102 1.12387742295 0.632000729694 -11.4439972776 0.572091038706 18.261865293 0.00753464155925 0.00085213
pedestrian -1 -1 -10 233.42 165.98 288.993 249.582 1.63782020831 0.672926136446 1.18899976573 -3.57864494029 1.64377640921 7.48637993283 0.00753464155925 0.00066884
pedestrian -1 -1 -10 132.15 133.63 153.105 178.885 0.770915294773 0.67192727203 0.206001218679 -19.1167374154 -0.365100761357 29.6823219536 0.00753464155925 0.00059189
pedestrian -1 -1 -10 687.75 218.59 721.405 299.935 1.17387110543 0.67092602369 0.995999657204 1.0338970421 1.67608062604 8.91091483037 0.00753464155925 0.00054743
pedestrian -1 -1 -10 966.78 171.98 1024.3 300.41 1.74980781824 0.736918778596 1.18999969295 5.86444641434 1.71270285443 11.1165474678 0.00753464155925 0.00044525
pedestrian -1 -1 -10 262.29 201.34 318.755 320.33 1.68981442571 0.682925269873 1.14999974334 -3.32017387481 1.69550840545 7.47905061181 0.00753464155925 0.00042676
pedestrian -1 -1 -10 150.56 142.83 171.877 214.201 2.20575786518 0.941898153139 0.632000729694 -11.4430690769 1.36035168362 18.3470255739 0.00753464155925 0.00038096
pedestrian -1 -1 -10 274.51 225.6 311.019 309.082 1.68981442571 0.682925269873 1.11399974101 -3.30217438312 1.69549530013 7.47891518354 0.00753464155925 0.0003336
pedestrian -1 -1 -10 150.21 175.3 176.151 238.051 2.86368561458 0.898901688689 0.632000729694 -11.4427042349 2.01859769526 18.3636515119 0.00753464155925 0.00031147
pedestrian -1 -1 -10 197.25 161.52 371.51 353.09 1.70881239307 0.672926136446 1.18699967288 -3.47762575078 1.71469505843 7.48509436073 0.00753464155925 0.00026949
pedestrian -1 -1 -10 333.67 143.79 345.84 178.912 0.343962308875 0.617932332953 0.640998644114 -16.8529499346 -0.708850313111 46.3384922062 0.00753464155925 0.00025577
pedestrian -1 -1 -10 129.53 126.91 146.408 174.442 0.951895416743 0.790913717674 0.359001049773 -19.1936276191 -0.18494568616 29.6220659057 0.00753464155925 0.00021472
pedestrian -1 -1 -10 155.97 185.46 180.825 259.072 2.86368561458 0.998891115819 0.632000729694 -11.4430809236 2.01785756791 18.3136582175 0.00753464155925 0.00019882
pedestrian -1 -1 -10 121.13 123.52 162.081 191.353 0.767915662767 0.375958262583 0.206001218679 -19.1156233407 -0.365909614173 29.8303244687 0.00753464155925 0.0001495
pedestrian -1 -1 -10 149.82 118.59 180.62 202.449 1.54882996332 0.898901688689 0.632000729694 -11.4431096508 0.703742043999 18.3733874764 0.00753464155925 0.00014822
pedestrian -1 -1 -10 692.18 214.31 708.738 255.109 1.17487098277 0.797911966789 1.0449996968 1.03887501388 1.67701730676 8.97437954616 0.00753464155925 0.0001409
pedestrian -1 -1 -10 687.26 215.87 714.904 266.883 1.17487098277 0.74291864008 1.03099964291 1.01666845298 1.6766262607 8.94704918679 0.00753464155925 6.2206e-05
pedestrian -1 -1 -10 684.56 213.16 701.287 249.389 1.1758708601 0.797911966789 1.11799965848 1.00237575784 1.67704388143 8.97466156811 0.00753464155925 2.7193e-05
pedestrian -1 -1 -10 235.47 170.12 259.765 254.542 1.70381294679 0.663927774575 1.18699943447 -3.66849008992 1.71009372021 7.50406617265 0.00753464155925 2.4544e-05
pedestrian -1 -1 -10 154.0 150.34 183.59 215.393 0.316965203642 0.104988040274 0.241001055377 -18.6785578866 1.3739518526 31.3086437682 0.00753464155925 2.1951e-05
pedestrian -1 -1 -10 230.71 170.85 249.521 225.759 0.360960342767 0.241974070369 1.13299907334 -21.4397074492 1.62946028255 42.7070629471 0.00753464155925 1.495e-05
pedestrian -1 -1 -10 225.26 171.1 264.155 292.87 1.71981110335 0.663927774575 1.19399987864 -3.68098484718 1.72610097772 7.50404176063 0.00753464155925 7.2417e-06
pedestrian -1 -1 -10 1084.3 145.68 1143.81 219.493 1.58182628042 0.679925815916 1.18499958004 7.68925811325 1.46834196697 11.033662419 0.00753464155925 1.4975e-06
pedestrian -1 -1 -10 950.05 157.16 1005.05 270.41 0.380958187459 0.432952178833 0.170999951469 6.44509936771 0.641848863334 12.6341027297 0.00753464155925 1.0439e-06
pedestrian -1 -1 -10 981.13 167.98 1029.47 237.945 1.70881231112 1.02388799582 1.18299972561 6.18831475005 1.67420359913 11.2988988921 0.00753464155925 8.0586e-07
pedestrian -1 -1 -10 947.28 161.3 1013.28 219.921 1.64581926424 0.87090392438 1.19899951472 5.71642339424 1.60981418484 11.185425414 0.00753464155925 1.886e-08
