pedestrian -1 -1 -10 772.23 159.33 793.35 208.505 1.74380851698 0.820911117955 1.18999969295 7.00065852651 1.48347610298 28.5737447775 0.00753464155925 0.96597
pedestrian -1 -1 -10 758.76 164.02 772.517 210.45 1.35285147273 0.741919298879 0.777999639774 6.56963045838 1.30068351622 28.7033222564 0.00753464155925 0.88509
pedestrian -1 -1 -10 779.85 161.23 798.369 209.88 1.74980790019 0.801912192301 1.09199967335 7.29649178514 1.49091117919 28.6829652454 0.00753464155925 0.81601
pedestrian -1 -1 -10 157.68 183.94 176.599 222.986 1.27785968924 0.652928346377 0.682000905123 -19.5729295302 1.93329702119 32.78341718 0.00753464155925 0.77585
pedestrian -1 -1 -10 761.99 161.87 779.186 210.945 1.74180876231 0.859906403322 0.975999533388 6.66817602107 1.48271796647 28.643755811 0.00753464155925 0.74764
pedestrian -1 -1 -10 786.43 162.78 802.557 208.477 1.57182741022 0.801912192301 0.865999433546 7.40943382908 1.31284841683 28.6834329282 0.00753464155925 0.089662
pedestrian -1 -1 -10 165.56 183.19 180.186 219.596 1.27785968924 0.652928346377 0.682000905123 -19.5729295302 1.93329702119 32.78341718 0.00753464155925 0.030279
pedestrian -1 -1 -10 729.4 165.83 742.328 199.34 2.29074839223 0.492946025825 0.182000104505 2.54036986422 1.61857077227 13.9453778491 0.00753464155925 0.013094
pedestrian -1 -1 -10 984.17 152.65 1005.68 203.323 1.59982436299 0.862906334064 0.615999986911 8.2098899912 1.37948639983 14.7802053644 0.00753464155925 0.011617
pedestrian -1 -1 -10 976.7 150.75 1002.48 226.028 2.18076051462 0.643928554151 0.827999815204 11.5040949544 1.27556743416 21.4786500063 0.00753464155925 0.0075554
pedestrian -1 -1 -10 989.42 152.15 1016.0 228.326 1.59982436299 0.872904513921 0.704999707897 8.25442625816 1.37952800774 14.7848695048 0.00753464155925 0.0045851
pedestrian -1 -1 -10 654.4 182.44 664.866 208.928 0.584935741428 0.178981246205 0.247999830624 3.13509793581 0.391715973351 41.0571716056 0.00753464155925 0.0025356
pedestrian -1 -1 -10 147.76 184.73 165.188 224.627 2.2897485149 0.117987104443 1.14800036575 -21.1870950253 1.81051552277 34.1575731916 0.00753464155925 0.0021353
pedestrian -1 -1 -10 181.82 186.48 193.816 217.237 2.77069577086 0.560939370273 1.18399965282 -19.3619881513 1.99960407597 33.9040513629 0.00753464155925 0.0013644
pedestrian -1 -1 -10 995.58 153.16 1019.47 197.313 2.05277454699 0.152983117867 1.1760002351 11.8771910551 1.13767516976 21.2313993658 0.00753464155925 0.0010412
pedestrian -1 -1 -10 957.47 141.92 982.646 213.872 2.23475460589 1.18887083665 0.111999477434 11.1363744775 1.31322074399 22.0478408177 0.00753464155925 0.00074072
pedestrian -1 -1 -10 1222.0 168.37 1234.74 214.288 1.60282402479 1.12387646938 0.739999544595 13.4511941669 0.736315244166 15.261827779 0.00753464155925 0.00048442
pedestrian -1 -1 -10 890.16 153.71 911.171 209.511 1.46183953261 0.98589205165 0.425000060637 9.46259853857 1.33804674171 23.0410003605 0.00753464155925 0.00046452
pedestrian -1 -1 -10 1226.4 166.92 1239.8 216.35 1.60282402479 1.01388790882 0.705999158275 13.4337800967 0.735513480069 15.2069629657 0.00753464155925 0.00045244
pedestrian -1 -1 -10 993.51 150.88 1034.95 235.393 1.59982436299 0.937897927626 0.770000222057 8.28717044407 1.37998543006 14.817120764 0.00753464155925 0.00028281
pedestrian -1 -1 -10 881.79 157.0 904.887 207.538 1.46183953261 0.921899886285 0.537999942123 9.40710218071 1.34005660046 23.1744065305 0.00753464155925 0.00026521
pedestrian -1 -1 -10 892.5 155.67 931.151 211.094 2.19575891304 1.13087662563 0.0809993495947 11.1316918527 1.21195389136 26.2846706704 0.00753464155925 0.00024667
pedestrian -1 -1 -10 1204.0 170.44 1237.45 216.853 0.961894368888 0.780914584247 1.02500025844 11.6523777095 1.24622284046 13.5513523495 0.00753464155925 0.0002234
pedestrian -1 -1 -10 952.8 151.61 1015.02 232.479 0.831908706182 0.396956824208 0.525999861873 8.23360049713 1.21958201256 14.9857386544 0.00753464155925 0.00018991
pedestrian -1 -1 -10 785.75 160.98 816.548 206.066 0.0999890208244 0.0 0.0 17.2231594801 0.752197125359 63.4156961554 0.0 0.00017003
pedestrian -1 -1 -10 1212.4 170.51 1229.16 214.28 0.961894368888 0.780914584247 1.02500025844 11.6523777095 1.24622284046 13.5513523495 0.00753464155925 0.0001563
pedestrian -1 -1 -10 650.8 176.8 676.886 207.222 0.584935741428 0.178981246205 0.247999830624 3.13509793581 0.391715973351 41.0571716056 0.00753464155925 0.00010946
pedestrian -1 -1 -10 975.33 147.2 994.228 191.965 2.18076051462 0.730918917112 0.739999544595 11.4604237819 1.27624337704 21.522475001 0.00753464155925 8.8277e-05
pedestrian -1 -1 -10 720.35 161.56 747.911 202.86 2.10676869785 0.492946025825 0.182000104505 2.54031313686 1.43459107789 13.9467401429 0.00753464155925 8.5355e-05
pedestrian -1 -1 -10 466.42 175.28 480.1 214.905 0.0999890208244 0.0 0.0 -10.3604047085 1.01401855305 56.2426390004 0.0 8.5009e-05
pedestrian -1 -1 -10 504.26 170.02 515.478 209.949 0.56593781877 0.254973134538 1.01099984692 -5.46323485815 1.66516498569 40.8549313365 0.00753464155925 6.7422e-05
pedestrian -1 -1 -10 1127.0 167.93 1190.14 230.139 2.17676094568 1.1708712522 1.14799941207 13.6977884976 1.27235229547 17.8411388559 0.00753464155925 5.2311e-05
pedestrian -1 -1 -10 742.66 167.55 752.269 203.51 0.0999890208244 0.0 0.0 10.6446656813 0.958545892902 54.3169460591 0.0 5.0709e-05
pedestrian -1 -1 -10 1151.1 161.7 1202.73 225.534 1.02388756824 0.352961018557 0.795999283312 11.758315029 1.13484616244 15.0848733602 0.00753464155925 4.7367e-05
pedestrian -1 -1 -10 1118.8 163.46 1157.66 226.065 2.17876075995 0.932898360913 0.821999298242 13.5367844288 1.28137827432 18.1062695313 0.00753464155925 4.6476e-05
pedestrian -1 -1 -10 490.58 171.22 506.479 213.526 0.0999890208244 0.0 0.0 -8.6614139519 1.39506691675 57.3943558394 0.0 4.0634e-05
pedestrian -1 -1 -10 1.1248 135.32 42.4358 204.301 0.344962111713 0.786912538591 0.205001768301 -32.2219450569 0.418442277601 40.3072693343 0.00753464155925 1.9268e-05
pedestrian -1 -1 -10 978.45 120.86 1026.07 240.84 1.59982436299 0.862906334064 0.69500043575 8.2493890976 1.37945764076 14.779908173 0.00753464155925 1.4566e-05
pedestrian -1 -1 -10 1135.1 132.17 1227.73 228.781 1.02388756824 0.347962405414 0.710999271185 11.8008326634 1.13485221933 15.0870528346 0.00753464155925 1.4219e-05
pedestrian -1 -1 -10 481.4 174.14 495.556 214.913 1.07188231355 0.358961833611 0.76299977788 -5.17849566842 1.39954302561 30.7680714327 0.00753464155925 6.6927e-06
pedestrian -1 -1 -10 1099.2 147.34 1179.6 225.925 2.17876075995 1.10087922535 0.935999583779 13.5942199197 1.28219532682 18.1638332389 0.00753464155925 5.066e-06
pedestrian -1 -1 -10 1112.4 127.3 1153.14 223.523 2.17876075995 0.932898360913 0.721999901057 13.4867861455 1.28141467777 18.1066457187 0.00753464155925 4.3602e-06
pedestrian -1 -1 -10 939.02 142.71 967.642 202.586 2.12176703667 0.696924152028 0.117000544019 11.1500332254 1.20241127079 22.8716555352 0.00753464155925 3.2566e-06
pedestrian -1 -1 -10 1102.1 166.8 1142.04 229.072 2.02977712989 0.891902486004 0.638999743359 13.4464655408 1.13486667315 18.2705390876 0.00753464155925 3.0249e-06
pedestrian -1 -1 -10 1103.9 47.548 1217.88 242.058 1.61882224095 1.17987104443 1.13100017259 13.7464483014 0.713067530378 17.7564099181 0.00753464155925 1.1629e-06
pedestrian -1 -1 -10 875.31 136.32 910.804 216.495 1.46183953261 0.921899886285 0.537999942123 9.40710218071 1.34005660046 23.1744065305 0.00753464155925 6.7277e-07
pedestrian -1 -1 -10 868.07 89.564 918.293 227.374 0.538940832733 0.65692952546 0.27299967992 14.1407192906 -0.634779614365 35.5463525962 0.00753464155925 6.6823e-08
