pedestrian -1 -1 -10 16.894 180.53 76.504 313.79 1.72881021541 0.443951607031 0.849999644437 -7.8387058087 1.78373798326 10.2099514373 0.00753464155925 0.99579
pedestrian -1 -1 -10 432.43 165.91 460.912 233.282 1.8597957778 0.858907062121 1.01299970135 -4.74692831238 1.73557190647 21.8094416908 0.00753464155925 0.77044
pedestrian -1 -1 -10 751.23 161.5 767.464 199.153 1.50983418107 0.305966235734 0.310999775099 6.98914735229 1.26871080697 32.3032933677 0.00753464155925 0.65092
pedestrian -1 -1 -10 429.95 169.64 449.998 222.956 1.8597957778 0.841908726009 0.822999702293 -4.84186158544 1.7357668961 21.8186553778 0.00753464155925 0.56568
pedestrian -1 -1 -10 729.76 159.97 745.606 201.692 1.0978794744 0.403955073323 0.4489997443 5.71989731429 0.85362695375 31.2318034082 0.00753464155925 0.38653
pedestrian -1 -1 -10 445.69 167.49 467.199 230.858 1.84479743898 0.592935452955 0.79900001863 -4.62693857654 1.71851673417 21.6756603404 0.00753464155925 0.35167
pedestrian -1 -1 -10 1007.6 166.26 1027.5 226.139 0.743918308736 0.205976808604 0.173999733113 10.2311494356 1.17062818248 17.975675449 0.00753464155925 0.16514
pedestrian -1 -1 -10 619.88 173.41 630.624 205.183 1.07988145887 0.473950914451 0.573999765641 1.12308723891 1.607994757 39.9063312734 0.00753464155925 0.12309
pedestrian -1 -1 -10 644.43 174.33 655.186 204.315 1.08088136601 0.148981938785 0.332999842752 2.53199882388 1.6128191806 40.0881790369 0.00753464155925 0.099854
pedestrian -1 -1 -10 741.53 163.13 764.522 203.493 1.44884097826 0.449949561375 0.501999701373 6.45787655742 1.42656074292 31.1213451509 0.00753464155925 0.093245
pedestrian -1 -1 -10 649.57 172.13 660.881 206.536 0.818910062434 0.119985786844 0.382000090966 2.76791456584 1.58152067207 39.4683397197 0.00753464155925 0.080153
pedestrian -1 -1 -10 1048.4 145.24 1091.32 221.751 0.106988251567 0.434951814805 0.115999186293 12.2693248109 0.490796478589 19.3553594936 0.00753464155925 0.066404
pedestrian -1 -1 -10 711.8 163.02 729.696 206.405 0.595934556008 0.168980205639 0.162000129701 7.10288986843 0.723471035691 44.039863491 0.00753464155925 0.047764
pedestrian -1 -1 -10 755.51 159.12 773.757 205.56 1.50983418107 0.305966235734 0.310999775099 6.98914735229 1.26871080697 32.3032933677 0.00753464155925 0.037856
pedestrian -1 -1 -10 1029.8 147.14 1076.39 221.385 1.08888045919 0.406955004065 0.530999974783 12.4161427671 0.632604023482 19.9625059294 0.00753464155925 0.029617
pedestrian -1 -1 -10 422.25 173.88 438.029 221.068 0.322964586849 0.318965299903 0.355999837618 -10.0808374639 1.45510413248 41.2660889279 0.00753464155925 0.027458
pedestrian -1 -1 -10 8.9049 157.55 104.314 327.14 1.72881021541 0.443951607031 0.849999644437 -7.8387058087 1.78373798326 10.2099514373 0.00753464155925 0.027211
pedestrian -1 -1 -10 719.23 159.57 746.605 208.03 1.0978794744 0.403955073323 0.4489997443 5.71989731429 0.85362695375 31.2318034082 0.00753464155925 0.025935
pedestrian -1 -1 -10 1010.3 159.41 1040.92 225.228 1.02688718534 1.07088277864 0.946999736815 7.92668352946 1.25139495518 13.4758142562 0.00753464155925 0.025235
pedestrian -1 -1 -10 38.107 178.92 92.324 289.61 1.72881021541 0.443951607031 0.78699993838 -7.80720684725 1.78371504905 10.209714439 0.00753464155925 0.024173
pedestrian -1 -1 -10 1019.4 155.77 1051.28 220.896 1.74280869924 0.422953998976 0.611999801215 8.29141582423 1.18890130661 14.4764284942 0.00753464155925 0.020466
pedestrian -1 -1 -10 1213.4 146.13 1239.18 198.925 1.10487867534 0.747919160363 0.639999193737 18.3487454637 0.938133217548 21.121066374 0.00753464155925 0.017816
pedestrian -1 -1 -10 1051.9 144.54 1074.92 197.011 1.08888045919 0.406955004065 0.530999974783 12.4161427671 0.632604023482 19.9625059294 0.00753464155925 0.017778
pedestrian -1 -1 -10 1185.1 146.28 1231.95 210.321 1.10987812162 1.14887430294 0.6350000345 18.2779637686 0.947522588963 21.4820468259 0.00753464155925 0.014213
pedestrian -1 -1 -10 1216.4 135.61 1240.01 232.763 1.10787836695 1.14187510026 0.901000700755 18.4337274359 0.942988321701 21.3174031127 0.00753464155925 0.011573
pedestrian -1 -1 -10 1029.7 149.24 1044.0 192.383 0.955895015481 0.498945887309 0.57699948768 10.2972172702 0.762561533908 17.3031945984 0.00753464155925 0.010976
pedestrian -1 -1 -10 1124.1 155.58 1165.11 225.328 0.862905246258 0.898901688689 1.14899981612 12.0030243888 0.748252605457 16.204715461 0.00753464155925 0.010575
pedestrian -1 -1 -10 1180.0 148.75 1203.43 199.817 0.824909430741 0.387957985552 0.437000140887 18.4522930862 0.816766528431 22.720231691 0.00753464155925 0.0099897
pedestrian -1 -1 -10 1042.5 143.68 1066.76 190.822 1.08888045919 0.406955004065 0.530999974783 12.4161427671 0.632604023482 19.9625059294 0.00753464155925 0.0099745
pedestrian -1 -1 -10 720.36 161.24 732.358 206.823 0.739918769596 0.312965438419 0.406999940262 6.08218037955 0.777611690641 36.3087500099 0.00753464155925 0.0094562
pedestrian -1 -1 -10 1173.5 149.45 1195.13 203.886 0.963894183156 0.91389943526 0.983998951105 18.1779072559 0.815292975937 22.610334238 0.00753464155925 0.0093826
pedestrian -1 -1 -10 1231.2 145.0 1241.49 181.071 0.0999890208244 0.0 0.0 22.3668186563 -0.0237838137859 25.4131892635 0.0 0.0072369
pedestrian -1 -1 -10 1155.7 151.84 1198.62 215.255 0.963894183156 0.860905744523 0.936999987831 18.1546080817 0.815702347555 22.6370071365 0.00753464155925 0.0065976
pedestrian -1 -1 -10 1138.4 153.58 1179.29 219.076 1.09987921417 0.69992217563 1.18099939434 12.253047254 0.982993678599 16.0625911811 0.00753464155925 0.0065307
pedestrian -1 -1 -10 1055.9 148.12 1081.7 209.973 1.13987479926 0.645929143692 0.98200005035 11.3738689234 0.799134926939 17.5904436629 0.00753464155925 0.005798
pedestrian -1 -1 -10 1037.8 146.77 1057.26 188.934 1.08888045919 0.406955004065 0.530999974783 12.4161427671 0.632604023482 19.9625059294 0.00753464155925 0.005557
pedestrian -1 -1 -10 912.39 142.74 931.612 194.924 1.23486442745 0.300967622591 0.426999915066 12.4066378555 0.791453241797 28.393469569 0.00753464155925 0.0047778
pedestrian -1 -1 -10 1118.9 170.42 1143.44 228.502 0.978892492177 1.17787140845 1.14899981612 8.55384515617 1.22371319424 11.7674084251 0.00753464155925 0.0038066
pedestrian -1 -1 -10 1136.2 156.4 1155.24 201.212 0.862905246258 0.68592377026 1.14799941207 12.0027222281 0.746675766789 16.0982257611 0.00753464155925 0.0032327
pedestrian -1 -1 -10 47.394 181.57 77.374 261.715 1.72881021541 0.443951607031 0.809999694829 -7.81870639998 1.78372342181 10.2098009617 0.00753464155925 0.0029248
pedestrian -1 -1 -10 906.1 146.68 922.605 194.041 1.23486442745 0.300967622591 0.426999915066 12.4066378555 0.791453241797 28.393469569 0.00753464155925 0.0029099
pedestrian -1 -1 -10 1033.7 144.95 1049.92 186.785 0.955895015481 0.498945887309 0.57699948768 10.2972172702 0.762561533908 17.3031945984 0.00753464155925 0.0026948
pedestrian -1 -1 -10 1155.0 154.02 1174.42 200.913 0.963894183156 0.91389943526 0.562999553001 17.9674135148 0.815446235194 22.611917994 0.00753464155925 0.0025072
pedestrian -1 -1 -10 898.86 146.52 936.159 194.431 1.23486442745 0.300967622591 0.426999915066 12.4066378555 0.791453241797 28.393469569 0.00753464155925 0.0024916
pedestrian -1 -1 -10 1203.8 148.91 1224.73 203.297 1.10787836695 1.14187510026 0.687000064359 18.3267301462 0.943066225799 21.3182081609 0.00753464155925 0.0023077
pedestrian -1 -1 -10 995.81 154.36 1026.91 238.47 1.81980014801 0.292968125135 0.310000324722 8.44513314523 1.17012065772 15.2412236412 0.00753464155925 0.0022911
pedestrian -1 -1 -10 1032.0 165.11 1051.47 217.078 0.955895015481 0.498945887309 0.57699948768 10.2972172702 0.762561533908 17.3031945984 0.00753464155925 0.0019185
pedestrian -1 -1 -10 54.353 182.71 73.071 244.315 1.72881021541 0.443951607031 0.809999694829 -7.81870639998 1.78372342181 10.2098009617 0.00753464155925 0.0018576
pedestrian -1 -1 -10 1124.9 160.44 1148.99 214.389 0.990891258591 1.15987277757 1.18299924877 8.27169029396 1.22772858852 11.2164874947 0.00753464155925 0.0017739
pedestrian -1 -1 -10 1029.0 143.29 1059.49 201.27 0.955895015481 0.498945887309 0.57699948768 10.2972172702 0.762561533908 17.3031945984 0.00753464155925 0.0016421
pedestrian -1 -1 -10 818.16 159.82 851.38 239.589 1.39784648919 0.869905536749 0.729999795612 6.00282677046 1.31597882489 18.2322544046 0.00753464155925 0.0011589
pedestrian -1 -1 -10 452.31 163.36 473.036 221.425 1.81680051601 0.592935452955 0.657999790949 -4.55644909057 1.69046848193 21.6753372178 0.00753464155925 0.0010659
pedestrian -1 -1 -10 1209.7 145.39 1229.46 193.763 0.101988835093 0.0359953546253 0.39800059533 25.1163908487 -0.252129795405 29.3554131 0.00753464155925 0.0010098
pedestrian -1 -1 -10 1041.3 141.21 1117.77 242.26 1.13987479926 0.645929143692 0.98200005035 11.3738689234 0.799134926939 17.5904436629 0.00753464155925 0.00080573
pedestrian -1 -1 -10 1042.7 157.74 1061.43 208.007 1.08888045919 0.406955004065 0.530999974783 12.4161427671 0.632604023482 19.9625059294 0.00753464155925 0.00076358
pedestrian -1 -1 -10 919.05 142.74 938.975 195.809 0.756916907785 0.364957880816 0.269999421439 14.8742501213 0.486043918526 32.9244871227 0.00753464155925 0.00075151
pedestrian -1 -1 -10 765.26 157.38 831.294 267.05 1.40184603578 0.702922106372 0.989999944904 4.63133907795 1.41903074191 17.2324529832 0.00753464155925 0.00069319
pedestrian -1 -1 -10 1096.3 153.78 1134.8 222.739 0.973893060804 0.984892710449 1.16599905561 11.5838946908 0.860182357019 16.2500441614 0.00753464155925 0.00067163
pedestrian -1 -1 -10 404.36 181.79 416.696 228.966 1.07988144398 0.574937775642 0.402999754566 -5.05917485064 1.70179401298 17.8889810346 0.00753464155925 0.00063684
pedestrian -1 -1 -10 1231.1 215.06 1241.94 263.424 0.954895167945 1.15687284683 1.15000022018 8.68346971051 1.21231860563 9.9226687552 0.00753464155925 0.00059609
pedestrian -1 -1 -10 636.55 172.13 646.692 203.742 0.58793547773 0.328962526191 0.355999956828 2.38791431557 1.75950684183 43.1628675426 0.00753464155925 0.00058977
pedestrian -1 -1 -10 330.31 172.16 366.306 232.32 0.217976066112 0.408953686467 0.21200030513 -6.36314041573 0.735478400088 18.0167467652 0.00753464155925 0.00044235
pedestrian -1 -1 -10 1154.7 135.4 1229.35 244.78 1.06388315332 1.07088277864 1.05699983666 8.07355775568 1.24194490947 9.87262504727 0.00753464155925 0.00044081
pedestrian -1 -1 -10 1146.0 173.13 1168.1 225.348 0.738918862462 0.623932194437 1.16099989637 9.08365269856 1.01008356796 11.8818190244 0.00753464155925 0.00041401
pedestrian -1 -1 -10 407.47 182.15 424.13 224.256 0.101988797844 0.225976982598 0.256999890812 -5.48025443254 0.282014531153 18.7675529851 0.00753464155925 0.00036398
pedestrian -1 -1 -10 1152.0 165.46 1174.28 232.537 0.900901076675 0.623932194437 1.15599978346 9.01920415681 1.17211274314 11.8811048998 0.00753464155925 0.00034719
pedestrian -1 -1 -10 324.3 191.45 344.41 243.53 2.40573577572 0.661928138603 0.849999644437 -5.64038514052 1.71134379802 14.6700871644 0.00753464155925 0.00026563
pedestrian -1 -1 -10 34.98 238.45 69.775 307.633 1.72881021541 0.496946251338 1.00399987958 -7.91550410092 1.78418631433 10.2370273402 0.00753464155925 0.00025905
pedestrian -1 -1 -10 1080.3 151.39 1120.34 215.935 0.601933916866 0.740919957679 0.8739993281 11.4388581535 0.741107848546 16.372163057 0.00753464155925 0.00023205
pedestrian -1 -1 -10 1088.6 152.88 1112.23 204.64 0.601933916866 0.740919957679 0.886999812402 11.4453582116 0.741103115892 16.3721141505 0.00753464155925 0.0002197
pedestrian -1 -1 -10 1197.9 132.9 1237.67 255.18 1.06388315332 0.8139109617 1.16899979093 8.14158770119 1.23999255262 9.74362364435 0.00753464155925 0.00017789
pedestrian -1 -1 -10 20.949 178.71 53.347 269.975 1.72881021541 0.496946251338 0.992999726548 -7.92100402176 1.78419031879 10.2370687217 0.00753464155925 0.00011425
pedestrian -1 -1 -10 321.62 199.76 340.424 260.281 2.40573577572 0.661928138603 0.93899984226 -5.68488397989 1.71137619737 14.6704219739 0.00753464155925 0.00011348
pedestrian -1 -1 -10 395.09 178.38 423.639 234.169 1.07988144398 0.574937775642 0.402999754566 -5.05917485064 1.70179401298 17.8889810346 0.00753464155925 0.00011154
pedestrian -1 -1 -10 990.46 145.65 1041.52 251.19 1.74280869924 0.580936683557 0.972999274907 8.11032603045 1.187863327 14.3987974366 0.00753464155925 0.00010918
pedestrian -1 -1 -10 1154.6 149.96 1186.58 190.524 0.81391064596 0.651927098037 0.83799908735 18.1053377689 0.666295140885 22.6749850767 0.00753464155925 7.5872e-05
pedestrian -1 -1 -10 1046.6 134.06 1084.8 186.131 1.13987479926 0.645929143692 0.98200005035 11.3738689234 0.799134926939 17.5904436629 0.00753464155925 7.0348e-05
pedestrian -1 -1 -10 383.59 177.54 413.799 233.386 1.07988144398 1.08988075072 0.76499963231 -5.24378209577 1.69482800283 17.4109091588 0.00753464155925 4.927e-05
pedestrian -1 -1 -10 1097.9 181.82 1124.44 244.074 1.00888916982 1.17887074966 1.1629997508 8.24485946569 1.25392744936 11.7690115068 0.00753464155925 4.4494e-05
pedestrian -1 -1 -10 933.03 150.27 956.774 205.447 2.10476882399 0.809912643327 0.41000067558 10.7745594481 1.18975338199 22.7440283713 0.00753464155925 3.8333e-05
pedestrian -1 -1 -10 21.25 176.84 47.31 233.788 2.50172531104 1.19386849623 0.263999858151 -8.8994573324 1.7821563265 11.3478438756 0.00753464155925 3.0259e-05
pedestrian -1 -1 -10 43.261 194.27 75.586 308.74 1.72881021541 0.443951607031 0.849999644437 -7.8387058087 1.78373798326 10.2099514373 0.00753464155925 2.401e-05
pedestrian -1 -1 -10 762.15 181.64 809.475 265.99 1.39684658951 0.702922106372 0.735999835737 4.50434107649 1.41412376102 17.2334455241 0.00753464155925 1.6149e-05
pedestrian -1 -1 -10 23.813 170.94 65.648 243.633 2.40573583531 1.18786958831 0.147999718184 -8.95570355979 1.68371794553 11.586047164 0.00753464155925 1.2681e-05
pedestrian -1 -1 -10 328.04 186.87 354.557 254.548 1.03188667631 1.13887516952 0.768999818005 -6.04684429344 1.72627069014 17.0015809104 0.00753464155925 5.1377e-06
pedestrian -1 -1 -10 751.62 155.59 794.816 266.71 2.18675983823 0.982892120908 0.394999860012 2.47745941608 1.59469892534 10.0338956195 0.00753464155925 2.7865e-06
pedestrian -1 -1 -10 389.77 188.94 405.475 241.458 1.07988144398 1.14687562054 0.76499963231 -5.2439968117 1.69440612361 17.3824125328 0.00753464155925 1.3789e-06
pedestrian -1 -1 -10 746.98 204.74 790.737 267.437 1.92278894388 0.44295131226 0.147000029388 3.24782971828 1.4089426265 14.4714999343 0.00753464155925 3.452e-07
