pedestrian -1 -1 -10 1058.3 241.86 1079.91 295.34 2.16076266993 1.19786872174 0.123000107307 5.55377282202 1.52963553138 8.73981197616 0.00753464155925 0.04429
pedestrian -1 -1 -10 1022.2 172.97 1043.48 217.65 2.15776303792 1.19786872174 0.191999853488 5.60546401988 1.51683271991 9.43068516128 0.00753464155925 0.039719
pedestrian -1 -1 -10 1030.9 162.96 1053.18 205.636 2.15076377738 1.19686842697 0.165999838559 5.5904512587 1.51288251277 9.16326763848 0.00753464155925 0.030136
pedestrian -1 -1 -10 1067.1 168.33 1147.12 310.86 2.17076168167 1.1938694498 0.216999941203 5.49309570044 1.5504814364 7.98392973199 0.00753464155925 0.026478
pedestrian -1 -1 -10 1047.1 179.0 1098.14 313.11 2.15876297486 1.19886901651 0.161000202486 5.53370283356 1.53153963254 8.59740014429 0.00753464155925 0.020828
pedestrian -1 -1 -10 1050.9 223.18 1089.89 294.414 2.15876291526 1.19686842697 0.123000107307 5.55361899187 1.52933207056 8.71929933641 0.00753464155925 0.014165
pedestrian -1 -1 -10 1036.0 171.53 1058.55 216.063 2.16276254379 1.18486965757 0.114999735915 5.56436477915 1.53072964936 9.08427789715 0.00753464155925 0.013184
pedestrian -1 -1 -10 1015.6 174.11 1037.27 224.469 2.15576328325 1.19886901651 0.202000079309 5.61155076236 1.51496851964 9.57517133537 0.00753464155925 0.011578
pedestrian -1 -1 -10 1025.4 157.17 1058.48 217.744 2.15076377738 1.19686938054 0.165999838559 5.59070740542 1.51338579626 9.19726286893 0.00753464155925 0.0099238
pedestrian -1 -1 -10 1023.2 174.63 1053.44 235.644 2.15076377738 1.18987017785 0.165999838559 5.590771443 1.51351161889 9.20576179573 0.00753464155925 0.009249
pedestrian -1 -1 -10 1080.3 193.84 1122.47 270.964 2.17176155901 1.19686842697 0.224999835757 5.49782223198 1.55190696328 8.08039365103 0.00753464155925 0.0075093
pedestrian -1 -1 -10 1037.9 151.84 1056.54 198.464 2.10776863479 1.19586908577 0.111999954271 5.5626709315 1.47538897436 9.06119966483 0.00753464155925 0.006625
pedestrian -1 -1 -10 1105.4 130.6 1181.63 301.95 2.17276137674 1.19586860898 0.199999748043 5.48045585073 1.56132930284 7.4328032663 0.00753464155925 0.0065361
pedestrian -1 -1 -10 1041.1 182.27 1064.92 228.035 2.16276254379 1.18687024711 0.114000285538 5.55985537405 1.52874866649 8.95032288772 0.00753464155925 0.0064551
pedestrian -1 -1 -10 1008.2 168.7 1087.72 305.75 2.16276254379 1.19086951905 0.114999735915 5.56422917439 1.53046320972 9.0662807307 0.00753464155925 0.0058679
pedestrian -1 -1 -10 1022.6 154.02 1043.03 199.111 2.12976611495 1.19686842697 0.202000079309 5.6106236316 1.48716545136 9.45338091992 0.00753464155925 0.0051826
pedestrian -1 -1 -10 1043.5 155.91 1061.98 202.734 2.10776863479 1.19287010859 0.114000285538 5.55981581432 1.47371034617 8.94773024937 0.00753464155925 0.0039883
pedestrian -1 -1 -10 1083.6 195.94 1107.28 252.328 2.17476119101 1.19686890375 0.224999835757 5.49865002183 1.55353524272 8.19040106218 0.00753464155925 0.0036566
pedestrian -1 -1 -10 1143.7 122.34 1161.74 171.107 1.73780919337 1.19586908577 0.14499993654 5.50303098635 1.12680550638 7.33083218777 0.00753464155925 0.0030966
pedestrian -1 -1 -10 1075.1 177.72 1092.07 230.445 2.14876402271 1.19786872174 0.224999835757 5.50011868412 1.52444737444 8.3871548903 0.00753464155925 0.0030889
pedestrian -1 -1 -10 1077.3 215.94 1111.41 301.194 2.17776088262 1.19186933704 0.224999835757 5.49890900845 1.55404592339 8.22491816053 0.00753464155925 0.0030725
pedestrian -1 -1 -10 1067.7 228.72 1089.68 285.293 2.15376346899 1.19686842697 0.224999835757 5.50119070428 1.52655673525 8.52967265529 0.00753464155925 0.0029956
pedestrian -1 -1 -10 946.43 140.5 963.094 191.588 1.96878389727 1.18687024711 0.113000358323 5.73238626285 1.29018942249 11.8915240338 0.00753464155925 0.0029557
pedestrian -1 -1 -10 1120.9 123.96 1146.78 191.695 1.80380193186 1.19786872174 0.13299985629 5.51432954422 1.19130787205 7.50030368078 0.00753464155925 0.0029551
pedestrian -1 -1 -10 1053.1 132.19 1073.89 188.687 1.86579510141 1.19586908577 0.100000350858 5.55114421436 1.23459576188 8.73701499783 0.00753464155925 0.0028748
pedestrian -1 -1 -10 1068.8 169.75 1088.46 224.779 2.15376346899 1.19586908577 0.224999835757 5.50086298678 1.52591282771 8.48617870844 0.00753464155925 0.0027786
pedestrian -1 -1 -10 1046.1 167.47 1067.91 211.523 2.16076272953 1.19586908577 0.114000285538 5.55948307037 1.52801594339 8.90081491866 0.00753464155925 0.0027216
pedestrian -1 -1 -10 1134.5 214.59 1172.36 279.909 2.17576106835 1.19886901651 0.137000041986 5.49842596216 1.56630193618 7.22908834024 0.00753464155925 0.0026621
pedestrian -1 -1 -10 1042.6 176.19 1080.16 240.105 2.15876297486 1.19386849623 0.114000285538 5.55875291279 1.52658010001 8.80381336798 0.00753464155925 0.0023402
pedestrian -1 -1 -10 1066.7 206.15 1104.9 288.515 2.14676420844 1.19287010859 0.224999835757 5.49961830888 1.52346301313 8.3206495444 0.00753464155925 0.0022575
pedestrian -1 -1 -10 1060.2 141.57 1076.2 194.784 1.95178568459 1.19786872174 0.114000285538 5.55756273166 1.32338181798 8.65527769705 0.00753464155925 0.0021571
pedestrian -1 -1 -10 1080.0 184.27 1100.57 239.57 2.17876075995 1.19686938054 0.224999835757 5.4993946274 1.5550006854 8.28941676148 0.00753464155925 0.0020747
pedestrian -1 -1 -10 1010.2 203.51 1035.08 271.012 2.16076272953 1.194868791 0.205999788168 5.61409144852 1.5160328433 9.64718340381 0.00753464155925 0.0020121
pedestrian -1 -1 -10 228.09 127.81 242.603 169.254 1.61982211828 0.958895535681 0.95799988985 -4.83909857983 1.01312423396 9.28532604415 0.00753464155925 0.00201
pedestrian -1 -1 -10 1011.8 155.19 1034.44 201.961 2.16276254379 1.19786872174 0.205999788168 5.61452402137 1.5168839848 9.70469016649 0.00753464155925 0.0019609
pedestrian -1 -1 -10 175.29 136.13 219.339 297.93 2.03377663923 0.705922990684 1.19499932902 -5.21141643249 1.42047727092 9.15864732507 0.00753464155925 0.00194
pedestrian -1 -1 -10 1129.6 238.09 1152.25 281.875 2.17476113141 1.19586860898 0.199999748043 5.48070384766 1.56181778491 7.4658135145 0.00753464155925 0.0018144
pedestrian -1 -1 -10 1040.0 154.95 1075.17 220.309 2.16076272953 1.19786872174 0.114000285538 5.55931732922 1.52769029103 8.87881811702 0.00753464155925 0.0017984
pedestrian -1 -1 -10 1009.4 176.81 1042.49 248.254 2.15576328325 1.19286915503 0.202000079309 5.6114151576 1.51470208001 9.55717416892 0.00753464155925 0.0017193
pedestrian -1 -1 -10 232.33 124.93 246.819 166.452 1.61982211828 0.995891185077 0.941999623904 -4.83095930013 1.01339225314 9.30376315244 0.00753464155925 0.0017016
pedestrian -1 -1 -10 298.84 169.69 318.01 211.607 2.06877276314 1.17587081891 0.897000038222 -4.7248261011 1.42288289397 11.0974727622 0.00753464155925 0.0016954
pedestrian -1 -1 -10 1108.3 142.24 1137.44 216.209 2.09876950038 1.19686890375 0.210999901078 5.48834135575 1.48207872611 7.7539135316 0.00753464155925 0.0016944
pedestrian -1 -1 -10 1042.7 127.87 1066.06 190.512 1.87079460728 1.19886901651 0.108000245413 5.55646529513 1.23819062237 8.91248282432 0.00753464155925 0.0016583
pedestrian -1 -1 -10 1142.3 108.05 1170.11 172.921 1.7358094387 1.194868791 0.137000041986 5.49835057892 1.12646872493 7.24034479445 0.00753464155925 0.0015888
pedestrian -1 -1 -10 1024.9 131.56 1057.61 199.578 1.93578740883 1.18687024711 0.165999838559 5.59104547578 1.29520919178 9.25290636358 0.00753464155925 0.0015008
pedestrian -1 -1 -10 1147.2 91.715 1179.25 166.126 1.56482814968 1.19886853972 0.137000041986 5.49759091987 0.956095814591 7.14759408875 0.00753464155925 0.0013277
pedestrian -1 -1 -10 1193.2 219.75 1214.61 270.72 2.19075940717 1.19386897301 0.131999929076 5.48422957344 1.59004626496 6.60336853234 0.00753464155925 0.0012825
pedestrian -1 -1 -10 1052.8 117.34 1072.02 166.148 1.71281190241 1.19686842697 0.100000350858 5.55131928984 1.08204923645 8.76764371424 0.00753464155925 0.0012808
pedestrian -1 -1 -10 1120.0 209.6 1167.17 296.574 2.17276137674 1.1938694498 0.199999748043 5.48035038055 1.56112207241 7.41880549666 0.00753464155925 0.0011524
pedestrian -1 -1 -10 1059.9 145.71 1092.28 220.746 2.14376457644 1.1958681322 0.224999835757 5.50118385288 1.51655043846 8.52924655979 0.00753464155925 0.0011424
pedestrian -1 -1 -10 1051.5 175.98 1071.33 216.839 2.15876297486 1.1958681322 0.114000285538 5.55870771001 1.52649128445 8.79781415358 0.00753464155925 0.0011167
pedestrian -1 -1 -10 1054.8 189.48 1072.35 232.578 2.16076266993 1.19786872174 0.123000107307 5.55405909794 1.53019801347 8.77780588825 0.00753464155925 0.0010701
pedestrian -1 -1 -10 1130.3 119.31 1160.78 191.235 1.85279657686 1.19586908577 0.145999863755 5.5039732119 1.24259185886 7.38396944482 0.00753464155925 0.0010536
pedestrian -1 -1 -10 1075.2 151.39 1093.81 215.943 2.14876402271 1.19386849623 0.224999835757 5.49990020698 1.5240181051 8.35815908465 0.00753464155925 0.0009538
pedestrian -1 -1 -10 1063.1 216.63 1084.1 275.601 2.15876297486 1.19686842697 0.220000199684 5.50411326437 1.53138347958 8.58562366734 0.00753464155925 0.00093869
pedestrian -1 -1 -10 1036.8 123.83 1061.13 175.353 1.73380962443 1.19686938054 0.115000212752 5.56086343097 1.10105359536 9.03848366028 0.00753464155925 0.00092453
pedestrian -1 -1 -10 1072.9 237.35 1102.15 308.696 2.14876402271 1.19486974457 0.224999835757 5.49996424456 1.52414392774 8.36665801146 0.00753464155925 0.00091655
pedestrian -1 -1 -10 1064.2 146.96 1083.58 202.416 2.08077146996 1.19686842697 0.161000202486 5.53333976697 1.45288201444 8.55298376961 0.00753464155925 0.00086119
pedestrian -1 -1 -10 1074.6 200.32 1097.48 252.791 2.14876402271 1.19886901651 0.224999835757 5.49999437735 1.52420313341 8.37065716988 0.00753464155925 0.00082547
pedestrian -1 -1 -10 1073.6 215.32 1094.74 276.045 2.14876402271 1.19586908577 0.224999835757 5.50003581174 1.52428454473 8.37615625109 0.00753464155925 0.00081969
pedestrian -1 -1 -10 1047.3 106.19 1068.09 156.312 1.58182630277 1.194868791 0.0970000923774 5.55032754903 0.950145502928 8.84164487338 0.00753464155925 0.00077375
pedestrian -1 -1 -10 98.729 228.56 134.422 291.724 2.04077589977 0.31396573319 1.19699966029 -6.26061461361 1.42079694906 9.13659601236 0.00753464155925 0.00076544
pedestrian -1 -1 -10 1151.6 114.11 1186.08 177.628 1.75280759179 1.19586908577 0.137000041986 5.49687914009 1.14655751487 7.04365736283 0.00753464155925 0.00074764
pedestrian -1 -1 -10 1048.9 189.28 1084.51 256.509 2.15876291526 1.1938694498 0.123000107307 5.55359262747 1.52928026912 8.71580031118 0.00753464155925 0.00073936
pedestrian -1 -1 -10 1076.6 165.48 1113.51 248.294 2.17476119101 1.19686890375 0.224999835757 5.49883836258 1.55390529933 8.21539723264 0.00753464155925 0.00062059
pedestrian -1 -1 -10 1087.7 175.92 1130.18 254.719 2.17076168167 1.19586860898 0.210999901078 5.48997522512 1.55024678031 7.9679544779 0.00753464155925 0.00060449
pedestrian -1 -1 -10 1160.7 184.31 1192.62 251.45 2.19375903917 1.18986970107 0.137000041986 5.49655615817 1.58760594567 6.97938579549 0.00753464155925 0.0005577
pedestrian -1 -1 -10 1044.0 113.06 1077.43 185.516 1.74280863964 1.19686938054 0.100000350858 5.55178686671 1.11094911647 8.82844315002 0.00753464155925 0.00053247
pedestrian -1 -1 -10 937.24 138.61 952.158 187.775 1.88079349983 1.18586995234 0.145999863755 5.75167955962 1.19577699247 12.1346583558 0.00753464155925 0.00052733
pedestrian -1 -1 -10 1002.5 151.79 1037.53 220.474 2.17076162207 1.194868791 0.20000022488 5.62226549194 1.52030640211 9.93617294916 0.00753464155925 0.00052473
pedestrian -1 -1 -10 1108.1 220.32 1158.31 318.724 2.17776082302 1.19786919852 0.199999748043 5.48147136651 1.56332764243 7.56782189409 0.00753464155925 0.0005222
pedestrian -1 -1 -10 1059.7 177.01 1079.95 224.486 2.15876291526 1.19386849623 0.123000107307 5.55331387756 1.52873257433 8.67880523514 0.00753464155925 0.00051325
pedestrian -1 -1 -10 236.88 122.62 252.89 163.733 1.56882771862 1.0668835067 0.904999932777 -4.81220825322 0.962909873367 9.33949670921 0.00753464155925 0.00050689
pedestrian -1 -1 -10 1042.7 113.19 1062.88 163.447 1.60782347107 1.18987017785 0.108000245413 5.55697437975 0.974381671392 8.99294907655 0.00753464155925 0.00048827
pedestrian -1 -1 -10 1066.5 205.58 1091.24 269.052 2.15376346899 1.19186981382 0.224999835757 5.50096092196 1.52610525319 8.49917645008 0.00753464155925 0.00045953
pedestrian -1 -1 -10 945.84 137.62 978.832 199.907 2.06077374446 1.19786872174 0.0859999393421 5.71627224057 1.38598504523 11.5393601148 0.00753464155925 0.00045369
pedestrian -1 -1 -10 941.98 134.69 956.714 180.209 1.82479959429 1.1708712522 0.147000267807 5.75039236831 1.14226577242 12.0325321529 0.00753464155925 0.00031956
pedestrian -1 -1 -10 1159.3 205.67 1196.19 275.277 2.19575891304 1.19586908577 0.124999961736 5.49008351203 1.59067738632 6.9163952411 0.00753464155925 0.00031679
pedestrian -1 -1 -10 1148.4 212.0 1185.26 277.084 2.17076162207 1.1938694498 0.137000041986 5.49720327084 1.56389653291 7.06657382959 0.00753464155925 0.00030972
pedestrian -1 -1 -10 183.17 195.26 217.22 277.633 2.03477657616 0.798913215129 1.19699966029 -5.09206777846 1.4240786405 9.20420876619 0.00753464155925 0.00029052
pedestrian -1 -1 -10 1088.5 180.14 1109.82 230.497 2.17376131368 1.19586908577 0.224999835757 5.49802879452 1.55231403402 8.10790481801 0.00753464155925 0.00028782
pedestrian -1 -1 -10 166.61 174.1 204.406 296.15 2.03677639043 0.565937983416 1.1979995875 -5.3694406215 1.4185559477 9.08987882194 0.00753464155925 0.00026554
pedestrian -1 -1 -10 956.88 151.89 971.832 203.558 2.19075946677 1.18886988308 0.0859999393421 5.71638389047 1.51611139159 11.5478963404 0.00753464155925 0.00026258
pedestrian -1 -1 -10 1193.4 217.15 1227.21 287.709 2.18775983476 1.19286915503 0.135999637934 5.4820367398 1.58667068421 6.5779092474 0.00753464155925 0.00025339
pedestrian -1 -1 -10 216.21 122.11 234.661 167.44 1.57382716489 0.686925018601 0.918999390619 -4.85063700598 0.965123784294 9.14976421872 0.00753464155925 0.00022464
pedestrian -1 -1 -10 1199.4 197.27 1216.98 245.943 2.18775983476 1.19686890375 0.135999637934 5.48207440759 1.58674469483 6.58290843381 0.00753464155925 0.00021458
pedestrian -1 -1 -10 1117.2 229.08 1149.94 295.094 2.17776082302 1.19886901651 0.199999748043 5.48148266631 1.56334984456 7.5693215785 0.00753464155925 0.00020447
pedestrian -1 -1 -10 955.31 220.91 972.655 269.486 2.2177564528 1.19686842697 0.0859999393421 5.71631687541 1.54296034933 11.5376975893 0.00753464155925 0.0002006
pedestrian -1 -1 -10 1000.7 204.01 1024.84 269.736 2.17576106835 1.19886901651 0.205999788168 5.63252918469 1.52278666418 10.1041188282 0.00753464155925 0.00019783
pedestrian -1 -1 -10 952.13 134.35 968.866 180.327 1.92078907001 1.19686938054 0.113000358323 5.73016024548 1.24384205113 11.5978314478 0.00753464155925 0.0001972
pedestrian -1 -1 -10 966.29 134.88 985.661 186.914 1.95578525352 1.18986922428 0.0859999393421 5.71371531357 1.28702174752 11.2040210049 0.00753464155925 0.00017966
pedestrian -1 -1 -10 936.33 140.76 963.419 212.916 2.10476894318 1.1828700216 0.147000267807 5.75006557114 1.42342074156 11.975437238 0.00753464155925 0.00017768
pedestrian -1 -1 -10 1063.2 181.51 1094.44 253.075 2.15076377738 1.19786872174 0.224999835757 5.50079610571 1.52577960083 8.47715743696 0.00753464155925 0.00017029
pedestrian -1 -1 -10 1181.1 186.0 1215.04 243.626 2.18975958943 1.19486926778 0.124999961736 5.4885371781 1.58763547621 6.71087927472 0.00753464155925 0.00016347
pedestrian -1 -1 -10 924.76 171.22 965.184 249.271 2.16476223887 1.19386849623 0.148999645399 5.75400404323 1.47919553666 12.2305610238 0.00753464155925 0.00016237
pedestrian -1 -1 -10 971.75 134.35 990.164 177.934 1.80880137813 1.194868791 0.0859999393421 5.71225358255 1.14324692737 11.0165465862 0.00753464155925 0.00014931
pedestrian -1 -1 -10 110.41 184.77 178.252 291.68 2.04377559137 0.479946961656 1.19699966029 -5.87960194764 1.42356364896 9.13670660539 0.00753464155925 0.0001451
pedestrian -1 -1 -10 1034.0 101.25 1065.91 169.782 1.57382722449 1.18886988308 0.111999954271 5.56255526993 0.941543783866 9.07165262862 0.00753464155925 0.00014085
pedestrian -1 -1 -10 1115.2 169.05 1147.4 244.095 2.17776082302 1.19786872174 0.199999748043 5.48168984185 1.56375690824 7.59681746136 0.00753464155925 0.00013871
pedestrian -1 -1 -10 221.48 222.1 250.713 292.618 2.03677633083 0.939897563598 0.948999591244 -4.83454156716 1.42993454601 9.27270609536 0.00753464155925 0.00011973
pedestrian -1 -1 -10 1185.9 201.9 1219.29 262.983 2.19075940717 1.19686890375 0.131999929076 5.48429361102 1.59017208759 6.61186745914 0.00753464155925 0.0001059
pedestrian -1 -1 -10 927.04 185.85 952.179 243.28 2.17176149941 1.19186981382 0.187999667793 5.77512110068 1.4823638769 12.445436635 0.00753464155925 8.7599e-05
pedestrian -1 -1 -10 996.34 180.91 1030.62 273.915 2.17276143634 1.19786872174 0.211999828293 5.62940586767 1.52254460738 10.0876214683 0.00753464155925 8.5257e-05
pedestrian -1 -1 -10 983.24 196.47 1015.57 278.035 2.18575996089 1.18586995234 0.101000278073 5.69600349658 1.52759706635 10.4991981175 0.00753464155925 3.9272e-05
pedestrian -1 -1 -10 913.34 163.12 951.109 234.136 1.80180211759 1.19086951905 0.178999846024 5.78170611716 1.10973174659 12.7407055038 0.00753464155925 3.1071e-05
pedestrian -1 -1 -10 973.39 202.37 1002.69 277.79 2.17676100528 1.18387031637 0.0959996883257 5.70601054617 1.51353779111 10.8333104421 0.00753464155925 2.8136e-05
pedestrian -1 -1 -10 951.83 207.84 981.222 271.858 2.2147567612 1.19586908577 0.0859999393421 5.7157339325 1.54181315125 11.4601857237 0.00753464155925 2.6008e-05
pedestrian -1 -1 -10 944.39 201.44 968.575 266.168 2.22675546801 1.194868791 0.113000358323 5.73166722792 1.54659193005 11.783628534 0.00753464155925 2.4415e-05
pedestrian -1 -1 -10 964.95 221.08 984.262 269.554 2.20675762332 1.19287010859 0.0859999393421 5.71398480624 1.53837157817 11.2276589615 0.00753464155925 2.1707e-05
pedestrian -1 -1 -10 157.63 180.25 180.966 252.138 2.04377559137 0.565937983416 1.19599973307 -5.55743513667 1.42269233497 9.09128589274 0.00753464155925 6.2175e-06
pedestrian -1 -1 -10 125.61 113.28 190.21 300.24 2.04377559137 0.479946961656 1.19599973307 -5.67910743413 1.42341767009 9.13519808361 0.00753464155925 1.1909e-06
