pedestrian -1 -1 -10 65.12 155.83 79.646 192.871 1.4298429513 0.529942628791 0.82099889419 -21.2346352853 0.669762561552 28.7717109438 0.00753464155925 0.040919
pedestrian -1 -1 -10 649.13 154.4 663.878 190.828 1.94878599298 1.1328762616 0.510999821165 1.1470341227 1.28303610373 14.1213345914 0.00753464155925 0.0068821
pedestrian -1 -1 -10 658.67 163.1 669.735 200.604 0.80091206181 0.595933476557 0.169999905046 2.29700214633 0.751744844679 28.5295277517 0.00753464155925 0.0063049
pedestrian -1 -1 -10 663.25 163.87 674.285 207.256 2.23575454282 1.14787496174 0.510999821165 1.14644833531 1.56867983141 14.0297221014 0.00753464155925 0.0061021
pedestrian -1 -1 -10 668.29 163.44 680.03 198.394 2.1457644503 1.13087567206 0.704999827106 1.45884093759 1.49553973575 13.0201457743 0.00753464155925 0.0042372
pedestrian -1 -1 -10 652.23 159.84 675.114 216.639 0.807911292552 0.721921032025 0.169999905046 2.29747893549 0.759676642365 28.592467915 0.00753464155925 0.0031552
pedestrian -1 -1 -10 899.33 172.78 913.901 213.216 0.650928502264 0.675925590403 0.671999964047 3.5677922795 0.738964688612 9.48440543379 0.00753464155925 0.0010232
pedestrian -1 -1 -10 933.56 262.9 953.707 315.294 1.12487646044 0.704922695914 0.815999734954 3.08610437771 1.67765025193 6.53574027168 0.00753464155925 0.00071274
pedestrian -1 -1 -10 859.78 199.32 883.176 242.663 1.09587969738 0.72892023471 1.14399970321 3.33128461705 1.18280729814 9.39639860695 0.00753464155925 0.00024325
pedestrian -1 -1 -10 636.22 166.69 652.592 218.677 1.67081654775 0.662929386944 0.336999909238 1.7724045058 0.656665618122 32.29134404 0.00753464155925 0.00020018
pedestrian -1 -1 -10 886.37 160.53 910.247 210.881 1.77980451823 1.18387031637 0.578999818946 5.15161417004 1.09900732155 12.597928658 0.00753464155925 0.0001658
pedestrian -1 -1 -10 891.07 170.25 916.575 220.176 0.650928502264 0.675925590403 0.715999860932 3.54579295375 0.738980706192 9.48457095684 0.00753464155925 5.7255e-05
pedestrian -1 -1 -10 116.43 140.39 161.293 231.846 0.525942263482 0.37195899064 0.596999939321 -18.4095512928 0.632592623298 28.4662456789 0.00753464155925 2.8104e-05
pedestrian -1 -1 -10 9.717 152.21 63.115 222.367 0.76091643575 1.14087480549 0.758000141807 -7.26632450419 0.787026603159 9.5106331046 0.00753464155925 1.0997e-05
pedestrian -1 -1 -10 655.2 176.73 685.186 255.745 2.46472937286 1.1688725698 0.510999821165 1.14643983226 1.79749923598 14.0175281311 0.00753464155925 2.1124e-06
pedestrian -1 -1 -10 921.11 170.28 958.35 267.732 1.72481060922 1.1938694498 0.485999912265 5.27381124008 1.06266282847 11.2289501206 0.00753464155925 1.8842e-06
pedestrian -1 -1 -10 668.93 132.11 722.839 271.15 2.2667510978 1.15387291609 0.995999746611 1.66928985549 1.61224848592 12.8742081922 0.00753464155925 1.1939e-06
pedestrian -1 -1 -10 662.96 193.57 679.503 245.232 2.46472937286 1.17987009086 0.776999772164 1.27714201721 1.79289504238 13.7120693621 0.00753464155925 6.8381e-07
pedestrian -1 -1 -10 184.35 174.27 243.169 329.44 1.34485233486 0.798912261559 1.19699966029 -4.957268381 1.60090910875 9.25947667171 0.00753464155925 6.7105e-08
