pedestrian -1 -1 -10 134.41 183.9 217.85 349.26 1.66281736518 0.77891447149 0.564999884267 -4.54827620674 1.69606832573 7.66812063471 0.00753464155925 0.98959
pedestrian -1 -1 -10 172.46 195.8 214.026 346.62 1.66281736518 0.77891447149 0.564999884267 -4.54827620674 1.69606832573 7.66812063471 0.00753464155925 0.73755
pedestrian -1 -1 -10 170.63 182.44 212.833 274.598 1.66281736518 0.77891447149 0.564999884267 -4.54827620674 1.69606832573 7.66812063471 0.00753464155925 0.00077729
pedestrian -1 -1 -10 163.28 191.62 200.793 307.54 1.66281736518 0.77891447149 0.564999884267 -4.54827620674 1.69606832573 7.66812063471 0.00753464155925 0.00044145
pedestrian -1 -1 -10 167.63 208.01 194.059 285.579 1.66281736518 0.77891447149 0.564999884267 -4.54827620674 1.69606832573 7.66812063471 0.00753464155925 0.00040183
pedestrian -1 -1 -10 186.24 213.76 210.195 287.686 1.66281736518 0.77891447149 0.564999884267 -4.54827620674 1.69606832573 7.66812063471 0.00753464155925 0.00032592
pedestrian -1 -1 -10 141.01 211.17 187.107 321.28 1.66281736518 0.77891447149 0.564999884267 -4.54827620674 1.69606832573 7.66812063471 0.00753464155925 0.00018708
pedestrian -1 -1 -10 329.32 186.71 378.439 333.36 1.53983097791 0.524944015647 0.76999974522 -5.7909035383 1.80214158035 17.2093184526 0.00753464155925 0.00015911
pedestrian -1 -1 -10 416.74 188.87 464.999 241.775 2.18775974536 0.97189364628 1.00399940275 -7.82851621084 2.20221430634 33.6093044812 0.00753464155925 0.00013057
pedestrian -1 -1 -10 196.0 213.64 216.27 272.728 1.66281736518 0.77891447149 0.564999884267 -4.54827620674 1.69606832573 7.66812063471 0.00753464155925 0.00012311
pedestrian -1 -1 -10 360.93 110.26 379.437 172.523 1.54383048725 0.355960949299 0.423999895004 -2.82036009686 0.974447999634 8.44551150663 0.00753464155925 8.8849e-05
pedestrian -1 -1 -10 124.4 197.26 171.646 345.86 2.35774112725 1.18586995234 0.746999511935 -6.72424005663 1.70340896679 10.2394034051 0.00753464155925 2.1826e-05
pedestrian -1 -1 -10 147.31 215.81 175.358 289.14 1.66281736518 0.739919186123 0.564999884267 -4.5484231131 1.69577968044 7.64862354548 0.00753464155925 1.4509e-05
pedestrian -1 -1 -10 95.935 190.25 186.152 337.37 2.35774112725 1.19586908577 0.833999855329 -6.76800267701 1.70292255321 10.2047356713 0.00753464155925 1.2885e-05
pedestrian -1 -1 -10 180.55 211.6 228.858 330.85 1.66281736518 0.77891447149 0.564999884267 -4.54827620674 1.69606832573 7.66812063471 0.00753464155925 1.0394e-05
pedestrian -1 -1 -10 569.23 139.41 591.616 198.531 0.665926923032 0.330963115732 0.281999978526 -1.07373556452 -0.298546506159 30.2672098638 0.00753464155925 6.5574e-06
pedestrian -1 -1 -10 345.54 228.47 383.617 339.55 2.41273509586 0.42895290689 0.796999687364 -3.00686178226 1.84294810332 8.40398586955 0.00753464155925 6.5134e-06
pedestrian -1 -1 -10 329.82 247.88 373.059 339.911 0.106988340964 0.0629928241641 0.0219998292336 -5.14540695703 1.88082827166 12.5440424623 0.00753464155925 5.3434e-07
pedestrian -1 -1 -10 1092.5 199.04 1152.89 280.47 1.25586211967 1.02888756253 1.12599958284 6.53894883528 1.83026108071 9.15179890963 0.00753464155925 7.9602e-10
