pedestrian -1 -1 -10 770.67 180.08 801.434 259.556 1.28385904264 0.783913561419 0.409999721906 3.82381277203 1.93526230532 15.116229836 0.00753464155925 0.014805
pedestrian -1 -1 -10 772.81 179.63 795.968 226.062 1.05888378155 0.383958713609 0.460000135754 4.16250776675 1.38760739579 16.8443576737 0.00753464155925 0.0018885
pedestrian -1 -1 -10 766.05 178.94 783.623 223.14 1.22986501097 0.471946510631 0.0989999468067 7.05519109151 1.95312395331 30.3683257853 0.00753464155925 0.00055256
pedestrian -1 -1 -10 396.52 193.63 419.096 269.899 1.78080449986 1.16587263906 0.916999774608 -2.83248408336 1.62918633559 9.63982990733 0.00753464155925 0.00051971
pedestrian -1 -1 -10 91.402 141.32 113.712 197.365 0.607933262823 0.460951850282 0.475999686444 -25.9611281524 -0.749578557893 36.862862291 0.00753464155925 0.00049055
pedestrian -1 -1 -10 675.45 148.29 695.131 190.586 0.319964895245 0.539937947938 0.477000090496 4.82907499289 -0.0920057990194 41.1481225398 0.00753464155925 0.0004538
pedestrian -1 -1 -10 110.44 165.15 146.528 222.894 0.691923972136 0.987890734052 0.240000651325 -13.1959224179 1.39350622431 19.7587307137 0.00753464155925 2.0346e-05
pedestrian -1 -1 -10 431.11 181.84 467.344 249.186 1.48783664131 1.13987546429 0.4729999048 -2.64988023669 1.69041907712 12.0917176188 0.00753464155925 1.2456e-05
pedestrian -1 -1 -10 437.8 194.17 460.772 253.499 1.48783664131 1.17987104443 0.4729999048 -2.6502041858 1.68978257382 12.0487238051 0.00753464155925 9.127e-06
pedestrian -1 -1 -10 209.75 107.17 245.401 196.903 0.79891229224 0.581936978327 0.638999743359 -19.4217914519 0.339408266346 36.5873521873 0.00753464155925 6.5807e-06
pedestrian -1 -1 -10 94.287 165.55 121.275 231.298 0.535941081532 1.01588754479 0.185000362986 -13.1719464311 1.37348604641 19.2846269834 0.00753464155925 2.8671e-06
pedestrian -1 -1 -10 272.34 155.73 343.969 241.117 1.78580388654 1.13287530803 1.10099949512 -3.86215439752 1.56667737145 9.42802025589 0.00753464155925 2.4124e-06
pedestrian -1 -1 -10 98.18 144.99 133.924 230.385 0.535941081532 1.13687457998 0.185000362986 -13.1714906385 1.37438159923 19.3451187839 0.00753464155925 2.0266e-06
pedestrian -1 -1 -10 445.38 203.57 464.136 266.093 1.38284812057 1.17587081891 0.451999764363 -2.63660245556 1.67683117901 12.4570922608 0.00753464155925 6.0928e-07
pedestrian -1 -1 -10 33.113 154.15 71.667 230.612 0.399956080318 0.177979997865 0.478999944925 -14.2724888604 0.3445657453 18.7780721416 0.00753464155925 4.4884e-07
pedestrian -1 -1 -10 13.663 114.93 76.228 230.88 0.328963850859 1.08787825404 0.0749988326328 -26.0974211948 -0.193249966266 33.7666619859 0.00753464155925 1.3374e-07
