pedestrian -1 -1 -10 1032.3 149.98 1124.87 339.88 1.68399247825 0.539999595907 0.501998446853 4.51725960112 1.41311891617 6.73334140877 0.00692802392802 0.99408
pedestrian -1 -1 -10 724.94 168.7 747.833 225.289 1.51299325004 0.530999777482 0.859996665772 3.4368626271 1.2672686086 18.8235544626 0.00692802392802 0.95517
pedestrian -1 -1 -10 707.33 166.67 721.858 229.781 1.53299314156 0.558999636437 0.854996808525 3.18049419599 1.28795755174 18.8393433336 0.00692802392802 0.9149
pedestrian -1 -1 -10 699.98 168.19 739.695 226.705 1.53299314156 0.558999636437 0.952996490123 3.22949285977 1.28782280971 18.8390037075 0.00692802392802 0.88098
pedestrian -1 -1 -10 718.52 168.46 737.933 227.325 1.53299314156 0.558999636437 1.0549961052 3.33948981874 1.2875203277 18.8382412819 0.00692802392802 0.32628
pedestrian -1 -1 -10 696.8 167.11 720.737 222.622 1.54599309489 0.707000253303 0.677997665806 3.09252734817 1.30111480422 18.9139627068 0.00692802392802 0.22969
pedestrian -1 -1 -10 710.29 174.61 728.67 232.361 1.53299314156 0.558999636437 1.02499624646 3.26549187319 1.28772381557 18.8387541864 0.00692802392802 0.18323
pedestrian -1 -1 -10 729.47 164.87 758.666 230.214 2.36498947293 1.18699947025 0.0709998325748 4.24869448983 1.27595062031 18.8894459648 0.00692802392802 0.038211
pedestrian -1 -1 -10 694.68 169.44 712.035 212.186 1.54599309489 0.707000253303 0.507998227867 3.00752967097 1.30134854039 18.914551854 0.00692802392802 0.031287
pedestrian -1 -1 -10 712.53 166.16 726.503 213.876 1.53299314156 0.558999636437 1.02199623675 3.26399190437 1.28772794035 18.8387645831 0.00692802392802 0.029401
pedestrian -1 -1 -10 624.06 176.6 635.164 211.33 0.0999995529652 0.069999647387 0.189999343765 2.93212786416 -0.251285364723 60.7376415328 0.00692802392802 0.02687
pedestrian -1 -1 -10 617.64 173.34 628.943 213.213 0.0999995529652 0.0 0.0 1.40947867935 0.473646982517 57.4769536638 0.0 0.01071
pedestrian -1 -1 -10 938.74 134.6 982.701 285.25 2.09199063182 0.705999849623 0.675997579856 4.605801652 1.35685008462 8.50146898496 0.00692802392802 0.0091814
pedestrian -1 -1 -10 618.82 175.85 639.327 217.011 0.0999995529652 0.0 0.0 1.77822887596 0.832185743515 43.8794792318 0.0 0.0072559
pedestrian -1 -1 -10 966.29 122.49 985.943 164.271 1.68999247849 0.705999849623 0.734997373568 4.6347465167 0.954770811105 8.50103459257 0.00692802392802 0.0054562
pedestrian -1 -1 -10 927.04 139.09 965.601 259.24 2.18099022061 0.718999375421 0.155999074709 6.89134967595 1.22078248883 14.4140703761 0.00692802392802 0.0053796
pedestrian -1 -1 -10 966.62 182.45 987.528 229.096 2.09899057001 0.705999849623 0.746997412431 4.64131036791 1.36375240349 8.50122693274 0.00692802392802 0.0038196
pedestrian -1 -1 -10 970.58 104.97 992.339 143.736 1.49799330533 0.705999849623 0.746997412431 4.64048164039 0.762755138809 8.50088319111 0.00692802392802 0.0028459
pedestrian -1 -1 -10 613.85 172.32 624.708 215.299 0.450997965038 0.756999456481 0.59799774448 0.125324390305 0.459971649847 14.8290765944 0.00692802392802 0.0022679
pedestrian -1 -1 -10 737.35 163.92 753.907 206.909 1.33099402636 0.211997842174 0.201999382628 6.79824622068 0.958832894166 32.0808406043 0.00692802392802 0.0021766
pedestrian -1 -1 -10 538.67 190.95 559.835 244.125 1.30799415708 0.922998756523 0.670997424587 -0.765687670481 1.39106784842 14.2708201755 0.00692802392802 0.0021682
pedestrian -1 -1 -10 961.07 112.23 981.18 162.072 1.63499271721 0.705999849623 0.673997255489 4.60417134999 0.899854920299 8.50121453635 0.00692802392802 0.002015
pedestrian -1 -1 -10 871.09 125.26 890.09 168.795 1.66999252737 0.756999456481 0.714997467742 4.61999585076 0.810417703749 12.341574695 0.00692802392802 0.0020128
pedestrian -1 -1 -10 970.92 134.45 992.685 174.048 1.85799171031 0.705999849623 0.746997412431 4.64097804961 1.12275354379 8.50108909294 0.00692802392802 0.0019748
pedestrian -1 -1 -10 707.03 191.12 723.731 243.228 1.53299314156 0.558999636437 0.938996603728 3.22249308472 1.28784205847 18.8390522253 0.00692802392802 0.0016875
pedestrian -1 -1 -10 704.2 194.36 716.717 241.997 0.876996029914 0.374000295865 0.0729996801068 2.47470949896 1.40237016235 15.8121725432 0.00692802392802 0.0016868
pedestrian -1 -1 -10 973.32 209.27 991.306 251.512 2.09499063939 0.705999849623 0.746997412431 4.64130485232 1.35975247287 8.50122464497 0.00692802392802 0.0016421
pedestrian -1 -1 -10 976.72 124.83 997.077 164.01 1.73899228424 0.705999849623 0.746997412431 4.64081395885 1.00375411772 8.50102103097 0.00692802392802 0.0015435
pedestrian -1 -1 -10 977.64 145.16 998.033 187.494 1.97999114394 0.705999849623 0.746997412431 4.64114627715 1.24475297742 8.50115887077 0.00692802392802 0.0011173
pedestrian -1 -1 -10 1049.4 189.96 1103.81 333.57 1.68399247825 0.539999595907 0.501998446853 4.51725960112 1.41311891617 6.73334140877 0.00692802392802 0.0009958
pedestrian -1 -1 -10 986.12 146.65 1009.75 194.903 2.00299104303 0.705999849623 0.746997412431 4.64117799218 1.26775287651 8.50117202561 0.00692802392802 0.00085025
pedestrian -1 -1 -10 903.95 118.8 972.746 252.69 2.19999018908 0.943999604413 0.155999074709 6.89215527264 1.23965162161 14.5265786578 0.00692802392802 0.00081528
pedestrian -1 -1 -10 53.021 138.73 74.838 181.394 0.583997356892 0.62999873383 1.02899546469 -15.3578452033 -0.639930227117 20.595628792 0.00692802392802 0.0007978
pedestrian -1 -1 -10 1031.4 163.72 1075.99 322.67 2.13099055141 1.19299903131 0.623997729342 7.14251948335 1.27722640623 10.7983359418 0.00692802392802 0.00079131
pedestrian -1 -1 -10 964.45 108.29 1000.33 155.962 1.59099288434 0.705999849623 0.746997412431 4.64060987942 0.855754717821 8.50093638241 0.00692802392802 0.00075473
pedestrian -1 -1 -10 538.41 178.18 557.007 225.418 2.29798968136 0.492999696423 0.34199872341 -1.67808253368 1.3234968312 16.9655530986 0.00692802392802 0.00059607
pedestrian -1 -1 -10 1081.0 267.71 1100.41 325.165 1.68399247825 0.539999595907 0.501998446853 4.51725960112 1.41311891617 6.73334140877 0.00692802392802 0.00049468
pedestrian -1 -1 -10 1065.8 245.01 1106.33 325.83 1.68399247825 0.539999595907 0.501998446853 4.51725960112 1.41311891617 6.73334140877 0.00692802392802 0.00047594
pedestrian -1 -1 -10 1010.7 184.05 1032.82 228.232 2.06899079233 0.705999849623 0.638998016338 4.69527843286 1.33760412517 8.50084006898 0.00692802392802 0.0003859
pedestrian -1 -1 -10 1006.6 165.64 1029.5 215.897 2.07799075544 0.705999849623 0.705997677013 4.66178078612 1.34269621743 8.50107283385 0.00692802392802 0.00034291
pedestrian -1 -1 -10 62.134 136.61 85.38 186.259 0.585997322202 0.62999873383 1.06999567695 -15.1623475018 -0.638467855787 20.5942748953 0.00692802392802 0.00032858
pedestrian -1 -1 -10 523.98 173.59 554.811 247.886 0.605997213722 0.108999178453 0.147999326954 -1.84864788238 1.14607892331 20.3705971599 0.00692802392802 0.00031297
pedestrian -1 -1 -10 54.739 130.7 88.517 205.708 0.0999995529652 0.0 0.0 -14.2636098243 -0.619292389161 19.1503189776 0.0 0.00018923
pedestrian -1 -1 -10 47.976 128.3 79.374 191.923 0.583997356892 0.62999873383 1.02899546469 -15.3578452033 -0.639930227117 20.595628792 0.00692802392802 0.00013733
pedestrian -1 -1 -10 696.12 189.33 709.356 236.375 0.0999995529652 0.0 0.0 4.18267833653 0.0512487229517 24.9114443049 0.0 0.0001283
pedestrian -1 -1 -10 539.84 175.59 569.382 237.086 1.37999383211 0.967998802322 0.735997178126 -0.733131976772 1.39095231162 14.293053216 0.00692802392802 0.00011583
pedestrian -1 -1 -10 397.42 168.31 412.339 206.998 1.38799379766 0.572999565915 0.567997706927 -5.13532528883 1.39947570777 17.4551354559 0.00692802392802 6.1438e-05
pedestrian -1 -1 -10 100.46 167.1 134.79 240.01 0.905995973945 0.447999650624 0.59799828092 -12.539348358 1.01630534475 17.970776164 0.00692802392802 6.0982e-05
pedestrian -1 -1 -10 1043.5 200.03 1062.94 265.031 2.13099055141 1.18499961657 0.623997729342 7.14263032935 1.27720779876 10.814335341 0.00692802392802 5.6144e-05
pedestrian -1 -1 -10 998.67 161.46 1036.24 226.744 2.07799075544 0.705999849623 0.705997677013 4.66178078612 1.34269621743 8.50107283385 0.00692802392802 2.6552e-05
pedestrian -1 -1 -10 720.24 154.2 743.996 200.714 1.53299314156 0.558999636437 0.919996621668 3.40698793911 1.28733471378 18.8377734299 0.00692802392802 2.466e-05
pedestrian -1 -1 -10 1020.7 186.65 1062.32 315.87 2.10999061763 1.18099895552 0.627997901241 7.14249266998 1.25589587055 11.0873306967 0.00692802392802 2.1577e-05
pedestrian -1 -1 -10 1034.2 197.71 1064.59 285.537 2.13099055141 1.19299903131 0.627997901241 7.14117067309 1.27712258601 10.8923473479 0.00692802392802 1.1678e-05
pedestrian -1 -1 -10 1034.2 237.65 1060.58 292.152 1.97399124801 1.19199958131 0.457998463302 7.05846705026 1.27766805 10.6155052604 0.00692802392802 1.0882e-05
pedestrian -1 -1 -10 99.722 187.97 118.887 252.452 1.1869947359 0.447999650624 0.718997162806 -12.5994588707 1.29747047087 17.9713562136 0.00692802392802 3.4265e-06
pedestrian -1 -1 -10 717.1 142.81 735.819 197.499 2.09299067408 0.541999449593 0.702996952044 4.50362840213 0.816675578942 24.6339455801 0.00692802392802 1.0512e-06
