pedestrian -1 -1 -10 1113.5 228.94 1143.6 291.147 1.10887830388 1.18786958831 0.694000031699 6.25258997833 1.62711844244 8.32026045404 0.00753464155925 0.0063599
pedestrian -1 -1 -10 1150.8 239.45 1175.34 295.329 1.15387332034 1.18687024711 0.674999984109 6.23770619771 1.62353269299 7.74017900183 0.00753464155925 0.0034941
pedestrian -1 -1 -10 1127.0 230.19 1148.74 297.293 1.11187787629 1.17987104443 0.668000016769 6.23712228682 1.62724172673 8.12537077658 0.00753464155925 0.0029612
pedestrian -1 -1 -10 1160.2 239.18 1182.74 293.829 1.1758709197 1.18986970107 0.703999780682 6.25182598088 1.62278940937 7.69073939112 0.00753464155925 0.0027701
pedestrian -1 -1 -10 1140.1 231.9 1164.81 290.607 1.11187787629 1.17987056764 0.674999984109 6.23904761611 1.62414545283 7.91637292079 0.00753464155925 0.0022991
pedestrian -1 -1 -10 1110.2 224.41 1129.42 274.975 1.05288445794 1.194868791 0.601000125017 6.20617264357 1.62727812046 8.32869462548 0.00753464155925 0.0021252
pedestrian -1 -1 -10 1182.5 246.31 1204.31 302.406 1.15387332034 1.18687024711 0.684999733093 6.23993351233 1.61808173581 7.37219210975 0.00753464155925 0.0015818
pedestrian -1 -1 -10 105.61 179.49 143.521 265.54 2.18076051462 1.17787045488 1.142999776 -7.69294912131 1.48153212053 11.490848623 0.00753464155925 0.0012627
pedestrian -1 -1 -10 1187.5 271.92 1211.84 324.874 1.15387332034 1.18787054188 0.649999896394 6.22651117737 1.61627753237 7.24980310874 0.00753464155925 0.00089
pedestrian -1 -1 -10 1154.4 233.35 1198.63 306.336 1.15387332034 1.194868791 0.630999848805 6.21390618531 1.62001091072 7.50137716949 0.00753464155925 0.00052112
pedestrian -1 -1 -10 1177.2 239.02 1199.44 292.132 1.35285150253 1.19286867824 0.999999693888 6.39375632658 1.67056902277 7.81779032919 0.00753464155925 0.00045082
pedestrian -1 -1 -10 1023.1 230.38 1044.13 279.69 1.51183401024 1.19286915503 0.994999580977 6.35014324562 1.69576863748 10.5993067501 0.00753464155925 9.0673e-05
pedestrian -1 -1 -10 1177.5 247.37 1215.89 314.601 1.29385796499 1.19786872174 1.15199959777 6.48865090046 1.6133055526 7.93900341075 0.00753464155925 7.4377e-05
pedestrian -1 -1 -10 118.13 172.65 137.655 223.231 2.15176377391 1.11287799475 1.142999776 -7.69238926419 1.45365296801 11.56655293 0.00753464155925 2.349e-05
pedestrian -1 -1 -10 1012.0 231.87 1032.66 279.069 1.33785313391 1.18786958831 0.737999690166 6.23448047144 1.67647810798 10.4386537828 0.00753464155925 1.8766e-05
pedestrian -1 -1 -10 1010.7 220.03 1048.22 278.838 1.33785313391 1.194868791 0.667999539932 6.19740583801 1.67242550011 10.163454817 0.00753464155925 6.2116e-06
