pedestrian -1 -1 -10 245.27 165.18 360.07 375.0 1.74680816761 1.19686890375 0.737999928584 -2.67356989049 1.64081574505 5.70416589418 0.00753464155925 0.98143
pedestrian -1 -1 -10 292.97 161.42 313.428 231.92 1.60782348969 1.11987767422 0.969999731681 -2.78557504182 1.50984225792 6.2414939683 0.00753464155925 0.061961
pedestrian -1 -1 -10 302.81 166.08 352.55 352.05 1.70781253436 0.840907954454 0.647999803547 -2.62711010547 1.60861275221 6.16506750012 0.00753464155925 0.054836
pedestrian -1 -1 -10 281.5 159.33 318.139 242.939 1.69781352261 1.19786872174 0.76299977788 -2.68613353748 1.59173398465 5.69812361697 0.00753464155925 0.0094816
pedestrian -1 -1 -10 288.28 162.02 331.567 269.55 1.70781253436 1.07788198132 0.927999689225 -2.76438657512 1.61012686749 6.26159284123 0.00753464155925 0.0050788
pedestrian -1 -1 -10 299.95 164.2 321.163 237.035 1.688814567 1.03388665246 0.907999714421 -2.75499542931 1.58993741778 6.18166914744 0.00753464155925 0.0025105
pedestrian -1 -1 -10 305.1 166.87 325.527 219.951 1.62482158318 1.00489002373 0.863999817535 -2.73290659625 1.52614305105 6.1964753689 0.00753464155925 0.0009752
pedestrian -1 -1 -10 366.55 127.71 389.72 177.562 1.62182187295 1.00288848062 1.19099962016 -6.73264400009 0.785739525524 21.2706258224 0.00753464155925 0.00016781
pedestrian -1 -1 -10 314.72 195.01 350.733 310.49 1.70781253436 0.689924472558 0.598999793751 -2.65104061909 1.60974817821 6.24074143116 0.00753464155925 0.00011821
pedestrian -1 -1 -10 323.5 203.55 347.086 287.064 1.70781253436 0.717921283298 0.598999793751 -2.65114609106 1.60954094424 6.22674342314 0.00753464155925 4.2933e-05
pedestrian -1 -1 -10 247.69 178.94 296.071 328.6 1.72881013719 1.19786872174 0.989999706486 -2.79932691562 1.62339053317 5.73774270521 0.00753464155925 5.5021e-06
