pedestrian -1 -1 -10 255.38 183.56 275.242 230.82 0.549939617514 0.159982320552 0.215000086774 -8.03953605265 0.827146337921 16.9808329466 0.00753464155925 0.055804
pedestrian -1 -1 -10 0.0 177.42 13.023 216.561 1.99378106904 1.19886806294 0.90499945594 -9.83355692072 1.25989198201 11.6964007197 0.00753464155925 0.0011003
pedestrian -1 -1 -10 959.02 178.42 982.749 233.13 1.78580390144 0.648928120864 0.175000137165 5.07486299927 1.15714537712 9.8348091973 0.00753464155925 0.00089349
pedestrian -1 -1 -10 1028.9 127.72 1054.17 178.792 1.82080002535 1.19886806294 0.18100017729 5.02783685042 1.20543378071 8.36650519715 0.00753464155925 0.00016226
pedestrian -1 -1 -10 960.83 165.46 1016.14 364.68 2.15076383698 1.19186981382 0.261000076507 5.00272891472 1.52079801899 9.26809278891 0.00753464155925 0.00016112
pedestrian -1 -1 -10 1021.1 123.44 1045.92 181.537 1.79180328464 1.194868791 0.173000282736 5.03345763365 1.17164713039 8.58377834982 0.00753464155925 0.00013037
pedestrian -1 -1 -10 964.37 176.64 1005.27 256.224 2.15776303792 1.07688168655 0.286000164222 5.01786702148 1.52597718543 9.61850185463 0.00753464155925 8.4282e-05
pedestrian -1 -1 -10 242.59 176.18 281.666 249.862 0.401955864787 0.333963046474 0.295999913205 -6.97495699763 0.607234427641 15.1407191543 0.00753464155925 7.3395e-05
pedestrian -1 -1 -10 1154.8 135.78 1180.22 190.935 1.83179885483 1.19586908577 0.45399985721 5.20282541282 1.2396217659 6.83305079028 0.00753464155925 6.1522e-05
pedestrian -1 -1 -10 243.08 174.44 258.133 229.425 2.11576771307 1.18986827071 0.208999569812 -9.66595684866 1.27809628025 19.7543830516 0.00753464155925 1.9009e-05
pedestrian -1 -1 -10 2.0945 72.027 52.1665 220.337 1.5308319031 1.19286915503 0.453999380373 -9.60665899138 0.791828808403 11.9042219515 0.00753464155925 9.9273e-06
pedestrian -1 -1 -10 978.47 202.57 1002.56 275.796 2.15076383698 1.19586908577 0.261000076507 5.00253303718 1.5204131539 9.24209635207 0.00753464155925 9.5414e-06
pedestrian -1 -1 -10 300.66 202.0 331.162 273.952 1.38884748329 0.936897632856 1.19599973307 -6.01909797562 1.470769889 15.0825318796 0.00753464155925 8.1823e-06
pedestrian -1 -1 -10 750.44 181.71 797.516 252.525 1.33785316371 1.1578731416 0.375000004417 1.93918776112 1.60025943463 8.89492852719 0.00753464155925 1.2468e-08
pedestrian -1 -1 -10 744.56 170.29 821.517 245.275 2.01777842307 0.669924775349 0.60599976109 5.54847603704 1.18531327255 21.6856761002 0.00753464155925 1.0561e-08
