pedestrian -1 -1 -10 647.17 167.63 660.486 199.091 0.356960811078 0.222975144716 0.343999757368 3.70511538626 0.60578680637 54.1838348648 0.00753464155925 0.18788
pedestrian -1 -1 -10 651.39 167.52 665.323 202.026 0.356960811078 0.222975144716 0.343999757368 3.70511538626 0.60578680637 54.1838348648 0.00753464155925 0.10096
pedestrian -1 -1 -10 657.16 167.55 668.617 201.495 0.758916677355 0.153986273347 0.122999868888 2.9465689737 1.42766907659 36.1773727395 0.00753464155925 0.031302
pedestrian -1 -1 -10 638.71 169.54 656.484 204.042 0.836908122657 0.15698429695 0.134000021923 2.57040481533 0.950762079626 42.5202194048 0.00753464155925 0.0078809
pedestrian -1 -1 -10 642.26 161.33 672.118 199.986 0.59193498707 0.554939508788 0.740999710228 2.85312959117 -0.62608020201 42.8226582749 0.00753464155925 0.0061964
pedestrian -1 -1 -10 808.8 195.57 825.591 231.775 0.125986189124 0.620932263695 0.465000010246 8.1548317551 1.65980932243 28.5634645335 0.00753464155925 0.0047331
pedestrian -1 -1 -10 635.12 169.13 664.653 220.595 0.836908122657 0.15698429695 0.134000021923 2.57040481533 0.950762079626 42.5202194048 0.00753464155925 0.0020091
pedestrian -1 -1 -10 817.38 195.64 832.159 237.676 1.9637843914 0.444951901801 0.127999981798 2.64972890509 1.37634706805 9.74713989863 0.00753464155925 0.0012919
pedestrian -1 -1 -10 999.84 131.7 1019.75 181.857 0.379958250526 0.682927653798 0.309999371048 27.4310446769 -0.849035991421 48.6440287979 0.00753464155925 8.8947e-05
pedestrian -1 -1 -10 635.89 148.16 653.347 193.056 0.100988957758 0.0189951113737 0.409999721906 3.37626459357 -0.313158049284 64.7814795225 0.00753464155925 8.1249e-05
pedestrian -1 -1 -10 120.99 177.64 139.055 223.076 0.104988467098 0.379959441666 0.610000423623 -33.7889609095 1.79287285081 51.1319470712 0.00753464155924 3.6356e-05
pedestrian -1 -1 -10 130.15 176.0 151.046 219.983 0.100988957758 0.267968384428 0.291000277132 -33.4905209073 1.38290347413 51.9598512921 0.00753464155925 2.3225e-06
