pedestrian -1 -1 -10 455.32 177.38 471.474 223.322 1.60382391703 0.929898430171 1.08699956044 -4.33204436814 1.58117709914 21.5291681576 0.00753464155925 0.44482
pedestrian -1 -1 -10 445.73 178.58 469.103 227.996 1.7098122257 0.794912989616 1.16399967802 -4.37101918597 1.68619426889 21.4611822198 0.00753464155925 0.20817
pedestrian -1 -1 -10 440.19 181.84 457.965 227.372 1.59782453382 0.759915069052 1.17599975827 -4.77646381425 1.57760402925 21.674545043 0.00753464155925 0.084319
pedestrian -1 -1 -10 507.21 193.8 519.163 235.702 0.915899475093 0.304966894533 0.101999966869 -2.51573930571 1.58169630141 19.2035650641 0.00753464155925 0.032415
pedestrian -1 -1 -10 460.28 175.96 480.685 219.556 0.915899385696 0.335963636015 0.584999620653 -4.00231464027 1.36503689981 22.54293244 0.00753464155925 0.031664
pedestrian -1 -1 -10 451.57 178.18 490.3 223.356 1.60382391703 0.734920096194 0.948999591244 -4.26231179754 1.58257010263 21.6261354157 0.00753464155925 0.015005
pedestrian -1 -1 -10 425.22 178.49 469.55 230.874 1.64781911575 0.839908136468 1.1520000746 -4.81274873925 1.62703270866 21.6344503118 0.00753464155925 0.0099984
pedestrian -1 -1 -10 1056.7 80.803 1232.02 375.003 1.85479630173 0.83890808009 0.811999787676 2.07013742269 1.50199934635 2.74187337591 0.00753464155925 0.0067179
pedestrian -1 -1 -10 372.36 213.48 386.34 266.979 0.971893321033 0.418954727033 0.180999938872 -2.51488212159 1.55517945794 7.95881373017 0.00753464155925 0.0026536
pedestrian -1 -1 -10 429.01 186.02 447.137 229.049 1.07988144398 0.71392248814 1.14499963043 -5.14708574451 1.74800987733 21.8840096033 0.00753464155925 0.0024816
pedestrian -1 -1 -10 502.67 186.07 517.033 227.095 0.915899475093 0.304966894533 0.101999966869 -2.51573930571 1.58169630141 19.2035650641 0.00753464155925 0.0022454
pedestrian -1 -1 -10 438.43 169.41 454.344 213.006 1.78280426943 0.524942108508 0.689999846003 -5.66715322054 0.904148198652 24.5844941611 0.00753464155925 0.0018076
pedestrian -1 -1 -10 468.54 182.14 490.964 226.446 1.03888590706 0.397957118978 0.935999583779 -3.82701525218 1.48743676505 22.5097054884 0.00753464155925 0.001805
pedestrian -1 -1 -10 94.501 224.87 119.075 308.435 0.697923295744 0.347961451844 0.38800036951 -11.331224816 1.92981260825 16.0712805452 0.00753464155925 0.0017881
pedestrian -1 -1 -10 506.79 143.65 520.98 189.952 1.58982544064 0.450950809716 1.07899990431 -3.80058625072 0.961554992002 29.8878867549 0.00753464155925 0.0010438
pedestrian -1 -1 -10 332.08 223.31 352.642 334.23 1.05188452101 0.865905311236 0.623999762256 -2.16120010985 1.59867351437 6.38638048427 0.00753464155925 0.00088337
pedestrian -1 -1 -10 415.72 197.33 427.032 241.156 0.917899229763 0.373959580182 0.454999784425 -4.74523348116 1.67527670307 18.4063810989 0.00753464155925 0.00084665
pedestrian -1 -1 -10 417.27 186.31 439.821 235.234 1.05688396728 0.67192727203 1.09400000462 -5.39105743318 1.75116392311 22.0866588982 0.00753464155925 0.00083257
pedestrian -1 -1 -10 86.477 160.93 129.94 305.36 1.72581054615 0.666926751747 1.18199932156 -4.06277155382 1.1799821769 5.5932825405 0.00753464155925 0.00065436
pedestrian -1 -1 -10 799.77 66.692 842.781 222.992 1.48883648885 1.15987277757 0.948999591244 6.94023846965 0.598902170848 23.6072215834 0.00753464155925 0.00062452
pedestrian -1 -1 -10 642.88 166.08 659.502 213.584 0.0999890208244 0.0149977465706 0.45399985721 2.73685969838 1.10461854599 47.8459662924 0.00753464155925 0.00058935
pedestrian -1 -1 -10 464.22 177.03 507.348 225.139 0.666926755668 0.560937463133 0.0559997387172 -5.06434799448 0.979242885854 30.0773406496 0.00753464155925 0.00047043
pedestrian -1 -1 -10 518.96 188.43 530.6 226.743 1.9347875315 0.588934273872 0.671999964047 -3.58293202392 1.53912519077 30.0012656551 0.00753464155925 0.00041683
pedestrian -1 -1 -10 217.82 201.08 238.535 260.068 2.01777839327 1.14387378266 0.282999905741 -14.7601224912 1.96319058363 28.1870585484 0.00753464155925 0.00036318
pedestrian -1 -1 -10 490.86 182.99 521.429 227.79 1.0948797828 0.411953617209 0.923999741948 -3.24911136448 1.64371820521 22.3494303837 0.00753464155925 0.00031905
pedestrian -1 -1 -10 524.32 186.34 535.405 223.033 1.01388870549 0.402955732122 0.242000028918 -2.20617023313 1.64510497325 21.2703048675 0.00753464155925 0.00016519
pedestrian -1 -1 -10 935.51 201.04 953.434 244.562 1.92778834545 1.19786848335 0.625999974313 1.99267658655 1.61175641449 3.87002813084 0.00753464155925 0.00013712
pedestrian -1 -1 -10 171.09 163.2 193.323 216.833 2.52872235667 0.863905675265 0.667999063095 -14.4363417851 1.7250746023 24.4164057605 0.00753464155925 9.7749e-05
pedestrian -1 -1 -10 514.43 145.91 529.685 192.26 1.76580611634 0.395956529437 0.773999692497 -3.64785162427 1.13778729584 29.9099328254 0.00753464155925 7.3826e-05
pedestrian -1 -1 -10 503.19 143.32 530.749 203.181 0.637929955363 0.183979859349 0.590999899196 -3.88964443966 0.617186972222 30.6652158831 0.00753464155925 7.3656e-05
pedestrian -1 -1 -10 212.9 194.66 246.568 272.466 0.854906182879 0.717919852943 0.647999565128 -11.6132239655 1.99036046045 22.9856238991 0.00753464155925 6.3063e-05
pedestrian -1 -1 -10 521.82 171.62 539.507 222.358 1.01388870549 0.402955732122 0.242000028918 -2.20617023313 1.64510497325 21.2703048675 0.00753464155925 4.1434e-05
pedestrian -1 -1 -10 457.53 145.56 477.726 196.349 0.102988712428 0.0809924086165 0.620999146147 -14.5987462582 -0.325732684738 75.9476432855 0.00753464155925 3.4568e-05
pedestrian -1 -1 -10 221.49 195.27 240.296 240.667 0.854906182879 0.717919852943 0.591000376033 -11.6417227534 1.99038121025 22.9858383242 0.00753464155925 2.9625e-05
pedestrian -1 -1 -10 699.7 177.6 730.738 224.935 0.926898215176 0.441951017489 0.599999720965 2.80324202482 1.45328955842 19.0609549139 0.00753464155925 2.7672e-05
pedestrian -1 -1 -10 496.91 180.2 513.697 218.222 1.0948797828 0.411953617209 0.923999741948 -3.24911136448 1.64371820521 22.3494303837 0.00753464155925 1.8729e-05
pedestrian -1 -1 -10 845.35 194.99 882.546 260.737 1.71381183934 0.177979997865 0.189999999059 7.35540967742 0.913812194091 18.8904466479 0.00753464155925 1.6249e-05
pedestrian -1 -1 -10 1072.6 228.44 1122.09 327.842 1.92678842342 0.908900583724 0.710999748022 2.02015072375 1.57499039849 2.80671134764 0.00753464155925 9.8773e-06
pedestrian -1 -1 -10 848.15 148.28 890.985 257.52 2.0647732538 0.821908552016 1.10499968082 8.38252835656 1.17019127924 23.2141073927 0.00753464155925 5.0693e-06
pedestrian -1 -1 -10 875.76 137.86 939.766 220.754 1.45184064006 1.19586908577 0.278999958464 1.84716450627 1.20691807476 4.5496881594 0.00753464155925 3.6239e-06
pedestrian -1 -1 -10 1126.4 90.319 1206.2 210.949 1.65281845773 0.881903352577 0.930999709287 2.12973539804 1.30029643542 2.76441829932 0.00753464155925 6.7566e-07
pedestrian -1 -1 -10 868.45 151.17 925.846 250.052 1.78180439209 0.809912643327 1.17199957257 9.37718122233 0.870017534196 23.3789857521 0.00753464155925 4.8022e-07
pedestrian -1 -1 -10 1155.4 88.178 1233.18 191.998 1.61382282448 0.902901199025 1.04099980913 2.18473316822 1.26128296197 2.76579304057 0.00753464155925 4.7511e-07
pedestrian -1 -1 -10 1063.2 235.72 1104.52 331.68 1.94478645384 0.972893464266 0.697999740557 2.01389753285 1.59346684028 2.83862251636 0.00753464155925 3.5871e-07
