pedestrian -1 -1 -10 986.52 170.66 1000.18 218.087 1.41284491369 0.306965576935 0.450999121892 14.5147145128 1.66448985489 26.8577697746 0.00753464155925 0.9234
pedestrian -1 -1 -10 951.09 173.46 967.476 215.16 1.46783883387 0.320963982305 0.461000301387 14.0487207627 1.76027564173 28.7145258667 0.00753464155925 0.84843
pedestrian -1 -1 -10 942.71 171.72 959.455 212.188 1.48883647767 0.774916629902 0.61999969577 13.9847422147 1.80011331327 29.578693122 0.00753464155925 0.56977
pedestrian -1 -1 -10 938.24 171.2 951.892 211.819 1.48883647767 0.774916629902 0.61999969577 13.9847422147 1.80011331327 29.578693122 0.00753464155925 0.51021
pedestrian -1 -1 -10 914.36 175.65 928.565 216.032 1.5338316096 0.879902763036 0.643999856269 13.6072806871 1.86121476439 30.312566308 0.00753464155925 0.26133
pedestrian -1 -1 -10 926.8 174.14 953.883 215.015 1.48883647767 1.12987537729 0.925999357959 13.834033207 1.80471726682 29.8833025761 0.00753464155925 0.03687
pedestrian -1 -1 -10 981.88 170.22 995.715 216.656 1.41284491369 0.306965576935 0.450999121892 14.5147145128 1.66448985489 26.8577697746 0.00753464155925 0.03443
pedestrian -1 -1 -10 1054.1 183.15 1068.49 220.114 1.0258874123 0.910899504518 0.773999930916 15.5228032682 1.76114938138 24.6445747662 0.00753464155925 0.030457
pedestrian -1 -1 -10 957.05 173.3 975.072 209.328 1.34085279572 0.31396477962 0.400999900137 14.9670584225 1.65912333282 29.8228177474 0.00753464155925 0.023317
pedestrian -1 -1 -10 929.02 173.17 941.378 211.67 1.48883647767 1.16287270831 0.925999357959 13.8341575173 1.80496151491 29.8998007733 0.00753464155925 0.02115
pedestrian -1 -1 -10 1060.9 181.45 1073.12 221.276 1.01288882815 1.16587263906 0.947999664029 15.5437423441 1.73910094037 24.3721105077 0.00753464155925 0.0025057
pedestrian -1 -1 -10 971.76 169.92 993.453 212.004 0.0999890208244 0.0 0.0 18.0724778197 0.763255754513 34.213103638 0.0 0.0004803
pedestrian -1 -1 -10 965.93 167.7 983.299 205.352 0.101988797844 0.182978611008 0.0220012597446 18.2381094574 0.548449556236 35.2476942362 0.00753464155925 0.00045974
pedestrian -1 -1 -10 1059.6 182.31 1078.8 235.064 0.991891106127 1.08688081998 0.809999217992 15.5187625034 1.71031017778 23.8449956355 0.00753464155925 0.00023792
pedestrian -1 -1 -10 905.85 170.09 926.422 218.955 1.41284485036 0.210979236027 0.337999240406 14.1180167545 1.79279356261 32.6686608939 0.00753464155925 0.00014091
pedestrian -1 -1 -10 975.16 156.31 1003.33 218.041 1.41284491369 0.306965576935 0.450999121892 14.5147145128 1.66448985489 26.8577697746 0.00753464155925 0.0001283
pedestrian -1 -1 -10 1026.9 181.77 1060.52 227.046 0.458949632761 0.524942108508 0.54799921427 15.6610776029 1.6261764017 25.7294849109 0.00753464155925 0.00010023
