pedestrian -1 -1 -10 636.52 171.37 647.865 216.695 0.611932801963 0.296968350648 0.253999870749 2.12666950244 1.43799175209 41.7015724154 0.00753464155925 0.014114
pedestrian -1 -1 -10 1101.4 142.03 1228.58 362.45 2.22975515962 1.19586908577 0.742999803076 5.51560036247 1.63067699938 6.84985335922 0.00753464155925 0.0036572
pedestrian -1 -1 -10 642.38 164.67 654.55 201.326 0.637929880865 0.147982597584 0.50399991343 1.98442053171 -0.296837401971 28.2811634074 0.00753464155925 0.0024583
pedestrian -1 -1 -10 546.67 173.38 557.052 209.195 1.5278321966 0.858907062121 0.590999899196 -2.31307484093 1.68096506065 32.4029180729 0.00753464155925 0.00032331
pedestrian -1 -1 -10 640.98 167.66 665.771 217.087 2.50572476078 0.948895448684 0.751999744054 2.05599965789 1.56501961004 27.8693311824 0.00753464155925 6.6311e-05
pedestrian -1 -1 -10 543.11 173.81 563.793 209.603 1.5278321966 0.858907062121 0.590999899196 -2.31307484093 1.68096506065 32.4029180729 0.00753464155925 1.4268e-05
pedestrian -1 -1 -10 783.05 225.0 804.673 284.345 1.42684327832 0.709922262627 1.1929995938 2.52202883366 1.42655135839 10.0889319257 0.00753464155925 4.6399e-06
pedestrian -1 -1 -10 295.63 229.67 326.122 302.092 1.69781362318 1.0678828479 1.01199977414 -3.70628880258 1.52648337775 8.67818594005 0.00753464155925 5.9772e-07
pedestrian -1 -1 -10 224.7 237.95 264.986 323.628 1.75380748402 1.03988603716 1.19899951472 -4.11227060156 1.51495304042 8.22076700862 0.00753464155925 8.0788e-08
pedestrian -1 -1 -10 786.81 214.58 818.003 308.959 1.42084401431 0.686925018601 1.19399964022 2.63443725918 1.42029995915 10.0766316248 0.00753464155925 8.0595e-09
pedestrian -1 -1 -10 845.61 171.4 908.534 254.172 1.50983424067 0.98489175688 0.0630001828938 5.32063482824 0.801812843784 14.0777604553 0.00753464155925 3.9546e-09
