pedestrian -1 -1 -10 877.17 153.45 899.19 212.524 2.55571934271 0.720921690825 1.08699956044 9.72245100607 1.62142387325 24.9067001716 0.00753464155925 0.032023
pedestrian -1 -1 -10 341.21 184.29 361.319 222.47 1.01788821483 0.548939647304 0.626000212732 -12.1970238946 2.15502810414 35.5000160205 0.00753464155925 0.021311
pedestrian -1 -1 -10 85.671 174.01 103.38 227.173 0.345962003947 0.0579923038808 0.136999088312 -27.2543177166 -0.168503342196 38.833834994 0.00753464155925 0.019194
pedestrian -1 -1 -10 863.84 149.44 894.971 223.651 2.56171872592 0.840909384808 0.850000121274 9.60440481856 1.62239830539 24.9676283059 0.00753464155925 0.015008
pedestrian -1 -1 -10 450.45 186.34 462.61 222.094 0.612932649499 0.261972337223 0.442999704175 -9.12460883981 1.88953898065 45.3186589164 0.00753464155925 0.011451
pedestrian -1 -1 -10 777.81 169.85 803.131 236.291 2.71170223332 0.664926162206 0.739000094218 5.46817296237 1.87722857449 21.8116921404 0.00753464155925 0.0055559
pedestrian -1 -1 -10 886.56 153.27 906.208 213.861 2.56371848059 0.463949873885 1.19899903788 9.94047528378 1.62136206018 24.7765998169 0.00753464155925 0.0025792
pedestrian -1 -1 -10 346.18 173.91 366.456 223.729 1.01788821483 0.548939647304 0.626000212732 -12.1970238946 2.15502810414 35.5000160205 0.00753464155925 0.0015389
pedestrian -1 -1 -10 160.09 182.12 184.0 228.551 2.2407539891 0.425952022578 0.898999892652 -12.9064149786 1.32397547711 21.4352738051 0.00753464155925 0.00040567
pedestrian -1 -1 -10 144.37 153.1 167.518 223.463 0.308966080665 0.808913302126 0.628999517538 -23.5248514174 0.357538370514 37.366977107 0.00753464155925 8.6556e-05
pedestrian -1 -1 -10 159.0 186.79 192.938 245.033 2.2407539891 0.425952022578 0.805999509133 -12.859916103 1.32394162155 21.4349239473 0.00753464155925 7.1299e-05
pedestrian -1 -1 -10 442.21 176.51 458.352 223.35 0.0999890208244 0.0 0.0 -12.797817072 2.21339996706 59.6697195196 0.0 4.3236e-05
pedestrian -1 -1 -10 355.41 178.94 369.673 223.456 1.01788821483 0.548939647304 0.626000212732 -12.1970238946 2.15502810414 35.5000160205 0.00753464155925 3.2707e-05
pedestrian -1 -1 -10 280.12 201.15 295.317 240.125 0.6649269265 0.290968489164 0.333999531548 -18.8576099068 2.75949125168 43.0806834047 0.00753464155925 2.7832e-05
pedestrian -1 -1 -10 334.09 158.97 372.118 224.289 0.104988467098 0.675920822554 0.563999003378 -22.7195043312 0.000439985012277 64.8809809053 0.00753464155925 1.9681e-05
pedestrian -1 -1 -10 1166.3 105.17 1199.5 172.863 1.52483254969 0.347961451844 0.638999743359 13.3456155618 0.651010072141 16.4524735499 0.00753464155925 1.8413e-05
pedestrian -1 -1 -10 324.18 189.24 357.009 230.564 0.768915540102 0.449951468515 0.404000158618 -12.5363046531 2.0899258187 34.2620241057 0.00753464155925 2.0662e-06
pedestrian -1 -1 -10 175.48 195.69 217.421 260.522 0.901900894412 1.17087315934 0.884999957972 -9.65198426982 1.99102348746 16.8318372046 0.00753464155925 1.1514e-06
pedestrian -1 -1 -10 17.172 186.24 53.217 243.833 0.91289976859 0.684926336199 1.00099914427 -25.5892712886 1.099569637 32.7573798786 0.00753464155925 2.0092e-07
