pedestrian -1 -1 -10 1033.5 110.51 1091.25 260.47 1.85479630173 1.02488757541 0.627999828742 2.14162738667 1.38201048365 3.08415822575 0.00753464155925 0.12692
pedestrian -1 -1 -10 1013.7 181.45 1025.9 224.787 1.07788165951 1.17787045488 0.221999577276 5.53382457782 0.434335719061 9.66428771414 0.00753464155925 0.020465
pedestrian -1 -1 -10 518.84 170.8 541.338 214.464 0.0999890208244 0.0 0.0 -4.01969067435 1.16013425663 34.7677431369 0.0 0.0024671
pedestrian -1 -1 -10 1002.9 176.13 1027.41 243.686 1.18786959672 1.17187154697 0.222999981328 5.53436597733 0.543307867022 9.7975033045 0.00753464155925 0.0015741
pedestrian -1 -1 -10 1007.6 179.43 1021.07 227.969 1.19386889053 1.18387031637 0.222999981328 5.53493162696 0.548417597173 9.8724784386 0.00753464155925 0.0012571
pedestrian -1 -1 -10 1014.1 129.99 1077.17 269.07 1.85479630173 0.966894079567 0.627999828742 2.14184586471 1.38243975476 3.11315415059 0.00753464155925 0.00064524
pedestrian -1 -1 -10 838.29 149.71 859.83 207.405 1.36585002708 1.01188827285 0.589000044767 5.98908986107 0.589559120975 17.8708242945 0.00753464155925 0.00040656
pedestrian -1 -1 -10 999.75 164.95 1039.51 273.52 1.23886390699 1.18387031637 0.662999903859 2.66485574434 1.28936223079 5.15181434432 0.00753464155925 0.00019379
pedestrian -1 -1 -10 828.2 158.12 858.357 246.766 1.64281960988 0.502945159252 0.78899979281 3.65975462512 1.39796827519 11.9221350521 0.00753464155925 3.5743e-05
pedestrian -1 -1 -10 1096.0 118.75 1144.86 235.2 0.790913169263 1.19186981382 0.386000038243 5.60700552048 0.665577373309 7.92394967761 0.00753464155925 1.6855e-05
pedestrian -1 -1 -10 981.47 155.85 1028.12 286.66 1.51483362735 1.08788063797 0.855999922981 2.56748677091 1.56352229259 5.0235143713 0.00753464155925 1.1113e-05
pedestrian -1 -1 -10 665.07 155.44 684.395 208.736 0.572937094211 0.254973134538 0.0199999748043 4.12160090916 0.684328855086 42.4205093407 0.00753464155925 3.6226e-06
pedestrian -1 -1 -10 829.2 187.73 846.846 243.544 1.64281960988 0.502945159252 0.877999752214 3.61525590495 1.39800067444 11.9224698607 0.00753464155925 3.2594e-06
pedestrian -1 -1 -10 823.61 191.73 841.495 241.714 1.64281960988 0.502945159252 0.965999784404 3.57125713424 1.39803270969 11.9228009077 0.00753464155925 2.6869e-06
pedestrian -1 -1 -10 264.26 167.74 315.996 241.927 0.610932932077 0.841907772439 1.19299995143 -5.00213701408 0.673469000228 11.4579148437 0.00753464155925 8.9373e-08
pedestrian -1 -1 -10 1191.6 0.0 1241.66 200.72 1.60382393193 1.19786872174 0.506999814284 1.97342931969 1.13009045587 2.33969415053 0.00753464155925 2.7821e-08
pedestrian -1 -1 -10 1208.6 0.0 1240.96 135.85 1.52383264256 1.19686890375 0.506999814284 1.97277682178 1.05086294438 2.25676844621 0.00753464155925 2.0003e-08
pedestrian -1 -1 -10 967.74 215.54 1012.03 340.84 1.44884088886 0.75691704545 0.855999922981 2.56621958883 1.49507974305 4.85852592133 0.00753464155925 4.1601e-09
