pedestrian -1 -1 -10 342.43 153.2 394.315 330.52 1.65999590635 0.646998227469 0.470000036465 -2.39788266088 1.37131530212 7.11426111641 0.00702763010872 0.99811
pedestrian -1 -1 -10 402.38 154.57 449.412 278.03 1.76399555874 0.804998303874 0.506999977955 -2.50538366743 1.32489497498 9.95987235487 0.00702763010872 0.97916
pedestrian -1 -1 -10 755.15 156.67 804.304 268.78 1.57199608243 0.451999494267 0.603999863228 2.76673757769 1.25526996886 10.7414030757 0.00702763010872 0.94153
pedestrian -1 -1 -10 829.44 151.9 883.454 295.34 1.6229959389 0.746997883493 0.513000020017 3.66922654556 0.837913276644 10.0225429057 0.00702763010872 0.90538
pedestrian -1 -1 -10 191.04 154.12 293.22 370.0 1.69199577188 0.721998327114 0.439000017827 -2.12830061845 1.40503660744 4.13682544453 0.00702763010872 0.89134
pedestrian -1 -1 -10 480.94 157.08 508.086 251.87 1.59799605513 0.329999103297 0.473000057496 -1.76461067436 1.20576229427 14.9052205141 0.00702763010872 0.77433
pedestrian -1 -1 -10 979.42 145.27 1001.02 205.769 1.71199570274 1.14399816299 0.710000050012 12.65386997 0.683577397737 22.2477879706 0.00702763010872 0.77129
pedestrian -1 -1 -10 506.47 163.64 533.694 241.697 1.67299579585 0.735998231274 0.969000117283 -1.56868877163 1.28047255599 15.0359311023 0.00702763010872 0.61265
pedestrian -1 -1 -10 167.43 185.38 177.403 213.048 1.14099715221 0.182998202276 0.198999408233 -21.5271738802 1.27145662516 36.0988440048 0.00702763010872 0.55651
pedestrian -1 -1 -10 279.89 157.5 417.03 327.47 1.65999590635 0.646998227469 0.470000036465 -2.39788266088 1.37131530212 7.11426111641 0.00702763010872 0.50721
pedestrian -1 -1 -10 194.11 156.84 260.046 321.65 1.78199557996 1.19799697589 1.11700000245 -2.0243283939 1.49569024417 3.8481897315 0.00702763010872 0.41792
pedestrian -1 -1 -10 831.28 159.54 877.163 234.391 1.68299579108 0.828997458382 0.513000020017 3.66951415461 0.887820715329 10.0635867823 0.00702763010872 0.29226
pedestrian -1 -1 -10 747.95 190.81 769.916 243.22 2.09199474669 0.481998198985 0.931000009836 3.02839051021 1.21841886965 12.8949538579 0.00702763010872 0.18748
pedestrian -1 -1 -10 294.17 167.3 319.454 219.513 1.3839965744 0.245999678338 0.647999774318 -9.79955917494 1.1540961313 23.9770592541 0.00702763010873 0.16801
pedestrian -1 -1 -10 820.08 168.59 862.097 296.76 1.68599580455 0.977997255801 0.640000115599 3.65453818005 0.88765208122 10.1381903842 0.00702763010872 0.14241
pedestrian -1 -1 -10 491.88 159.47 517.795 245.804 0.445998869419 0.433998936296 0.233000043948 -3.8791749143 0.660290739973 31.0545901343 0.00702763010872 0.13988
pedestrian -1 -1 -10 195.69 159.33 247.712 263.46 1.72699565089 0.857998145408 0.439000017827 -2.12782319911 1.43988315735 4.20486313828 0.00702763010872 0.11075
pedestrian -1 -1 -10 753.69 173.72 783.613 266.806 1.596995996 0.518998763126 0.603999863228 2.76650183164 1.28034541883 10.7079324569 0.00702763010872 0.09875
pedestrian -1 -1 -10 739.35 155.4 783.863 242.178 1.60499599218 0.518998763126 0.603999863228 2.76650172765 1.28834541502 10.7079414772 0.00702763010872 0.085782
pedestrian -1 -1 -10 854.89 161.5 883.481 244.087 1.6229959389 0.686997613043 0.513000020017 3.66901571744 0.837980922226 9.99254351131 0.00702763010872 0.082662
pedestrian -1 -1 -10 843.24 168.0 892.41 270.73 1.6229959389 0.666998158674 0.513000020017 3.66894544364 0.838003470036 9.98254403106 0.00702763010872 0.076739
pedestrian -1 -1 -10 501.03 170.09 519.345 232.309 1.59199602818 0.581998331845 0.496000059787 -1.7522254078 1.19947863923 15.0311294357 0.00702763010872 0.071593
pedestrian -1 -1 -10 241.14 162.42 318.271 355.69 1.69199577188 1.05999730753 0.439000017827 -2.12711296232 1.4046555402 4.30582076151 0.00702763010872 0.051361
pedestrian -1 -1 -10 510.18 185.67 528.343 239.476 1.66899585736 0.735998231274 0.934000030867 -1.58618833071 1.27647188525 15.0360495734 0.00702763010872 0.050329
pedestrian -1 -1 -10 766.95 186.83 794.009 268.321 1.57199608243 0.451999494267 0.603999863228 2.76673757769 1.25526996886 10.7414030757 0.00702763010872 0.04452
pedestrian -1 -1 -10 771.93 149.2 824.497 267.74 1.57199608243 0.451999494267 0.603999863228 2.76673757769 1.25526996886 10.7414030757 0.00702763010872 0.035396
pedestrian -1 -1 -10 215.93 163.77 236.708 223.796 1.7189956547 0.857998145408 0.439000017827 -2.12782309512 1.43188316117 4.20485411796 0.00702763010872 0.022364
pedestrian -1 -1 -10 494.17 155.73 511.114 220.05 1.62599595237 0.551998673455 0.46499992194 -2.42957314966 1.1531985222 16.4777862421 0.00702763010872 0.021073
pedestrian -1 -1 -10 842.44 155.99 866.992 229.169 1.68599580455 0.902997632992 0.640000115599 3.65427464741 0.887736637391 10.1006914988 0.00702763010872 0.019454
pedestrian -1 -1 -10 484.72 153.38 500.487 209.889 1.59799605513 0.297998641166 0.432000048227 -1.78522261556 1.20579751449 14.8893647415 0.00702763010872 0.015848
pedestrian -1 -1 -10 853.39 158.69 875.766 220.741 1.68299579108 0.818997254362 0.513000020017 3.66947901603 0.887831989772 10.0585868037 0.00702763010872 0.015713
pedestrian -1 -1 -10 777.91 187.65 798.382 266.438 1.57199608243 0.451999494267 0.603999863228 2.76673757769 1.25526996886 10.7414030757 0.00702763010872 0.013302
pedestrian -1 -1 -10 422.93 158.15 445.108 213.546 1.76799557173 0.748997733563 0.506999977955 -2.50309973611 1.3271621658 10.2848660627 0.00702763010872 0.012523
pedestrian -1 -1 -10 480.36 159.39 498.075 227.601 1.62599595237 0.551998673455 0.46499992194 -2.42957314966 1.1531985222 16.4777862421 0.00702763010872 0.012454
pedestrian -1 -1 -10 856.75 157.44 871.969 202.745 1.68599580455 0.926997741172 0.640000115599 3.65435897866 0.887709579159 10.1126912566 0.00702763010872 0.011859
pedestrian -1 -1 -10 759.7 160.72 788.454 246.046 1.596995996 0.518998763126 0.603999863228 2.76650183164 1.28034541883 10.7079324569 0.00702763010872 0.01102
pedestrian -1 -1 -10 500.85 153.94 517.404 205.874 1.59199602818 0.581998331845 0.496000059787 -1.7522254078 1.19947863923 15.0311294357 0.00702763010872 0.01019
pedestrian -1 -1 -10 754.0 165.55 775.857 236.74 1.60499599218 0.518998763126 0.603999863228 2.76650172765 1.28834541502 10.7079414772 0.00702763010872 0.0095791
pedestrian -1 -1 -10 820.54 220.1 853.296 290.995 2.00099495399 1.12599760502 0.773000014825 3.00083756827 1.26390046582 8.69023795794 0.00702763010872 0.0086234
pedestrian -1 -1 -10 405.27 157.03 433.789 239.11 1.76399555874 0.804998303874 0.506999977955 -2.50538366743 1.32489497498 9.95987235487 0.00702763010872 0.007634
pedestrian -1 -1 -10 454.97 154.18 514.061 250.853 1.62599595237 0.551998673455 0.46499992194 -2.42957314966 1.1531985222 16.4777862421 0.00702763010872 0.0073327
pedestrian -1 -1 -10 748.73 146.87 798.12 224.6 1.596995996 0.518998763126 0.603999863228 2.76650183164 1.28034541883 10.7079324569 0.00702763010872 0.0071081
pedestrian -1 -1 -10 206.12 163.17 228.791 221.559 1.69199577188 0.857998145408 0.439000017827 -2.12782274417 1.40488327835 4.20482367451 0.00702763010872 0.0065334
pedestrian -1 -1 -10 977.44 143.4 1008.3 230.331 1.71199570274 0.833997560392 0.824999823052 12.7124577125 0.683230302434 22.4023803652 0.00702763010872 0.0063516
pedestrian -1 -1 -10 835.77 157.03 859.271 206.528 1.68599580455 1.04899717847 0.640000115599 3.65478765859 0.887572034396 10.1736894689 0.00702763010872 0.0063377
pedestrian -1 -1 -10 732.82 167.74 765.779 243.912 2.1009947871 0.532998667285 0.775000108319 2.95057157326 1.22735814729 12.9210117533 0.00702763010872 0.006013
pedestrian -1 -1 -10 268.5 168.76 312.149 294.82 0.314999185205 0.215999066277 0.473999985033 -12.4297281243 0.880828260332 28.9442665082 0.00702763010873 0.005459
pedestrian -1 -1 -10 203.76 159.52 240.141 233.811 1.72699565089 0.928997591242 0.439000017827 -2.12757372224 1.43980311107 4.24036198458 0.00702763010872 0.0054095
pedestrian -1 -1 -10 831.31 208.93 870.468 289.368 2.00099495399 1.07799738866 0.971999899895 3.09982204267 1.2640692322 8.6165407541 0.00702763010872 0.0049716
pedestrian -1 -1 -10 495.29 152.33 526.034 214.158 1.59199602818 0.581998331845 0.496000059787 -1.7522254078 1.19947863923 15.0311294357 0.00702763010872 0.0044074
pedestrian -1 -1 -10 412.36 150.02 471.47 270.87 1.76299558902 0.731998531134 0.487999924232 -2.51253973184 1.32214262031 10.2934265775 0.00702763010872 0.0039735
pedestrian -1 -1 -10 739.66 190.11 761.427 246.149 2.09199474669 0.481998198985 0.806999935285 2.9663920039 1.21841627538 12.8953895618 0.00702763010872 0.0037403
pedestrian -1 -1 -10 423.54 159.33 460.201 256.594 1.76299558902 0.756998087513 0.506999977955 -2.50312778265 1.32217120285 10.2808603468 0.00702763010872 0.0032677
pedestrian -1 -1 -10 966.33 143.66 999.812 239.682 1.97999500871 0.973998032498 1.19400002568 2.76591908225 1.37372695934 5.21706524465 0.00702763010872 0.0031419
pedestrian -1 -1 -10 286.34 169.1 303.801 216.306 0.322999196291 0.291999090957 0.112998964291 -18.5102195614 -0.306457379297 43.1897019564 0.00702763010872 0.0029445
pedestrian -1 -1 -10 845.95 154.82 863.545 204.808 1.68599580455 0.907997735002 0.640000115599 3.6542922167 0.88773100017 10.1031914881 0.00702763010872 0.0029127
pedestrian -1 -1 -10 824.87 160.71 849.312 249.989 1.9099951613 1.19099702381 0.641999970674 3.65608316419 1.0988340837 10.5009127799 0.00702763010872 0.0027158
pedestrian -1 -1 -10 984.78 132.72 1010.96 205.704 1.70299572194 1.06799813831 0.824999823052 12.7109117589 0.674726388511 22.1823749762 0.00702763010872 0.0027115
pedestrian -1 -1 -10 823.63 159.48 843.134 206.51 2.00099495399 0.858998070443 0.950999991097 3.09077353798 1.26360316889 8.8231089831 0.00702763010872 0.0026543
pedestrian -1 -1 -10 213.6 172.48 250.754 251.754 1.71499571621 0.717998150139 0.439000017827 -2.12831497317 1.42804106165 4.13485133879 0.00702763010872 0.0025132
pedestrian -1 -1 -10 506.11 195.77 523.004 242.215 1.52999614716 0.581998331845 0.496000059787 -1.75222460192 1.1374787582 15.0310595283 0.00702763010872 0.002221
pedestrian -1 -1 -10 748.0 162.26 772.606 213.652 2.09299473131 0.481998198985 0.979000107913 3.05238997961 1.21841987389 12.8947840705 0.00702763010872 0.0018993
pedestrian -1 -1 -10 781.25 187.3 812.065 269.843 1.92499522865 0.209999516068 0.994999902187 3.48377707809 1.04963237981 12.8055584139 0.00702763010872 0.0018951
pedestrian -1 -1 -10 830.8 150.95 849.025 193.324 1.9059951632 1.19699752769 0.640000115599 3.65693543704 1.09888147691 10.4799109254 0.00702763010872 0.0017949
pedestrian -1 -1 -10 399.76 184.57 436.541 269.007 1.76399555874 0.750998537304 0.506999977955 -2.50557341106 1.32495585547 9.93287313831 0.00702763010872 0.0017311
pedestrian -1 -1 -10 865.69 158.08 883.651 203.526 1.68599580455 0.96999690185 0.640000115599 3.65451006852 0.88766110099 10.134190306 0.00702763010872 0.0016933
pedestrian -1 -1 -10 787.86 208.41 809.138 262.943 1.92499522865 0.209999516068 0.955999867203 3.50327661407 1.04963319575 12.805421378 0.00702763010872 0.0014745
pedestrian -1 -1 -10 444.7 154.26 498.844 203.844 1.11699720836 1.08199804247 1.07800008668 -5.60510102664 0.713445855668 31.8521045525 0.00702763010872 0.0014721
pedestrian -1 -1 -10 725.57 174.92 757.046 233.541 2.10499478519 0.571998127824 0.632999907581 2.87971015788 1.23331123454 12.9410189741 0.00702763010872 0.0013342
pedestrian -1 -1 -10 743.42 171.53 761.987 220.549 2.09199474669 0.481998198985 0.844000115194 2.98489163703 1.21841704948 12.8952595528 0.00702763010872 0.0010515
pedestrian -1 -1 -10 435.68 155.0 485.355 251.622 1.55999611795 1.15499590787 1.02199985305 -6.12414790511 1.15515678912 32.417764711 0.00702763010872 0.0010498
pedestrian -1 -1 -10 413.53 158.08 432.702 215.55 1.76499555826 0.928997591242 0.506999977955 -2.50494794746 1.32475517555 10.02186934 0.00702763010872 0.0010058
pedestrian -1 -1 -10 328.81 164.53 387.16 265.9 1.65999590635 0.646998227469 0.470000036465 -2.39788266088 1.37131530212 7.11426111641 0.00702763010872 0.00097251
pedestrian -1 -1 -10 473.41 151.19 502.715 212.008 1.62599595237 0.551998673455 0.46499992194 -2.42957314966 1.1531985222 16.4777862421 0.00702763010872 0.00088819
pedestrian -1 -1 -10 845.0 219.14 880.088 295.308 0.804997968078 1.10099709497 0.479000099557 3.14456052924 1.28595170989 8.22711290836 0.00702763010872 0.00084451
pedestrian -1 -1 -10 756.61 148.73 783.264 213.346 1.596995996 0.518998763126 0.603999863228 2.76650183164 1.28034541883 10.7079324569 0.00702763010872 0.00080722
pedestrian -1 -1 -10 816.54 167.45 833.727 211.403 1.93999517679 1.18499651993 0.641999970674 3.65847214395 1.12806745429 10.8409375176 0.00702763010872 0.00076448
pedestrian -1 -1 -10 821.92 174.21 839.812 228.524 1.9099951613 1.19599712582 0.641999970674 3.65659266017 1.09867060858 10.5734105614 0.00702763010872 0.00068237
pedestrian -1 -1 -10 856.81 203.88 887.686 301.422 1.92899513733 1.17899696972 0.760000003164 3.0047608796 1.26472713532 8.32378352253 0.00702763010872 0.00051991
pedestrian -1 -1 -10 327.06 159.36 373.969 220.958 1.65999590635 0.646998227469 0.470000036465 -2.39788266088 1.37131530212 7.11426111641 0.00702763010872 0.00050376
pedestrian -1 -1 -10 395.32 162.18 421.091 219.415 1.76399555874 0.745998435294 0.506999977955 -2.50559098035 1.32496149269 9.93037314904 0.00702763010872 0.00049933
pedestrian -1 -1 -10 212.25 150.58 264.308 234.501 1.68299573147 0.857998145408 0.439000017827 -2.12782262719 1.39588323794 4.2048135266 0.00702763010872 0.00048197
pedestrian -1 -1 -10 508.25 153.42 527.56 200.634 1.52999614716 0.581998331845 0.496000059787 -1.75222460192 1.1374787582 15.0310595283 0.00702763010872 0.00043867
pedestrian -1 -1 -10 304.26 168.27 326.365 215.598 1.51099623072 0.245999678338 0.598000536422 -9.77456182407 1.28109683368 23.9770267671 0.00702763010873 0.00038677
pedestrian -1 -1 -10 496.28 195.17 519.534 245.183 1.59799605513 0.581998331845 0.496000059787 -1.75222548579 1.20547866617 15.031136201 0.00702763010872 0.0003474
pedestrian -1 -1 -10 952.13 282.18 974.362 336.385 1.99399503183 1.09299721786 1.04600002129 2.65415896939 1.38796698769 5.10936402685 0.00702763010872 0.00027336
pedestrian -1 -1 -10 748.96 150.03 767.373 197.268 2.09199474669 0.481998198985 0.937999979436 3.03189040858 1.2184190161 12.8949292618 0.00702763010872 0.00026887
pedestrian -1 -1 -10 814.42 199.06 836.367 251.186 1.93999517679 1.09699739483 0.641999970674 3.65878135405 1.1279682422 10.8849359937 0.00702763010872 0.00019226
pedestrian -1 -1 -10 186.83 153.19 226.014 227.407 0.882997781873 0.135997434114 1.16499902765 -21.6126934427 0.267929018482 39.435063751 0.00702763010874 0.00017614
pedestrian -1 -1 -10 523.01 126.48 537.187 167.384 1.40899645817 0.419999032137 0.542999991908 -2.13177764699 0.240372787553 21.2810101398 0.00702763010872 0.00013195
pedestrian -1 -1 -10 405.58 196.1 428.986 258.969 1.76399555874 0.770997991673 0.506999977955 -2.50550313726 1.32493330766 9.94287261857 0.00702763010872 8.7919e-05
pedestrian -1 -1 -10 287.83 169.02 324.161 251.802 1.3839965744 0.245999678338 0.647999774318 -9.79955917494 1.1540961313 23.9770592541 0.00702763010873 7.9599e-05
pedestrian -1 -1 -10 196.2 225.54 248.801 312.911 1.72099574316 0.828997935218 0.439000017827 -2.12792502166 1.43391594508 4.19035662611 0.00702763010872 6.5526e-05
pedestrian -1 -1 -10 962.31 207.37 989.782 277.145 1.99099501836 1.04799725344 1.17100002338 2.717152908 1.38481062364 5.17941940762 0.00702763010872 4.8022e-05
pedestrian -1 -1 -10 362.98 166.08 379.165 212.561 1.65999590635 0.646998227469 0.470000036465 -2.39788266088 1.37131530212 7.11426111641 0.00702763010872 3.2512e-05
pedestrian -1 -1 -10 955.77 207.75 1002.37 294.65 1.99099501836 1.02999764914 1.185000201 2.7240895772 1.38483120969 5.17037063473 0.00702763010872 1.7719e-05
pedestrian -1 -1 -10 338.42 153.41 355.507 216.928 1.58999602914 0.496998981851 0.470000036465 -2.39840881628 1.30148453725 7.03918441794 0.00702763010872 1.5372e-05
pedestrian -1 -1 -10 333.27 151.06 348.915 210.793 1.58999602914 0.496998981851 0.470000036465 -2.39840881628 1.30148453725 7.03918441794 0.00702763010872 1.2791e-05
pedestrian -1 -1 -10 399.98 157.34 417.443 206.686 1.76499555826 0.869997722662 0.506999977955 -2.50515526038 1.32482169326 9.99237013419 0.00702763010872 1.0643e-05
pedestrian -1 -1 -10 514.66 124.16 532.492 172.523 1.40899645817 0.419999032137 0.542999991908 -2.13177764699 0.240372787553 21.2810101398 0.00702763010872 1.0569e-05
pedestrian -1 -1 -10 574.59 157.04 611.516 233.815 1.30899669957 0.821998459974 0.953000024986 0.00211495894511 1.32340024045 12.8693400995 0.00702763010872 1.0167e-05
pedestrian -1 -1 -10 364.32 164.02 387.599 260.238 1.65999590635 0.646998227469 0.470000036465 -2.39788266088 1.37131530212 7.11426111641 0.00702763010872 9.5293e-06
pedestrian -1 -1 -10 934.43 276.94 973.73 358.003 1.99399503183 1.09299721786 0.980000035451 2.62115979134 1.38796560687 5.1095959336 0.00702763010872 3.5237e-06
pedestrian -1 -1 -10 683.43 160.39 717.351 223.167 2.15499461234 0.991998113633 0.983999984019 2.49738857636 1.15021975273 16.5245596842 0.00702763010872 3.0606e-06
pedestrian -1 -1 -10 893.72 212.31 925.381 291.255 2.09499473035 1.1859969218 1.18599989012 2.26886650494 1.48872617863 5.21168775085 0.00702763010872 2.9169e-06
