pedestrian -1 -1 -10 656.0 204.23 673.603 249.249 1.96778396034 0.661926231464 0.591999707202 2.30842285462 1.87957841124 25.2099254135 0.00753464155925 0.0010924
pedestrian -1 -1 -10 649.55 209.65 670.035 261.465 1.96778396034 0.661926231464 0.437999948892 2.23142515488 1.87963447281 25.2105047446 0.00753464155925 0.00059818
pedestrian -1 -1 -10 659.37 196.42 679.337 241.317 1.2738601203 1.13887516952 0.345999850216 1.13922796562 1.72901364795 11.612450178 0.00753464155925 0.00014558
pedestrian -1 -1 -10 735.98 233.45 749.591 273.987 1.45384042453 0.783914514989 1.06499973121 1.79097965065 1.73468266948 9.5250003064 0.00753464155925 0.00010215
pedestrian -1 -1 -10 658.89 212.76 680.75 270.657 1.28385904264 1.07288241461 0.338999882877 1.13780664781 1.74908516527 11.8872762705 0.00753464155925 9.6151e-05
pedestrian -1 -1 -10 665.59 202.42 683.603 246.488 1.2738601203 1.13887516952 0.345999850216 1.13922796562 1.72901364795 11.612450178 0.00753464155925 7.1083e-05
pedestrian -1 -1 -10 267.9 234.89 311.724 342.48 2.01777840817 1.19286915503 0.543999982248 -3.57554772246 1.7270378071 7.70896695192 0.00753464155925 4.5873e-05
pedestrian -1 -1 -10 285.0 263.0 306.96 340.053 2.00378000629 1.03588628843 0.330000061108 -3.48023257274 1.71556880568 7.8838393168 0.00753464155925 4.3286e-05
pedestrian -1 -1 -10 672.63 186.13 689.675 228.253 2.7516979227 0.834907616185 0.591999707202 2.30752947642 1.87829799334 25.1292417362 0.00753464155925 2.5536e-05
pedestrian -1 -1 -10 655.28 187.21 694.328 249.51 1.2738601203 1.13887516952 0.345999850216 1.13922796562 1.72901364795 11.612450178 0.00753464155925 8.0025e-06
pedestrian -1 -1 -10 255.54 160.73 317.335 328.36 2.01877834511 1.17887122644 0.573999944454 -3.56194159818 1.72528836661 7.5238725028 0.00753464155925 7.3306e-06
pedestrian -1 -1 -10 668.66 178.95 699.708 239.434 1.65381842446 0.832908933783 0.623999881465 2.05778974044 0.944589194642 16.6956546778 0.00753464155925 3.0388e-06
