pedestrian -1 -1 -10 745.93 137.14 805.354 328.49 1.87899164408 0.766999678586 0.388998478259 1.81357394405 1.47158494606 7.59854831906 0.00692802392802 0.99988
pedestrian -1 -1 -10 647.32 120.57 663.237 159.243 1.35999391079 0.436999978513 1.13099579503 1.11587926116 0.459519991415 14.5806786629 0.00692802392802 0.0019532
pedestrian -1 -1 -10 348.93 209.81 361.527 249.02 1.06699526757 1.19499983867 1.13699581446 -3.73830269873 1.39137049291 10.6834665231 0.00692802392802 0.0011138
pedestrian -1 -1 -10 648.99 216.99 661.213 259.214 1.5099932462 1.000999726 0.911996635496 1.1253990479 1.47624202757 13.0556707431 0.00692802392802 0.001079
pedestrian -1 -1 -10 647.04 197.85 661.457 240.266 1.5099932462 1.14699953551 0.895996663151 1.11689351285 1.47634892393 12.9827280395 0.00692802392802 0.00046167
pedestrian -1 -1 -10 249.33 189.34 283.892 265.92 1.5769929558 1.12899894499 1.19599560817 -6.49044202869 1.33844520687 13.7542504722 0.00692802392802 0.00022213
pedestrian -1 -1 -10 588.55 139.13 606.37 182.859 0.861996126175 0.509999883266 1.19299550905 -0.0663917786771 0.850153099631 17.7551912887 0.00692802392802 4.7638e-05
pedestrian -1 -1 -10 726.61 162.42 789.025 302.06 1.85899163336 0.766999678586 0.388998478259 1.81354636562 1.45158493533 7.59853688002 0.00692802392802 4.5212e-05
pedestrian -1 -1 -10 1101.6 139.81 1210.3 324.12 2.269989869 0.926999417569 1.07999586828 9.05771816496 1.35893564642 11.6801034503 0.00692802392802 2.1965e-05
pedestrian -1 -1 -10 735.9 140.25 796.979 239.169 1.85699166805 0.766999678586 0.388998478259 1.81354360783 1.44958497002 7.59853573613 0.00692802392802 9.1353e-06
pedestrian -1 -1 -10 751.37 141.45 773.24 225.279 1.81099186987 0.766999678586 0.388998478259 1.81348017776 1.40358517185 7.59850942645 0.00692802392802 1.9777e-06
pedestrian -1 -1 -10 240.05 220.95 257.225 269.66 0.939995771647 0.988999650211 0.62699750064 -4.81487977898 1.38578666092 10.2929824911 0.00692802392802 1.7013e-06
pedestrian -1 -1 -10 764.25 141.23 801.487 244.68 1.87899164408 0.624999576452 0.388998478259 1.81308205793 1.4716675179 7.5275499719 0.00692802392802 1.3281e-08
