pedestrian -1 -1 -10 647.35 153.65 659.994 192.301 0.575936770915 0.274971401392 0.716999788147 2.6906948794 0.691420800458 42.6372359195 0.00753464155925 0.024302
pedestrian -1 -1 -10 800.15 176.8 838.638 264.161 1.94578630138 1.19786872174 0.839999657035 2.95984838684 1.33844449192 9.63171533895 0.00753464155925 0.0054765
pedestrian -1 -1 -10 797.41 174.37 820.202 236.765 1.96278439487 1.19786872174 0.753999717693 2.91582669721 1.35738487984 9.76091091751 0.00753464155925 0.0051832
pedestrian -1 -1 -10 807.87 183.81 832.285 239.219 1.93978703737 1.17587177248 0.839999657035 2.95951505475 1.33179392319 9.58776615775 0.00753464155925 0.0038511
pedestrian -1 -1 -10 534.51 154.49 545.967 193.797 0.0999890208244 0.0 0.0 -6.78688212221 0.0723911467891 75.1302638739 0.0 0.0035287
pedestrian -1 -1 -10 814.09 222.82 834.347 272.752 1.94778611565 1.19086951905 0.901999674296 2.99069999507 1.33813327635 9.61199981988 0.00753464155925 0.0028758
pedestrian -1 -1 -10 810.19 204.61 838.198 268.537 1.93878716003 1.19586908577 0.901999674296 2.99011335616 1.32798712971 9.53457727614 0.00753464155925 0.0020882
pedestrian -1 -1 -10 475.92 175.75 493.096 220.514 2.02577756095 0.444950948232 0.512999854408 -6.70498266898 1.32147537042 38.3388328463 0.00753464155925 0.0014218
pedestrian -1 -1 -10 538.06 156.45 550.321 190.289 0.0999890208244 0.0589992736404 0.237999843222 -6.29602361803 -0.315087924456 76.7420209613 0.00753464155925 0.0013324
pedestrian -1 -1 -10 812.15 232.12 827.169 274.753 1.95178568459 1.19886806294 0.839999657035 2.96005741579 1.34485094587 9.65916727561 0.00753464155925 0.00066207
pedestrian -1 -1 -10 802.28 213.83 827.164 274.104 1.95378543926 1.18387031637 0.823999629508 2.95035579353 1.34744268322 9.69872249541 0.00753464155925 0.00066103
pedestrian -1 -1 -10 471.43 170.68 486.305 219.172 2.21275706613 0.444950948232 0.512999854408 -6.70504032128 1.32147537042 38.3402173525 0.00753464155925 0.00034884
pedestrian -1 -1 -10 804.2 161.81 824.897 214.533 1.95178568459 1.194868791 0.823999629508 2.95031374254 1.34536151723 9.69323822156 0.00753464155925 0.00026949
pedestrian -1 -1 -10 799.3 149.21 821.099 202.375 1.95378543926 1.19286915503 0.786999699962 2.9321388671 1.34801124453 9.73635641776 0.00753464155925 7.7335e-05
pedestrian -1 -1 -10 877.43 152.46 898.287 212.502 1.84679725325 1.19886806294 0.822999702293 3.35895712861 1.2736550308 8.64929960289 0.00753464155925 7.4712e-05
pedestrian -1 -1 -10 468.8 172.27 496.524 232.254 1.72381073189 0.444950948232 0.512999854408 -6.70488956208 1.32147537042 38.3365969063 0.00753464155925 6.6011e-05
pedestrian -1 -1 -10 870.63 140.84 905.553 233.731 1.84679725325 1.19786872174 0.831999762481 3.34165722872 1.27406003439 8.67592736279 0.00753464155925 2.5618e-05
pedestrian -1 -1 -10 870.48 184.16 892.906 238.884 1.80480180919 0.477947325685 0.510999999979 3.33723054911 1.29025609417 8.28335626924 0.00753464155925 2.1295e-05
pedestrian -1 -1 -10 995.66 104.65 1016.86 149.221 1.50383491706 0.64992889242 1.19799982592 4.26660640263 0.923784557677 7.88549704407 0.00753464155925 8.1034e-06
pedestrian -1 -1 -10 637.25 127.51 655.47 182.459 0.534941263795 0.0449970539912 0.0169999547418 2.03413941614 -0.125069650226 33.8707558583 0.00753464155925 2.3282e-06
