pedestrian -1 -1 -10 144.85 175.64 174.218 254.054 2.8556864767 0.505943182854 0.751000174467 -11.1723426395 2.01511171357 18.4771222257 0.00753464155925 0.10901
pedestrian -1 -1 -10 644.21 175.76 654.75 202.54 0.0999890208244 0.00599986148412 0.0729999318775 2.78812798788 1.38610652213 46.325706378 0.00753464155925 0.0014968
pedestrian -1 -1 -10 139.66 180.72 160.575 228.212 2.78469429194 0.438951086747 0.310000324722 -13.7567281763 1.85048379298 21.7044496596 0.00753464155925 0.00093474
pedestrian -1 -1 -10 694.87 168.38 706.635 204.352 1.12887607407 0.332963705273 0.705999635112 5.41695902637 1.4198452555 41.0897929354 0.00753464155925 0.00080214
pedestrian -1 -1 -10 397.58 178.23 418.163 223.456 1.33785314881 0.347961451844 0.591999826411 -10.2891015766 1.85148618456 38.4514125392 0.00753464155925 0.00012151
pedestrian -1 -1 -10 1.5062 181.96 31.2272 246.038 1.5538294096 0.981892779707 0.749000320038 -16.7871136496 1.8623039859 20.3413067159 0.00753464155925 8.5963e-05
pedestrian -1 -1 -10 1059.1 167.03 1122.24 239.779 0.560938402296 0.710922557398 0.203999456901 14.3976940905 1.03913085815 21.4918623359 0.00753464155925 2.1522e-05
pedestrian -1 -1 -10 1097.8 148.86 1196.95 236.339 1.28085938084 1.18486965757 0.287000091436 5.03533806916 1.50294957713 7.3149031735 0.00753464155925 1.1204e-05
pedestrian -1 -1 -10 1149.6 130.24 1179.61 186.932 0.913899660825 0.253971886198 1.17499887738 20.5558941197 -0.238876921694 26.4871879862 0.00753464155924 7.432e-06
pedestrian -1 -1 -10 376.02 176.72 405.449 222.94 0.860905446889 0.329965681671 0.806999913185 -12.2841740802 0.972712808711 42.0334143288 0.00753464155925 1.6063e-06
pedestrian -1 -1 -10 1135.5 161.19 1205.82 246.018 1.52083302545 1.18986970107 0.867999764812 5.28015899001 1.63158333549 6.55832670418 0.00753464155925 1.5479e-06
pedestrian -1 -1 -10 370.84 171.58 386.817 216.348 1.33685325658 0.101986202392 0.761000400288 -12.1245300984 1.84892804469 38.2022357898 0.00753464155925 4.8541e-07
pedestrian -1 -1 -10 1164.0 167.21 1235.14 360.7 1.43984190345 1.17987056764 0.661999976644 5.17287768135 1.62319130211 5.98658081458 0.00753464155925 2.8417e-07
pedestrian -1 -1 -10 1189.6 188.81 1242.0 274.719 1.48083741057 1.19186933704 0.81299995331 5.24840809516 1.62322514813 5.9923155376 0.00753464155925 2.4757e-07
pedestrian -1 -1 -10 1046.0 151.76 1146.05 234.486 0.560938402296 0.624931535638 0.203000006524 14.3978698489 1.03849398395 21.4488642856 0.00753464155925 2.3574e-07
