pedestrian -1 -1 -10 853.32 166.35 892.823 257.937 1.62099272534 0.535999888535 0.61799770991 5.38139633512 1.43732588864 14.0856006939 0.00692802392802 0.99403
pedestrian -1 -1 -10 118.31 161.04 147.693 230.722 1.64799267054 0.54900132168 0.962996681453 -11.394603621 1.07562897107 17.5479732262 0.00692802392802 0.98495
pedestrian -1 -1 -10 376.57 162.69 391.674 203.74 1.66499255449 0.675998229635 0.759996421389 -10.6798484219 0.913736211594 34.9627523448 0.00692802392802 0.98333
pedestrian -1 -1 -10 168.36 159.13 195.748 236.159 1.58399288654 0.787999572802 0.802996481174 -10.516974111 1.15832638278 17.4455235066 0.00692802392802 0.98253
pedestrian -1 -1 -10 140.11 160.59 169.129 232.107 1.62899270207 0.787999572802 1.1959946545 -10.8348142719 1.05519994862 17.4475794414 0.00692802392802 0.96918
pedestrian -1 -1 -10 436.7 169.22 454.907 225.368 1.40399373621 0.36400007376 0.387998554493 -5.00831220519 1.21176270008 23.0166651255 0.00692802392802 0.94639
pedestrian -1 -1 -10 143.97 159.14 194.57 230.394 1.30699409992 0.660998850151 1.07899546767 -14.6228755801 -0.0274563689184 24.5284268182 0.00692802392802 0.73735
pedestrian -1 -1 -10 568.23 166.27 585.62 226.027 1.70399242938 0.994998257596 0.542998003458 -0.775133188555 1.34796919355 21.3717807358 0.00692802392802 0.5486
pedestrian -1 -1 -10 133.43 162.21 156.805 227.791 1.64799267054 0.765000778573 1.16799488171 -11.1438591725 1.07506299008 17.43823291 0.00692802392802 0.46908
pedestrian -1 -1 -10 540.97 160.92 573.357 222.735 1.72899227887 0.970998106014 0.606997714022 -1.02656749655 1.37134930178 16.4004121297 0.00692802392802 0.18768
pedestrian -1 -1 -10 847.93 187.48 879.303 253.55 1.62099272534 0.535999888535 0.61799770991 5.38139633512 1.43732588864 14.0856006939 0.00692802392802 0.18104
pedestrian -1 -1 -10 109.45 160.65 135.571 228.377 2.0399908185 0.915999745458 0.210999650192 -14.6312930164 0.779806661511 21.6964274023 0.00692802392802 0.18076
pedestrian -1 -1 -10 484.11 170.04 495.271 198.94 0.631997179985 0.316001677942 0.66499746476 -6.65955101656 0.299901794947 41.7369538555 0.00692802392802 0.084422
pedestrian -1 -1 -10 558.42 163.3 575.263 231.52 1.72899227887 0.703999995937 0.618997633676 -1.01865209399 1.37101123749 16.6768644219 0.00692802392802 0.06693
pedestrian -1 -1 -10 163.06 161.61 181.732 224.76 1.30699409992 0.660998850151 1.08599541087 -14.6193756925 -0.0274659933027 24.5284025593 0.00692802392802 0.06551
pedestrian -1 -1 -10 275.38 159.07 287.741 204.03 2.12899046689 0.523999812744 0.281999005932 -5.91557559904 1.26071138751 13.0073386529 0.00692802392802 0.036589
pedestrian -1 -1 -10 552.53 163.4 567.018 207.112 1.72899227887 1.09099886393 0.618997633676 -1.02015200011 1.37126302341 16.460369482 0.00692802392802 0.035495
pedestrian -1 -1 -10 555.17 166.35 590.918 223.648 1.70399242938 0.994998257596 0.542998003458 -0.775133188555 1.34796919355 21.3717807358 0.00692802392802 0.031216
pedestrian -1 -1 -10 431.55 167.05 445.94 221.36 2.51098878831 0.578000630641 0.943996699393 -6.16741822904 1.14573398494 27.5800872243 0.00692802392802 0.029768
pedestrian -1 -1 -10 539.67 166.64 554.254 217.986 1.72899227887 1.01199844444 0.606997714022 -1.02642547203 1.37132546044 16.420911807 0.00692802392802 0.026411
pedestrian -1 -1 -10 293.37 169.89 304.478 195.201 0.375998327136 0.174999118468 0.155999551544 -17.1949429661 0.359967291143 40.8546399735 0.00692802392801 0.023331
pedestrian -1 -1 -10 169.45 158.89 188.902 210.697 1.58399288654 0.787999572802 0.8269965589 -10.5289738616 1.15835938104 17.4456066808 0.00692802392802 0.023221
pedestrian -1 -1 -10 155.32 161.63 170.827 211.092 1.47999337912 0.787999572802 1.14399575765 -10.6876130607 1.05479572317 17.4466457853 0.00692802392802 0.020509
pedestrian -1 -1 -10 991.17 182.01 1003.31 228.159 0.525997647643 0.278999139542 0.968996224049 17.1910068014 1.42522646196 30.2893071923 0.00692802392802 0.019583
pedestrian -1 -1 -10 263.63 152.61 283.204 198.526 0.582997314632 0.438998878526 0.10499914796 -17.8085864502 -1.23363193084 38.4798600827 0.00692802392802 0.015738
pedestrian -1 -1 -10 572.93 169.08 594.376 219.993 1.70399242938 0.599000524857 0.542998003458 -0.773047873931 1.3476191364 21.6727729497 0.00692802392802 0.011287
pedestrian -1 -1 -10 179.48 160.53 197.298 207.997 1.58699289411 0.56299934381 0.641997787636 -10.4356931638 1.16097419382 17.5574646827 0.00692802392802 0.008406
pedestrian -1 -1 -10 175.14 160.07 205.922 225.844 1.58699289411 0.56299934381 0.638997539502 -10.4341930758 1.16097006871 17.557454285 0.00692802392802 0.0081783
pedestrian -1 -1 -10 421.59 167.28 431.188 193.284 0.0999995529652 0.300998483764 0.372998744333 -13.0453957645 -0.207689612081 53.278698034 0.00692802392802 0.0076705
pedestrian -1 -1 -10 864.54 165.68 887.522 241.526 1.62099272534 0.535999888535 0.61799770991 5.38139633512 1.43732588864 14.0856006939 0.00692802392802 0.0072847
pedestrian -1 -1 -10 477.25 168.81 504.04 197.956 0.630997167528 0.13300314473 0.561998164332 -6.60868788638 0.298866578431 41.6450992601 0.00692802392802 0.006831
pedestrian -1 -1 -10 289.61 169.45 300.052 195.303 0.3699983567 0.441001593233 0.205998600856 -17.1403215816 0.35053662033 40.2252388401 0.00692802392803 0.0033739
pedestrian -1 -1 -10 102.62 161.44 120.416 211.105 2.02699086517 1.1759978908 0.182999877403 -14.6201020837 0.775240361931 21.2903419638 0.00692802392802 0.002896
pedestrian -1 -1 -10 427.37 167.21 439.663 206.744 0.624997211993 0.194999562677 0.344998017872 -9.41603932955 0.301729358206 40.6655305906 0.00692802392802 0.0028119
pedestrian -1 -1 -10 195.8 161.96 217.967 206.741 0.513997736573 0.670997164909 0.0689980777013 -17.7219042753 -1.10564682988 32.1652916328 0.00692802392802 0.0015539
pedestrian -1 -1 -10 282.19 164.84 306.958 195.521 0.3699983567 0.441001593233 0.205998600856 -17.1403215816 0.35053662033 40.2252388401 0.00692802392803 0.00077983
pedestrian -1 -1 -10 984.13 174.35 1011.77 264.257 0.107999533415 0.0799998694919 0.297999216694 17.2916123674 1.01484090197 30.3838783173 0.00692802392803 0.00054729
pedestrian -1 -1 -10 98.017 163.01 116.559 226.788 2.01799096167 1.17799869816 0.182999877403 -14.6213643532 0.770452051955 21.1083457227 0.00692802392802 0.00029725
pedestrian -1 -1 -10 843.64 199.28 864.057 250.506 0.201999095082 0.402000154819 0.60799751858 5.90496187069 1.07815893406 17.3444608925 0.00692802392802 0.00026892
pedestrian -1 -1 -10 358.75 165.45 369.028 193.107 0.366998364031 0.198001727391 0.495998427422 -17.6496174216 -0.193279366406 53.528965639 0.00692802392803 0.00021675
pedestrian -1 -1 -10 110.92 154.5 129.754 202.986 2.0399908185 0.972998913374 0.210999650192 -14.6314904606 0.779839806036 21.6679285023 0.00692802392802 0.0001744
pedestrian -1 -1 -10 472.19 169.69 483.304 202.585 0.566997472942 0.246002030555 0.481998064192 -6.97734819533 1.0468433091 40.8090393687 0.00692802392802 6.6409e-05
pedestrian -1 -1 -10 531.01 165.2 566.832 242.995 1.72899227887 0.881999371771 0.568997869111 -1.04587525283 1.37145330065 16.3560455222 0.00692802392802 6.0578e-05
pedestrian -1 -1 -10 726.82 133.37 772.351 206.502 2.42198919952 0.96200114861 1.18799574121 7.98272055294 0.674664609968 37.2347969946 0.00692802392802 2.8304e-05
pedestrian -1 -1 -10 550.49 165.61 568.552 240.528 1.72899227887 0.916999195464 0.568997869111 -1.04575401399 1.37143294855 16.3735450141 0.00692802392802 2.1067e-05
pedestrian -1 -1 -10 1095.1 151.95 1141.27 233.247 0.10799947381 1.03900076074 0.765997871327 27.2022796415 0.586151177899 36.8143769925 0.00692802392802 5.2006e-06
pedestrian -1 -1 -10 997.05 174.8 1027.17 256.393 0.439998066425 0.298999583752 1.08199571581 13.2810252115 1.50054252882 22.8303489052 0.00692802392802 5.1823e-06
pedestrian -1 -1 -10 1.4555 177.97 35.8705 235.243 2.02399091721 0.614999354347 1.18399556931 -16.5936325291 0.776165386224 19.9944846652 0.00692802392801 5.0345e-06
pedestrian -1 -1 -10 1.2802 170.91 47.5972 262.771 1.85099171251 0.34399962955 1.16999472924 -16.2893241648 0.77515133917 20.1479800451 0.00692802392802 1.2907e-06
pedestrian -1 -1 -10 184.44 127.51 219.764 213.501 1.70999237001 0.936000189668 0.245998412508 -14.1693193667 0.676359595345 25.3453889092 0.00692802392802 7.3056e-07
