pedestrian -1 -1 -10 925.0 121.83 1047.67 373.35 1.84279759491 1.17287136496 0.590999899196 2.53643906745 1.57870781555 4.69940617997 0.00753464155925 0.612
pedestrian -1 -1 -10 837.06 88.287 899.253 222.227 1.54683017885 0.760917270963 0.856999611777 3.68139599273 0.930159564051 10.452983707 0.00753464155925 0.18537
pedestrian -1 -1 -10 930.79 219.28 997.503 372.04 1.83279870236 1.16687198026 0.590999899196 2.53748317632 1.57076647178 4.83846122341 0.00753464155925 0.025631
pedestrian -1 -1 -10 298.41 175.96 309.592 205.725 0.0999890208244 0.0619934829634 0.251998824227 -20.5478411118 0.561081507394 50.1532540426 0.00753464155925 0.0028431
pedestrian -1 -1 -10 34.765 123.9 54.888 187.172 0.103988649361 0.269970881109 0.0559997387172 -40.957298368 -0.998625343586 52.8465012422 0.00753464155926 0.0015129
pedestrian -1 -1 -10 411.09 146.11 426.843 189.455 0.335963170999 0.196977016378 0.119999848826 -12.2746379946 -0.702855804413 48.5546598211 0.00753464155925 0.00097667
pedestrian -1 -1 -10 904.09 125.83 978.261 313.29 1.82379974675 1.16487234429 0.560000009775 2.55456199435 1.56486475461 5.04838231247 0.00753464155925 0.00085526
pedestrian -1 -1 -10 45.833 127.49 62.485 179.536 1.50983416617 0.638929941007 0.474000785689 -17.4450618916 0.488985088993 23.2061611687 0.00753464155925 0.00060921
pedestrian -1 -1 -10 187.57 119.97 223.28 201.421 0.113987422711 0.99989045702 0.718000192199 -30.9785436879 -1.19239230938 56.2507355841 0.00753464155925 0.00050547
pedestrian -1 -1 -10 428.08 143.57 444.351 185.235 0.101988894691 0.0209976080547 0.190999926274 -13.268765509 -1.38934519468 55.5745481312 0.00753464155925 0.00028862
pedestrian -1 -1 -10 980.98 126.03 1063.19 325.99 0.0999890208244 0.0 0.0 12.7736845479 1.39307417562 23.0351595266 0.0 0.00027983
pedestrian -1 -1 -10 836.88 100.25 874.38 181.218 1.48383707237 0.760917270963 0.856999611777 3.68137656976 0.86716645757 10.453450145 0.00753464155925 0.0001183
pedestrian -1 -1 -10 858.18 95.983 934.006 251.763 0.372959049582 0.222978958996 1.18099939434 19.4777302302 -0.104182154083 48.0947941994 0.00753464155925 4.0078e-05
pedestrian -1 -1 -10 40.675 123.84 73.902 185.5 1.50983416617 0.638929941007 0.474000785689 -17.4450618916 0.488985088993 23.2061611687 0.00753464155925 2.8975e-05
pedestrian -1 -1 -10 975.36 144.36 1000.82 196.485 1.64681913412 1.05888400924 0.560000009775 2.55333215982 1.38557495145 4.89371416002 0.00753464155925 2.7998e-05
pedestrian -1 -1 -10 909.24 83.991 962.4 274.971 0.575936830513 0.383956806469 0.33300008117 17.9892841242 -0.695888013554 38.6714681722 0.00753464155925 2.2904e-05
pedestrian -1 -1 -10 969.44 141.31 1020.72 220.098 1.69581377912 1.15887295959 0.590999899196 2.53747107369 1.43384075774 4.84347493715 0.00753464155925 1.9577e-05
pedestrian -1 -1 -10 53.688 127.27 73.641 177.94 1.50983416617 0.638929941007 0.474000785689 -17.4450618916 0.488985088993 23.2061611687 0.00753464155925 1.1671e-05
pedestrian -1 -1 -10 1014.9 218.68 1066.16 331.99 1.82979912996 0.976892736209 0.590999899196 2.53508651998 1.56305970628 4.52052721602 0.00753464155925 2.5304e-06
pedestrian -1 -1 -10 927.62 156.27 953.496 238.991 0.940896661761 0.386958644351 0.816999185331 11.4854526694 1.31064062409 24.9850785803 0.00753464155925 2.2245e-06
pedestrian -1 -1 -10 919.78 110.82 976.362 238.04 0.575936830513 0.39895455304 0.777999639774 18.2117211051 -0.696161023912 38.6622954697 0.00753464155925 2.1216e-06
pedestrian -1 -1 -10 956.79 135.86 998.558 241.27 1.74280866944 1.15887295959 0.590999899196 2.53748556385 1.48083564806 4.84312695935 0.00753464155925 1.0618e-06
