pedestrian -1 -1 -10 325.22 168.93 367.911 281.03 1.80380196538 1.10887872281 0.594999846473 -4.15293441109 1.76660565966 11.3006427148 0.00753464155925 0.79187
pedestrian -1 -1 -10 312.84 173.57 359.987 250.534 1.80380196538 1.1808713392 0.594999846473 -4.15266319438 1.76713855303 11.3366380012 0.00753464155925 0.072809
pedestrian -1 -1 -10 327.56 171.75 350.977 239.03 1.80380196538 1.17687111368 0.594999846473 -4.15267826437 1.76710894314 11.3346379452 0.00753464155925 0.0084858
pedestrian -1 -1 -10 307.18 170.3 347.121 286.2 1.74380849091 1.12387646938 0.594999846473 -4.15392852488 1.70469527103 11.1716053676 0.00753464155925 0.0033931
pedestrian -1 -1 -10 317.99 230.13 338.604 289.259 1.74380849091 1.18987017785 0.584999859071 -4.16197954533 1.69870389969 10.7666986364 0.00753464155925 0.0030494
pedestrian -1 -1 -10 334.54 175.27 353.828 225.975 1.74380849091 1.10887872281 0.594999846473 -4.15295290917 1.70661218518 11.3010869417 0.00753464155925 0.002421
pedestrian -1 -1 -10 333.85 211.27 361.498 284.448 1.74380849091 1.18987017785 0.594999846473 -4.154177142 1.70420678191 11.1386094499 0.00753464155925 0.0020528
pedestrian -1 -1 -10 320.36 219.87 353.72 289.545 1.74380849091 1.17287184174 0.594999846473 -4.15411310442 1.70433260454 11.1471083767 0.00753464155925 0.0015239
pedestrian -1 -1 -10 339.39 174.08 364.956 262.405 1.74380849091 1.11687726669 0.594999846473 -4.15472333664 1.70313360503 11.0661196974 0.00753464155925 0.0012327
pedestrian -1 -1 -10 344.49 175.56 361.058 241.261 1.74380849091 1.1828700216 0.594999846473 -4.15447472311 1.70362208709 11.0991151383 0.00753464155925 0.0008586
pedestrian -1 -1 -10 463.8 190.16 484.34 233.78 0.689924277064 0.753917114708 0.185999813363 -4.35784730914 1.59950936378 23.5696086338 0.00753464155925 0.00030912
pedestrian -1 -1 -10 775.93 48.721 908.39 375.001 2.01777845287 1.15887343637 0.735999716527 2.17096509248 1.49590194006 6.04986672122 0.00753464155925 0.00030562
pedestrian -1 -1 -10 475.47 193.49 489.146 230.942 1.40184605813 0.0829910910181 0.141000227682 -5.27016423744 1.0010164793 30.7340994119 0.00753464155925 0.00016265
pedestrian -1 -1 -10 320.11 168.08 335.792 209.121 2.29174838876 0.218975872773 1.19700013712 -11.7334155372 1.24511905895 30.6117473362 0.00753464155925 0.00015063
pedestrian -1 -1 -10 299.65 159.86 382.6 288.62 1.80380196538 1.169871911 0.594999846473 -4.15262175639 1.76721997142 11.3421375592 0.00753464155925 9.3976e-05
pedestrian -1 -1 -10 348.8 181.19 364.535 221.739 1.74380849091 1.08988075072 0.594999846473 -4.15380045332 1.70494690925 11.1886027444 0.00753464155925 6.7298e-05
pedestrian -1 -1 -10 292.28 173.87 336.142 264.983 0.615932281504 0.359961174812 0.982999500727 -10.6360922473 1.90611442612 26.3852093963 0.00753464155925 6.0983e-05
