pedestrian -1 -1 -10 381.95 125.67 414.17 204.916 1.55582913447 0.466949804627 0.675999911324 -6.03698476691 0.741699025459 20.8914964817 0.00753464155925 0.0091082
pedestrian -1 -1 -10 929.0 127.94 969.202 208.628 1.69481393158 0.480947256427 0.46799979189 6.3061817132 1.00031533296 13.1396370169 0.00753464155925 0.0031879
pedestrian -1 -1 -10 936.6 152.8 962.126 212.397 1.69481393158 0.480947256427 0.46799979189 6.3061817132 1.00031533296 13.1396370169 0.00753464155925 0.0028665
pedestrian -1 -1 -10 928.04 98.729 961.16 188.467 1.52483257949 0.473948053742 0.46799979189 6.30615567002 0.830385789365 13.1443951608 0.00753464155925 0.00075018
pedestrian -1 -1 -10 689.89 188.86 726.659 256.043 1.33085384357 1.15487321086 0.650999942818 2.10427596832 1.68615126675 13.2834671111 0.00753464155925 0.00037463
pedestrian -1 -1 -10 927.27 163.76 950.194 209.631 0.216976188777 0.300967622591 0.0960001651627 7.72859833006 0.574951234138 16.880795693 0.00753464155925 0.00022258
pedestrian -1 -1 -10 697.68 188.3 717.16 250.21 1.33085384357 1.15487321086 0.650999942818 2.10427596832 1.68615126675 13.2834671111 0.00753464155925 3.0084e-05
pedestrian -1 -1 -10 683.34 189.98 711.089 251.578 0.659927569624 0.895901757947 0.595999892897 2.08718221003 0.95629768564 14.3060749308 0.00753464155925 8.7305e-06
pedestrian -1 -1 -10 409.63 151.74 455.293 208.521 0.0999890208244 0.162982251294 1.06799951285 -6.55909991978 0.177091963552 27.5079256808 0.00753464155925 1.6289e-06
pedestrian -1 -1 -10 26.846 158.31 82.204 225.359 1.4528404578 1.18886988308 0.431999074303 -10.9018085258 0.659959145576 14.2906832907 0.00753464155925 6.7183e-09
pedestrian -1 -1 -10 1068.6 211.49 1149.24 303.028 1.86979472994 1.16687198026 1.01799981426 6.85215532257 1.19850534079 9.93344253321 0.00753464155925 2.6098e-10
