pedestrian -1 -1 -10 724.07 172.18 745.481 234.401 1.41784437113 0.440951676289 0.54399974383 3.77104685755 1.65577384855 21.1620900193 0.00753464155925 0.96502
pedestrian -1 -1 -10 356.09 143.87 373.159 190.179 0.100988898159 0.0449932397118 0.207000669056 -20.8644029923 -0.00520537933562 63.2263316104 0.00753464155925 0.0042784
pedestrian -1 -1 -10 1198.7 136.81 1218.0 200.084 2.25675220525 1.17787045488 1.01999919185 12.3801407836 1.43250261859 14.824370988 0.00753464155925 0.0018398
pedestrian -1 -1 -10 484.62 167.29 501.471 209.465 1.03688615984 0.283969286479 0.606999688305 -4.63773053014 1.34495953904 29.9409326068 0.00753464155925 0.00064748
pedestrian -1 -1 -10 157.71 158.15 178.49 208.05 0.100988913059 0.740919957679 0.194000184755 -19.2924158352 0.276659933006 32.6881035011 0.00753464155925 0.00054118
pedestrian -1 -1 -10 163.4 143.06 194.252 207.823 0.100988898159 0.0139984053698 0.166999765774 -24.3474809188 -0.140508736929 41.0460133959 0.00753464155925 0.00047243
pedestrian -1 -1 -10 478.57 171.06 497.671 215.194 1.03688615984 0.283969286479 0.606999688305 -4.63773053014 1.34495953904 29.9409326068 0.00753464155925 0.00039814
pedestrian -1 -1 -10 490.03 166.05 506.009 203.166 1.03688615984 0.283969286479 0.606999688305 -4.63773053014 1.34495953904 29.9409326068 0.00753464155925 0.00028448
pedestrian -1 -1 -10 454.77 168.62 478.662 231.501 1.75280750239 1.1828700216 0.892999614108 -2.82494316305 1.53239977508 13.7070594825 0.00753464155925 0.00013954
pedestrian -1 -1 -10 469.05 170.2 489.797 220.657 1.52083301055 1.12887603609 0.254999797964 -2.70932852193 1.31935378709 15.1268212081 0.00753464155925 9.1795e-05
pedestrian -1 -1 -10 666.74 152.86 684.974 192.271 0.0999890208244 0.0219931349761 0.317000292061 6.77420884987 0.483089127617 65.9467504089 0.00753464155925 6.0074e-05
pedestrian -1 -1 -10 467.65 161.7 502.682 208.605 0.0999890208244 0.128991300489 0.402999754566 -12.7224667564 0.638671416504 78.4095476138 0.00753464155925 7.4471e-06
pedestrian -1 -1 -10 371.94 149.0 407.468 218.579 1.452840428 0.732919506653 0.884999719554 -3.88787709461 1.22659513557 13.2033049329 0.00753464155925 7.251e-06
pedestrian -1 -1 -10 0.0 221.92 53.158 314.001 1.45783997857 1.19186933704 0.671999725628 -2.89025421042 1.50316395798 3.35387291122 0.00753464155925 4.3683e-07
