pedestrian -1 -1 -10 816.08 155.74 848.876 218.103 2.2897485149 0.512944292679 0.478999944925 7.12038147088 1.42261757167 22.9200037486 0.00753464155925 0.0073591
pedestrian -1 -1 -10 703.13 153.15 715.453 190.553 0.391956957341 0.122987624726 0.359000096099 6.72191970408 1.07257842947 46.5934077833 0.00753464155925 0.0043618
pedestrian -1 -1 -10 101.15 196.77 118.296 232.013 1.1208769511 0.437951745547 0.46300110949 -24.2435692161 2.19801714876 35.6734219006 0.00753464155925 0.0043475
pedestrian -1 -1 -10 804.65 162.87 824.493 207.087 0.343962234378 0.0449970539912 0.00100040405167 14.1929262116 0.528522168011 49.6732464608 0.00753464155925 0.00226
pedestrian -1 -1 -10 800.02 165.18 817.562 203.202 0.368959480644 0.0559936214792 0.177999441972 14.3248972613 -0.0758573034476 49.9279187058 0.00753464155925 0.0011874
pedestrian -1 -1 -10 810.67 158.85 831.443 212.063 2.30174728131 0.512944292679 0.83700011381 7.07838631683 1.4346469172 22.9202309023 0.00753464155925 0.00097074
pedestrian -1 -1 -10 699.26 140.11 719.942 189.151 0.32296454215 0.263971019625 0.436000213672 6.69493733604 0.480388862351 46.5833636429 0.00753464155925 0.00055747
pedestrian -1 -1 -10 795.86 169.06 813.425 209.403 0.35296122724 0.0529955978769 0.00100040405167 14.1692387716 0.557704779165 51.4403035346 0.00753464155925 0.0003226
pedestrian -1 -1 -10 799.21 148.48 836.883 219.42 0.363960034371 0.325964502588 0.0799998992171 14.2575650801 -0.0821411489626 48.5552934183 0.00753464155925 0.0002774
pedestrian -1 -1 -10 99.221 193.66 131.176 235.854 1.37384919476 0.608934447866 0.46300110949 -24.2429676066 2.45201819329 35.7410410361 0.00753464155925 0.00020767
pedestrian -1 -1 -10 977.33 139.17 1003.26 186.857 0.610932894828 1.1458743722 0.0510005794809 13.9530537249 -0.19826369814 26.1160371663 0.00753464155925 0.00014962
pedestrian -1 -1 -10 81.882 181.91 120.665 238.762 0.104988481997 0.818910528413 0.0620002556792 -31.8518132806 0.860429829254 45.6518972434 0.00753464155925 7.5944e-06
