pedestrian -1 -1 -10 1057.2 34.834 1113.73 203.794 1.20686747468 1.19786872174 1.13299955018 3.55452391504 0.663855498633 5.42917241438 0.00753464155925 0.12283
pedestrian -1 -1 -10 1052.7 69.889 1085.31 166.334 1.07388209057 1.19586908577 1.18299972561 3.59207435311 0.525982922 5.64197537131 0.00753464155925 0.07843
pedestrian -1 -1 -10 263.21 191.63 279.515 232.532 1.579826563 1.19586908577 0.110000099842 -5.45570785416 1.39820007374 11.6928071896 0.00753464155925 0.072535
pedestrian -1 -1 -10 1125.4 53.688 1170.61 211.148 1.11487753809 1.19286915503 1.19099938174 3.5868215793 0.577637243925 4.80793877303 0.00753464155925 0.06445
pedestrian -1 -1 -10 1108.7 56.034 1212.77 231.394 1.15087362874 1.19786872174 1.19799934908 3.58238162364 0.61476302767 4.68117146529 0.00753464155925 0.051752
pedestrian -1 -1 -10 1046.1 57.555 1146.52 217.495 1.24486329019 1.19286915503 1.14899933929 3.54553020666 0.699881004729 5.29546957441 0.00753464155925 0.047015
pedestrian -1 -1 -10 1080.9 60.818 1175.34 213.978 0.902900861144 1.19386897301 1.10699953525 3.56425798864 0.36563144371 5.00920569675 0.00753464155925 0.025672
pedestrian -1 -1 -10 1138.6 56.324 1190.95 202.724 1.06488304556 1.19886853972 1.1889992889 3.58670057111 0.528465717905 4.66127721561 0.00753464155925 0.010289
pedestrian -1 -1 -10 1140.0 60.899 1170.34 149.383 1.15087362874 1.1938694498 1.19799934908 3.58277337872 0.615532757846 4.73316433895 0.00753464155925 0.0071646
pedestrian -1 -1 -10 1067.2 78.102 1089.43 160.832 1.12987590671 1.19486926778 1.12999953012 3.55661414225 0.588069238774 5.51121979358 0.00753464155925 0.0064214
pedestrian -1 -1 -10 1131.2 80.167 1159.09 165.776 1.15687298214 1.19686890375 1.19699966029 3.58187802695 0.616725448772 4.81370883196 0.00753464155925 0.0050555
pedestrian -1 -1 -10 1038.2 68.452 1066.31 185.212 1.07088242876 1.19286963181 1.16899979093 3.60085814527 0.519494523718 5.87951576421 0.00753464155925 0.0043855
pedestrian -1 -1 -10 1153.4 51.842 1214.58 209.942 0.863905138493 1.19586908577 1.16899931409 3.59565823569 0.330548250238 4.53213401976 0.00753464155925 0.0035853
pedestrian -1 -1 -10 1015.2 42.247 1099.1 200.147 1.18386999798 1.19586908577 1.19299971301 3.58796294357 0.630662720618 5.75528634807 0.00753464155925 0.0033227
pedestrian -1 -1 -10 1178.1 152.57 1204.36 209.208 1.14187458372 1.19586908577 1.12899984132 3.49664824312 0.608427668747 4.38480371397 0.00753464155925 0.0031977
pedestrian -1 -1 -10 1102.5 87.44 1127.63 157.962 0.808911169888 1.19286915503 0.254000109168 3.60289526093 0.266917008679 5.16520188752 0.00753464155925 0.0025496
pedestrian -1 -1 -10 1078.9 74.114 1105.89 164.62 0.769915462136 1.19586908577 0.254000109168 3.60494063316 0.226970335259 5.4390269155 0.00753464155925 0.0017352
pedestrian -1 -1 -10 1126.2 88.497 1147.19 159.504 0.770915354371 1.19186981382 0.231000114301 3.59008108457 0.233360563767 4.99198997062 0.00753464155925 0.001238
pedestrian -1 -1 -10 1075.0 66.597 1120.56 184.117 1.20686747468 1.19086999584 1.13499940461 3.55244292306 0.661732067959 5.28569964025 0.00753464155925 0.0011744
pedestrian -1 -1 -10 1230.1 136.95 1241.95 218.139 0.103988582313 0.202977831432 0.0160002659456 6.88898769016 0.086252841258 7.00915649497 0.00753464155924 0.00094019
pedestrian -1 -1 -10 1113.9 90.324 1137.41 162.691 1.06988252163 1.19686890375 1.11399950259 3.56102430263 0.533037524602 5.03649174872 0.00753464155925 0.00090059
pedestrian -1 -1 -10 598.07 153.7 616.136 191.212 0.334963219166 0.120985128045 0.00899999685756 0.333901859161 0.534783938111 49.7215044221 0.00753464155925 0.00084611
pedestrian -1 -1 -10 620.52 176.09 636.872 214.605 0.0999890208244 0.0 0.0 1.24926394685 1.54403492522 38.6919086595 0.0 0.00078052
pedestrian -1 -1 -10 1179.0 56.707 1234.73 212.677 0.760916432025 1.19586908577 0.210999901078 3.59533451401 0.231012141658 4.36082402997 0.00753464155925 0.00074802
pedestrian -1 -1 -10 1101.2 76.618 1150.75 204.338 0.902900861144 1.19086951905 1.10899938968 3.56340499788 0.365920820547 5.02871054762 0.00753464155925 0.00045176
pedestrian -1 -1 -10 165.98 153.77 215.095 294.65 1.89279214704 1.19786872174 0.307999993455 -5.38038306046 1.36256793047 9.49478090784 0.00753464155925 0.00040769
pedestrian -1 -1 -10 1219.9 111.09 1242.0 215.42 0.655927978337 1.12287712818 0.979999719083 7.32256750965 0.00525756904226 8.31535457175 0.00753464155925 0.00034706
pedestrian -1 -1 -10 1089.2 84.182 1120.36 166.59 0.924898430706 1.19786872174 1.10699953525 3.56615710966 0.38136034968 5.26115622548 0.00753464155925 0.00033713
pedestrian -1 -1 -10 1193.0 242.66 1216.13 294.543 2.1427647289 1.19686890375 0.906999548787 3.15556818409 1.62292421282 3.66116434806 0.00753464155925 0.00028924
pedestrian -1 -1 -10 1152.5 126.84 1190.58 215.999 1.16187242842 1.19686890375 1.16299951238 3.53298037619 0.627013102896 4.5609272761 0.00753464155925 0.00021289
pedestrian -1 -1 -10 1195.7 39.04 1239.06 159.94 0.760916432025 1.19786872174 0.212000066711 3.59438242109 0.23012435718 4.30083612521 0.00753464155925 0.00020651
pedestrian -1 -1 -10 836.83 219.34 859.86 291.563 2.21375688386 0.755917704249 0.649999657976 2.94462307665 1.63896775505 8.78824889435 0.00753464155925 0.00020139
pedestrian -1 -1 -10 829.93 210.95 875.451 305.259 2.21375688386 0.907900527346 0.649999657976 2.94405051402 1.63784276968 8.71225963984 0.00753464155925 0.00017808
pedestrian -1 -1 -10 912.53 259.91 936.651 313.581 1.44784098173 1.19786872174 0.682999640245 3.12369900021 1.62105035156 6.70220847754 0.00753464155925 0.0001675
pedestrian -1 -1 -10 1174.7 146.59 1213.34 231.091 1.14187458372 1.19786872174 1.12399996683 3.49905017084 0.608233416065 4.37178668654 0.00753464155925 0.00012057
pedestrian -1 -1 -10 1134.1 140.4 1163.35 213.324 1.16787175202 1.19786872174 1.1539994522 3.53904167924 0.630081339482 4.7684089644 0.00753464155925 3.6346e-05
pedestrian -1 -1 -10 1172.1 67.309 1214.94 174.969 1.09387990546 1.19586908577 1.18099939434 3.58908890602 0.55926917343 4.44548797989 0.00753464155925 3.2848e-05
pedestrian -1 -1 -10 1198.3 147.85 1231.65 227.352 1.12287667597 1.19686890375 1.17499983105 3.51835215868 0.590873957623 4.21323579473 0.00753464155925 2.8721e-05
pedestrian -1 -1 -10 1140.0 118.68 1212.08 239.23 1.15987264395 1.19286963181 1.15999949232 3.53423988004 0.626538330127 4.52890553152 0.00753464155925 2.6025e-05
pedestrian -1 -1 -10 1195.5 103.19 1238.69 216.94 0.66092742461 1.15287357489 0.956999962635 7.31221154427 0.00751591959988 8.46745709908 0.00753464155925 6.1053e-06
pedestrian -1 -1 -10 955.52 88.605 1000.17 168.993 1.42184384323 1.19586908577 1.17899953991 3.56625383031 0.854810501998 6.9800625418 0.00753464155925 4.2605e-06
pedestrian -1 -1 -10 1116.6 142.01 1155.55 223.679 1.21986608862 1.19786872174 1.17899930149 3.52720419204 0.680358099005 4.85415054167 0.00753464155925 2.054e-06
pedestrian -1 -1 -10 1145.7 165.27 1203.74 258.472 2.12976608515 1.19786896013 0.924999907581 3.17934153227 1.60741101545 3.89765120596 0.00753464155925 1.2174e-06
pedestrian -1 -1 -10 1221.5 151.86 1241.1 245.62 1.11087799895 1.19086975745 1.19099962016 3.5598140284 0.580793386947 4.14197403238 0.00753464155925 7.6736e-07
pedestrian -1 -1 -10 1105.5 130.37 1180.39 236.74 1.19286898339 1.19386897301 1.16299951238 3.53484330214 0.655659148363 4.80725262112 0.00753464155925 4.8159e-07
pedestrian -1 -1 -10 977.54 81.821 1022.86 168.876 1.42384365749 1.19286915503 1.18699967288 3.55902738187 0.864454018959 6.55042965986 0.00753464155925 4.353e-07
pedestrian -1 -1 -10 990.26 94.264 1034.08 185.368 1.22686525977 1.19286915503 1.18099963276 3.58197896845 0.665519020668 6.42072565956 0.00753464155925 1.898e-07
