pedestrian -1 -1 -10 420.38 182.63 433.286 223.313 1.15587313461 1.13787582832 0.694999958913 -3.57700998426 1.66304793868 14.4569770521 0.00753464155925 0.4811
pedestrian -1 -1 -10 416.53 184.8 439.869 230.323 1.1788706113 1.13987546429 0.696999813343 -3.57491060156 1.68819104818 14.6017792238 0.00753464155925 0.17433
pedestrian -1 -1 -10 315.82 158.05 329.912 215.695 2.36474038779 1.17787045488 0.943999478334 -7.44956251387 1.54329252281 19.3195430405 0.00753464155925 0.13239
pedestrian -1 -1 -10 414.7 180.43 429.533 224.361 0.0999890208244 0.0 0.0 -6.88452365306 1.03340769444 27.104145702 0.0 0.050243
pedestrian -1 -1 -10 426.23 181.75 441.839 221.671 1.8857928865 0.697925400368 1.14599955764 -8.63797237204 1.47896472287 36.3982586253 0.00753464155925 0.048667
pedestrian -1 -1 -10 199.17 150.49 230.139 235.398 2.34074291456 1.194868791 0.244999810562 -7.66013826685 1.6014065832 14.2528919371 0.00753464155925 0.023253
pedestrian -1 -1 -10 300.3 158.78 341.672 239.294 2.29974740744 1.13187596683 0.923999503529 -7.69186822017 1.47477749273 19.814969102 0.00753464155925 0.013005
pedestrian -1 -1 -10 420.32 179.6 456.753 240.268 1.1788706113 1.16487234429 0.696999813343 -3.57481643118 1.68837607648 14.614277309 0.00753464155925 0.0049357
pedestrian -1 -1 -10 1054.8 160.19 1070.02 198.881 0.943896368264 0.839907182898 0.987999613638 8.16936627882 0.407817261146 12.9122813317 0.00753464155925 0.0043052
pedestrian -1 -1 -10 911.79 150.95 934.462 188.672 1.12587635267 1.17387118294 1.10499968082 7.37326907775 0.345412908472 16.8380905065 0.00753464155925 0.0041687
pedestrian -1 -1 -10 305.99 159.54 322.184 207.247 1.36585002708 1.0328858809 0.404999608996 -7.72245370732 0.553505478128 18.9173007862 0.00753464155925 0.0018548
pedestrian -1 -1 -10 300.89 158.19 316.779 207.222 1.36585002708 1.03888574239 0.404999608996 -7.72243110413 0.553549889439 18.9203006318 0.00753464155925 0.0017044
pedestrian -1 -1 -10 290.05 214.3 302.091 247.999 2.35374161791 1.18487156471 0.60599976109 -7.29153180141 1.58160449909 17.5909649661 0.00753464155925 0.0014055
pedestrian -1 -1 -10 59.268 137.61 79.104 173.659 1.75680710113 1.19886806294 0.633999630449 -7.95828630518 1.07559815197 10.336059213 0.00753464155925 0.0013157
pedestrian -1 -1 -10 882.84 145.15 900.714 187.113 2.05177466965 1.18387031637 1.14699948486 6.45605055124 1.29603163428 16.2336993517 0.00753464155925 0.0010928
pedestrian -1 -1 -10 286.49 217.13 298.273 245.366 2.34774217511 1.19686938054 0.80599998597 -7.35559417365 1.56261010528 17.3186470228 0.00753464155925 0.0010626
pedestrian -1 -1 -10 89.384 136.6 110.537 176.082 1.71781140828 0.761916612163 0.621000099821 -7.94898612446 1.04012664784 10.7097775049 0.00753464155925 0.0010174
pedestrian -1 -1 -10 94.725 139.5 117.11 184.355 1.85179663992 0.373958626612 0.710999271185 -8.35972784611 1.137480609 12.3376470936 0.00753464155925 0.00093121
pedestrian -1 -1 -10 92.874 173.85 117.0 213.725 1.95278562152 0.349962041385 0.661999499807 -8.38410549795 1.23866505239 12.3490815958 0.00753464155925 0.00089063
pedestrian -1 -1 -10 208.23 153.79 242.305 233.1 2.32674451268 1.19286915503 0.238000320059 -7.65179984109 1.58500037711 14.6310203156 0.00753464155925 0.00064354
pedestrian -1 -1 -10 92.257 198.0 118.267 243.606 1.95278562152 0.373958626612 0.681999951449 -8.37419595716 1.23848014742 12.3370084042 0.00753464155925 0.00061894
pedestrian -1 -1 -10 901.91 142.92 924.94 185.298 1.11287776852 1.13287721517 1.16999971814 7.05117158032 0.340516473375 16.4939464578 0.00753464155925 0.00060146
pedestrian -1 -1 -10 878.28 135.08 896.285 182.858 1.92778833055 1.19086951905 1.14699948486 6.45817073249 1.17628619421 16.5210769275 0.00753464155925 0.00058694
pedestrian -1 -1 -10 1071.5 127.26 1106.18 194.732 1.11487759769 1.09388002267 0.824999556723 7.54159287905 0.438115872451 11.4216223236 0.00753464155925 0.00047896
pedestrian -1 -1 -10 896.66 131.76 933.335 183.813 1.19186913586 1.1818706804 1.1629997508 6.92507197299 0.435407152703 16.143528501 0.00753464155925 0.00039168
pedestrian -1 -1 -10 58.779 136.57 90.486 199.335 1.85179663992 1.18886988308 0.633999630449 -7.95748980965 1.17009772696 10.4373711616 0.00753464155925 0.00036044
pedestrian -1 -1 -10 360.85 163.9 376.527 207.313 1.7848040241 1.13587523878 0.86699936076 -7.75057106261 0.896944976846 23.6736855458 0.00753464155925 0.00034194
pedestrian -1 -1 -10 888.21 135.06 907.48 184.098 1.92778833055 1.19386754266 1.18999969295 6.68549468315 1.17578751508 16.4968692843 0.00753464155925 0.00028642
pedestrian -1 -1 -10 65.895 133.76 105.448 190.851 1.7848040837 1.00189009299 0.633999630449 -7.95636909815 1.10534775841 10.58934702 0.00753464155925 0.00026029
pedestrian -1 -1 -10 917.39 140.36 946.859 198.844 1.10487869024 1.14487407743 1.17999994396 7.27038786576 0.334892722692 16.1232678819 0.00753464155925 0.00025627
pedestrian -1 -1 -10 698.55 170.7 716.986 213.506 1.74080882538 0.581935071188 0.526999789088 3.41448068257 0.875346155466 24.4356707907 0.00753464155925 0.00018323
pedestrian -1 -1 -10 857.17 116.25 881.724 176.503 1.49883541119 1.19086951905 0.760999446614 6.26504391492 0.747473793055 16.5257052392 0.00753464155925 0.00013015
pedestrian -1 -1 -10 1227.7 129.85 1241.98 193.903 1.95078574765 1.13587523878 0.662999903859 9.69627659197 1.21564991844 10.8049814666 0.00753464155925 0.00011965
pedestrian -1 -1 -10 944.3 112.8 964.587 165.084 1.57382716489 1.18586995234 0.648999492343 6.33633143836 0.896796584001 12.5654674598 0.00753464155925 0.00011962
pedestrian -1 -1 -10 294.72 157.06 313.256 217.323 1.36585002708 1.03888574239 0.404999608996 -7.72243110413 0.553549889439 18.9203006318 0.00753464155925 0.00011741
pedestrian -1 -1 -10 921.71 125.68 954.958 189.878 1.0978794595 1.17287184174 1.13199962296 7.35372044681 0.326529717215 16.0347000258 0.00753464155925 0.00011
pedestrian -1 -1 -10 871.76 130.12 891.14 182.97 1.02388759803 0.306967484075 0.505999887069 6.52155726595 0.473178914337 17.4604475606 0.00753464155925 0.00010002
pedestrian -1 -1 -10 705.78 170.14 725.794 213.087 0.588935355065 0.818910528413 0.256999890812 2.73805694891 0.984464199024 18.733339734 0.00753464155925 9.2282e-05
pedestrian -1 -1 -10 874.4 125.47 905.718 186.591 1.8337986095 1.18486965757 1.14599955764 6.45674529099 1.08053534849 16.4027935761 0.00753464155925 6.6234e-05
pedestrian -1 -1 -10 1220.1 127.73 1241.97 214.703 2.13676543509 1.18087038563 0.667000566392 9.67650403681 1.40197722393 10.8262517741 0.00753464155925 5.6482e-05
pedestrian -1 -1 -10 353.52 163.53 366.198 212.583 1.12987599052 1.1458743722 0.307000066241 -7.61134596178 0.256000564091 22.670139479 0.00753464155925 3.9695e-05
pedestrian -1 -1 -10 708.95 170.3 737.744 226.899 1.11187796568 1.07588234535 0.828999742418 2.95912023305 1.45351945674 17.1258788522 0.00753464155925 1.3072e-05
pedestrian -1 -1 -10 725.66 174.4 741.494 237.048 1.01688839709 0.633931327864 0.934999656565 3.01312887994 1.44951163653 16.8567924298 0.00753464155925 4.6713e-06
pedestrian -1 -1 -10 729.6 170.05 747.217 241.01 1.01688839709 0.633931327864 1.0799995931 3.08562679616 1.44945885123 16.8562469551 0.00753464155925 1.0867e-06
