pedestrian -1 -1 -10 696.42 173.09 709.59 218.902 1.02688726077 0.496945297768 0.816999900587 3.10985420071 1.21134487705 24.6852423716 0.00753464155925 0.0025464
pedestrian -1 -1 -10 471.93 100.04 528.133 233.93 1.67981553316 0.740919004109 1.01199977414 -2.01771448578 1.03706151904 13.1806979415 0.00753464155925 0.0018931
pedestrian -1 -1 -10 272.68 182.26 290.38 223.915 1.90579073119 0.734919142625 1.19599973307 -6.2918397114 1.21047073079 13.706075685 0.00753464155925 0.0015891
pedestrian -1 -1 -10 479.07 163.6 525.643 233.107 1.34985178113 1.0418866267 1.04499975641 -2.18224082804 1.57978742966 14.8371898305 0.00753464155925 0.0008484
pedestrian -1 -1 -10 886.33 176.68 904.468 226.873 0.426953140852 0.0989900859292 0.135999637934 9.48461623056 1.22141777582 23.735496788 0.00753464155925 0.00045036
pedestrian -1 -1 -10 481.31 154.25 507.173 211.404 1.99478100597 1.06188298641 1.18599950725 -2.07640643428 1.35444646958 13.3392946148 0.00753464155925 0.00016271
pedestrian -1 -1 -10 462.41 130.87 491.013 230.74 1.90079122532 0.695923857257 1.19099950095 -2.33824946527 1.25305646712 13.1670485016 0.00753464155925 6.2147e-05
pedestrian -1 -1 -10 263.44 178.09 298.952 239.644 2.16076266993 0.848906975124 1.19199954738 -6.2001916722 1.46653175655 13.6464736183 0.00753464155925 3.2479e-05
pedestrian -1 -1 -10 451.11 137.74 532.734 248.36 2.07977159262 1.06188298641 1.16599977087 -2.12637886973 1.43947345995 13.3390414845 0.00753464155925 1.4136e-05
pedestrian -1 -1 -10 464.79 170.23 512.953 247.126 1.11487762935 1.17187154697 1.1979995875 -2.27944958446 1.13512696756 13.8446280727 0.00753464155925 8.1606e-06
pedestrian -1 -1 -10 0.0 129.43 57.84 269.17 2.44973103404 1.06688255313 1.18299924877 -11.3676070862 1.65194491342 14.3378935032 0.00753464155925 5.3721e-06
pedestrian -1 -1 -10 1173.8 155.79 1229.81 228.781 0.282968957063 0.541940444619 0.635999484878 21.6059571 1.00146697836 26.540255142 0.00753464155925 2.4711e-07
pedestrian -1 -1 -10 1196.8 154.43 1242.04 225.664 0.299967065453 0.747917253224 0.124999961736 17.7053612181 0.598848456197 20.7339251722 0.00753464155925 5.4039e-08
