pedestrian -1 -1 -10 455.26 167.47 474.53 207.758 0.102988712428 0.069992026849 0.451000075566 -13.3487952367 2.17007031608 67.1885718623 0.00753464155925 0.11595
pedestrian -1 -1 -10 264.09 195.01 287.11 242.995 0.101988775495 0.0749925471324 0.263000407774 -18.0160678456 2.21447278893 38.5896241499 0.00753464155925 0.0041924
pedestrian -1 -1 -10 450.61 164.64 467.231 209.879 0.100988913059 0.225980796877 0.581000150213 -13.5943031465 0.83300254023 67.2512075916 0.00753464155925 0.004039
pedestrian -1 -1 -10 248.03 149.52 262.584 192.622 0.901901013608 0.598933407299 0.761999850666 -14.5559293012 -0.165762717422 29.7594919893 0.00753464155925 0.0009851
pedestrian -1 -1 -10 327.07 229.17 356.717 300.413 1.20986716628 1.17187154697 0.955999797002 -2.66873418338 1.72276782995 6.84459962184 0.00753464155925 0.00042877
pedestrian -1 -1 -10 911.33 202.29 983.887 346.58 2.21375694346 1.19786872174 0.584999859071 5.68258232939 1.62737525525 11.6311855477 0.00753464155925 0.00031573
pedestrian -1 -1 -10 238.04 148.58 251.067 199.983 0.903900768278 0.925897251088 0.813999880524 -14.5831597297 -0.166164237519 29.5961955192 0.00753464155925 0.00021626
pedestrian -1 -1 -10 258.39 192.44 318.771 267.117 0.5899352324 1.12387694616 1.0849994676 -3.38585142819 0.882547737761 7.74697595367 0.00753464155925 0.00021301
pedestrian -1 -1 -10 926.41 228.4 981.551 312.071 2.20875749719 1.19186886025 0.584999859071 5.68105452016 1.62437034869 11.428176459 0.00753464155925 0.00019036
pedestrian -1 -1 -10 553.43 176.67 571.029 227.875 0.101988775495 0.101986202392 0.242000028918 -4.47849886653 2.38375928831 74.0185191518 0.00753464155925 0.00011989
pedestrian -1 -1 -10 67.387 200.5 85.6 229.413 2.23475460589 0.0789918190752 0.183999958934 -22.8890313066 1.93925172118 31.3661980276 0.00753464155927 6.9739e-05
pedestrian -1 -1 -10 449.63 165.67 478.293 221.157 0.102988712428 0.069992026849 0.451000075566 -13.3487952367 2.17007031608 67.1885718623 0.00753464155925 6.7211e-05
pedestrian -1 -1 -10 314.34 217.94 364.975 316.339 1.20986716628 1.18287049838 0.985999759208 -2.68377517611 1.72269733618 6.83921315898 0.00753464155925 6.065e-05
pedestrian -1 -1 -10 558.65 179.9 577.946 231.099 0.384957696799 0.406953096925 0.759999877027 -2.01754521869 1.91880667667 40.7008579362 0.00753464155925 3.3636e-05
pedestrian -1 -1 -10 345.3 176.96 423.387 254.682 1.41284488761 1.17787045488 0.932999563717 -2.72841602891 1.7171658626 8.55887086263 0.00753464155925 2.8176e-05
pedestrian -1 -1 -10 933.39 211.56 1030.38 307.826 2.28174949622 1.19686842697 0.538999869338 5.70947975569 1.62245812638 10.5579106939 0.00753464155925 2.212e-05
pedestrian -1 -1 -10 333.55 227.01 372.657 305.759 1.28985842585 1.19286915503 0.871999712089 -2.62638707351 1.72346997393 6.89436908583 0.00753464155925 1.9107e-05
pedestrian -1 -1 -10 610.92 157.16 643.102 220.352 0.983892012948 0.495944049427 0.528999852133 0.823550179792 1.31022355002 24.2431244333 0.00753464155925 1.8044e-05
pedestrian -1 -1 -10 213.78 166.26 298.31 239.066 0.689924277064 0.536939924336 0.657000340571 -14.5261312306 -0.165325316356 29.7886962986 0.00753464155925 1.4925e-05
pedestrian -1 -1 -10 297.71 186.35 351.718 263.086 0.693923786404 1.15187423369 1.17599951985 -3.0236085319 0.985724673961 7.7064837501 0.00753464155925 9.4223e-06
pedestrian -1 -1 -10 956.46 243.84 1018.94 305.256 2.26475140273 1.19386849623 0.538999869338 5.70821556118 1.61996390755 10.3893081238 0.00753464155925 6.8598e-07
pedestrian -1 -1 -10 230.77 147.77 242.867 195.524 0.683924893857 0.65692761832 0.680999547397 -14.6506034731 -0.1681067488 29.4605860229 0.00753464155925 2.9049e-07
pedestrian -1 -1 -10 968.73 220.29 1045.49 300.575 2.27175060367 1.19286915503 0.538999869338 5.70623579648 1.61607825665 10.1268963461 0.00753464155925 8.1341e-08
pedestrian -1 -1 -10 923.57 248.84 995.852 340.402 1.97678300535 1.18686929354 0.182000104505 5.53111662694 1.62266210157 10.5619949635 0.00753464155925 1.8775e-08
pedestrian -1 -1 -10 724.86 186.38 775.709 291.83 0.87590378571 0.573936527302 0.996999554616 2.52079517216 1.55575758779 13.4744183579 0.00753464155925 9.9112e-09
pedestrian -1 -1 -10 1164.6 189.32 1241.83 300.32 1.52283279502 1.19886853972 0.9459998096 2.60656235574 1.63203751631 3.03349056067 0.00753464155925 7.0733e-09
pedestrian -1 -1 -10 993.0 211.85 1064.86 302.764 2.02177799201 1.19186981382 0.547999691107 5.70684115995 1.38057290027 9.61995770338 0.00753464155925 1.5649e-09
pedestrian -1 -1 -10 1033.6 194.09 1091.9 311.12 1.66981664062 1.19386849623 0.269999898276 5.55357266226 1.03960830455 8.67042349047 0.00753464155925 3.2628e-10
