pedestrian -1 -1 -10 901.32 130.38 995.954 361.28 1.78980348527 1.18187020361 0.837999802606 3.00594750066 1.55608745775 6.02749492148 0.00753464155925 0.29151
pedestrian -1 -1 -10 835.98 79.347 894.097 248.487 1.48383707237 0.721921032025 0.866999837597 3.70235012959 0.868099244 10.4497783135 0.00753464155925 0.13512
pedestrian -1 -1 -10 852.98 121.49 965.12 326.82 1.79280317688 1.01388886239 0.694999720495 2.93710981966 1.56436448463 6.3809618995 0.00753464155925 0.039527
pedestrian -1 -1 -10 943.58 174.79 993.34 361.32 1.78980348527 1.19686890375 0.912999827331 3.04207154404 1.55335870218 5.84473806494 0.00753464155925 0.019134
pedestrian -1 -1 -10 885.96 140.44 946.985 336.27 1.79280317688 1.14387425945 0.671999725628 2.92483417256 1.56284820207 6.27806270376 0.00753464155925 0.018656
pedestrian -1 -1 -10 62.587 170.9 80.326 231.716 0.101988790394 0.38595930315 0.144000963 -26.6226180747 0.610148345503 35.1822410315 0.00753464155925 0.0069973
pedestrian -1 -1 -10 27.235 122.57 50.56 188.928 0.102988712428 0.607935106665 0.477996679851 -41.7376343215 -0.494687709107 53.8190482711 0.00753464155925 0.005648
pedestrian -1 -1 -10 623.65 158.42 638.768 189.551 0.363960034371 0.247973931853 0.562999791419 1.80088884487 -0.0437009307945 50.8348832475 0.00753464155925 0.0048244
pedestrian -1 -1 -10 298.93 176.83 309.716 205.174 0.0999890208244 0.0399927194285 0.263999858151 -20.5507659606 0.561231691861 50.1632735584 0.00753464155925 0.0048108
pedestrian -1 -1 -10 629.99 147.56 642.541 184.342 0.385957633732 0.37196089778 0.54399974383 2.80489483119 -0.757337032412 58.9431644709 0.00753464155925 0.003318
pedestrian -1 -1 -10 838.5 103.57 926.873 298.94 2.04877509724 0.721921032025 0.783999679899 3.7440232239 1.43300705376 10.4452829421 0.00753464155925 0.0028359
pedestrian -1 -1 -10 64.704 164.93 89.925 224.528 0.380958180009 0.351958816647 0.230998922208 -35.0212756639 0.545678687905 47.9722981069 0.00753464155925 0.0025182
pedestrian -1 -1 -10 868.36 151.62 925.471 317.52 1.784804039 0.780914107462 0.641999763422 2.91119952399 1.55754663666 6.45970971545 0.00753464155925 0.00088616
pedestrian -1 -1 -10 41.86 124.94 59.148 181.247 1.50883434844 0.636929351466 0.473001335311 -17.4476524514 0.488809278439 23.1941741502 0.00753464155925 0.00080703
pedestrian -1 -1 -10 71.579 179.68 86.518 223.242 0.103988589763 0.323965820187 0.108999218953 -26.0750380757 1.20003065801 35.6654657371 0.00753464155925 0.00071243
pedestrian -1 -1 -10 1088.6 105.41 1118.96 190.099 1.55082973289 0.364959787956 0.860997890124 19.3719447623 0.401143230484 28.1950841204 0.00753464155925 0.00061943
pedestrian -1 -1 -10 188.2 116.22 222.642 201.226 0.113987422711 1.0018929537 0.715999384095 -30.9736190557 -1.19254397813 56.2406991147 0.00753464155925 0.00046314
pedestrian -1 -1 -10 963.61 136.42 1001.08 198.311 0.364959926605 0.294969668246 1.16699945966 25.7958878034 0.521757268554 49.2270255329 0.00753464155925 0.00017174
pedestrian -1 -1 -10 913.68 137.17 980.105 284.65 1.78980348527 1.19586908577 0.876999825 3.02628320428 1.55771633411 6.13833272039 0.00753464155925 0.00016948
pedestrian -1 -1 -10 836.62 100.84 873.915 178.034 1.48383707237 0.721921032025 0.866999837597 3.70235012959 0.868099244 10.4497783135 0.00753464155925 0.00012314
pedestrian -1 -1 -10 49.012 127.25 67.091 182.743 1.50883434844 0.636929351466 0.473001335311 -17.4476524514 0.488809278439 23.1941741502 0.00753464155925 0.00012107
pedestrian -1 -1 -10 878.37 143.84 941.812 241.401 0.241973449943 0.166981523237 0.373999481156 10.2715473148 0.778067449884 24.4218558722 0.00753464155925 4.4031e-05
pedestrian -1 -1 -10 370.36 155.74 387.334 199.726 0.367959603309 0.636931258606 0.661998546133 -16.9680010868 0.617552809298 53.8474410972 0.00753464155925 2.1734e-05
pedestrian -1 -1 -10 40.503 123.88 73.835 185.937 1.50883434844 0.636929351466 0.473001335311 -17.4476524514 0.488809278439 23.1941741502 0.00753464155925 1.2843e-05
pedestrian -1 -1 -10 854.7 140.57 897.492 286.31 2.06377343606 0.721921032025 0.866999837597 3.70252894419 1.44803560769 10.4454841236 0.00753464155925 6.411e-06
pedestrian -1 -1 -10 834.33 97.773 858.671 202.773 1.48383707237 0.721921032025 0.757999903389 3.64785170506 0.868138923983 10.4501883599 0.00753464155925 6.631e-07
