pedestrian -1 -1 -10 195.45 184.66 224.122 258.744 1.59282513225 0.973893282252 0.846999862793 -8.3827774919 0.838997721906 15.0056903797 0.00753464155925 0.026853
pedestrian -1 -1 -10 205.01 181.73 250.815 269.547 1.58882556331 0.506944431195 0.603999906661 -8.25952059011 0.842365642546 15.2382144222 0.00753464155925 0.0084538
pedestrian -1 -1 -10 676.63 102.7 713.139 207.18 1.32785418177 1.17587177248 0.732999815674 2.81452915513 0.515740617091 21.6680753521 0.00753464155925 0.0067631
pedestrian -1 -1 -10 210.16 181.31 234.512 252.959 1.59282513225 0.506944431195 0.707999966378 -8.31152038136 0.84240350239 15.2386352748 0.00753464155925 0.006718
pedestrian -1 -1 -10 220.38 178.32 249.59 236.66 1.62482156456 0.772916040361 1.03900019312 -8.73976430781 0.834810629969 17.004454467 0.00753464155925 0.0028009
pedestrian -1 -1 -10 115.21 202.72 150.942 279.506 1.97478316128 0.895901757947 1.18599950725 -7.89252220957 1.27157990287 11.8909910005 0.00753464155925 0.0026234
pedestrian -1 -1 -10 270.21 125.39 292.308 175.514 1.52683233416 0.945896471512 1.19299947459 -5.34898593668 0.870231548255 11.7704370074 0.00753464155925 0.0015813
pedestrian -1 -1 -10 673.45 112.74 695.637 180.617 1.20086812127 1.1478730546 0.588999806348 2.64593458698 0.375600890014 22.3945802715 0.00753464155925 0.0014483
pedestrian -1 -1 -10 203.66 182.0 223.141 238.66 1.59282513225 0.941897199569 0.846999862793 -8.38265695353 0.839234558703 15.0216879669 0.00753464155925 0.0012167
pedestrian -1 -1 -10 223.28 179.79 267.773 244.136 1.62482156456 0.715923077681 0.763000254717 -8.60155353583 0.835132020948 17.0319118563 0.00753464155925 0.00059698
pedestrian -1 -1 -10 891.05 132.35 940.611 278.09 1.09287999833 1.07588234535 1.1539994522 5.82201978731 0.404649557656 13.5472024907 0.00753464155925 0.00037981
pedestrian -1 -1 -10 56.597 146.67 81.569 201.004 1.62182196235 1.19586908577 1.15599930663 -8.38510707273 1.2636835758 11.2671199935 0.00753464155925 0.00022481
pedestrian -1 -1 -10 268.99 173.68 309.185 236.739 1.88179337716 1.1588724828 1.19899951472 -5.12034812584 1.22214605028 11.5716050504 0.00753464155925 0.00017454
pedestrian -1 -1 -10 238.11 181.45 258.911 224.362 1.62482156456 0.832908933783 0.763000254717 -8.60111281676 0.835997956809 17.0904031241 0.00753464155925 9.6285e-05
pedestrian -1 -1 -10 298.86 117.98 322.361 171.402 1.50583467173 1.19086951905 1.19599973307 -4.77742589537 0.856002774687 11.6436688 0.00753464155925 8.9735e-05
pedestrian -1 -1 -10 0.0 230.02 34.827 320.588 0.176980588791 0.276969607009 0.563999957052 -5.82917195198 0.903394183863 7.22644648548 0.00753464155925 7.6002e-05
pedestrian -1 -1 -10 905.94 178.31 942.773 282.0 2.18675989783 1.19486974457 0.671999725628 4.58993625037 1.56723702244 10.1584043073 0.00753464155925 2.799e-05
pedestrian -1 -1 -10 551.5 176.64 570.757 214.768 0.0999890208244 0.0179995844524 0.117999994396 -2.35477273463 1.07529440086 37.5498409175 0.00753464155925 2.5653e-05
pedestrian -1 -1 -10 190.15 149.91 211.288 207.721 1.59282513225 0.807912053786 0.830999120011 -8.39015233823 0.840232149117 15.0887388313 0.00753464155925 2.5487e-05
pedestrian -1 -1 -10 1158.7 243.84 1197.1 340.916 1.87879367066 1.0738822326 1.04299990198 5.08437168295 1.60543314299 6.40781718278 0.00753464155925 1.4045e-07
