pedestrian -1 -1 -10 558.81 173.26 574.535 207.509 1.28585875261 0.836906298586 0.669999871199 -1.8277755232 1.62932470731 31.7031392132 0.00753464155925 0.27766
pedestrian -1 -1 -10 807.88 166.9 820.094 194.081 0.401955849887 0.124986307128 0.641000551462 13.5875868406 1.08432667297 46.3895551483 0.00753464155925 0.13871
pedestrian -1 -1 -10 752.99 172.56 763.199 214.34 0.415954311373 0.540941103419 0.478999944925 5.60408480811 -0.518471774474 26.970850726 0.00753464155925 0.021099
pedestrian -1 -1 -10 757.74 171.41 767.853 212.837 0.0999890208244 0.0 0.0 10.1059849509 1.06833872265 46.2432683032 0.0 0.013851
pedestrian -1 -1 -10 450.44 169.3 461.215 199.152 0.3359631263 0.188978472492 0.407999867477 -9.98119654767 0.528744989202 48.8841960987 0.00753464155925 0.0075489
pedestrian -1 -1 -10 749.13 171.17 769.32 216.402 0.415954311373 0.540941103419 0.478999944925 5.60408480811 -0.518471774474 26.970850726 0.00753464155925 0.0011169
pedestrian -1 -1 -10 51.963 185.82 83.275 249.77 1.82179999208 1.16587263906 0.550999472751 -15.5660592776 1.67493740608 20.6409056457 0.00753464155925 0.00054023
pedestrian -1 -1 -10 72.504 199.86 105.544 257.771 1.86179559207 1.15987277757 0.201000152094 -15.4010559505 1.72460023333 21.4353325666 0.00753464155925 0.00025
pedestrian -1 -1 -10 482.06 116.78 504.56 192.234 1.62482153476 0.816911846012 0.969999731681 -4.26862510459 0.708834555355 27.0530206726 0.00753464155925 2.0042e-05
pedestrian -1 -1 -10 446.41 160.6 470.278 205.885 0.3359631263 0.188978472492 0.407999867477 -9.98119654767 0.528744989202 48.8841960987 0.00753464155925 2.3085e-06
pedestrian -1 -1 -10 1197.4 134.72 1224.78 202.035 1.69081436264 1.08488118401 0.983999904779 11.9295991724 0.872265507879 14.2492901905 0.00753464155925 1.0487e-06
