pedestrian -1 -1 -10 1051.1 121.56 1117.32 214.733 1.52683231926 1.060884122 1.19699966029 3.22313276725 1.306747492 4.93295216779 0.00753464155925 0.00052833
pedestrian -1 -1 -10 736.12 172.58 749.393 216.096 0.757916770221 0.221975803515 0.226999690187 7.03029191639 -0.120671265961 36.6735870707 0.00753464155925 0.00048972
pedestrian -1 -1 -10 730.01 167.24 745.034 212.747 1.79680273091 0.393957847036 0.699999594987 4.7843151651 0.868392473409 27.5352960089 0.00753464155925 0.00041526
pedestrian -1 -1 -10 772.28 148.32 805.59 215.926 1.49883547079 1.0788822761 0.208000119434 7.11329430979 0.538975593593 27.8069583922 0.00753464155925 0.00013748
pedestrian -1 -1 -10 1216.0 187.65 1241.68 343.76 1.52483253479 0.689924472558 0.597999866536 3.7265151678 1.30421161261 4.78266170424 0.00753464155925 0.00010752
pedestrian -1 -1 -10 1164.0 191.93 1242.01 374.27 1.52583242703 0.72892023471 0.828999742418 3.61087128252 1.30400705624 4.76404077795 0.00753464155925 8.398e-05
pedestrian -1 -1 -10 740.55 167.3 756.802 212.492 0.757916755321 0.200978195461 0.0539998842878 6.97893721317 0.53204126666 35.566661538 0.00753464155925 8.2119e-05
pedestrian -1 -1 -10 804.57 202.3 825.204 254.798 1.02688720024 0.82790936707 1.11599983385 3.15322182015 1.43994298124 11.3541926021 0.00753464155925 4.8068e-05
pedestrian -1 -1 -10 1210.5 251.91 1238.74 323.406 1.52483253479 0.692923926515 0.621999788617 3.71450424661 1.30419814733 4.78125230505 0.00753464155925 4.6084e-05
pedestrian -1 -1 -10 793.9 192.64 833.993 275.207 1.02688720024 0.82790936707 1.11599983385 3.15322182015 1.43994298124 11.3541926021 0.00753464155925 4.5225e-05
pedestrian -1 -1 -10 1117.3 148.24 1241.98 368.75 1.52683231926 0.770915927605 1.0009996211 3.52503167878 1.30438052499 4.78569247784 0.00753464155925 1.6541e-05
pedestrian -1 -1 -10 735.23 169.6 767.877 256.085 1.11187793588 1.0558840785 0.300999787697 2.63099790283 1.48026178527 13.7854950794 0.00753464155925 1.3492e-05
pedestrian -1 -1 -10 818.55 188.12 841.781 248.893 1.07888153684 0.933897702114 1.00699966123 3.37409136137 1.42856832546 11.4060889565 0.00753464155925 1.1909e-06
pedestrian -1 -1 -10 1089.3 244.25 1141.93 320.69 1.58682579374 0.717921760083 1.19699966029 3.15986096592 1.36424748043 4.76149810266 0.00753464155925 2.8855e-09
