pedestrian -1 -1 -10 1045.2 153.18 1077.66 237.47 1.41284482801 0.515943269851 0.485000461887 8.18225297082 1.17184267335 12.9123459549 0.00753464155925 0.9341
pedestrian -1 -1 -10 516.81 172.16 529.357 203.945 0.386957525967 0.185976634611 0.356999764833 -5.29564772865 1.05475827966 45.7675578204 0.00753464155925 0.54707
pedestrian -1 -1 -10 1137.6 135.19 1175.86 222.001 1.69381393505 1.18986922428 0.530000524406 9.94966834865 1.1217239815 12.9128518499 0.00753464155925 0.10701
pedestrian -1 -1 -10 516.65 172.2 534.959 215.766 0.386957525967 0.185976634611 0.356999764833 -5.29564772865 1.05475827966 45.7675578204 0.00753464155925 0.075948
pedestrian -1 -1 -10 509.68 172.79 530.439 227.517 1.3518515209 1.15287357489 0.811999906886 -2.16707942488 1.57070929306 16.5209569017 0.00753464155925 0.03542
pedestrian -1 -1 -10 511.02 173.46 524.655 204.492 0.386957525967 0.185976634611 0.356999764833 -5.29564772865 1.05475827966 45.7675578204 0.00753464155925 0.023077
pedestrian -1 -1 -10 1142.9 133.02 1170.55 196.256 1.69381393505 1.16687198026 0.530000524406 9.94897147566 1.12035474804 12.8203643982 0.00753464155925 0.022292
pedestrian -1 -1 -10 503.64 166.36 535.761 244.565 1.41284481311 1.19286915503 0.753999836902 -2.14295080247 1.62207465945 15.8713769036 0.00753464155925 0.010407
pedestrian -1 -1 -10 1126.4 128.72 1166.78 234.69 1.91878931534 1.12387742295 0.763999705095 12.4577043613 1.05138069925 16.9132145263 0.00753464155925 0.0033894
pedestrian -1 -1 -10 1131.4 126.3 1202.7 236.49 1.69381393505 1.11887690266 0.530000524406 9.9475023977 1.11746826694 12.6253915987 0.00753464155925 0.0017625
pedestrian -1 -1 -10 760.05 179.48 778.88 211.355 2.04977497458 0.448950220174 0.383999706977 5.40917821332 1.18429953524 23.9077839197 0.00753464155925 0.0012447
pedestrian -1 -1 -10 1146.3 119.72 1189.96 206.347 1.69381393505 1.11887690266 0.530000524406 9.9475023977 1.11746826694 12.6253915987 0.00753464155925 0.00036899
pedestrian -1 -1 -10 1051.3 152.29 1069.36 209.672 1.41284482801 0.515943269851 0.485000461887 8.18225297082 1.17184267335 12.9123459549 0.00753464155925 0.00035508
pedestrian -1 -1 -10 1023.4 154.95 1062.74 234.403 1.00188996515 0.444950948232 0.476999136822 11.4050534005 0.150204042435 17.8703315072 0.00753464155925 0.00011769
pedestrian -1 -1 -10 1090.9 137.43 1156.61 245.81 1.91878931534 1.10887967638 1.09199967335 12.1576567297 1.05148810687 16.9079730008 0.00753464155925 1.1612e-05
pedestrian -1 -1 -10 1060.5 143.28 1102.74 237.233 1.94778611565 1.19287010859 1.18099939434 11.8365208188 1.09615645013 17.8850809546 0.00753464155925 1.1419e-05
pedestrian -1 -1 -10 1095.9 130.51 1200.85 270.34 1.69381393505 1.14087480549 0.530000524406 9.94985292459 1.12208664094 12.9373483639 0.00753464155925 6.8882e-06
