pedestrian -1 -1 -10 849.04 169.15 903.06 281.49 1.69081438499 1.19586860898 0.54899985674 2.65638444617 1.65977782906 6.93598625475 0.00753464155925 0.054453
pedestrian -1 -1 -10 863.42 160.3 910.647 341.1 1.68581493872 1.02288817783 0.471000050371 2.69301987551 1.65010940834 6.62227315842 0.00753464155925 0.011292
pedestrian -1 -1 -10 448.39 196.19 480.762 291.469 1.42884307397 0.647928779664 0.685999898726 -2.2416737501 1.49024241054 10.2069089202 0.00753464155925 0.0050213
pedestrian -1 -1 -10 243.78 158.6 256.312 208.776 0.753917231081 0.25697181694 0.478000494547 -17.00641823 0.305996230777 34.7015583725 0.00753464155925 0.0026071
pedestrian -1 -1 -10 805.88 178.22 819.25 214.948 0.58093615759 0.191980310374 0.310999775099 11.9115902001 1.7189109674 41.425929345 0.00753464155925 0.0014598
pedestrian -1 -1 -10 441.96 198.3 461.788 258.818 1.52383267236 0.838907841697 0.909999688059 -2.34492192619 1.58672136621 10.3024748553 0.00753464155925 0.0010941
pedestrian -1 -1 -10 866.19 163.53 897.322 263.466 1.69081438499 1.19086951905 0.54899985674 2.65619986843 1.6594151661 6.91148950232 0.00753464155925 0.00087659
pedestrian -1 -1 -10 361.68 176.43 377.826 218.938 1.18586981225 0.626931171609 0.801999800274 -3.2459735172 1.25645814225 10.3146524593 0.00753464155925 0.00069026
pedestrian -1 -1 -10 436.3 197.42 452.435 252.999 1.52383267236 0.78591415096 0.989999706486 -2.39312023291 1.58636405149 10.2763399043 0.00753464155925 0.00042932
pedestrian -1 -1 -10 726.71 197.37 740.238 237.227 1.58382610214 1.16487329786 0.632999941653 4.05440249983 1.83107224758 21.531640039 0.00753464155925 0.0003022
pedestrian -1 -1 -10 429.49 196.74 456.955 265.214 1.52383267236 0.791913058874 1.01299970135 -2.40459730525 1.58641682858 10.2794257967 0.00753464155925 0.00029746
pedestrian -1 -1 -10 437.23 200.44 468.778 275.145 1.53183181023 0.840907477669 0.897999846228 -2.33891217549 1.59473093712 10.3033702725 0.00753464155925 0.00027072
pedestrian -1 -1 -10 836.64 161.05 890.46 322.0 1.68581493872 1.19786872174 0.54899985674 2.65768624327 1.65733921506 7.1089995098 0.00753464155925 0.00019505
pedestrian -1 -1 -10 884.43 168.76 908.274 218.52 1.60682361608 1.194868791 0.54899985674 2.65725883081 1.57755595659 7.05609161155 0.00753464155925 9.5425e-05
pedestrian -1 -1 -10 251.83 154.88 265.659 208.05 0.0999890208244 0.0 0.0 -21.8696270516 0.489571535947 45.6746523559 0.0 4.8021e-05
pedestrian -1 -1 -10 857.2 227.62 884.657 324.3 1.69081438499 1.19586908577 0.54899985674 2.65778572354 1.66253109388 7.12196070937 0.00753464155925 4.2394e-05
pedestrian -1 -1 -10 874.2 164.54 934.682 330.48 1.69081438499 0.945896471512 0.429999935129 2.69423133487 1.65453786557 6.58373009337 0.00753464155925 9.0587e-06
pedestrian -1 -1 -10 559.55 170.54 570.758 214.382 0.760916432025 0.24297341157 0.578999818946 -1.83207188317 1.44250850636 36.5077129595 0.00753464155925 2.8207e-06
pedestrian -1 -1 -10 851.66 202.74 877.902 296.729 1.6838150574 1.11887785623 0.54899985674 2.66049502919 1.66585271428 7.48138884597 0.00753464155925 2.7316e-06
pedestrian -1 -1 -10 1032.1 168.38 1082.78 211.961 1.04188559866 1.10687908683 0.110000576679 16.7264471372 0.946247759369 26.6659672816 0.00753464155925 6.1153e-07
pedestrian -1 -1 -10 297.71 152.22 371.878 241.321 0.811910868941 0.493945367026 0.118999444774 -13.7711484229 1.28472550547 36.1618247475 0.00753464155925 4.1647e-07
pedestrian -1 -1 -10 830.5 147.7 941.29 328.17 1.69081438499 1.18587042913 0.54899985674 2.65559340281 1.65822356729 6.83100071782 0.00753464155925 3.4473e-07
pedestrian -1 -1 -10 234.54 163.27 289.673 243.965 0.646928978024 0.995889277937 0.0659999645378 -17.5059501151 1.14456836966 36.8059059325 0.00753464155925 2.2732e-07
pedestrian -1 -1 -10 1015.6 166.47 1096.59 229.829 0.72092080224 0.961894512853 0.530000524406 10.4940914894 1.21258724884 16.6327177684 0.00753464155925 2.2179e-07
pedestrian -1 -1 -10 288.94 144.67 347.962 220.367 0.100988898159 0.114985266561 0.447999817085 -21.4420966796 0.345634595053 53.5991622919 0.00753464155925 1.6318e-07
pedestrian -1 -1 -10 1020.7 171.74 1062.26 220.033 2.05377442432 1.14887430294 0.45699868518 16.5509029605 1.57287308 27.4466112478 0.00753464155925 1.5712e-07
pedestrian -1 -1 -10 237.45 144.43 324.626 247.42 0.497945325613 0.237972891287 1.06199994957 -14.6992645859 1.37359403579 32.8697234565 0.00753464155925 1.3105e-07
pedestrian -1 -1 -10 1121.1 143.13 1155.46 204.055 0.5899352324 1.10487849729 0.114999735915 16.6444963698 0.442829427008 22.3801002655 0.00753464155925 9.6549e-08
pedestrian -1 -1 -10 538.87 173.21 552.417 237.64 1.26486106039 0.657926959521 0.683999805878 -2.19046207999 1.58311605811 23.9078250589 0.00753464155925 6.9204e-08
pedestrian -1 -1 -10 277.83 140.71 327.923 211.483 0.100988957758 0.0349960134245 0.197000443236 -23.522366229 -0.362436761691 57.2948262268 0.00753464155925 6.4435e-08
pedestrian -1 -1 -10 277.52 160.48 335.829 249.217 0.759916584489 0.878901514696 0.622999954251 -14.0562136353 1.39431428358 33.2170610112 0.00753464155925 4.1616e-08
pedestrian -1 -1 -10 1009.5 173.27 1057.35 246.547 2.05977374793 1.18287097517 0.454999784425 16.5504019986 1.57885021809 27.512580034 0.00753464155925 1.4889e-08
pedestrian -1 -1 -10 110.51 93.277 203.544 226.607 0.320964742781 0.837909454066 0.234998631067 -24.2755441611 0.396061375684 39.6669669647 0.00753464155925 1.4207e-08
pedestrian -1 -1 -10 411.78 159.21 471.339 250.783 1.65381839839 1.01388886239 1.09599973984 -2.43730019553 1.58808429638 10.3916250859 0.00753464155925 1.3515e-08
pedestrian -1 -1 -10 140.68 172.09 199.39 251.281 0.606933385488 0.548939647304 1.15399897536 -14.3467524555 1.18481883768 24.0549536798 0.00753464155925 1.2196e-08
pedestrian -1 -1 -10 1061.4 175.05 1119.03 216.249 0.913899601226 0.976892259424 1.09799923664 10.8181004148 1.28853089374 16.1030076621 0.00753464155925 2.9264e-10
pedestrian -1 -1 -10 1045.5 177.09 1132.94 229.246 0.808911140088 0.857905813781 1.02099959591 10.7791857998 1.2876781801 16.0430283963 0.00753464155925 1.8689e-10
