pedestrian -1 -1 -10 989.04 176.5 1009.07 223.518 2.63871029389 0.481947551197 0.314999483958 11.0948775666 1.75826178633 20.5628500028 0.00753464155925 0.022834
pedestrian -1 -1 -10 1041.8 177.62 1066.5 219.058 0.72592033791 0.579936388786 0.362998851284 17.5161441401 1.83825405973 28.5812402479 0.00753464155924 0.0088677
pedestrian -1 -1 -10 1024.2 164.95 1052.37 228.075 0.392956834676 0.246974590653 1.06599965843 28.5428317704 1.86244184504 47.4194429225 0.00753464155925 0.003909
pedestrian -1 -1 -10 1201.3 180.81 1214.32 212.985 0.110987850304 0.0189951113737 0.522998649718 40.4036954574 2.44201822023 48.283540026 0.00753464155925 0.0031702
pedestrian -1 -1 -10 994.15 168.63 1012.85 208.456 1.14287449086 0.248973273054 0.435998783161 20.2600102748 1.88737077795 36.7425518327 0.00753464155925 0.0009795
pedestrian -1 -1 -10 1016.5 171.8 1042.44 232.329 0.387957388402 0.312965438419 0.659000195 28.2041917882 1.85936227356 47.5350195481 0.00753464155925 0.00049113
pedestrian -1 -1 -10 992.79 170.85 1017.09 238.209 1.14287449086 0.248973273054 0.435998783161 20.2600102748 1.88737077795 36.7425518327 0.00753464155925 0.00040821
pedestrian -1 -1 -10 1204.3 175.08 1221.97 214.681 0.639929695134 0.165982182036 0.156999539953 31.544747826 1.81893648984 37.112377561 0.00753464155925 0.00038634
pedestrian -1 -1 -10 1093.4 171.65 1111.18 214.408 2.1397650075 1.02588858536 1.02300040401 19.2218571796 2.05527276996 27.9195492521 0.00753464155925 0.00034918
pedestrian -1 -1 -10 1086.0 165.09 1107.3 216.656 2.1397650075 0.948895448684 1.09600033589 19.1096502626 2.05592458586 27.9588911556 0.00753464155925 0.00014065
pedestrian -1 -1 -10 908.25 167.27 997.467 235.488 0.62393141938 0.581936978327 1.0649983007 17.3797425352 2.07623358264 36.6080980358 0.00753464155925 0.00011008
pedestrian -1 -1 -10 1099.3 170.9 1117.16 213.13 2.1397650075 0.729921483051 0.923000053152 19.2707409474 2.05304560109 27.7711937106 0.00753464155925 9.3591e-05
pedestrian -1 -1 -10 1185.8 176.79 1220.88 213.779 0.110987850304 0.0189951113737 0.522998649718 40.4036954574 2.44201822023 48.283540026 0.00753464155925 6.7889e-05
pedestrian -1 -1 -10 1063.0 170.54 1104.18 224.861 2.1397650075 0.720921690825 0.842000703557 18.9175147868 2.05775257841 28.0743268892 0.00753464155925 4.453e-05
pedestrian -1 -1 -10 1047.2 172.84 1087.6 222.538 0.390957080006 0.0539911247983 0.319999596868 30.4945483831 1.87658294922 47.2399910225 0.00753464155925 1.7998e-05
pedestrian -1 -1 -10 80.588 156.63 105.836 208.527 2.28474918782 0.3429628387 0.497999038841 -20.7059824251 1.12343464039 29.5849514616 0.00753464155924 1.7151e-05
pedestrian -1 -1 -10 1190.7 182.98 1213.16 231.445 0.110987850304 0.0189951113737 0.522998649718 40.4036954574 2.44201822023 48.283540026 0.00753464155925 1.1521e-05
pedestrian -1 -1 -10 770.55 184.03 809.009 247.2 0.499945080283 0.204975560264 0.539999796552 8.52473941789 1.91229855995 32.5972642608 0.00753464155925 1.6268e-06
pedestrian -1 -1 -10 785.38 153.82 845.267 230.809 0.594934678673 1.03288778804 0.907000264043 11.7677933151 -0.634991688816 39.6882197091 0.00753464155925 1.4207e-06
