pedestrian -1 -1 -10 873.47 140.3 910.261 267.41 1.68099248558 0.469998994847 0.457998463302 4.50880850944 1.30621723031 11.0383834261 0.00692802392802 0.99502
pedestrian -1 -1 -10 931.98 165.66 973.847 267.3 1.50999322757 0.740999673317 0.475998521596 5.28576051173 1.28361030374 10.5705622353 0.00692802392802 0.99089
pedestrian -1 -1 -10 706.75 165.46 722.664 214.719 1.47999337912 0.611999096981 0.922996392966 3.42759507274 1.11256165209 22.0860382417 0.00692802392802 0.7664
pedestrian -1 -1 -10 685.97 163.43 704.013 218.124 1.47999337912 0.632998991197 0.761997222592 3.15202992254 1.11333144335 22.0774480764 0.00692802392802 0.66888
pedestrian -1 -1 -10 693.17 166.88 704.85 212.197 1.47999337912 0.632998991197 0.887996676979 3.21502813643 1.11315820377 22.0770114147 0.00692802392802 0.31946
pedestrian -1 -1 -10 701.87 166.18 717.238 213.896 1.47999337912 0.632998991197 1.06799606783 3.35502423351 1.11277322676 22.0760410551 0.00692802392802 0.31863
pedestrian -1 -1 -10 933.39 172.63 952.966 259.582 1.50999322757 0.740999673317 0.475998521596 5.28576051173 1.28361030374 10.5705622353 0.00692802392802 0.18482
pedestrian -1 -1 -10 680.54 166.92 698.292 208.239 1.47999337912 0.632998991197 0.599997890034 3.07103220194 1.11355417999 22.0780094986 0.00692802392802 0.17863
pedestrian -1 -1 -10 918.36 160.54 957.503 265.25 1.51199319288 0.740999673317 0.475998521596 5.28576326952 1.28561026905 10.5705633791 0.00692802392802 0.16313
pedestrian -1 -1 -10 912.28 150.15 974.416 297.98 1.51199319288 0.740999673317 0.475998521596 5.28576326952 1.28561026905 10.5705633791 0.00692802392802 0.052518
pedestrian -1 -1 -10 839.55 133.94 907.303 264.87 2.12799042463 0.723999486473 0.690997390017 4.63900860069 1.25179935723 12.8362028139 0.00692802392802 0.044896
pedestrian -1 -1 -10 700.36 163.2 736.114 215.353 1.47999337912 0.603000232229 0.812996910923 3.48262466455 1.11240517849 22.0901563537 0.00692802392802 0.035824
pedestrian -1 -1 -10 880.72 179.82 907.327 262.925 1.68099248558 0.469998994847 0.457998463302 4.50880850944 1.30621723031 11.0383834261 0.00692802392802 0.025421
pedestrian -1 -1 -10 881.93 141.94 923.862 249.88 1.68099248558 0.469998994847 0.457998463302 4.50880850944 1.30621723031 11.0383834261 0.00692802392802 0.020824
pedestrian -1 -1 -10 898.92 154.24 941.869 249.146 2.11799053848 1.19199862763 1.06799630625 6.82472633044 1.13905571684 15.2099929671 0.00692802392802 0.018936
pedestrian -1 -1 -10 676.54 166.93 691.268 203.017 2.40998928845 0.555999379071 0.660997531278 4.33028711433 0.803072052031 34.3201847892 0.00692802392802 0.017702
pedestrian -1 -1 -10 924.16 174.38 943.817 236.823 2.12799048424 1.17699924815 0.556998068666 7.0760451482 1.14905610166 14.6037428795 0.00692802392802 0.0042331
pedestrian -1 -1 -10 689.84 180.66 703.775 228.229 1.47999337912 0.632998991197 0.83899683618 3.19052880453 1.11322557479 22.0771812278 0.00692802392802 0.0033632
pedestrian -1 -1 -10 1036.8 123.6 1059.55 169.759 1.35599392056 0.609999720131 0.706997123944 4.64467190671 0.659182873345 7.24278510266 0.00692802392802 0.0025197
pedestrian -1 -1 -10 870.79 142.96 904.4 214.579 1.68099248558 0.469998994847 0.457998463302 4.50880850944 1.30621723031 11.0383834261 0.00692802392802 0.0025106
pedestrian -1 -1 -10 946.93 162.21 971.622 245.597 1.47199340984 0.740999673317 0.475998521596 5.28570811299 1.24561048601 10.5705405012 0.00692802392802 0.0023479
pedestrian -1 -1 -10 880.75 143.43 899.165 205.475 1.68099248558 0.469998994847 0.457998463302 4.50880850944 1.30621723031 11.0383834261 0.00692802392802 0.002123
pedestrian -1 -1 -10 923.3 199.14 946.233 258.686 2.12799048424 1.18699851658 0.556998068666 7.07576110245 1.14910378379 14.5627440018 0.00692802392802 0.0018116
pedestrian -1 -1 -10 861.21 165.54 896.325 262.69 2.11799053848 0.272000128477 0.61799770991 4.67400553848 1.24995255351 12.6179582266 0.00692802392802 0.0017887
pedestrian -1 -1 -10 1067.2 154.59 1089.78 196.939 1.48299338669 0.710999007002 0.865996923621 4.72468660547 0.782904989169 7.29280171298 0.00692802392802 0.0017145
pedestrian -1 -1 -10 954.19 165.6 981.495 242.222 1.46099342182 0.664000061191 0.475998521596 5.28542621944 1.2346552726 10.5320353276 0.00692802392802 0.0014676
pedestrian -1 -1 -10 1063.6 132.48 1084.07 179.134 1.48399336934 0.749999491742 0.865996923621 4.72482032364 0.782882310723 7.31230091543 0.00692802392802 0.0012344
pedestrian -1 -1 -10 864.53 144.49 890.435 218.256 2.11799053848 0.272000128477 0.62299732874 4.67150578912 1.2499594276 12.6179755532 0.00692802392802 0.0012043
pedestrian -1 -1 -10 1037.9 147.13 1059.66 198.481 1.484993352 0.79399913386 0.807997053675 4.69597212044 0.782936470677 7.33450063997 0.00692802392802 0.00095567
pedestrian -1 -1 -10 865.4 192.2 890.847 258.089 2.11799053848 0.360999816394 0.628997348172 4.66881414498 1.24991592462 12.6624951228 0.00692802392802 0.00084682
pedestrian -1 -1 -10 1074.2 162.05 1094.27 205.192 1.48399336934 0.77599949701 0.865996923621 4.72491038725 0.782867191944 7.32530060608 0.00692802392802 0.00082107
pedestrian -1 -1 -10 1042.6 106.65 1064.18 149.726 1.48399336934 0.749999491742 0.842996769662 4.7133205229 0.782913934168 7.31238062438 0.00692802392802 0.0006596
pedestrian -1 -1 -10 1044.1 175.34 1061.01 212.087 1.48399336934 0.739999269637 0.807997053675 4.69578644466 0.782967871133 7.30750192776 0.00692802392802 0.00059766
pedestrian -1 -1 -10 884.56 142.99 908.317 224.18 1.68099248558 0.469998994847 0.457998463302 4.50880850944 1.30621723031 11.0383834261 0.00692802392802 0.00048024
pedestrian -1 -1 -10 895.97 154.44 920.232 231.286 2.02999099195 1.19699969236 0.689997466251 6.67680038345 1.12480451872 15.7865671042 0.00692802392802 0.00048002
pedestrian -1 -1 -10 701.06 157.26 721.088 193.955 1.47999337912 0.611999096981 1.01399613137 3.38209629649 1.11268676974 22.0863536089 0.00692802392802 0.00045604
pedestrian -1 -1 -10 913.17 172.81 944.592 257.837 2.11799053848 1.19299998499 1.01899622703 6.84676981963 1.13940062239 14.8553320841 0.00692802392802 0.00040903
pedestrian -1 -1 -10 960.64 173.15 983.042 219.371 1.47199340984 0.740999673317 0.475998521596 5.28570811299 1.24561048601 10.5705405012 0.00692802392802 0.00030514
pedestrian -1 -1 -10 1062.0 133.65 1097.48 198.933 1.48399336934 0.781999058069 0.865996923621 4.72493116964 0.782863703251 7.32830031462 0.00692802392802 0.00029392
pedestrian -1 -1 -10 56.426 150.62 93.247 211.442 1.93799127638 1.1489993892 0.315998798152 -17.9830983611 0.544030387819 24.3359987269 0.00692802392802 0.0002843
pedestrian -1 -1 -10 70.326 155.97 87.759 200.96 1.94299124926 1.1780006055 0.315998798152 -17.9827553941 0.543971657327 24.3864945371 0.00692802392802 0.00027225
pedestrian -1 -1 -10 852.59 197.12 876.591 257.858 2.13299039751 0.723999486473 0.72699702977 4.62101610775 1.25684882685 12.8363304334 0.00692802392802 0.00027142
pedestrian -1 -1 -10 892.03 148.12 913.107 212.176 1.68099248558 0.469998994847 0.457998463302 4.50880850944 1.30621723031 11.0383834261 0.00692802392802 0.00026314
pedestrian -1 -1 -10 778.84 172.39 814.631 239.826 2.2039901197 0.756999456481 0.699997657582 4.58483070605 1.2015637933 16.6690691377 0.00692802392802 0.00017291
pedestrian -1 -1 -10 858.8 187.94 879.351 246.194 2.12999050915 0.723999486473 0.72699702977 4.62101197114 1.25384893848 12.8363287176 0.00692802392802 0.0001718
pedestrian -1 -1 -10 51.155 156.13 84.534 243.681 0.761996618286 0.431998913787 0.580997192721 -16.2486397772 0.631884580954 22.0352114579 0.00692802392802 0.00016004
pedestrian -1 -1 -10 864.4 138.36 882.568 188.966 1.92999141514 0.716000071728 0.659997369094 4.65428498627 1.06175299434 12.8399908973 0.00692802392802 0.00015583
pedestrian -1 -1 -10 46.861 172.97 68.161 223.241 1.92199143469 1.15599935393 0.312998550019 -17.9891661653 0.544804988924 23.6735342423 0.00692802392802 0.000154
pedestrian -1 -1 -10 870.38 141.0 886.307 182.526 0.800996424258 0.430999463781 0.041999659184 6.87015787503 1.0064627719 17.3718431536 0.00692802392802 0.00013489
pedestrian -1 -1 -10 916.72 177.46 936.193 229.347 2.11799053848 1.18399921289 1.03099626589 6.84145235051 1.13930256751 14.9538714924 0.00692802392802 0.00011068
pedestrian -1 -1 -10 41.008 165.76 64.809 234.701 1.91999135017 1.16899792606 0.203997799654 -18.0449545359 0.545171752251 23.4874181439 0.00692802392802 0.00010218
pedestrian -1 -1 -10 63.535 180.97 85.708 232.263 0.348998452723 0.944999054419 1.1109958892 -12.252431374 0.794289151586 16.420316739 0.00692802392802 9.4656e-05
pedestrian -1 -1 -10 52.307 155.83 75.694 204.358 1.92999141514 1.17299954078 0.315998798152 -17.9851726446 0.544380444973 24.0350110886 0.00692802392802 8.5164e-05
pedestrian -1 -1 -10 31.303 156.14 68.895 253.408 1.91599141955 1.17099873342 0.177998828067 -18.032635715 0.545251140849 23.388332796 0.00692802392802 5.6554e-05
pedestrian -1 -1 -10 943.05 149.9 994.714 258.93 2.0899906069 1.1399986171 0.236999098614 6.94734107405 1.16302711857 13.1911381953 0.00692802392802 3.9082e-05
pedestrian -1 -1 -10 896.8 281.24 916.991 354.795 0.935995841026 0.809999393861 0.335998942396 2.38313935472 1.51588507035 5.0926401289 0.00692802392802 3.8662e-06
pedestrian -1 -1 -10 942.6 211.37 977.069 286.748 0.82299631089 0.157999885298 0.102999777263 4.70844234957 1.2966550122 9.30344563029 0.00692802392802 1.2995e-06
pedestrian -1 -1 -10 887.03 253.26 934.252 355.96 0.935995841026 0.870999222823 0.348998666607 2.3764283463 1.51593841485 5.06218599801 0.00692802392802 3.1767e-08
