pedestrian -1 -1 -10 57.563 149.52 77.616 201.381 2.22975515962 0.817909280073 1.19199907054 -18.9837482211 1.14759789284 25.7501834048 0.00753464155925 0.014588
pedestrian -1 -1 -10 514.66 148.56 536.565 195.607 2.12076709974 0.998891115819 1.18099963276 -3.9889139657 1.02980090206 35.9780643022 0.00753464155925 0.0040329
pedestrian -1 -1 -10 943.63 102.54 984.566 201.211 1.59682470119 1.18987017785 0.965999307567 10.7593871306 0.689001968783 21.8146677939 0.00753464155925 0.00076409
pedestrian -1 -1 -10 926.13 129.19 944.962 175.079 1.61782233382 1.18187163397 1.07299962577 10.2711145329 0.709603510095 22.5102921767 0.00753464155925 0.00070066
pedestrian -1 -1 -10 529.43 155.01 547.179 204.978 2.33274383629 0.97189364628 1.18899952731 -3.39746437044 1.23504906517 36.4247001898 0.00753464155925 0.00052456
pedestrian -1 -1 -10 520.88 144.6 545.379 217.317 2.32274500334 1.00188913942 1.18399965282 -3.61201350213 1.22713284552 36.2863412458 0.00753464155925 0.00048643
pedestrian -1 -1 -10 845.78 136.19 893.07 241.66 2.18176039196 0.577936752815 0.799999945845 5.83528074927 1.44686132164 15.9260626843 0.00753464155925 0.0003007
pedestrian -1 -1 -10 1048.4 124.33 1066.12 171.947 1.64181971765 1.18287097517 0.411999576335 12.0242347815 0.748406205563 19.2607391904 0.00753464155925 0.00029318
pedestrian -1 -1 -10 55.852 143.11 84.856 215.575 2.0387760855 0.881903352577 1.19099962016 -18.962067004 0.957076853127 25.7834318954 0.00753464155924 0.00022913
pedestrian -1 -1 -10 527.39 152.57 562.153 218.552 2.34574248003 0.982894028048 1.19399964022 -3.06425326274 1.24318958917 36.6506971143 0.00753464155925 0.00015164
pedestrian -1 -1 -10 918.86 134.73 938.775 188.39 1.9377872827 1.17587177248 1.12199939714 10.1405743234 1.02935181557 22.6229265617 0.00753464155925 0.00014247
pedestrian -1 -1 -10 63.716 149.49 86.848 193.958 2.03477657616 0.932896453773 1.17200052625 -18.8473759417 0.957370941799 25.8080366261 0.00753464155925 0.00013092
pedestrian -1 -1 -10 79.68 147.76 93.235 182.115 1.86879482281 0.996890526278 1.18399965282 -18.6033953418 0.793255004089 25.9454178796 0.00753464155925 7.9756e-05
pedestrian -1 -1 -10 888.35 112.81 931.42 173.888 1.32085501062 1.0568834197 1.15099967055 9.73549579593 0.412831047248 22.9760870108 0.00753464155925 5.9857e-05
pedestrian -1 -1 -10 922.75 121.62 955.177 188.188 1.61682242668 1.15687284683 1.05899969109 10.3225891875 0.707536970488 22.4404179595 0.00753464155925 4.5608e-05
pedestrian -1 -1 -10 931.15 133.07 949.583 186.47 1.92978814482 1.19186886025 1.07599893057 10.3585858241 1.02029913113 22.3583219229 0.00753464155925 3.8459e-05
pedestrian -1 -1 -10 1052.0 124.7 1085.1 201.411 1.90579073119 1.0048909773 0.29199972751 12.1030742048 1.01690612751 18.9600836195 0.00753464155925 2.9968e-05
pedestrian -1 -1 -10 155.49 171.09 190.865 241.488 2.99467115462 0.824910389897 1.18899881206 -16.486940763 2.14325430927 27.4500307138 0.00753464155925 6.5112e-07
