pedestrian -1 -1 -10 150.46 148.48 225.371 371.5 0.761916331709 0.698923787999 1.18499958004 -4.58539061193 0.810397672123 8.09390171569 0.00753464155925 0.00016005
pedestrian -1 -1 -10 457.94 157.82 476.733 207.119 0.352961264489 0.0749925471324 0.32100000092 -8.99906675854 -0.0586647420853 48.0915098348 0.00753464155925 8.017e-05
pedestrian -1 -1 -10 488.03 170.5 510.337 213.013 0.59193498707 0.162980344154 0.535000160479 -5.1068951787 1.05443847434 36.7059082483 0.00753464155925 6.6781e-05
pedestrian -1 -1 -10 469.19 168.17 498.251 216.912 0.100988898159 0.0769950438133 0.219000272469 -6.07559384057 1.01968655847 35.6659428758 0.00753464155925 3.1713e-05
pedestrian -1 -1 -10 442.88 153.87 479.034 218.167 0.379958295224 0.257971158141 0.383999706977 -8.69577219368 1.02020904573 44.2384237374 0.00753464155925 4.6572e-06
pedestrian -1 -1 -10 1194.1 60.38 1241.16 232.68 1.23586433458 1.17487100093 0.751999624845 6.18450656223 0.6197291159 7.08395471371 0.00753464155925 3.1371e-06
pedestrian -1 -1 -10 911.53 125.66 955.919 217.355 1.24086372125 1.01388886239 0.336999790029 6.15054481873 0.53133580666 13.8099844613 0.00753464155925 2.4976e-06
pedestrian -1 -1 -10 476.61 165.13 516.574 214.598 2.27075066674 0.87190612629 0.638999743359 -4.23787542739 1.34788359829 26.9225924561 0.00753464155925 2.3373e-06
pedestrian -1 -1 -10 491.81 161.43 530.039 213.311 0.828908969881 0.254969320259 1.18599998409 -4.78113099852 1.05488239403 36.7512071318 0.00753464155925 1.5518e-06
pedestrian -1 -1 -10 0.0 332.44 57.515 374.075 1.54083084035 1.19686890375 0.95099992251 -2.6655304185 1.62141083382 3.10951017294 0.00753464155925 6.519e-07
pedestrian -1 -1 -10 955.52 195.19 1017.13 278.017 2.21475688039 1.19186981382 1.02800004008 6.06731234394 1.53275851758 11.4036633547 0.00753464155925 3.9944e-07
pedestrian -1 -1 -10 161.0 181.11 209.598 332.8 0.761916331709 0.698923787999 1.18799983852 -4.61488977555 0.81041915029 8.09412366755 0.00753464155925 1.756e-07
pedestrian -1 -1 -10 223.47 177.48 267.179 243.253 0.614932501016 0.764915589336 0.281999978526 -4.55680752757 0.683461330082 8.77457122528 0.00753464155925 3.5842e-10
