pedestrian -1 -1 -10 568.03 180.13 590.558 223.556 1.44484131992 0.477948279255 0.47899988532 -0.941183561663 1.97068161052 31.1550075887 0.00753464155925 0.95114
pedestrian -1 -1 -10 721.81 148.68 739.85 187.092 0.9708933692 0.308966166476 0.713999529666 4.86770253159 0.566645961296 29.0377293044 0.00753464155925 0.11995
pedestrian -1 -1 -10 711.34 148.72 747.779 189.464 0.271970187182 0.305966235734 0.582999527805 6.05999656556 -0.580966455451 35.3299284637 0.00753464155925 0.014647
pedestrian -1 -1 -10 579.78 178.67 595.673 221.234 0.101988805294 0.322966478986 0.424999941428 -1.20721740383 0.714674215748 43.5688784545 0.00753464155925 0.01069
pedestrian -1 -1 -10 564.46 179.22 581.523 221.271 1.19486873806 0.473949007312 0.393999813588 -1.31966054216 1.91010138334 30.3557956632 0.00753464155925 0.0074847
pedestrian -1 -1 -10 729.86 149.65 750.714 193.724 0.284968711734 0.490947343424 0.550000022373 6.63022346607 -0.12841459823 34.9824817286 0.00753464155925 0.0074191
pedestrian -1 -1 -10 533.59 135.54 555.439 194.188 1.71781137848 0.391957257494 0.653999843672 -2.30942491219 0.814954485892 26.5348068842 0.00753464155925 0.0069993
pedestrian -1 -1 -10 736.54 147.83 757.198 193.124 0.0999890208244 0.000999341200788 0.0830001576981 5.23456224251 0.759312782687 24.9030966253 0.00753464155925 0.0006256
pedestrian -1 -1 -10 748.54 132.52 767.459 173.106 0.460949387431 0.550940236846 0.61999969577 6.70444741365 -0.547341766098 30.8078514297 0.00753464155925 0.00031489
pedestrian -1 -1 -10 515.34 134.27 536.994 183.905 0.314965419173 0.149985094265 1.00699966123 -4.8420678661 0.462525894767 45.0992818123 0.00753464155925 5.4087e-05
pedestrian -1 -1 -10 522.86 137.51 543.676 190.474 0.59193498707 0.307964918136 0.17400020995 -4.86836986501 -0.648301854519 44.7149199913 0.00753464155925 5.3597e-05
pedestrian -1 -1 -10 574.71 168.75 604.708 224.0 0.303966634392 0.783914514989 0.728999808792 -0.887967646579 0.420685781113 42.7087025937 0.00753464155925 2.298e-05
pedestrian -1 -1 -10 583.99 168.57 606.681 209.322 0.100988898159 0.0809885943371 0.160000036853 -0.798956817378 1.20739360091 51.3295730115 0.00753464155925 1.84e-05
pedestrian -1 -1 -10 497.83 113.29 528.475 192.003 0.615932281504 0.290968489164 0.664999758288 -5.90884193102 -0.649657930238 45.2555321316 0.00753464155925 9.5794e-06
pedestrian -1 -1 -10 543.07 135.46 566.057 205.738 0.32296452725 0.565936076277 0.740999710228 -2.89868224007 -0.0787595124607 42.9364138775 0.00753464155925 1.9039e-06
