pedestrian -1 -1 -10 673.91 169.55 692.596 230.551 1.58082642171 0.641929871749 0.53699977649 2.36921819348 1.69991913159 21.9248101606 0.00753464155925 0.97436
pedestrian -1 -1 -10 697.7 173.73 714.918 230.481 1.5638282351 0.58593625027 0.530999974783 2.92346651311 1.6731876542 21.4258347995 0.00753464155925 0.95799
pedestrian -1 -1 -10 991.75 135.39 1029.09 239.89 1.83979799271 0.979892190166 0.658999718163 7.34619989048 1.29942337831 12.7838981604 0.00753464155925 0.75468
pedestrian -1 -1 -10 685.24 171.44 718.942 228.868 1.5638282351 0.58593625027 0.530999974783 2.92346651311 1.6731876542 21.4258347995 0.00753464155925 0.71518
pedestrian -1 -1 -10 971.88 148.86 999.094 221.772 1.41084507334 0.281968696937 0.335999862814 7.83000574605 0.985376288201 14.8260085949 0.00753464155924 0.59187
pedestrian -1 -1 -10 1215.1 142.16 1241.88 234.909 1.43884202611 0.680925157117 0.714998980044 11.9450111389 1.28154669644 13.5211505446 0.00753464155925 0.55937
pedestrian -1 -1 -10 901.23 153.45 916.329 222.71 0.963894183156 0.511943997908 0.871999950508 5.68412182076 1.43746643266 13.5880043267 0.00753464155925 0.48704
pedestrian -1 -1 -10 913.83 151.6 954.042 219.879 1.58782565618 0.82790936707 1.19299947459 5.82370387458 1.17541867402 12.989367041 0.00753464155925 0.44554
pedestrian -1 -1 -10 887.86 153.13 912.052 229.782 1.27486005723 1.09588061221 0.392000078368 7.22846224035 0.955965713207 17.6763632818 0.00753464155925 0.40377
pedestrian -1 -1 -10 721.73 164.37 740.162 218.171 1.26886070382 1.16787132146 0.759999996236 3.2572594744 1.62531738697 17.7323358582 0.00753464155925 0.38206
pedestrian -1 -1 -10 992.11 142.42 1015.02 214.855 1.9117899952 1.01188827285 0.699000144609 7.27634469596 1.37170318269 12.7998893413 0.00753464155925 0.33728
pedestrian -1 -1 -10 959.34 151.57 979.901 207.376 1.65981777787 0.623932194437 0.943000027956 6.23244876068 1.244625471 12.8177726415 0.00753464155925 0.32361
pedestrian -1 -1 -10 964.26 155.72 990.711 216.74 1.65881790053 0.59993465564 0.759000069022 6.32435603889 1.24438085713 12.8050746202 0.00753464155925 0.2799
pedestrian -1 -1 -10 901.28 151.95 932.14 226.348 1.77780473376 0.755916750679 0.93899984226 5.60067293186 1.36733713716 13.1096289876 0.00753464155925 0.27753
pedestrian -1 -1 -10 945.67 150.58 964.151 201.888 1.45084070313 0.5719378449 0.380999448496 6.85153200917 1.03420546941 14.1658624966 0.00753464155925 0.27627
pedestrian -1 -1 -10 729.98 161.96 741.767 205.607 0.737918955328 0.322964571846 0.545999836677 4.49632876159 0.652702473914 25.6470598986 0.00753464155925 0.27126
pedestrian -1 -1 -10 879.08 157.59 899.593 214.822 1.27486005723 0.903902208973 0.392000078368 7.22918547773 0.957386748103 17.7723497587 0.00753464155925 0.26448
pedestrian -1 -1 -10 718.95 163.77 733.048 214.335 1.00089012134 0.933897702114 0.271999991124 2.97060145103 1.36033936782 17.9244616704 0.00753464155925 0.25057
pedestrian -1 -1 -10 714.71 165.06 727.062 212.663 0.9968905524 0.920898637945 0.235000061578 2.95412604888 1.36432729656 18.1930335867 0.00753464155925 0.23474
pedestrian -1 -1 -10 953.24 156.12 974.135 210.603 1.65981777787 0.623932194437 0.943000027956 6.23244876068 1.244625471 12.8177726415 0.00753464155925 0.23206
pedestrian -1 -1 -10 704.19 166.92 725.335 227.978 1.59582474935 0.543941034161 0.36599982502 4.00785633533 1.6461161151 26.3289791325 0.00753464155925 0.23021
pedestrian -1 -1 -10 730.23 158.86 771.543 228.588 0.765915908097 0.494946615366 0.290999800295 5.20437186229 0.692036621399 26.6444885211 0.00753464155925 0.22534
pedestrian -1 -1 -10 679.0 169.43 701.466 227.053 1.58082642171 0.641929871749 0.53699977649 2.36921819348 1.69991913159 21.9248101606 0.00753464155925 0.21872
pedestrian -1 -1 -10 897.4 155.17 911.171 219.07 1.27486005723 0.973892328682 0.392000078368 7.22676714487 0.952635147229 17.4513939335 0.00753464155925 0.21659
pedestrian -1 -1 -10 745.5 160.74 767.241 217.978 0.751917431713 0.351960723787 0.384000183814 5.35311806348 0.790537770622 25.6031627385 0.00753464155925 0.20439
pedestrian -1 -1 -10 637.33 170.09 649.394 207.054 1.14287450576 0.686925018601 0.398999926499 1.85000936803 1.52404892903 33.4581735235 0.00753464155925 0.18422
pedestrian -1 -1 -10 953.08 143.14 989.909 232.525 1.65981777787 0.59993465564 0.907999714421 6.24985801655 1.24443509847 12.8056425451 0.00753464155925 0.17747
pedestrian -1 -1 -10 707.16 164.09 740.967 226.108 1.00089012134 1.10687908683 0.271999991124 2.97192361545 1.36293718952 18.0999364271 0.00753464155925 0.17474
pedestrian -1 -1 -10 1107.9 141.44 1130.5 210.348 1.71081211794 0.918899955543 1.0049998068 10.8105726659 1.26125571838 15.0772251484 0.00753464155925 0.16579
pedestrian -1 -1 -10 960.46 144.28 1011.75 228.509 1.41084507334 0.281968696937 0.335999862814 7.83000574605 0.985376288201 14.8260085949 0.00753464155924 0.16569
pedestrian -1 -1 -10 728.49 160.93 755.58 217.639 0.765915908097 0.494946615366 0.290999800295 5.20437186229 0.692036621399 26.6444885211 0.00753464155925 0.15191
pedestrian -1 -1 -10 1202.5 150.42 1223.84 213.295 1.6838151021 0.665927410546 0.764999155473 12.9614773648 1.31746721428 15.3155216161 0.00753464155925 0.13849
pedestrian -1 -1 -10 933.84 151.76 955.247 215.491 1.65981777787 0.835908864525 1.15999949232 5.99875387659 1.2463652675 12.925522298 0.00753464155925 0.1272
pedestrian -1 -1 -10 925.73 146.55 949.245 211.443 1.57482707202 0.806911759015 1.18799983852 5.86293881954 1.16188064325 12.9546707369 0.00753464155925 0.11139
pedestrian -1 -1 -10 942.32 153.78 958.675 214.563 1.45084070313 0.5719378449 0.380999448496 6.85153200917 1.03420546941 14.1658624966 0.00753464155925 0.11057
pedestrian -1 -1 -10 919.7 158.88 940.727 226.772 1.58782565618 0.77191574559 1.16099941954 5.76891632533 1.17587318602 13.017776866 0.00753464155925 0.10947
pedestrian -1 -1 -10 800.21 181.58 823.321 241.842 0.705922552817 0.718921101283 0.419000020512 2.67671668058 1.57217094693 10.1307814716 0.00753464155925 0.10195
pedestrian -1 -1 -10 1128.6 138.0 1172.01 236.19 1.60082427012 0.366959423927 0.590999422359 10.6485149032 1.23950099487 13.8707873257 0.00753464155925 0.10163
pedestrian -1 -1 -10 1195.6 153.35 1217.54 209.75 1.53483141244 0.665927410546 0.764999155473 12.9614314279 1.16848352462 15.316624779 0.00753464155925 0.1011
pedestrian -1 -1 -10 808.12 183.1 819.801 224.531 2.19475897611 1.16587263906 1.07199946013 2.63067620299 1.61324222493 9.06389207623 0.00753464155925 0.09519
pedestrian -1 -1 -10 1076.8 134.0 1145.6 288.15 1.70281303966 0.663926821005 0.831000073685 9.91895957228 1.25877516883 14.4673358049 0.00753464155925 0.092903
pedestrian -1 -1 -10 1094.5 136.04 1128.04 220.551 1.71081211794 0.897901393919 1.10099949512 10.7634744604 1.26305955871 15.1970694906 0.00753464155925 0.092289
pedestrian -1 -1 -10 905.49 155.79 918.446 202.084 0.971893321033 0.673925954432 0.877999990633 5.68050918698 1.43626961737 13.5070974493 0.00753464155925 0.090312
pedestrian -1 -1 -10 940.9 145.54 975.621 228.874 1.65981777787 0.632931033093 1.05400005501 6.17698421922 1.244732489 12.8226895036 0.00753464155925 0.085736
pedestrian -1 -1 -10 735.35 163.48 747.728 205.928 0.765915908097 0.494946615366 0.290999800295 5.20437186229 0.692036621399 26.6444885211 0.00753464155925 0.083522
pedestrian -1 -1 -10 751.97 164.28 778.941 239.334 0.774914982907 0.411955524348 0.47999987214 6.11441469003 1.51234953846 26.900091581 0.00753464155925 0.062642
pedestrian -1 -1 -10 998.67 140.5 1038.19 213.096 1.83979799271 1.02288770105 0.748999843201 7.301363078 1.29977439685 12.8057338767 0.00753464155925 0.062505
pedestrian -1 -1 -10 911.43 142.44 970.473 238.575 1.65981777787 0.806911759015 1.18399965282 5.91796351833 1.24683130502 12.9536276068 0.00753464155925 0.058279
pedestrian -1 -1 -10 877.35 149.52 921.615 242.925 1.27486005723 1.06088459878 0.392000078368 7.22859408031 0.956224755659 17.6938607918 0.00753464155925 0.056649
pedestrian -1 -1 -10 978.34 136.74 1053.48 237.08 1.83979799271 0.979892190166 0.658999718163 7.34619989048 1.29942337831 12.7838981604 0.00753464155925 0.052748
pedestrian -1 -1 -10 975.22 149.08 991.287 196.349 1.48283722484 0.59993465564 0.670999798413 6.36840918979 1.24434882179 12.8034405079 0.00753464155925 0.051959
pedestrian -1 -1 -10 756.88 167.93 774.68 218.569 0.774914982907 0.411955524348 0.47999987214 6.11441469003 1.51234953846 26.900091581 0.00753464155925 0.048939
pedestrian -1 -1 -10 1114.0 141.77 1143.64 223.087 1.71081211794 1.00189104656 0.888000216453 10.8687581542 1.26059882153 15.0352906404 0.00753464155925 0.047552
pedestrian -1 -1 -10 955.87 146.45 973.478 191.533 1.45084070313 0.5719378449 0.380999448496 6.85153200917 1.03420546941 14.1658624966 0.00753464155925 0.040974
pedestrian -1 -1 -10 1173.5 149.12 1191.52 207.475 0.672926109076 0.152983117867 0.117999994396 14.6332325409 0.315855061983 18.3151848381 0.00753464155925 0.038715
pedestrian -1 -1 -10 1094.3 142.34 1115.96 208.486 1.71081211794 0.910899504518 1.05499998223 10.666428146 1.26303396917 15.1913004283 0.00753464155925 0.038589
pedestrian -1 -1 -10 747.34 163.63 761.219 205.88 0.751917431713 0.351960723787 0.384000183814 5.35311806348 0.790537770622 25.6031627385 0.00753464155925 0.038366
pedestrian -1 -1 -10 980.46 147.32 995.97 191.695 1.41084507334 0.281968696937 0.335999862814 7.83000574605 0.985376288201 14.8260085949 0.00753464155924 0.036285
pedestrian -1 -1 -10 1198.7 148.83 1237.49 222.226 1.43884202611 0.680925157117 0.675999434487 11.9255119181 1.28156089371 13.5212972569 0.00753464155925 0.033845
pedestrian -1 -1 -10 917.61 147.05 937.767 204.95 1.67081648815 0.75691704545 1.17599975827 5.71849994741 1.25901180686 13.0250414411 0.00753464155925 0.033243
pedestrian -1 -1 -10 1189.3 153.4 1209.59 207.612 0.915899445294 0.701922765171 0.395000336849 17.331346307 0.753146109101 21.1470745742 0.00753464155925 0.030348
pedestrian -1 -1 -10 892.53 157.98 904.056 204.737 1.27486005723 1.09588061221 0.392000078368 7.22846224035 0.955965713207 17.6763632818 0.00753464155925 0.029702
pedestrian -1 -1 -10 1167.3 146.69 1197.76 215.821 0.672926109076 0.152983117867 0.117999994396 14.6332325409 0.315855061983 18.3151848381 0.00753464155925 0.029485
pedestrian -1 -1 -10 1115.4 138.42 1130.04 189.333 1.71081211794 0.982893074478 1.0049998068 10.8103315856 1.26078203773 15.0452294971 0.00753464155925 0.029419
pedestrian -1 -1 -10 1026.5 151.94 1040.63 206.985 1.83979799271 1.01188827285 0.658999718163 7.34632042885 1.29966021511 12.7998957476 0.00753464155925 0.026141
pedestrian -1 -1 -10 944.36 147.26 955.831 191.095 1.45084070313 0.5719378449 0.380999448496 6.85153200917 1.03420546941 14.1658624966 0.00753464155925 0.025403
pedestrian -1 -1 -10 711.15 158.47 762.288 237.759 1.88979251504 1.1718705934 0.894999706956 2.84103557839 1.69680571949 16.198797509 0.00753464155925 0.022871
pedestrian -1 -1 -10 901.42 137.1 991.997 268.28 1.65981777787 0.835908864525 1.16699945966 6.00225376119 1.24636271926 12.9254959649 0.00753464155925 0.022735
pedestrian -1 -1 -10 1175.8 147.77 1217.39 212.857 0.915899445294 0.749917842765 0.402999754566 17.3355267138 0.753498459272 21.1710413388 0.00753464155925 0.020115
pedestrian -1 -1 -10 742.31 162.38 756.162 206.992 0.765915908097 0.494946615366 0.290999800295 5.20437186229 0.692036621399 26.6444885211 0.00753464155925 0.019875
pedestrian -1 -1 -10 990.91 142.31 1007.15 193.646 1.73880910051 0.808911394986 0.64200000184 7.43103051726 1.32067206343 13.8838484033 0.00753464155925 0.0196
pedestrian -1 -1 -10 783.08 179.96 816.974 239.129 1.19086927342 0.837907546927 0.61799984134 3.77222946569 1.42292998475 14.4194178724 0.00753464155925 0.019233
pedestrian -1 -1 -10 1016.0 140.74 1051.35 235.368 1.83979799271 0.87090392438 0.658999718163 7.34578930061 1.29861664107 12.7294055743 0.00753464155925 0.018027
pedestrian -1 -1 -10 946.64 133.76 1030.79 270.33 1.41084507334 0.281968696937 0.335999862814 7.83000574605 0.985376288201 14.8260085949 0.00753464155924 0.014477
pedestrian -1 -1 -10 791.97 180.33 810.6 228.772 1.19086927342 0.837907546927 0.61799984134 3.77222946569 1.42292998475 14.4194178724 0.00753464155925 0.013465
pedestrian -1 -1 -10 968.46 147.07 982.414 183.745 1.65881790053 0.59993465564 0.802999727489 6.30235683235 1.24439687462 12.8052401424 0.00753464155925 0.01177
pedestrian -1 -1 -10 1148.4 141.31 1228.06 226.969 0.918899107098 0.875903491093 0.596999939321 17.4329977596 0.7543603889 21.2333247776 0.00753464155925 0.011537
pedestrian -1 -1 -10 1223.2 146.22 1237.46 200.688 1.43884202611 0.680925157117 0.675999434487 11.9255119181 1.28156089371 13.5212972569 0.00753464155925 0.011292
pedestrian -1 -1 -10 1003.8 138.28 1025.51 190.305 1.83979799271 1.06688255313 0.779999494204 7.28602943236 1.30011133422 12.8278472958 0.00753464155925 0.010483
pedestrian -1 -1 -10 1155.6 137.42 1186.14 231.52 1.60082427012 0.366959423927 0.590999422359 10.6485149032 1.23950099487 13.8707873257 0.00753464155925 0.010117
pedestrian -1 -1 -10 963.45 145.94 977.664 185.41 1.65981777787 0.59993465564 0.851000048489 6.27835704285 1.2444143485 12.8054281183 0.00753464155925 0.009339
pedestrian -1 -1 -10 910.37 152.43 924.791 199.172 1.77780473376 0.973893282252 1.12299980119 5.69314493121 1.36820270723 13.1719278349 0.00753464155925 0.0086688
pedestrian -1 -1 -10 1058.2 99.949 1202.7 371.109 1.71081211794 1.00189104656 0.818999993435 10.9032572892 1.26057370291 15.0350310687 0.00753464155925 0.0082741
pedestrian -1 -1 -10 1095.7 137.44 1167.48 308.81 1.71081211794 0.961895466423 0.888000216453 10.8689088289 1.26089487105 15.0552878628 0.00753464155925 0.0077216
pedestrian -1 -1 -10 859.92 165.41 898.567 225.31 0.732919509055 0.497946546108 0.402999754566 8.86352716044 0.739500562991 23.7210714724 0.00753464155925 0.0076027
pedestrian -1 -1 -10 1112.4 159.04 1135.26 216.976 1.71081211794 0.961895466423 0.9699999701 10.8279101126 1.26092472198 15.0555963374 0.00753464155925 0.0066544
pedestrian -1 -1 -10 1132.8 155.78 1159.18 226.878 1.6868148235 0.825909731098 0.548000167944 11.0370207392 1.23308798293 14.8052207789 0.00753464155925 0.0057577
pedestrian -1 -1 -10 1028.7 152.0 1050.75 217.689 1.83979799271 1.02288770105 0.590999899196 7.38036081397 1.29971687906 12.8051394973 0.00753464155925 0.0049032
pedestrian -1 -1 -10 1103.7 135.2 1158.73 233.0 1.71081211794 0.982893074478 0.818999993435 10.90332886 1.26071432696 15.0445297851 0.00753464155925 0.0045305
pedestrian -1 -1 -10 687.93 169.1 702.338 213.206 0.975892860172 1.06288328118 0.818999755016 3.62611881391 0.0442340951438 28.1517300083 0.00753464155925 0.0045253
pedestrian -1 -1 -10 779.17 174.95 800.462 231.877 1.19086927342 0.78591319739 0.61799984134 3.77203358815 1.42254511966 14.3934214356 0.00753464155925 0.0044644
pedestrian -1 -1 -10 764.97 174.42 781.102 222.237 0.774914982907 0.411955524348 0.47999987214 6.11441469003 1.51234953846 26.900091581 0.00753464155925 0.0044474
pedestrian -1 -1 -10 630.41 169.53 654.058 203.267 1.14287450576 0.686925018601 0.398999926499 1.85000936803 1.52404892903 33.4581735235 0.00753464155925 0.0043522
pedestrian -1 -1 -10 1105.1 137.41 1126.23 189.818 1.71081211794 1.02788726776 1.10099949512 10.7629847666 1.26209739599 15.1320783985 0.00753464155925 0.0037763
pedestrian -1 -1 -10 1059.0 130.81 1121.7 245.82 1.93278774703 1.07088230185 0.566999738696 3.51743768346 1.40623237663 5.11529214518 0.00753464155925 0.0037055
pedestrian -1 -1 -10 938.29 144.64 950.512 185.434 1.18187027311 1.10287981489 0.0650005141602 14.6863685342 0.0636506645162 31.2080641398 0.00753464155925 0.0033319
pedestrian -1 -1 -10 1023.3 122.43 1129.88 311.4 1.94378657651 1.07088230185 0.573999706036 3.52094095938 1.41722865786 5.11518437023 0.00753464155925 0.0033289
pedestrian -1 -1 -10 862.8 169.63 881.529 218.509 2.03377669883 1.10587879206 1.05999985672 4.36032853605 1.37188227672 12.083659407 0.00753464155925 0.0032123
pedestrian -1 -1 -10 768.0 177.18 790.705 228.611 1.19086927342 1.07188307341 0.648999730761 3.75856065993 1.42653827546 14.6625010055 0.00753464155925 0.0030252
pedestrian -1 -1 -10 760.09 169.51 785.718 246.305 0.774914982907 0.411955524348 0.47999987214 6.11441469003 1.51234953846 26.900091581 0.00753464155925 0.0028258
pedestrian -1 -1 -10 1017.8 146.47 1035.16 193.813 1.83979799271 1.06688255313 0.779999494204 7.28602943236 1.30011133422 12.8278472958 0.00753464155925 0.0020945
pedestrian -1 -1 -10 662.81 175.03 678.188 217.823 0.584935786126 0.287970465561 0.170999951469 3.47126807869 1.3637778368 39.9876046262 0.00753464155925 0.0020211
pedestrian -1 -1 -10 959.11 169.96 982.883 225.134 1.65981777787 0.59993465564 0.883000103543 6.26235746819 1.2444259977 12.8055484992 0.00753464155925 0.0020016
pedestrian -1 -1 -10 1167.4 144.87 1188.23 193.733 1.77480507196 0.678926474715 0.860999797472 13.6118221902 1.30636327393 17.0922054209 0.00753464155925 0.0014427
pedestrian -1 -1 -10 743.98 204.52 761.695 244.605 1.26886070382 0.839908136468 0.824999556723 3.39652543731 1.62083283445 17.4353125407 0.00753464155925 0.0013375
pedestrian -1 -1 -10 1228.8 178.83 1241.62 236.981 1.43884202611 0.680925157117 0.83999894178 12.0075093508 1.28150119186 13.5206803078 0.00753464155925 0.0012671
pedestrian -1 -1 -10 968.02 170.47 993.623 235.752 1.48283722484 0.59993465564 0.714999933718 6.34640974483 1.24436483946 12.8036060319 0.00753464155925 0.001191
pedestrian -1 -1 -10 748.58 214.49 766.992 251.173 1.26886070382 0.751916525167 0.771999599649 3.4226931763 1.62016222168 17.3911186036 0.00753464155925 0.00097788
pedestrian -1 -1 -10 649.46 172.06 674.604 211.028 0.103988589763 0.169983361119 0.0849997737089 3.43682676601 1.38211694444 46.1508818011 0.00753464155925 0.00074949
pedestrian -1 -1 -10 645.42 171.62 657.282 206.374 0.0999890208244 0.0 0.0 3.57737464173 1.35169785554 56.3936592562 0.0 0.00062491
pedestrian -1 -1 -10 900.48 182.41 914.966 237.764 1.84079789984 1.11187769998 0.984999831994 5.62509297789 1.43306682589 13.2949641949 0.00753464155925 0.00062023
pedestrian -1 -1 -10 894.61 174.5 910.395 237.515 1.27486005723 1.12887794323 0.392000078368 7.22833792999 0.955721465114 17.6598650846 0.00753464155925 0.00051764
pedestrian -1 -1 -10 997.48 126.2 1091.23 298.82 1.83879811537 0.676925885174 0.658999718163 7.34505883832 1.29718080475 12.6324119041 0.00753464155925 0.00046124
pedestrian -1 -1 -10 754.06 211.97 772.423 254.579 0.592934864405 1.14987364415 0.507999741498 3.32151728108 1.51209545696 15.3521962506 0.00753464155925 0.00045356
pedestrian -1 -1 -10 1105.2 170.79 1130.74 226.962 1.71081211794 0.876904739434 1.0049998068 10.8107308738 1.26156656933 15.0982221604 0.00753464155925 0.00045205
pedestrian -1 -1 -10 479.43 178.88 497.87 223.866 0.845907108069 0.626930218039 0.183000031719 -3.96006466296 1.45411740225 23.4944085609 0.00753464155925 0.00032484
pedestrian -1 -1 -10 908.34 173.64 926.513 235.559 1.0978794744 1.01088893165 1.06599965843 4.99562507466 1.37659250482 11.5433020882 0.00753464155925 0.00029511
pedestrian -1 -1 -10 759.19 208.41 777.911 259.181 0.958894736883 0.902900960632 0.54899985674 2.59470480824 1.65370616028 12.3933765511 0.00753464155925 0.00017033
pedestrian -1 -1 -10 1122.0 162.6 1148.33 215.833 1.71081211794 1.00189104656 0.805000058755 10.9102570584 1.26056860642 15.0349784024 0.00753464155925 0.00016019
pedestrian -1 -1 -10 1210.8 142.28 1223.74 188.991 1.11987701416 1.10787842804 1.15400088271 21.3300399454 -0.0269003742731 24.964533015 0.00753464155925 0.00015451
pedestrian -1 -1 -10 871.14 170.39 890.742 231.26 0.589935291998 0.777914653505 0.20799916576 8.83843742845 1.34752859389 23.31114573 0.00753464155925 0.00012814
pedestrian -1 -1 -10 1097.9 169.63 1143.98 237.145 1.71081211794 0.961895466423 1.0049998068 10.8104106895 1.2609374632 15.0557280031 0.00753464155925 8.685e-05
pedestrian -1 -1 -10 1092.9 134.2 1197.5 238.75 1.6868148235 0.835908864525 0.570999924392 11.0255588561 1.23317036983 14.8103067264 0.00753464155925 8.4895e-05
pedestrian -1 -1 -10 1076.1 138.91 1102.56 232.235 1.93278774703 1.07088230185 0.566999738696 3.51743768346 1.40623237663 5.11529214518 0.00753464155925 5.9201e-05
pedestrian -1 -1 -10 747.98 189.07 782.661 253.715 1.25986162901 1.16287270831 0.532999829213 3.35032488967 1.51111923443 15.2924226114 0.00753464155925 5.1108e-05
pedestrian -1 -1 -10 1219.4 178.91 1240.19 239.573 1.43884202611 0.680925157117 0.733999027633 11.9545108938 1.28153977972 13.5210790684 0.00753464155925 4.0669e-05
pedestrian -1 -1 -10 58.099 261.84 79.35 319.915 0.717921140436 0.87890389862 1.18999969295 -5.07824144799 1.53730537393 6.91336609734 0.00753464155925 3.7975e-05
pedestrian -1 -1 -10 1186.7 110.44 1235.95 242.12 1.11987701416 0.88590262452 1.19199907054 21.2188798841 -0.0251757530857 25.0763604272 0.00753464155925 1.8666e-06
pedestrian -1 -1 -10 1116.7 174.9 1163.21 253.431 0.775914800644 0.517943859393 0.20799916576 9.88828235928 1.24915275121 13.3366930939 0.00753464155925 4.2832e-07
pedestrian -1 -1 -10 1072.2 234.69 1120.55 348.2 1.93278774703 1.07088230185 0.566999738696 3.51743768346 1.40623237663 5.11529214518 0.00753464155925 2.1896e-08
pedestrian -1 -1 -10 1102.4 205.74 1177.53 351.66 1.94978595971 1.02888756253 0.573999706036 3.51937579068 1.42014912389 4.90716869101 0.00753464155925 1.3201e-08
