pedestrian -1 -1 -10 1083.4 155.23 1157.0 311.71 1.62982102573 0.6929244033 0.767999413954 5.78954203287 1.50590770823 7.95384874456 0.00753464155925 0.99581
pedestrian -1 -1 -10 138.61 150.14 153.622 203.889 1.83579839397 1.09887958938 0.29199972751 -4.55483207527 1.31972495478 7.04093500192 0.00753464155925 0.0078402
pedestrian -1 -1 -10 400.84 125.34 436.313 181.87 1.59782457852 0.429953201661 1.18599974567 -4.10322319137 0.8859757498 15.7898990256 0.00753464155925 0.0042202
pedestrian -1 -1 -10 1073.2 136.93 1203.73 314.92 0.931897691248 0.808911394986 0.225000312594 11.4413236552 1.26483289388 15.1366632401 0.00753464155925 0.003798
pedestrian -1 -1 -10 618.87 194.85 636.947 248.922 0.910899969221 1.08988075072 0.259999925775 0.38744788063 1.36567035934 13.9216244262 0.00753464155925 0.0020049
pedestrian -1 -1 -10 131.49 145.91 156.522 223.39 2.11876734507 0.591935158184 1.1389995903 -9.16219759946 1.35239970659 14.6628077592 0.00753464155925 0.0019401
pedestrian -1 -1 -10 1087.2 181.44 1128.99 306.69 1.62982102573 0.6929244033 0.668999467147 5.74004346052 1.50594374785 7.95422117208 0.00753464155925 0.0019236
pedestrian -1 -1 -10 564.68 194.84 582.719 247.64 0.0999890208244 0.0369956493959 0.252999943534 -0.545001117255 0.319194944048 14.3927036161 0.00753464155925 0.0017195
pedestrian -1 -1 -10 381.57 124.7 426.95 177.772 1.50583467173 0.430952542862 1.19599949465 -4.37232277788 0.794026269124 15.7821055651 0.00753464155925 0.00098972
pedestrian -1 -1 -10 10.439 214.58 31.323 272.842 2.12376679134 0.190979062034 0.678999692968 -8.87947855765 1.41437497375 11.2958327976 0.00753464155925 0.00090327
pedestrian -1 -1 -10 732.0 195.48 775.505 241.662 1.06288332069 1.06688255313 0.570999685973 3.00765676959 1.37335289102 14.1454267683 0.00753464155925 0.00066572
pedestrian -1 -1 -10 748.58 191.8 769.323 239.538 0.980892306446 0.98489175688 0.488999693909 2.96951807686 1.29706108008 14.5292894252 0.00753464155925 0.00044584
pedestrian -1 -1 -10 451.54 98.356 528.275 247.676 1.58382605744 0.394956234667 1.18999969295 -2.54494799146 0.877471379698 15.8206859238 0.00753464155925 0.00025274
pedestrian -1 -1 -10 1099.5 155.82 1171.16 246.108 1.63382065427 0.679925815916 0.823999629508 5.81722992846 1.5092726424 7.91211385593 0.00753464155925 0.00024279
pedestrian -1 -1 -10 447.51 167.0 470.057 222.378 1.99478100597 0.437951745547 1.19699966029 -3.23046625512 1.28460759847 15.801362616 0.00753464155925 0.00014089
pedestrian -1 -1 -10 16.219 212.0 35.847 257.798 2.12076709974 0.190979062034 0.758999592185 -8.83948066512 1.41134615924 11.2955540578 0.00753464155925 0.0001011
pedestrian -1 -1 -10 1130.3 148.8 1174.63 214.489 1.67681590116 0.212977918429 1.17599928143 12.3285646837 1.21099438637 16.2034368239 0.00753464155925 5.1597e-05
pedestrian -1 -1 -10 517.68 200.28 534.958 249.388 0.997890459534 1.13187596683 0.93899984226 -1.65578462194 1.38360053777 13.9674030476 0.00753464155925 4.6361e-05
pedestrian -1 -1 -10 718.05 95.19 782.984 240.73 1.59582476425 0.277969424995 1.19699966029 3.18030598308 0.885100912446 15.8990395391 0.00753464155925 4.113e-05
pedestrian -1 -1 -10 489.49 186.64 526.551 245.576 2.04577540564 0.411953617209 1.18899976573 -2.15244068993 1.35187443423 15.796621808 0.00753464155925 2.9843e-05
pedestrian -1 -1 -10 610.56 172.11 637.586 242.718 2.02177805161 0.466948851057 1.19499959724 0.382814029345 1.325690246 15.8222352346 0.00753464155925 2.8667e-05
pedestrian -1 -1 -10 477.04 190.74 506.694 243.758 2.04677522338 0.419954068234 1.19299971301 -2.50340755005 1.34119037823 15.8034330567 0.00753464155925 2.4922e-05
pedestrian -1 -1 -10 753.79 188.28 781.045 242.318 1.06288332069 1.17087220577 0.570999685973 3.00592400811 1.36994831796 13.915458472 0.00753464155925 2.0528e-05
pedestrian -1 -1 -10 671.05 190.81 709.072 244.846 1.97978266715 1.17787140845 1.1969997795 1.80688051114 1.26391923396 15.8296121228 0.00753464155925 1.789e-05
pedestrian -1 -1 -10 463.36 170.61 509.335 249.425 1.99078143704 0.420953409435 1.19299947459 -2.61641846901 1.28428638404 15.8052123199 0.00753464155925 1.4542e-05
pedestrian -1 -1 -10 510.99 193.35 529.784 246.001 2.05277460658 0.48594682314 1.19199966659 -1.89167153366 1.35223247298 15.8317092396 0.00753464155925 1.2966e-05
pedestrian -1 -1 -10 1109.5 130.75 1185.65 227.237 1.91278999173 0.203978126203 1.17599928143 12.222461106 1.21100494513 16.2014818678 0.00753464155925 6.7223e-06
pedestrian -1 -1 -10 1145.3 122.17 1200.44 196.8 1.11287782067 0.520944743704 1.16899931409 12.8002410621 0.246925725544 16.4240102849 0.00753464155925 4.8037e-06
pedestrian -1 -1 -10 457.99 196.9 490.587 250.273 0.962894246223 1.0308871985 0.713999768084 -2.29289766527 1.40084216269 13.6191406504 0.00753464155925 4.4998e-06
pedestrian -1 -1 -10 1086.2 156.26 1138.7 235.441 1.62982102573 0.6929244033 0.75299955206 5.7820423142 1.50591316874 7.95390517248 0.00753464155925 3.4201e-06
pedestrian -1 -1 -10 747.69 149.66 787.52 251.12 2.00977934479 0.425953929718 1.19399940181 3.55043526348 1.29979303693 15.961184797 0.00753464155925 1.8015e-06
pedestrian -1 -1 -10 760.66 182.72 796.084 256.662 2.02577762055 0.37196089778 1.19699966029 3.79027192998 1.30329927662 16.0054510227 0.00753464155925 2.0422e-08
pedestrian -1 -1 -10 6.1824 0.0 124.982 273.02 0.123986374856 1.16787227503 0.13299985629 -4.38516623858 -0.350572025988 5.81204220491 0.00753464155925 5.9886e-09
pedestrian -1 -1 -10 1055.6 158.6 1114.35 305.15 2.119767282 0.546940964903 1.18899976573 10.7012158411 1.29754008781 16.2426991896 0.00753464155925 4.8318e-10
pedestrian -1 -1 -10 1202.2 177.63 1241.37 313.9 1.69881353032 1.19286915503 0.470000123156 11.4837737113 1.23365928795 13.309229182 0.00753464155925 4.3499e-10
pedestrian -1 -1 -10 213.66 136.91 268.229 193.183 1.79480291665 0.526942698049 1.1889992889 -7.68245504133 1.04591464168 15.4344051465 0.00753464155925 4.2617e-11
