pedestrian -1 -1 -10 788.12 153.01 807.511 202.066 1.49499332756 0.583999238026 0.510998237583 7.67264373002 0.783770527823 27.4033689143 0.00692802392802 0.97533
pedestrian -1 -1 -10 758.83 158.2 775.673 202.042 1.52999310792 0.472999252213 0.950996642591 6.77471782421 0.81557676948 27.989121002 0.00692802392802 0.97363
pedestrian -1 -1 -10 769.1 159.5 781.647 201.274 1.52999310792 0.472999252213 0.963996128384 6.87521513955 0.815300410661 27.9884244216 0.00692802392802 0.85721
pedestrian -1 -1 -10 783.27 154.69 799.546 199.594 1.49499332756 0.583999238026 0.510998237583 7.67264373002 0.783770527823 27.4033689143 0.00692802392802 0.24799
pedestrian -1 -1 -10 761.49 156.24 791.57 200.898 1.52999310792 0.472999252213 0.961996280852 6.8762150393 0.815297661025 27.988417491 0.00692802392802 0.18942
pedestrian -1 -1 -10 795.28 152.6 814.731 200.809 0.84799618274 0.45300071535 0.37999868753 8.99027619791 -0.0745885514881 30.6591987716 0.00692802392802 0.063172
pedestrian -1 -1 -10 261.37 165.68 297.721 240.159 1.63799272478 1.10699864709 0.699997657582 -7.22063033302 1.29847384301 15.489270062 0.00692802392802 0.030612
pedestrian -1 -1 -10 276.71 169.96 296.205 231.558 1.61099277586 1.14699858184 0.699997657582 -7.21881086863 1.27116221478 15.757248132 0.00692802392802 0.023165
pedestrian -1 -1 -10 721.17 158.0 732.339 195.509 2.22599009573 0.246002030555 0.12299968309 6.2310490514 0.601663345181 34.4658931291 0.00692802392802 0.019032
pedestrian -1 -1 -10 405.71 158.75 418.075 194.201 1.56899302751 0.846999548077 0.798997739781 -8.65980034291 0.42451295726 32.0346723104 0.00692802392802 0.0060669
pedestrian -1 -1 -10 256.2 164.54 281.488 232.898 1.61099277586 1.15699880394 0.699997657582 -7.21968379487 1.27130875098 15.6312508368 0.00692802392802 0.0047601
pedestrian -1 -1 -10 749.09 155.91 772.271 199.988 1.52899312526 0.391999932715 0.632997996906 6.61600427993 0.81596689279 28.0307223126 0.00692802392802 0.00287
pedestrian -1 -1 -10 267.88 168.29 289.332 219.748 1.61099277586 1.02599837392 0.699997657582 -7.21923001145 1.27123257536 15.6967494799 0.00692802392802 0.0028072
pedestrian -1 -1 -10 276.51 174.37 308.605 245.631 1.63599264026 1.17199818342 0.611997690479 -7.17397036207 1.2959055987 15.8734544855 0.00692802392802 0.0026337
pedestrian -1 -1 -10 294.86 170.59 310.696 232.332 1.45399344638 0.67200042961 0.828996406432 -7.54395321196 1.2430511408 18.3871247299 0.00692802392802 0.0013428
pedestrian -1 -1 -10 716.3 155.55 738.863 203.983 2.22599009573 0.246002030555 0.12299968309 6.2310490514 0.601663345181 34.4658931291 0.00692802392802 0.00068937
pedestrian -1 -1 -10 244.57 156.19 284.788 246.65 1.57299295813 1.18099895552 0.699997657582 -7.22033199495 1.2334089491 15.5452317361 0.00692802392802 0.00062337
pedestrian -1 -1 -10 680.2 138.74 696.467 187.367 1.87099160403 0.357999559027 0.906996659039 3.50886934126 0.46064174038 28.8096549662 0.00692802392802 0.00048547
pedestrian -1 -1 -10 1111.2 115.28 1151.54 193.565 1.88599158227 1.12399883393 0.924996240498 8.01829887891 1.02103836684 10.5996080782 0.00692802392802 0.00035685
pedestrian -1 -1 -10 685.42 143.64 701.351 189.76 1.87099160403 0.357999559027 0.750997107495 3.58686724342 0.460427252977 28.8091143368 0.00692802392802 0.0003075
pedestrian -1 -1 -10 231.79 164.5 267.787 245.004 0.0999995529652 0.0639991326546 0.124999530622 -19.7277173802 0.682022683681 39.9211990098 0.00692802392805 0.00016621
pedestrian -1 -1 -10 233.2 167.65 249.888 212.359 0.319998568296 0.374000295865 0.888996600745 -20.8265446309 -0.185749447126 41.4927138237 0.00692802392803 0.00011642
pedestrian -1 -1 -10 223.29 164.58 262.041 278.57 1.15899477452 0.689000616454 0.257999405042 -8.73454555575 1.19687672457 17.0399574898 0.00692802392802 8.4877e-05
pedestrian -1 -1 -10 0.0 142.76 115.15 353.66 2.18999018371 1.19599833501 0.771996460252 -12.2823458754 1.27806085518 15.8125010099 0.00692802392802 8.8217e-06
pedestrian -1 -1 -10 0.0 32.878 179.71 334.428 2.17699023038 1.18899837027 0.364999354205 -12.2897177685 1.08782053848 16.9138651274 0.00692802392802 7.8774e-06
pedestrian -1 -1 -10 217.03 153.1 250.44 241.354 1.06099523753 1.18699947025 0.317998645684 -8.64207589581 1.09301488416 16.6962451208 0.00692802392802 5.4833e-06
pedestrian -1 -1 -10 1166.0 137.85 1207.32 223.934 1.24899439067 0.730998497538 1.19399480697 12.8760970323 0.858911252617 15.6107587994 0.00692802392802 2.8542e-06
pedestrian -1 -1 -10 215.95 206.91 250.056 299.803 0.801996436715 0.211000299515 0.162999494742 -4.94498112597 1.44404544308 9.50701273283 0.00692802392802 7.5057e-08
