pedestrian -1 -1 -10 892.42 158.31 934.45 300.63 1.63082088444 1.1208774922 1.18999969295 3.92171003374 1.53413916949 9.30969684718 0.00753464155925 0.87576
pedestrian -1 -1 -10 871.71 163.33 921.137 279.81 1.72281079123 1.17587081891 1.19599973307 3.71274827315 1.62628864774 9.31108830415 0.00753464155925 0.010508
pedestrian -1 -1 -10 34.229 246.32 53.33 290.937 2.20475786865 1.19586908577 0.710999748022 -5.98200271892 1.5981246986 7.34683862478 0.00753464155925 0.0040713
pedestrian -1 -1 -10 497.13 170.63 511.713 207.223 1.04488522321 0.622929038957 0.424000133422 -5.59161481134 1.54454377144 38.3808879454 0.00753464155925 0.0016241
pedestrian -1 -1 -10 868.22 156.5 959.364 285.46 1.63082088444 1.13087662563 1.19599997149 3.93474746204 1.53420371859 9.31459846172 0.00753464155925 0.001462
pedestrian -1 -1 -10 269.53 175.95 292.832 220.215 2.38373817635 1.19486974457 1.1869999113 -6.22438336167 1.67298513995 13.8112732475 0.00753464155925 0.0001664
pedestrian -1 -1 -10 501.83 167.38 517.099 206.423 0.389957187771 0.216975283232 0.450999598729 -6.09341592379 1.06863916972 46.198945118 0.00753464155925 8.5472e-05
pedestrian -1 -1 -10 312.13 203.0 331.946 255.887 2.39873663437 1.1578731416 0.77699971256 -5.61856762184 1.6972237169 13.6499392813 0.00753464155925 2.3868e-05
pedestrian -1 -1 -10 997.69 221.33 1018.7 281.383 1.33985291838 0.718921101283 1.18499958004 5.24764654057 1.53186869556 9.61463012293 0.00753464155925 1.9136e-05
pedestrian -1 -1 -10 857.93 164.06 907.579 244.384 1.72081103656 1.15287357489 1.1969998987 3.75426586189 1.6321587218 9.84424758066 0.00753464155925 1.1072e-05
pedestrian -1 -1 -10 289.54 190.84 329.028 268.656 2.38873774182 1.17787045488 1.09799971348 -6.02213064514 1.66019088787 14.5765814988 0.00753464155925 7.218e-07
pedestrian -1 -1 -10 767.39 169.86 841.727 244.966 1.38484794974 0.722920373226 1.00099985952 3.48312228257 1.47239630313 12.6165506282 0.00753464155925 4.4515e-07
pedestrian -1 -1 -10 1058.5 231.48 1092.84 304.251 1.15887276661 0.898901688689 1.19399987864 6.10430716358 1.55949435616 9.48841040932 0.00753464155925 6.4186e-09
