pedestrian -1 -1 -10 1083.1 125.11 1160.51 284.46 2.17976069688 1.19286915503 0.306000139026 5.41468191772 1.56881334603 7.46274371148 0.00753464155925 0.0065015
pedestrian -1 -1 -10 1136.5 136.95 1162.64 202.77 2.02477768361 1.19686890375 0.436000213672 5.47779841319 1.417170465 7.21933253087 0.00753464155925 0.0040832
pedestrian -1 -1 -10 1079.2 138.55 1103.9 187.835 1.92778839015 1.19586860898 0.418000093297 5.47311744996 1.32267612373 8.06366485463 0.00753464155925 0.003846
pedestrian -1 -1 -10 772.88 199.97 787.03 238.961 2.41473491012 1.02588667822 0.261000076507 5.38541709192 1.72275684585 21.9779278158 0.00753464155925 0.0014426
pedestrian -1 -1 -10 1073.4 118.25 1111.35 187.472 1.74080888497 1.19686842697 0.418000093297 5.47309370065 1.13576323199 8.06954889084 0.00753464155925 0.00073985
pedestrian -1 -1 -10 885.38 134.32 908.635 191.638 1.46483916461 1.19786872174 0.191999853488 5.41921975422 0.762066635341 13.5587016018 0.00753464155925 0.00032536
pedestrian -1 -1 -10 1071.3 129.9 1123.36 271.64 1.92778839015 1.19486926778 0.371000176349 5.44911716478 1.32170887211 7.99735112534 0.00753464155925 0.00023437
pedestrian -1 -1 -10 1085.6 153.01 1104.81 209.618 1.92778839015 1.19786872174 0.371000176349 5.44929420573 1.3220567266 8.02084761138 0.00753464155925 0.00023327
pedestrian -1 -1 -10 768.96 194.52 796.268 243.998 2.41473491012 1.03888574239 0.261000076507 5.38536812074 1.72266062605 21.9714284682 0.00753464155925 0.00021554
pedestrian -1 -1 -10 762.42 187.42 777.297 232.875 2.44473158776 0.553938260448 0.669999871199 5.6233744985 1.71372982046 25.3629574353 0.00753464155925 0.00017888
pedestrian -1 -1 -10 1093.8 151.31 1115.68 203.098 1.92778839015 1.19186886025 0.360000023314 5.4430861139 1.320669299 7.92690209509 0.00753464155925 0.00012991
pedestrian -1 -1 -10 1080.5 141.55 1116.43 204.867 1.92778839015 1.19386897301 0.371000176349 5.44902299081 1.32152383675 7.98485256334 0.00753464155925 8.7467e-05
pedestrian -1 -1 -10 427.19 197.01 443.51 253.321 1.40684548206 0.935897338085 0.667999778351 -3.42669775121 1.5162428206 13.1286921185 0.00753464155925 3.7925e-05
pedestrian -1 -1 -10 1102.2 143.23 1119.33 198.532 1.92778839015 1.1938694498 0.307999993455 5.41591910643 1.31839384687 7.77211935919 0.00753464155925 2.1598e-05
pedestrian -1 -1 -10 991.53 156.25 1065.27 245.94 1.4528404578 1.1818706804 0.670999798413 5.71024910631 0.814855925632 9.36906047232 0.00753464155925 1.8291e-05
pedestrian -1 -1 -10 398.64 211.72 423.132 271.484 1.50683450344 1.0678828479 1.07699981146 -3.63172003672 1.51541474751 13.06498023 0.00753464155925 3.2686e-06
pedestrian -1 -1 -10 265.41 150.79 329.382 215.865 0.42195367223 0.791913058874 1.17099964536 -5.18842771879 0.335163551164 12.2410357888 0.00753464155925 1.048e-08
