pedestrian -1 -1 -10 1063.6 160.46 1083.12 198.181 1.38799378276 0.593999460131 1.16899432864 19.1668411508 0.987724558159 28.5820663942 0.00692802392802 0.31563
pedestrian -1 -1 -10 1055.1 158.43 1089.59 203.002 1.38799378276 0.593999460131 1.15299554838 19.1238430776 0.987842799096 28.5823644281 0.00692802392802 0.020736
pedestrian -1 -1 -10 1046.9 150.36 1084.0 261.85 0.0999995529652 0.0 0.0 18.9093343616 0.137848086881 29.0966231885 0.0 0.006428
pedestrian -1 -1 -10 1067.9 159.5 1094.7 197.962 1.11899499148 0.506000175894 0.923996316732 23.792590227 0.513521119458 34.2167621903 0.00692802392803 0.0049701
pedestrian -1 -1 -10 211.43 153.08 230.485 206.446 1.89399150312 0.593999460131 0.257998451371 -12.6911664354 0.611007554885 23.8369279572 0.00692802392802 0.0020294
pedestrian -1 -1 -10 203.67 155.99 224.621 205.464 0.294998674095 0.470000902194 0.587997135918 -19.6665091151 -0.191426981588 35.791543612 0.00692802392802 0.00072486
pedestrian -1 -1 -10 1160.9 230.8 1187.3 281.275 2.03899086565 1.19799914237 1.19699553193 4.01199931016 1.4135340068 4.9645919344 0.00692802392802 0.00029453
pedestrian -1 -1 -10 1027.9 156.57 1073.15 264.6 2.28698975295 0.8689988923 0.94599607009 6.70208767307 1.43738247003 10.8494839051 0.00692802392802 0.0001618
pedestrian -1 -1 -10 1076.1 159.69 1106.54 205.339 0.364998354018 0.520999555377 0.79899678611 23.9873766827 0.222978829359 34.2230131125 0.00692802392803 0.00015645
pedestrian -1 -1 -10 842.99 165.08 870.616 200.366 1.06699517816 0.821998039142 0.197999210728 7.65805439199 0.970941754459 21.1717824367 0.00692802392802 0.00012581
pedestrian -1 -1 -10 845.35 169.99 860.226 207.341 1.06699517816 0.637998148575 0.144999436448 7.6851910153 0.97076188949 21.2635964989 0.00692802392802 6.5504e-05
pedestrian -1 -1 -10 209.55 141.68 240.192 199.955 0.354998408258 0.01599882949 0.00699994319734 -23.1107631672 -0.759170817614 43.8689102677 0.0069280239278 1.7369e-05
pedestrian -1 -1 -10 265.61 161.16 276.046 196.975 0.861996141076 0.27200108215 1.16099589218 -13.0498110217 0.398043817693 28.1698718898 0.00692802392802 5.4411e-06
