pedestrian -1 -1 -10 1153.6 155.27 1225.44 301.17 1.72881018561 1.19186981382 1.17599975827 6.56288400145 1.55202748217 8.12959650567 0.00753464155925 0.9153
pedestrian -1 -1 -10 459.14 131.06 477.681 181.442 0.103988530165 0.314964120821 0.959999744279 -11.6211759865 -1.50478334472 62.5028147664 0.00753464155925 0.20453
pedestrian -1 -1 -10 624.26 167.23 640.143 203.99 1.11887716663 0.237972891287 0.486999899084 1.51761200257 1.22682742417 41.9405706567 0.00753464155925 0.0099417
pedestrian -1 -1 -10 455.61 131.32 485.655 193.851 0.0999890208244 0.0 0.0 -9.16600461632 0.539257839302 49.558746436 0.0 0.0049824
pedestrian -1 -1 -10 447.77 134.89 460.849 173.883 0.0999890208244 0.0 0.0 -12.7486542822 -0.320406749646 61.7971494443 0.0 0.0031481
pedestrian -1 -1 -10 359.44 162.69 378.155 201.25 1.33285362804 0.324965161387 0.801999323437 -7.09188050725 0.506789094553 20.9212743647 0.00753464155925 0.0022464
pedestrian -1 -1 -10 618.82 162.98 637.527 198.55 0.706922400353 0.146983256383 0.757999724575 0.933519922115 0.307489076037 35.8191860837 0.00753464155925 0.0021511
pedestrian -1 -1 -10 1141.9 160.86 1196.57 290.66 1.72881018561 1.19486974457 1.1499992665 6.50920767985 1.55466536206 8.30548602485 0.00753464155925 0.0015039
pedestrian -1 -1 -10 512.13 152.95 527.201 193.588 0.301966745626 0.443951607031 0.309999847885 -5.46992191443 -0.639819525355 43.1669674456 0.00753464155925 0.0013128
pedestrian -1 -1 -10 509.34 144.81 522.399 187.743 0.5899352324 0.262971678424 0.319000146491 -5.86967761297 0.719194930685 43.5485459121 0.00753464155925 0.00084238
pedestrian -1 -1 -10 513.03 141.89 525.236 178.432 0.127985943795 0.882902693778 1.13799966309 -5.05914024811 -0.820296605098 42.746697674 0.00753464155925 0.00062753
pedestrian -1 -1 -10 1180.1 134.42 1233.5 340.9 1.61982218533 1.15987277757 1.16999971814 6.72444641438 1.44213700247 8.07619200011 0.00753464155925 0.00048862
pedestrian -1 -1 -10 516.65 152.39 532.993 191.879 1.42084396589 0.42895386046 0.53699977649 -3.72021488497 1.02161406263 35.9039693106 0.00753464155925 0.00046136
pedestrian -1 -1 -10 512.31 166.6 527.979 208.685 0.593934786439 0.200978195461 0.44399963139 -4.70194386125 1.06001607506 36.8968162698 0.00753464155925 0.00037105
pedestrian -1 -1 -10 915.3 155.16 933.378 204.941 0.825909322976 0.369958401099 0.40500056267 16.8135717799 0.870613363324 38.3089391894 0.00753464155925 0.00034621
pedestrian -1 -1 -10 613.4 160.63 642.423 215.15 1.11887716663 0.237972891287 0.486999899084 1.51761200257 1.22682742417 41.9405706567 0.00753464155925 0.00024902
pedestrian -1 -1 -10 939.2 212.31 951.585 247.537 0.544940215939 0.832909887353 0.533999756427 7.53849196391 1.57106952949 15.4577137046 0.00753464155925 0.00024619
pedestrian -1 -1 -10 918.07 148.53 940.002 196.604 0.358960588097 0.420955316574 0.55999929452 20.1356761023 -0.122029574076 45.2286024885 0.00753464155925 0.00020687
pedestrian -1 -1 -10 1178.0 151.0 1217.75 264.42 1.70781246358 1.18586947556 1.17699968548 6.59271385807 1.52970493375 8.04153458654 0.00753464155925 0.00019532
pedestrian -1 -1 -10 1148.1 143.56 1209.64 211.911 0.37895838064 0.836910112866 0.451999525944 36.7287841286 0.470055752088 45.9210736702 0.00753464155924 0.00014681
pedestrian -1 -1 -10 1161.3 149.34 1203.97 279.47 1.72881018561 1.17187202376 1.1779996127 6.53214089956 1.55255333956 8.16382521302 0.00753464155925 0.00013433
pedestrian -1 -1 -10 363.3 151.76 391.521 200.129 0.0999890208244 0.0 0.0 -7.43038423008 -0.179420466879 23.3876973405 0.0 9.9766e-05
pedestrian -1 -1 -10 371.12 158.05 386.327 200.377 0.0999890208244 0.0 0.0 -15.93125826 0.317252814855 51.0342015378 0.0 8.4995e-05
pedestrian -1 -1 -10 1201.4 159.73 1222.21 229.279 0.3619602797 0.0909934491832 0.713001032962 32.8397680747 1.62471551555 39.10921513 0.00753464155925 7.7318e-05
pedestrian -1 -1 -10 498.79 140.34 514.208 189.389 0.327963913926 0.949892882745 1.04800001489 -5.99108218399 -0.633872286754 43.5470500003 0.00753464155925 6.3007e-05
pedestrian -1 -1 -10 304.83 213.53 322.674 251.006 0.773915016175 1.18787054188 1.14999950492 -4.09556203774 0.99200316312 10.1123904382 0.00753464155925 2.9536e-05
pedestrian -1 -1 -10 504.05 158.67 537.649 214.423 0.593934786439 0.200978195461 0.44399963139 -4.70194386125 1.06001607506 36.8968162698 0.00753464155925 2.0312e-05
pedestrian -1 -1 -10 615.73 136.57 648.352 197.919 0.706922400353 0.12898748621 0.587999789727 1.01858527889 0.307560395511 35.8275441913 0.00753464155925 1.4763e-05
pedestrian -1 -1 -10 603.33 139.38 637.02 209.49 0.706922400353 0.169979546839 1.19199963678 0.71243964036 0.307479760384 35.8093510222 0.00753464155925 1.4455e-05
pedestrian -1 -1 -10 269.4 244.18 284.125 281.09 0.439951665404 1.18786958831 1.17599975827 -4.17114109632 1.08780872709 9.07992767772 0.00753464155925 5.8883e-06
pedestrian -1 -1 -10 869.14 150.02 942.757 223.555 1.58682570236 1.06288328118 0.880999772277 3.30288440299 1.53707534487 8.46887356871 0.00753464155925 3.9773e-06
pedestrian -1 -1 -10 482.13 137.13 498.131 190.037 0.368959480644 0.282966130999 1.00199954832 -9.05779897821 0.64801373312 56.2337325258 0.00753464155925 2.0934e-06
pedestrian -1 -1 -10 900.15 246.84 919.893 292.396 1.54782998542 0.694923562487 0.988999779271 3.24751174248 1.53439100239 8.28501646927 0.00753464155925 4.7995e-07
pedestrian -1 -1 -10 771.88 156.09 821.257 244.371 1.72781030082 0.340962249159 0.72100045068 9.62687265642 1.50110350766 36.8967285012 0.00753464155925 3.2098e-08
