pedestrian -1 -1 -10 988.49 131.48 1048.23 283.52 1.79799194634 0.632998991197 0.625997576874 5.34828344759 1.24441271083 8.84287363599 0.00692802392802 0.99458
pedestrian -1 -1 -10 622.13 163.33 634.023 197.39 1.86999162138 0.670999072256 1.17099565336 0.687894931928 0.850961263452 17.8488833845 0.00692802392802 0.052055
pedestrian -1 -1 -10 617.14 162.34 630.774 204.825 1.86899163872 0.690999516466 1.0599960146 0.516467567884 0.85042124768 17.8600714856 0.00692802392802 0.019925
pedestrian -1 -1 -10 993.94 121.75 1082.39 300.78 2.25998992324 0.804000309639 1.1979954557 7.10537079179 1.38338179671 11.6261620434 0.00692802392802 0.017556
pedestrian -1 -1 -10 612.71 161.82 624.371 195.431 1.86899163872 0.631000091184 1.19399552222 0.439261873696 0.850667874195 17.8306061907 0.00692802392802 0.0077971
pedestrian -1 -1 -10 1005.4 129.65 1052.5 239.83 1.79799194634 0.632998991197 0.625997576874 5.34828344759 1.24441271083 8.84287363599 0.00692802392802 0.0022025
pedestrian -1 -1 -10 646.32 188.43 662.002 230.214 1.4759934485 1.08099864182 0.750997226704 1.19745390055 1.43910801627 12.9991465067 0.00692802392802 0.00021004
pedestrian -1 -1 -10 253.14 197.54 273.736 249.909 1.12099495679 1.19799914237 0.804997282377 -4.88365908133 1.38756842452 10.6488648165 0.00692802392802 0.00011411
pedestrian -1 -1 -10 1013.2 132.49 1041.78 206.911 1.68999250829 0.632998991197 0.365998801135 5.21813825977 1.13677075113 8.84371291296 0.00692802392802 7.8492e-05
pedestrian -1 -1 -10 584.51 141.69 600.795 182.891 1.7419922322 0.54499970696 1.19199555548 -0.199239253028 0.731483294883 17.7829627683 0.00692802392802 6.3821e-05
pedestrian -1 -1 -10 252.08 190.24 285.748 266.461 2.12899046689 1.06299995864 1.16599551101 -6.45583589827 1.33044857449 13.6656784345 0.00692802392802 2.1566e-05
pedestrian -1 -1 -10 270.42 206.86 287.67 270.081 1.32099408805 0.862999331241 0.947996394457 -6.3455231596 1.17204256205 13.7572020769 0.00692802392802 9.3673e-06
pedestrian -1 -1 -10 981.05 168.69 1031.72 266.813 1.79799194634 0.632998991197 0.625997576874 5.34828344759 1.24441271083 8.84287363599 0.00692802392802 7.5615e-06
