pedestrian -1 -1 -10 1061.7 0.0 1162.87 362.67 1.79580282378 0.848906975124 0.980999646298 2.86090462794 1.29185277091 4.38681707001 0.00753464155925 0.0032264
pedestrian -1 -1 -10 1081.9 122.56 1159.8 349.92 2.21675657547 0.422953045406 0.930000020491 10.5880776905 1.41860984433 14.6892629585 0.00753464155925 4.6096e-05
pedestrian -1 -1 -10 16.468 186.83 117.758 273.528 1.30085715103 1.18886988308 0.794999832935 -9.63782867545 1.56501948927 13.1914873198 0.00753464155925 4.1317e-05
pedestrian -1 -1 -10 136.13 244.46 174.846 299.624 0.351961327556 0.105988335044 0.462999678979 -4.16510909306 0.885767170538 6.24183000342 0.00753464155925 2.773e-05
pedestrian -1 -1 -10 1079.1 169.61 1116.38 262.615 2.04877506745 1.19786872174 1.18199979839 2.92922079515 1.5442644538 4.34993317118 0.00753464155925 1.3694e-05
pedestrian -1 -1 -10 0.0 186.71 16.673 231.491 2.30774660492 1.17787045488 0.740998994973 -9.63965951303 1.5802626166 11.932053957 0.00753464155925 7.5571e-06
pedestrian -1 -1 -10 29.588 206.85 90.674 289.388 1.30085715103 1.14187510026 0.412999980387 -9.8302809756 1.56229426876 12.9994510101 0.00753464155925 6.265e-06
pedestrian -1 -1 -10 1057.5 129.38 1134.96 344.66 2.04777513051 1.18287049838 1.17499983105 2.93277687402 1.54337298631 4.35741314097 0.00753464155925 3.4944e-06
pedestrian -1 -1 -10 61.262 194.74 131.395 289.167 0.887902522324 1.11087740521 0.706999562326 -9.60969610796 1.39707320253 13.8697985051 0.00753464155925 1.3009e-06
pedestrian -1 -1 -10 191.83 186.46 260.72 276.172 1.64981879592 1.19686842697 1.17599975827 -6.86091418145 0.942066141254 13.047350649 0.00753464155925 4.0993e-07
pedestrian -1 -1 -10 257.89 162.04 360.86 219.206 1.34285252059 1.17387118294 0.735999835737 -9.24429287031 0.434952117401 23.2744528334 0.00753464155925 3.5533e-07
