pedestrian -1 -1 -10 856.51 182.8 875.295 237.362 1.47283827269 1.09488127101 0.129000624269 8.35518351737 1.18512048815 23.2712197861 0.00753464155925 0.015283
pedestrian -1 -1 -10 841.5 156.76 870.084 244.838 2.19575891304 1.17587081891 1.063999804 3.25925508175 1.59984949139 9.67144597955 0.00753464155925 0.0061039
pedestrian -1 -1 -10 842.85 194.56 866.038 250.249 0.596934433343 0.573938434442 0.414999834816 6.81151308599 1.53676794485 19.2571073505 0.00753464155925 0.0033623
pedestrian -1 -1 -10 838.01 206.11 859.059 256.807 2.19575891304 1.18787054188 1.18099963276 3.20050820963 1.59940360156 9.63889067992 0.00753464155925 0.00082145
pedestrian -1 -1 -10 865.57 184.12 884.086 225.778 1.57082753289 1.12387742295 0.129000624269 8.34844353828 1.1459713636 22.3839526849 0.00753464155925 0.00056275
pedestrian -1 -1 -10 844.17 145.66 862.308 201.055 1.90279109919 1.19386849623 1.10599960803 3.23809763954 1.3067637472 9.66477470121 0.00753464155925 0.00050023
pedestrian -1 -1 -10 56.764 120.6 85.675 188.346 0.626931140783 0.626931171609 0.736999286114 -10.1836868387 -0.129501940737 13.3437161787 0.00753464155925 0.00035282
pedestrian -1 -1 -10 837.84 149.53 859.004 214.264 2.00377996159 1.11387733595 1.12599958284 3.21643068248 1.40836072631 9.70418688908 0.00753464155925 0.00024509
pedestrian -1 -1 -10 219.21 176.2 243.442 267.682 2.26575116087 0.712922193369 0.668999943984 -6.54092317715 1.59558166965 12.0146828382 0.00753464155925 8.4808e-05
pedestrian -1 -1 -10 47.153 107.39 80.96 172.652 0.710921954392 0.626931171609 0.798000091416 -10.214161714 -0.0474887348609 13.3433533556 0.00753464155925 3.4249e-05
pedestrian -1 -1 -10 1182.2 249.72 1224.86 346.103 1.49283605778 1.19686866536 0.832999808905 2.37749567226 1.5931732715 2.6955229039 0.00753464155925 3.307e-05
pedestrian -1 -1 -10 846.89 145.08 872.233 211.141 2.00377996159 1.15387291609 1.01699964863 3.28277817285 1.40801625986 9.68368933411 0.00753464155925 2.377e-05
pedestrian -1 -1 -10 226.73 130.04 250.581 177.541 1.55482925713 0.693924221286 0.611999801215 -6.51261675004 0.884690817202 12.0232315187 0.00753464155925 1.0386e-05
pedestrian -1 -1 -10 836.06 150.52 846.545 200.288 1.26186141348 1.0068896597 0.136999088312 8.34631799614 0.980958897428 25.6910803082 0.00753464155925 1.5783e-06
