pedestrian -1 -1 -10 814.82 154.95 835.194 215.297 1.61299274117 0.663999107518 0.528998295877 6.7986175093 0.973337377886 21.1474215441 0.00692802392802 0.99335
pedestrian -1 -1 -10 765.58 156.21 785.629 214.413 1.64999257624 0.614999354347 0.492998179289 5.41976116877 1.00912755593 22.0325158838 0.00692802392802 0.98947
pedestrian -1 -1 -10 63.872 181.8 114.523 280.027 1.47899338901 0.556999782751 0.795997014813 -8.19058409795 1.42452217238 11.6671350911 0.00692802392802 0.95926
pedestrian -1 -1 -10 76.126 184.25 102.637 277.975 1.47899338901 0.46999994852 0.701997505114 -8.23788408988 1.42470200414 11.623961981 0.00692802392802 0.46001
pedestrian -1 -1 -10 797.13 152.85 809.58 202.359 1.48799338937 0.483998924324 0.478998292894 6.23018163407 1.0040272218 21.9154869152 0.00692802392802 0.28599
pedestrian -1 -1 -10 74.671 175.03 133.007 294.92 1.47899338901 0.556999782751 0.795997014813 -8.19058409795 1.42452217238 11.6671350911 0.00692802392802 0.25051
pedestrian -1 -1 -10 789.79 154.95 804.539 206.909 1.48799338937 0.483998924324 0.478998292894 6.23018163407 1.0040272218 21.9154869152 0.00692802392802 0.19581
pedestrian -1 -1 -10 804.9 153.22 816.191 199.833 1.65999258161 0.401998247472 0.3619981524 8.08218807849 0.796768421893 27.2914478089 0.00692802392802 0.12971
pedestrian -1 -1 -10 84.239 199.96 110.659 269.743 1.47899338901 0.556999782751 0.795997014813 -8.19058409795 1.42452217238 11.6671350911 0.00692802392802 0.12927
pedestrian -1 -1 -10 806.21 156.0 824.91 209.815 1.61299274117 0.663999107518 0.528998295877 6.7986175093 0.973337377886 21.1474215441 0.00692802392802 0.03002
pedestrian -1 -1 -10 94.131 205.22 118.708 260.681 1.47899338901 0.556999782751 0.795997014813 -8.19058409795 1.42452217238 11.6671350911 0.00692802392802 0.029824
pedestrian -1 -1 -10 705.93 159.18 717.079 193.547 0.0999995529652 0.107002185788 0.382998935663 10.0752796335 -0.269058021973 61.6756557433 0.00692802392802 0.020769
pedestrian -1 -1 -10 668.18 147.6 694.617 197.624 1.87199158669 0.32800080006 0.982996348862 3.24864001269 0.462231501626 28.9214624622 0.00692802392802 0.019253
pedestrian -1 -1 -10 89.246 186.42 127.787 266.547 1.47899338901 0.556999782751 0.795997014813 -8.19058409795 1.42452217238 11.6671350911 0.00692802392802 0.0051504
pedestrian -1 -1 -10 708.76 160.96 727.595 208.994 0.101999518275 0.193000662665 0.272999215202 7.71710395141 0.32757031693 46.707315874 0.00692802392802 0.003368
pedestrian -1 -1 -10 700.05 160.62 712.842 195.592 0.0999995529652 0.0 0.0 11.4571679468 -1.52887220282 73.9124164111 0.0 0.0018725
pedestrian -1 -1 -10 44.005 155.91 103.927 293.1 2.26198988855 1.18900027761 0.362998553002 -14.8857398262 1.20637548192 20.0650168504 0.00692802392802 0.00099617
pedestrian -1 -1 -10 169.87 210.35 198.507 313.31 2.2289901033 0.468000094834 0.269998967069 -5.63772386742 1.5141801274 8.43153707708 0.00692802392802 0.00057467
pedestrian -1 -1 -10 107.84 200.45 128.653 251.803 2.05299089104 0.158999335304 0.168999514173 -5.65561494598 1.3382540413 8.41005812832 0.00692802392802 0.00046347
pedestrian -1 -1 -10 236.32 179.25 263.861 233.249 0.774996487797 0.540000549581 1.18499501624 -12.3633421022 1.00651113314 25.2348011557 0.00692802392802 0.00044198
pedestrian -1 -1 -10 819.83 151.6 857.67 212.795 1.23399451673 0.957000083884 0.529997742807 8.76385358538 0.726158581904 25.3083425079 0.00692802392802 0.00043455
pedestrian -1 -1 -10 703.35 164.04 722.249 215.005 0.101999518275 0.193000662665 0.272999215202 7.71710395141 0.32757031693 46.707315874 0.00692802392802 0.00032555
pedestrian -1 -1 -10 340.81 161.44 362.699 205.555 1.52699318975 0.702001095925 0.944996146324 -9.73235247255 0.339974256305 27.2234107431 0.00692802392802 0.00026467
pedestrian -1 -1 -10 234.52 182.69 252.445 237.233 0.784996433556 0.327001350054 1.08599541087 -12.5665603809 1.01719177754 25.1297133864 0.00692802392802 0.00026115
pedestrian -1 -1 -10 225.76 172.74 256.46 231.204 0.784996433556 0.31000116321 1.01299573077 -12.6031182326 1.01730203195 25.1214664835 0.00692802392802 0.00024766
pedestrian -1 -1 -10 99.243 159.66 145.916 259.76 2.18799027801 0.291999619013 0.236999098614 -5.62189052791 1.47323727257 8.34340113732 0.00692802392802 0.00024095
pedestrian -1 -1 -10 758.27 159.29 777.388 220.737 1.64999257624 0.614999354347 0.492998179289 5.41976116877 1.00912755593 22.0325158838 0.00692802392802 0.00021349
pedestrian -1 -1 -10 250.03 180.72 266.954 222.798 0.601997283101 0.559999086443 1.18299612238 -12.1437901538 0.832775970956 25.3481821765 0.00692802392802 0.0002097
pedestrian -1 -1 -10 60.0 175.38 78.964 252.915 2.41198925376 1.16599957604 0.339998875878 -14.8360588642 1.19649966073 19.8360688923 0.00692802392802 0.00019071
pedestrian -1 -1 -10 252.89 189.24 272.849 237.252 0.599997317791 0.551000221692 1.00699618817 -12.0557638864 0.830528786491 25.3520704146 0.00692802392802 0.00018294
pedestrian -1 -1 -10 670.4 146.94 707.152 212.814 1.87199158669 0.32800080006 0.658997445328 3.4106355731 0.461786028017 28.9203396169 0.00692802392802 0.00017818
pedestrian -1 -1 -10 230.72 180.46 246.133 232.744 0.784996433556 0.29200152636 0.924995763663 -12.6471795097 1.01743349178 25.1127718523 0.00692802392802 0.00012367
pedestrian -1 -1 -10 49.191 177.76 86.876 284.89 1.93499138802 1.18299785554 0.3619981524 -14.846175342 1.19649211193 19.8689164639 0.00692802392802 8.4731e-05
pedestrian -1 -1 -10 150.03 188.4 171.998 245.161 0.804996414483 0.401000704813 1.09099550654 -15.2339766485 1.06687022841 24.8482321609 0.00692802392802 5.7065e-05
pedestrian -1 -1 -10 220.81 165.57 235.987 215.335 0.100999550521 0.107002185788 0.365999754806 -18.0751841601 0.0551211150302 34.9743988661 0.00692802392802 5.5382e-05
pedestrian -1 -1 -10 113.28 184.12 143.12 268.834 2.18799027801 0.291999619013 0.236999098614 -5.62189052791 1.47323727257 8.34340113732 0.00692802392802 5.388e-05
pedestrian -1 -1 -10 243.99 177.31 282.127 238.189 0.599997317791 0.551000221692 1.00699618817 -12.0557638864 0.830528786491 25.3520704146 0.00692802392802 3.1388e-05
pedestrian -1 -1 -10 52.288 191.14 75.593 262.717 2.34998955429 1.17500034814 0.400998517122 -14.7416134692 1.30464264778 19.4840672023 0.00692802392802 3.0955e-05
pedestrian -1 -1 -10 140.94 187.12 160.356 243.143 0.804996414483 0.401000704813 0.768997165789 -15.3949719515 1.0673129514 24.8493480731 0.00692802392802 1.7594e-05
pedestrian -1 -1 -10 70.044 138.52 124.552 259.01 1.47899338901 0.556999782751 0.795997014813 -8.19058409795 1.42452217238 11.6671350911 0.00692802392802 3.4848e-06
pedestrian -1 -1 -10 43.221 211.21 68.169 268.599 1.85099174231 1.1849986629 0.397998268989 -14.5534513203 1.25293223055 18.778975776 0.00692802392802 2.6721e-06
pedestrian -1 -1 -10 137.03 175.31 171.524 245.544 0.804996414483 0.401000704813 0.793996690445 -15.3824724895 1.06727857897 24.8492614351 0.00692802392802 1.6607e-06
pedestrian -1 -1 -10 1.1057 188.28 38.4507 268.91 1.29999417663 0.769999935952 0.255998603839 -8.95139994559 1.42228707668 11.0849930244 0.00692802392802 3.5443e-07
pedestrian -1 -1 -10 166.02 171.89 196.11 231.402 0.993995594978 0.650998628046 0.955995784585 -14.8069948425 1.05340021254 25.1031551431 0.00692802392802 6.5244e-09
