pedestrian -1 -1 -10 269.75 138.83 332.477 323.94 1.90499143153 0.77599949701 0.580997907974 -3.31323842092 1.44732199764 7.94953179926 0.00692802392802 0.99868
pedestrian -1 -1 -10 301.76 146.06 358.616 318.68 1.86999162138 1.17799869816 0.971996472183 -3.11491006465 1.41130079412 8.36414636689 0.00692802392802 0.99839
pedestrian -1 -1 -10 166.89 167.85 235.373 323.22 1.61399274245 0.530999300645 0.516997780179 -4.2846447511 1.43562065297 7.40890403817 0.00692802392802 0.9981
pedestrian -1 -1 -10 372.31 145.47 433.859 313.11 1.81999187767 0.65099958172 0.928996412397 -2.5371548401 1.42035365668 8.67369086704 0.00692802392802 0.99509
pedestrian -1 -1 -10 847.32 184.98 976.24 364.86 1.53399309814 1.14199942446 0.488998245807 2.04533626257 1.54139857206 4.58164997744 0.00692802392802 0.97601
pedestrian -1 -1 -10 561.08 161.62 578.878 207.833 1.57299292833 0.548999414332 0.679997513338 -1.27050075739 1.07715002557 30.2751931388 0.00692802392802 0.9756
pedestrian -1 -1 -10 657.28 164.68 697.215 247.46 1.63999266028 0.600999424869 0.743997164298 1.50912575227 1.37551379291 15.3888770935 0.00692802392802 0.95178
pedestrian -1 -1 -10 479.73 162.67 495.104 209.905 1.65699254423 0.421998691682 0.554997744299 -4.4611180416 0.981861484215 27.7285755588 0.00692802392802 0.93656
pedestrian -1 -1 -10 503.41 163.66 524.664 208.842 1.50499324352 0.663999107518 0.70099734293 -3.44020513659 1.01863172655 28.9656638644 0.00692802392802 0.9305
pedestrian -1 -1 -10 588.62 165.31 606.539 209.316 1.56799301505 0.671998522263 0.584997781851 -0.219024631859 1.06809104928 30.4144049439 0.00692802392802 0.90794
pedestrian -1 -1 -10 452.58 157.59 477.178 208.446 1.87499165386 0.769000485945 0.625997576874 -5.41424291076 1.0385741966 28.5286376523 0.00692802392802 0.8785
pedestrian -1 -1 -10 247.46 144.44 374.26 318.33 1.86799165606 0.921999306517 0.580997907974 -3.31278369963 1.41023732454 8.02250879002 0.00692802392802 0.87161
pedestrian -1 -1 -10 479.82 163.43 517.6 210.83 1.35699390322 0.526000620104 0.490998331757 -4.13760000539 0.871923869887 29.5174243781 0.00692802392802 0.7218
pedestrian -1 -1 -10 585.64 164.66 620.815 208.124 0.0999995529652 0.0 0.0 0.474558958896 0.137413084195 59.9341005604 0.0 0.4993
pedestrian -1 -1 -10 861.89 177.0 919.628 370.0 1.53399309814 1.05499959023 0.488998245807 2.04563762863 1.5413479824 4.62514885062 0.00692802392802 0.49154
pedestrian -1 -1 -10 321.03 144.11 443.11 317.37 1.82099187523 0.995998661276 1.19199543627 -2.67884745657 1.42094062283 8.50216872086 0.00692802392802 0.33494
pedestrian -1 -1 -10 673.32 170.49 696.245 240.658 1.05499526709 0.457999872729 0.51799818078 1.8947216438 0.605155663802 17.3941995344 0.00692802392802 0.29305
pedestrian -1 -1 -10 466.01 157.85 490.685 208.768 1.65699254423 0.421998691682 0.554997744299 -4.4611180416 0.981861484215 27.7285755588 0.00692802392802 0.20297
pedestrian -1 -1 -10 488.47 164.85 504.381 212.682 1.35699390322 0.526000620104 0.490998331757 -4.13760000539 0.871923869887 29.5174243781 0.00692802392802 0.20154
pedestrian -1 -1 -10 177.83 151.88 350.51 334.17 2.11799047887 1.194998885 0.157999399076 -5.05947893254 1.32200962161 10.6829274606 0.00692802392802 0.1863
pedestrian -1 -1 -10 908.86 185.92 976.802 356.09 1.51199324131 1.14499920499 0.488998245807 2.04510154988 1.51943302348 4.55213787649 0.00692802392802 0.14958
pedestrian -1 -1 -10 316.24 152.42 365.379 276.54 1.82099187523 1.15999906131 1.0689959916 -3.06590481699 1.42209879929 8.42284937475 0.00692802392802 0.11065
pedestrian -1 -1 -10 684.15 171.04 709.762 233.305 0.728996749222 0.4710003522 0.40599837437 3.47821601229 1.1419587094 25.1167336176 0.00692802392802 0.10749
pedestrian -1 -1 -10 608.55 159.99 625.517 205.68 0.836996246874 0.495999953789 0.709997342275 0.950710664243 0.336325559692 30.0118641581 0.00692802392802 0.10443
pedestrian -1 -1 -10 441.0 155.39 477.008 224.153 1.67699252516 0.63199954119 0.625997576874 -5.41481037113 0.840624494102 28.4860259128 0.00692802392802 0.076695
pedestrian -1 -1 -10 372.26 132.46 489.06 325.62 1.81999187767 0.540999999587 0.655997435613 -2.40103966736 1.42004226787 8.61774629514 0.00692802392802 0.06939
pedestrian -1 -1 -10 690.38 178.71 703.924 226.727 0.728996749222 0.4710003522 0.40599837437 3.47821601229 1.1419587094 25.1167336176 0.00692802392802 0.058856
pedestrian -1 -1 -10 446.48 156.39 463.196 208.536 1.69999242425 0.655999692773 0.371998343731 -5.54108935377 0.863858487442 28.5859168573 0.00692802392802 0.05747
pedestrian -1 -1 -10 950.02 272.5 990.087 361.891 2.18099022061 1.19399895816 0.635997768204 3.64218815032 1.51480166228 6.49622700874 0.00692802392802 0.030808
pedestrian -1 -1 -10 661.91 162.79 696.987 211.823 1.63999266028 0.745999784369 0.743997164298 1.50962803124 1.37542947645 15.4613755334 0.00692802392802 0.026886
pedestrian -1 -1 -10 155.87 175.21 208.693 312.32 1.61399274245 0.530999300645 0.516997780179 -4.2846447511 1.43562065297 7.40890403817 0.00692802392802 0.024261
pedestrian -1 -1 -10 512.48 164.41 530.91 208.961 1.50399332046 0.663999107518 0.651997502131 -3.41570718352 1.01756443248 28.9654934795 0.00692802392802 0.024207
pedestrian -1 -1 -10 612.9 158.85 633.359 199.908 0.836996246874 0.495999953789 0.709997342275 0.950710664243 0.336325559692 30.0118641581 0.00692802392802 0.023537
pedestrian -1 -1 -10 658.99 163.7 684.244 226.688 1.63799269497 0.745999784369 0.743997164298 1.50962527344 1.37342951114 15.4613743895 0.00692802392802 0.0219
pedestrian -1 -1 -10 704.98 181.95 717.745 226.66 2.36698937863 0.784999315435 0.660997531278 3.43814248556 1.22260774485 21.1430549436 0.00692802392802 0.018559
pedestrian -1 -1 -10 697.6 175.28 714.381 226.017 2.36698937863 0.858998670195 0.624997653108 3.42039931145 1.22261421193 21.1801784936 0.00692802392802 0.015786
pedestrian -1 -1 -10 337.21 150.28 362.362 241.779 1.82099187523 1.04399896444 0.977996253196 -2.95300616694 1.42172198981 8.48006827823 0.00692802392802 0.012199
pedestrian -1 -1 -10 190.92 167.37 247.715 306.12 1.61399274245 0.530999300645 0.516997780179 -4.2846447511 1.43562065297 7.40890403817 0.00692802392802 0.0080777
pedestrian -1 -1 -10 360.61 151.81 395.311 212.141 0.486997817457 0.44899910063 0.118999988026 -9.53196164904 0.560068693939 30.1594561484 0.00692802392802 0.0077212
pedestrian -1 -1 -10 580.43 163.53 601.368 209.89 1.38499380499 0.69000006646 0.584997781851 -0.218023013485 0.884881339774 30.5952955666 0.00692802392802 0.0072734
pedestrian -1 -1 -10 362.31 149.61 418.476 257.58 1.82099187523 0.763999421219 1.08999582119 -2.61804541941 1.42064072694 8.61774968816 0.00692802392802 0.0065833
pedestrian -1 -1 -10 349.9 157.31 367.481 206.282 0.508997711539 0.224000778986 0.378998286929 -9.88393893399 0.382102665974 29.2291510773 0.00692802392803 0.0042965
pedestrian -1 -1 -10 370.59 150.44 405.097 227.493 1.81099192947 0.763999421219 1.13399580474 -2.64005867186 1.41070127778 8.61789645429 0.00692802392802 0.0029473
pedestrian -1 -1 -10 226.04 189.77 246.057 237.895 2.11099054068 1.19199958131 0.739996992398 -5.32710517884 1.34368652279 9.86229084597 0.00692802392802 0.0021447
pedestrian -1 -1 -10 218.41 189.98 240.605 241.322 2.10399054289 1.18499961657 0.844996617194 -5.37922329884 1.33376407212 9.92014576229 0.00692802392802 0.00206
pedestrian -1 -1 -10 612.56 178.6 627.221 215.661 0.833996269107 0.260000052686 0.709997342275 0.949889027571 0.333462813832 29.8938653235 0.00692802392802 0.0018029
pedestrian -1 -1 -10 308.05 144.63 329.195 213.193 1.78599200547 1.17799869816 0.806997129909 -3.16052466971 1.32742629586 8.36441369033 0.00692802392802 0.001619
pedestrian -1 -1 -10 10.456 213.51 27.754 267.852 2.06199082434 1.19399895816 0.729997277903 -5.11909618792 1.42361640051 5.92587391062 0.00692802392802 0.0014722
pedestrian -1 -1 -10 242.88 135.73 314.291 303.9 2.10299061984 1.18799892026 0.164999342274 -5.07165489883 1.28948316195 11.172494835 0.00692802392802 0.0013446
pedestrian -1 -1 -10 618.2 153.62 638.583 192.367 0.0999995529652 0.261997045351 0.336998746953 1.93826857255 -0.251587595128 52.0333113943 0.00692802392802 0.0012929
pedestrian -1 -1 -10 143.54 178.54 181.11 270.114 2.03299088031 1.1489993892 0.889996524511 -5.31432767672 1.31717931692 8.52668365816 0.00692802392802 0.00090119
pedestrian -1 -1 -10 689.97 166.03 702.063 206.393 0.237998947501 0.187000147932 0.243999041812 3.74807165698 0.396691347829 26.4473158587 0.00692802392802 0.0007667
pedestrian -1 -1 -10 210.3 185.0 235.324 253.733 1.61399274245 0.530999300645 0.516997780179 -4.2846447511 1.43562065297 7.40890403817 0.00692802392802 0.00063346
pedestrian -1 -1 -10 367.26 160.4 386.522 212.842 0.486997817457 0.44899910063 0.118999988026 -9.53196164904 0.560068693939 30.1594561484 0.00692802392802 0.00058932
pedestrian -1 -1 -10 902.67 176.52 955.393 287.79 1.51199324131 1.07899926497 0.488998245807 2.04487292712 1.51947140188 4.51913869843 0.00692802392802 0.00043497
pedestrian -1 -1 -10 361.01 163.42 377.296 208.568 0.508997711539 0.224000778986 0.289998872895 -9.8394402959 0.381980298615 29.2288426424 0.00692802392803 0.00036598
pedestrian -1 -1 -10 398.93 152.6 431.471 261.94 1.81999187767 0.65099958172 0.820997016304 -2.48315643918 1.42020516581 8.67331658611 0.00692802392802 0.00036581
pedestrian -1 -1 -10 48.421 262.63 67.886 307.35 0.418998073042 0.436999501676 0.580998146392 -5.72588688659 1.00321191767 7.74708932039 0.00692802392802 0.00028638
pedestrian -1 -1 -10 279.67 203.25 316.622 318.99 1.90499143153 0.754999602794 0.580997907974 -3.31331116422 1.4473342089 7.93903210414 0.00692802392802 0.00026843
pedestrian -1 -1 -10 300.4 146.89 330.011 251.21 1.86999162138 1.06499981233 0.925996641099 -3.13979036735 1.41167978953 8.09281284897 0.00692802392802 0.00024676
pedestrian -1 -1 -10 272.37 140.56 310.174 235.72 1.85699166805 0.723000036467 0.348998666607 -3.39248611918 1.39957029025 7.92355281232 0.00692802392802 0.00023052
pedestrian -1 -1 -10 271.1 139.45 296.231 212.219 2.05099080652 1.08499930287 0.143999512682 -5.08142608539 1.2373778974 11.2880349934 0.00692802392802 0.00018113
pedestrian -1 -1 -10 951.9 280.02 972.151 336.684 2.17299024016 1.19399895816 0.632997758489 3.64157778624 1.50665461883 6.62622973643 0.00692802392802 0.00017012
pedestrian -1 -1 -10 374.06 195.33 409.591 303.67 1.82099187523 0.763999421219 1.07899594451 -2.61254561319 1.42062560295 8.61771156717 0.00692802392802 0.00016755
pedestrian -1 -1 -10 309.91 149.05 339.455 241.95 1.86999162138 1.17599884447 0.899996715842 -3.15090215061 1.41139862535 8.36539579091 0.00692802392802 0.00014687
pedestrian -1 -1 -10 402.54 147.83 417.014 198.816 1.71099239737 0.65099958172 0.820997016304 -2.48330674081 1.3112056855 8.67325424364 0.00692802392802 0.00013672
pedestrian -1 -1 -10 8.211 260.83 29.294 315.356 2.06199082434 1.19399895816 0.716997315274 -5.11284576788 1.42364039365 5.88982997157 0.00692802392802 0.00012959
pedestrian -1 -1 -10 207.8 169.81 252.681 268.231 2.10399054289 1.19699969236 0.796996938579 -5.3552656041 1.33370505419 9.9139795215 0.00692802392802 0.00012361
pedestrian -1 -1 -10 936.05 218.59 974.805 357.07 2.18399019837 1.19799914237 0.650997578365 3.65160150551 1.50645542333 6.77615722061 0.00692802392802 0.00010334
pedestrian -1 -1 -10 386.54 151.28 421.336 243.834 1.81999187767 0.65099958172 0.820997016304 -2.48315643918 1.42020516581 8.67331658611 0.00692802392802 9.6373e-05
pedestrian -1 -1 -10 960.58 274.73 988.924 335.978 2.18099022061 1.19799914237 0.640997625452 3.64407143021 1.51489829324 6.40721189086 0.00692802392802 7.0969e-05
pedestrian -1 -1 -10 12.736 231.3 34.027 282.81 2.06199082434 1.19699873869 0.705997200178 -5.1071068285 1.42358514659 5.92429088207 0.00692802392802 7.0232e-05
pedestrian -1 -1 -10 392.55 239.16 420.426 307.111 1.81999187767 0.65099958172 0.928996412397 -2.5371548401 1.42035365668 8.67369086704 0.00692802392802 5.7981e-05
pedestrian -1 -1 -10 194.36 164.77 234.107 253.727 1.61399274245 0.530999300645 0.516997780179 -4.2846447511 1.43562065297 7.40890403817 0.00692802392802 4.7675e-05
pedestrian -1 -1 -10 858.03 200.02 899.809 310.72 1.51199324131 0.803999355965 0.488998245807 2.04628276798 1.51923473501 4.72263370923 0.00692802392802 3.828e-05
pedestrian -1 -1 -10 318.13 139.09 351.702 218.668 1.75399220288 1.19699873869 0.933996508063 -3.05079132133 1.29507828545 8.40413559315 0.00692802392802 2.5534e-05
pedestrian -1 -1 -10 264.92 141.85 292.309 242.4 2.09899062961 1.18399921289 0.164999342274 -5.07183643454 1.28951456185 11.1454983155 0.00692802392802 1.2557e-05
pedestrian -1 -1 -10 858.97 207.45 885.62 278.471 1.51199324131 0.806999136495 0.488998245807 2.04627237679 1.51923647935 4.72113385496 0.00692802392802 1.0795e-05
pedestrian -1 -1 -10 175.69 177.13 196.671 241.381 1.61399274245 0.530999300645 0.516997780179 -4.2846447511 1.43562065297 7.40890403817 0.00692802392802 1.0337e-05
pedestrian -1 -1 -10 280.77 134.97 317.321 287.8 1.90499143153 0.658999950139 0.385998468544 -3.4111410832 1.44765814112 7.89170921659 0.00692802392802 6.7654e-06
pedestrian -1 -1 -10 851.64 193.74 891.743 266.416 1.51199324131 0.771999312801 0.488998245807 2.04639361563 1.51921612726 4.73863334683 0.00692802392802 5.4837e-06
pedestrian -1 -1 -10 183.04 170.99 215.33 267.014 1.61399274245 0.530999300645 0.516997780179 -4.2846447511 1.43562065297 7.40890403817 0.00692802392802 5.1899e-06
pedestrian -1 -1 -10 608.47 145.5 653.251 194.958 0.0999995529652 0.261997045351 0.336998746953 1.93826857255 -0.251587595128 52.0333113943 0.00692802392802 4.1719e-06
pedestrian -1 -1 -10 183.59 170.16 199.265 236.45 2.07399070561 1.18999877395 0.605997671048 -5.1719321913 1.35773109801 8.57522165342 0.00692802392802 1.388e-06
pedestrian -1 -1 -10 191.76 162.9 214.005 231.933 1.61399274245 0.530999300645 0.516997780179 -4.2846447511 1.43562065297 7.40890403817 0.00692802392802 1.2231e-06
