pedestrian -1 -1 -10 762.92 160.69 779.495 196.983 0.527942025602 0.418956634173 0.485000461887 8.66025765438 0.57491386316 37.3819066352 0.00753464155925 0.017507
pedestrian -1 -1 -10 81.105 185.73 102.665 237.027 0.101988775495 0.134987347694 0.0760001903584 -25.5873474977 1.70128470237 36.1719267906 0.00753464155925 0.0016897
pedestrian -1 -1 -10 846.54 156.73 877.124 191.755 0.0999890208244 0.087987797022 0.284000309793 25.4156583262 0.525020902375 71.5804653061 0.00753464155925 0.00066261
pedestrian -1 -1 -10 87.094 184.25 110.747 224.132 0.0999890208244 0.0 0.0 -27.0093986736 1.30409174808 38.6013384518 0.0 0.00034923
pedestrian -1 -1 -10 546.08 164.68 567.083 211.202 2.40973546385 0.541940444619 0.553999731232 -2.20303336589 1.41213460218 31.3469496428 0.00753464155925 0.00027146
pedestrian -1 -1 -10 607.65 164.04 620.433 205.394 1.59582473445 0.145983915182 0.202999939469 0.516002091548 1.70785804169 42.2385678245 0.00753464155925 0.00015064
pedestrian -1 -1 -10 81.143 180.53 117.315 241.552 0.101988805294 0.139984053698 0.329999822689 -13.692716005 0.684667815197 20.4927019405 0.00753464155925 0.00013326
pedestrian -1 -1 -10 845.65 138.33 889.046 188.522 0.101988775495 0.283973100758 0.401000853811 25.3379768343 -0.393779030516 70.4495093736 0.00753464155925 2.3947e-05
pedestrian -1 -1 -10 173.62 175.74 209.047 235.826 0.100988838561 0.181983084087 0.291000277132 -21.3374622158 1.6938117783 37.8027378325 0.00753464155925 8.4089e-06
pedestrian -1 -1 -10 158.82 187.69 187.315 244.002 0.397956280949 0.39995580138 0.258000294863 -12.6062762301 1.11737655665 20.6523242959 0.00753464155925 7.0736e-06
pedestrian -1 -1 -10 199.64 180.56 235.448 262.723 0.310965820435 0.0269974695388 0.0259990612552 -16.6336432387 1.77292409022 31.0512521467 0.00753464155925 4.9363e-06
pedestrian -1 -1 -10 229.93 178.29 257.46 223.344 1.30685651934 0.919899296744 1.12599958284 -7.285266216 1.67007246602 14.6429528387 0.00753464155925 8.083e-07
pedestrian -1 -1 -10 542.31 133.1 577.112 209.782 2.01377891373 0.541940444619 0.545999836677 -2.20715528716 1.01618096432 31.3499116328 0.00753464155925 5.207e-07
