pedestrian -1 -1 -10 1200.8 171.1 1233.93 241.386 1.23786413395 0.920898637945 0.822999702293 8.73226677373 1.43574734247 9.95409247955 0.00753464155925 0.014217
pedestrian -1 -1 -10 1109.2 154.97 1203.92 300.74 1.29085827339 0.850906611096 1.18499958004 6.71377459784 1.50829591405 8.96148069273 0.00753464155925 0.0073626
pedestrian -1 -1 -10 1039.9 129.78 1237.18 344.08 1.16587196756 0.900901324661 1.01099984692 6.62700654209 1.51272882936 8.98614720733 0.00753464155925 0.0072542
pedestrian -1 -1 -10 1175.7 167.28 1218.7 249.827 1.72581048656 0.743917981281 1.14099944473 10.536007771 0.951226171277 13.0402128825 0.00753464155925 0.0016171
pedestrian -1 -1 -10 923.33 305.84 944.269 352.793 0.825909322976 0.346962110643 0.288999707447 3.41709483949 1.38802070116 9.00566221259 0.00753464155925 0.00017953
pedestrian -1 -1 -10 948.26 137.41 970.109 203.839 1.92678848302 1.02888708575 0.844999769945 3.31232142087 1.36870892766 7.09762198807 0.00753464155925 0.00015978
pedestrian -1 -1 -10 1220.8 160.46 1240.64 243.793 1.67381620955 0.763916248135 1.00999991971 11.0503148038 0.884653726148 12.6178799473 0.00753464155925 4.0956e-05
pedestrian -1 -1 -10 918.26 312.32 936.673 363.961 2.04377559137 0.721921032025 0.760999685033 3.1116605275 1.58635831999 6.86224517029 0.00753464155925 3.1649e-05
pedestrian -1 -1 -10 715.61 191.31 729.075 251.213 1.20686747468 0.787912833362 0.790999647239 2.66258532794 1.58486904852 15.7186779505 0.00753464155925 1.2251e-05
pedestrian -1 -1 -10 711.63 189.21 723.601 247.758 1.30485676467 1.03888669596 0.774999619712 2.61950861646 1.59775763584 15.8450550536 0.00753464155925 3.2769e-06
pedestrian -1 -1 -10 1129.2 219.49 1189.0 329.66 1.14187458372 0.683925087859 1.08099999716 6.66117649976 1.4801006619 8.87768017868 0.00753464155925 5.2981e-07
