pedestrian -1 -1 -10 921.6 165.17 971.296 276.64 1.70081321422 0.517942905823 0.61999969577 4.90455320434 1.63582174503 10.3419473343 0.00753464155925 0.90855
pedestrian -1 -1 -10 939.85 161.13 965.388 285.59 1.70081321422 0.517942905823 0.61999969577 4.90455320434 1.63582174503 10.3419473343 0.00753464155925 0.26767
pedestrian -1 -1 -10 937.53 163.11 957.206 260.858 1.70081321422 0.517942905823 0.61999969577 4.90455320434 1.63582174503 10.3419473343 0.00753464155925 0.00055177
pedestrian -1 -1 -10 942.31 168.59 984.648 246.097 1.73880902973 0.531941311192 0.61999969577 4.90451218379 1.67371394356 10.3346669869 0.00753464155925 0.00021495
pedestrian -1 -1 -10 923.86 164.95 952.983 238.449 1.70081321422 0.517942905823 0.61999969577 4.90455320434 1.63582174503 10.3419473343 0.00753464155925 9.4133e-05
pedestrian -1 -1 -10 887.73 159.81 939.792 255.379 1.71181209212 1.16187241354 1.17999970554 3.82949032997 1.60079325704 9.01246325497 0.00753464155925 5.0893e-05
pedestrian -1 -1 -10 236.21 274.85 258.763 325.582 0.986891600255 1.19586908577 0.351999890341 -2.84064002367 1.61040105555 5.52872627128 0.00753464155925 2.7793e-05
pedestrian -1 -1 -10 836.11 178.71 890.916 257.746 1.37684878952 1.19086951905 1.19499956744 3.20217931331 1.26582722585 9.0561749261 0.00753464155925 1.755e-06
pedestrian -1 -1 -10 876.32 162.82 924.087 241.897 1.50783444875 1.1468737134 1.0599996183 3.58949006204 1.39610148034 9.02329328074 0.00753464155925 7.8911e-07
pedestrian -1 -1 -10 859.73 182.83 909.701 268.965 1.23486442 1.19686842697 1.19399987864 3.52078664131 1.1258912737 9.20881602358 0.00753464155925 5.7718e-07
pedestrian -1 -1 -10 853.65 156.21 915.402 248.521 1.45584011215 1.16087211877 1.19399964022 3.46142505472 1.34409672007 9.01764231776 0.00753464155925 4.8459e-07
