pedestrian -1 -1 -10 101.37 167.45 126.8 222.373 1.34985178113 0.539941762218 0.616999437289 -14.3917200703 1.2169427406 21.5004632902 0.00753464155925 0.9223
pedestrian -1 -1 -10 112.43 172.44 132.132 224.496 1.49983528853 0.539941762218 0.616999437289 -14.3916738252 1.366926248 21.4993527241 0.00753464155925 0.032443
pedestrian -1 -1 -10 106.94 166.38 142.87 226.757 1.49983528853 0.539941762218 0.616999437289 -14.3916738252 1.366926248 21.4993527241 0.00753464155925 0.028303
pedestrian -1 -1 -10 93.992 165.61 115.899 218.618 1.50983424067 0.619932922494 1.16500055891 -16.2583484749 1.19757486065 23.5602806086 0.00753464155925 0.026849
pedestrian -1 -1 -10 418.56 167.85 460.948 253.964 1.227865152 1.13587523878 1.13499988144 -5.13422464416 1.50803938112 22.2946178752 0.00753464155925 0.011652
pedestrian -1 -1 -10 237.98 104.1 270.854 200.294 1.49783553386 0.27097022231 0.201000152094 -7.15894526731 0.780959539306 14.5810676613 0.00753464155925 0.0091385
pedestrian -1 -1 -10 1077.2 163.6 1092.16 201.816 1.963784302 1.14787400817 0.688999441951 7.63758755076 1.5280816873 11.48905678 0.00753464155925 0.0090994
pedestrian -1 -1 -10 86.205 159.44 123.415 222.884 1.50983424067 0.619932922494 1.16499960523 -16.2253489499 1.19755083389 23.56003232 0.00753464155925 0.0059384
pedestrian -1 -1 -10 591.4 171.39 604.427 210.474 1.92078907001 0.446951537773 0.250999880489 -0.37676961648 1.01063253717 27.3364622789 0.00753464155925 0.0049372
pedestrian -1 -1 -10 1144.2 245.71 1167.56 292.411 2.0157786684 1.18187020361 0.719000119413 6.48792028701 1.51235995472 8.21888441072 0.00753464155925 0.0030172
pedestrian -1 -1 -10 465.04 168.93 482.033 204.207 1.74480845391 1.14987173701 0.904000005562 -6.14799368405 0.692033199549 32.9996365648 0.00753464155925 0.0010006
pedestrian -1 -1 -10 601.05 171.27 623.771 211.751 1.34685211933 0.404958228803 0.683999776076 0.22428675998 1.45880900051 42.2231065061 0.00753464155925 0.0009232
pedestrian -1 -1 -10 591.49 171.08 617.602 219.738 1.348851874 0.431955698342 0.886999722995 0.0558938983644 1.46113127232 42.237857809 0.00753464155925 0.00065954
pedestrian -1 -1 -10 1148.1 232.31 1175.93 294.358 0.497945206417 0.518942247023 0.781999348633 13.894811439 2.20894312548 17.9373791644 0.00753464155925 0.0003171
pedestrian -1 -1 -10 580.82 171.89 609.613 223.788 1.92078907001 0.446951537773 0.250999880489 -0.37676961648 1.01063253717 27.3364622789 0.00753464155925 0.000277
pedestrian -1 -1 -10 1133.8 228.7 1166.81 296.499 0.497945206417 0.518942247023 0.604999357039 13.8063139482 2.20900755998 17.93804502 0.00753464155925 0.00023529
pedestrian -1 -1 -10 997.97 140.1 1028.0 214.121 0.0999890208244 0.0 0.0 22.2828495788 0.360473741211 39.336055359 0.0 0.00019509
pedestrian -1 -1 -10 259.45 137.51 271.656 191.316 1.16187242842 0.707922626656 0.95799988985 -12.3566155087 0.170822103982 26.7159443945 0.00753464155925 0.00011871
pedestrian -1 -1 -10 1144.9 152.38 1174.87 206.463 1.98578199076 1.18387031637 0.694000031699 6.4745073012 1.48059608441 8.09921747532 0.00753464155925 9.5005e-05
pedestrian -1 -1 -10 1028.0 183.03 1046.5 227.095 0.696923418409 0.300967622591 0.376999739637 12.2144419978 1.69748992493 20.6784601402 0.00753464155925 9.269e-05
pedestrian -1 -1 -10 427.8 166.44 452.488 232.973 1.227865152 1.0808809585 1.19499980586 -5.12500468516 1.50650003722 22.1910565465 0.00753464155925 7.2229e-05
pedestrian -1 -1 -10 1020.0 177.13 1040.89 221.865 0.380958169766 0.0459944880523 0.0369996911276 12.7439174627 0.234622357308 21.663422228 0.00753464155925 6.9155e-05
pedestrian -1 -1 -10 890.85 174.9 909.895 226.418 1.35685098207 0.996890526278 0.479999395303 6.1440789246 1.71262769987 14.90205576 0.00753464155925 4.5881e-05
pedestrian -1 -1 -10 447.84 166.07 479.63 243.034 1.21686632252 0.618931674153 0.821999775079 -4.57147483045 1.49912595744 22.4589514164 0.00753464155925 3.4295e-05
pedestrian -1 -1 -10 783.06 192.24 795.817 233.015 1.01088901388 0.869905536749 1.1889992889 7.59881386475 1.7362652285 29.9277591158 0.00753464155925 3.0459e-05
pedestrian -1 -1 -10 454.26 164.8 490.201 223.576 1.08688060022 0.618931674153 0.610999874001 -4.46601794512 1.36906342342 22.4591201474 0.00753464155925 1.7268e-05
pedestrian -1 -1 -10 1128.4 252.13 1162.8 300.733 1.07788165951 0.636930305036 0.228000094238 7.39665045774 0.646172255325 10.8097758935 0.00753464155925 1.6586e-05
pedestrian -1 -1 -10 1019.8 182.27 1054.34 238.944 0.696923418409 0.300967622591 0.376999739637 12.2144419978 1.69748992493 20.6784601402 0.00753464155925 7.4411e-06
pedestrian -1 -1 -10 455.6 165.06 478.674 199.618 1.73380959463 1.18687024711 1.06899991691 -6.30680352961 0.685595608475 32.69330569 0.00753464155925 6.5442e-06
pedestrian -1 -1 -10 62.877 151.32 97.655 227.545 1.51983307362 0.520942836565 1.15299952498 -16.8773680412 1.201019221 23.2944312554 0.00753464155925 5.8865e-06
pedestrian -1 -1 -10 1218.2 137.91 1242.02 208.121 0.100988898159 0.162984158434 0.249000473094 40.662247931 0.891263989201 47.3093398353 0.0075346415592 4.4752e-06
pedestrian -1 -1 -10 234.55 152.36 270.672 261.81 2.2957478981 0.27197051708 0.240000174488 -7.13919601545 1.57886511035 14.575512868 0.00753464155925 9.2784e-07
