pedestrian -1 -1 -10 114.93 151.63 145.849 205.851 0.926898200276 0.281968696937 0.414998881142 -19.4520494244 0.453505920496 29.6368791893 0.00753464155925 0.02113
pedestrian -1 -1 -10 696.46 175.57 708.807 222.969 1.17187130606 0.602934586382 0.39199983995 2.93666386175 1.56545616249 21.5099404665 0.00753464155925 0.01926
pedestrian -1 -1 -10 1156.1 124.31 1169.29 168.807 0.599934139846 0.137985371297 0.915000635434 17.4845726867 0.454340912039 22.6522120958 0.00753464155925 0.01252
pedestrian -1 -1 -10 1146.8 127.08 1167.52 174.041 0.599934139846 0.137985371297 1.05600133995 17.4140743299 0.454392241478 22.6527425258 0.00753464155925 0.0027096
pedestrian -1 -1 -10 392.28 172.64 424.18 250.894 1.0718823508 0.835908864525 0.868999692027 -3.38879495901 1.17529004211 13.0659656627 0.00753464155925 0.0020348
pedestrian -1 -1 -10 864.12 172.03 874.47 209.037 0.100988913059 0.240970914889 0.332000630792 16.7557372273 0.791680862488 46.4778042536 0.00753464155925 0.0010484
pedestrian -1 -1 -10 1144.7 122.36 1181.63 193.674 0.230974650262 0.859906403322 0.830000623307 14.9711770747 -0.250192552663 19.1373601732 0.00753464155925 0.0010165
pedestrian -1 -1 -10 109.85 142.08 136.724 195.232 0.601933879617 0.545937809423 0.08299825035 -24.514350277 -0.726974148951 36.6260508529 0.00753464155925 0.00051185
pedestrian -1 -1 -10 1163.1 128.23 1180.21 185.96 0.228974835994 0.743919888421 0.8979994886 15.0186869635 -0.251189656088 19.0719936057 0.00753464155925 0.00049752
pedestrian -1 -1 -10 859.33 170.06 880.823 210.297 0.100988913059 0.240970914889 0.332000630792 16.7557372273 0.791680862488 46.4778042536 0.00753464155925 0.00032308
pedestrian -1 -1 -10 460.62 196.64 479.955 250.185 1.34985182583 0.876903785864 0.918999629037 -2.58247351943 1.5990200416 12.9451595788 0.00753464155925 0.00026392
pedestrian -1 -1 -10 854.33 172.29 865.223 208.531 0.457949695828 0.139984053698 0.220999650062 10.8518158305 1.20535238103 30.3390751285 0.00753464155925 0.00022882
pedestrian -1 -1 -10 469.29 202.4 489.451 249.97 1.4038457979 0.946895812713 1.02899972888 -2.3851988008 1.65338866812 12.9782726089 0.00753464155925 0.00013167
pedestrian -1 -1 -10 691.32 178.82 714.931 223.374 1.17187130606 0.602934586382 0.39199983995 2.93666386175 1.56545616249 21.5099404665 0.00753464155925 0.000115
pedestrian -1 -1 -10 665.9 170.34 677.168 197.345 0.102988697528 0.47194841777 0.84599969716 4.73468052835 0.873559699262 50.6282443313 0.00753464155925 3.0293e-06
pedestrian -1 -1 -10 679.15 174.05 706.814 218.99 0.242973327278 0.239973480828 0.148999883817 2.72785214387 0.790221799737 22.4297416832 0.00753464155925 1.3515e-06
pedestrian -1 -1 -10 695.8 164.31 720.05 228.571 1.17187130606 0.602934586382 0.39199983995 2.93666386175 1.56545616249 21.5099404665 0.00753464155925 8.7285e-08
