pedestrian -1 -1 -10 1072.9 163.06 1094.14 218.412 2.30174722171 0.932898360913 1.17999994396 10.5458808438 1.48090100767 15.9904674698 0.00753464155925 0.020862
pedestrian -1 -1 -10 1077.3 162.42 1112.21 221.328 2.04077584017 0.857905813781 1.19599973307 11.1968703609 1.21853504949 16.3980710446 0.00753464155925 0.0026991
pedestrian -1 -1 -10 332.53 198.85 357.315 264.111 2.01677860534 1.17886979609 0.175999587543 -8.91998123443 2.21308522654 24.5043453639 0.00753464155925 0.0014269
pedestrian -1 -1 -10 766.36 141.39 779.465 177.934 1.80980131507 0.807912053786 0.697999978976 3.40249398188 1.1355506796 14.1149961763 0.00753464155925 0.0010058
pedestrian -1 -1 -10 1089.2 156.38 1124.19 216.217 2.0387762047 0.791913058874 0.94099969669 11.3241939989 1.33994044165 16.3622949911 0.00753464155925 0.00074033
pedestrian -1 -1 -10 15.982 208.57 38.457 254.168 0.941896583795 0.108989219356 0.829999669633 -17.6419556534 1.48994436564 21.9004441349 0.00753464155925 0.00018103
pedestrian -1 -1 -10 139.22 183.07 186.958 259.928 2.00078029978 0.359961174812 1.19499932902 -13.4636738254 2.31525599172 21.8270759137 0.00753464155925 8.891e-05
pedestrian -1 -1 -10 26.911 206.13 48.367 254.495 2.91967940092 0.792912400075 0.767999413954 -14.2790942394 2.17250441587 18.5761855338 0.00753464155925 8.5179e-05
pedestrian -1 -1 -10 15.145 203.57 47.113 268.786 0.408955110429 0.489946095083 0.655000486142 -16.6212801673 1.86813064729 20.3955042795 0.00753464155924 7.6433e-05
pedestrian -1 -1 -10 24.339 43.918 197.979 347.578 1.41084507334 0.0809924086165 1.19299947459 -15.0088876763 1.92500120901 21.9466447696 0.00753464155925 5.2217e-05
pedestrian -1 -1 -10 1110.3 154.59 1140.41 218.369 0.100988898159 0.00999913342696 0.0790004488394 12.9627094826 0.694180820248 17.8553748213 0.00753464155925 3.6854e-05
pedestrian -1 -1 -10 273.22 184.8 298.334 237.697 1.39884642613 1.18886988308 0.976000010225 -4.78623726486 1.7653674515 10.512326289 0.00753464155925 3.5586e-05
pedestrian -1 -1 -10 5.7794 36.501 99.5624 290.951 1.65981780767 0.811911325728 1.19000016978 -13.9768139019 0.763017408328 18.4219264873 0.00753464155925 2.1516e-07
