pedestrian -1 -1 -10 978.93 227.64 1001.25 277.524 0.459949450498 0.145983915182 0.218999795632 5.66866977564 1.43899730098 10.5129443875 0.00753464155925 0.0082177
pedestrian -1 -1 -10 831.92 209.16 845.506 243.614 0.422953512316 0.360960516013 0.242000028918 5.25338807083 1.58106026391 16.5090237213 0.00753464155925 0.001953
pedestrian -1 -1 -10 973.84 224.59 988.706 272.059 2.18076057422 0.388957326752 0.237999843222 6.20076940171 1.50745357711 11.9963632704 0.00753464155925 0.0017248
pedestrian -1 -1 -10 988.16 223.33 1007.32 275.377 0.459949450498 0.145983915182 0.218999795632 5.66866977564 1.43899730098 10.5129443875 0.00753464155925 0.00057393
pedestrian -1 -1 -10 972.27 218.77 1010.02 274.811 0.459949450498 0.145983915182 0.218999795632 5.66866977564 1.43899730098 10.5129443875 0.00753464155925 0.00023572
pedestrian -1 -1 -10 885.51 206.74 901.157 257.397 0.848906859271 0.750917183966 1.09599938221 6.48509743489 1.62286260193 16.4822739949 0.00753464155925 9.5203e-05
pedestrian -1 -1 -10 1165.9 202.33 1218.03 318.7 2.11076820719 1.18987017785 1.18899976573 6.91323129494 1.47073461651 8.53304299137 0.00753464155925 5.0909e-05
pedestrian -1 -1 -10 148.59 207.71 180.665 266.175 0.404955481893 0.531941311192 0.0819997536464 -12.4809240123 2.28344689171 20.586161522 0.00753464155925 3.6707e-05
pedestrian -1 -1 -10 99.746 222.87 122.677 277.622 0.412954738965 0.962893854054 0.421999802156 -12.5078927931 1.92963749457 17.9667995068 0.00753464155925 2.8914e-05
pedestrian -1 -1 -10 59.974 208.11 86.822 264.731 0.0999890208244 0.0 0.0 -33.2974962526 3.19422690631 44.2775178309 0.0 8.12e-06
pedestrian -1 -1 -10 159.33 212.91 186.236 279.01 0.404955481893 0.531941311192 0.0819997536464 -12.4809240123 2.28344689171 20.586161522 0.00753464155925 6.8424e-06
pedestrian -1 -1 -10 151.76 222.55 175.793 289.417 0.404955481893 0.531941311192 0.0819997536464 -12.4809240123 2.28344689171 20.586161522 0.00753464155925 4.3452e-06
pedestrian -1 -1 -10 972.26 166.73 1024.5 265.966 0.691924031734 0.526941744479 0.942999551119 7.35832486114 1.56245686416 13.3840000762 0.00753464155925 2.4168e-06
pedestrian -1 -1 -10 78.982 206.65 121.764 279.068 0.542940461269 1.13887516952 0.817000139005 -12.7060102641 2.05846438796 17.8793348063 0.00753464155925 1.0319e-06
pedestrian -1 -1 -10 1181.9 208.09 1233.23 310.54 0.841907539131 1.194868791 0.740999948647 7.16993699445 1.40333425216 8.30518441283 0.00753464155925 5.1829e-07
