pedestrian -1 -1 -10 718.49 194.15 733.959 245.031 1.98178236223 1.17787236202 0.216000013988 2.72232004043 1.67541771916 16.7087600472 0.00753464155925 0.018701
pedestrian -1 -1 -10 563.39 145.7 580.143 187.994 0.0999890208244 0.0919851618252 0.420999874941 -3.04973880413 0.81813476336 66.8889292865 0.00753464155925 0.0030281
pedestrian -1 -1 -10 293.11 137.28 317.759 197.47 0.349961572886 0.193978992776 0.594999131218 -18.5538598423 -0.0969516366809 44.7030695446 0.00753464155925 0.0018252
pedestrian -1 -1 -10 350.35 141.56 368.628 184.212 0.332963479395 0.146983256383 0.552000830476 -15.4392309268 -0.702384349938 46.3611682905 0.00753464155925 0.0016309
pedestrian -1 -1 -10 329.14 116.56 354.853 181.281 1.44384144259 0.61393306101 0.513999781623 -7.78663296138 0.612766802059 20.553209967 0.00753464155925 0.0013407
pedestrian -1 -1 -10 730.44 200.36 743.752 243.446 1.75380737973 0.72891928114 0.761999850666 3.05687047796 1.36074556368 16.0026123079 0.00753464155925 0.0010893
pedestrian -1 -1 -10 712.88 189.16 725.922 245.676 1.98178236223 1.1458743722 0.226999928605 2.72931905282 1.67835940156 16.9076906245 0.00753464155925 0.0010849
pedestrian -1 -1 -10 328.86 161.66 350.544 211.92 2.21675663507 0.87090487795 0.513999781623 -7.78736273078 1.38377987475 20.419004587 0.00753464155925 0.0010439
pedestrian -1 -1 -10 359.54 145.62 379.227 189.291 1.95678513086 0.991891913134 0.78699993838 -7.64053549417 1.06672563545 24.0686710708 0.00753464155925 0.00085951
pedestrian -1 -1 -10 409.62 149.91 429.762 204.482 0.293967726945 0.393957847036 0.385999561406 -10.4050167258 0.377792555935 39.6185336368 0.00753464155925 0.00085277
pedestrian -1 -1 -10 323.49 125.12 347.385 189.565 1.57282728756 0.673925954432 0.513999781623 -7.78681920088 0.741308576269 20.5222592847 0.00753464155925 0.0007985
pedestrian -1 -1 -10 717.89 173.33 744.853 245.101 1.92978805543 0.990892571934 0.681999951449 3.01795804877 1.53878331176 16.1385918597 0.00753464155925 0.00073376
pedestrian -1 -1 -10 343.62 133.88 364.952 182.789 0.0999890208244 0.0 0.0 -17.618680799 -1.00366244448 50.9794614417 0.0 0.00072256
pedestrian -1 -1 -10 426.0 134.42 456.616 185.302 0.309965883502 0.380958782867 0.598999793751 -9.38455642785 -0.62795163266 41.0365468797 0.00753464155925 0.00052377
pedestrian -1 -1 -10 320.33 105.26 356.264 203.524 1.57282728756 0.673925954432 0.513999781623 -7.78681920088 0.741308576269 20.5222592847 0.00753464155925 0.00045394
pedestrian -1 -1 -10 315.79 140.18 351.116 214.587 2.09876955998 0.888902555262 0.513999781623 -7.7874669127 1.26565957985 20.4108796495 0.00753464155925 0.00036308
pedestrian -1 -1 -10 423.48 128.8 442.871 176.618 0.101988894691 0.0829910910181 0.113999331864 -9.54357575197 -1.0851961545 40.2048598711 0.00753464155925 0.0003008
pedestrian -1 -1 -10 741.45 181.38 758.998 227.539 1.75480725706 0.744917322482 1.06799975127 3.20980552026 1.36051575007 15.9934697781 0.00753464155925 0.00027314
pedestrian -1 -1 -10 417.28 130.27 436.476 181.521 0.105988284835 0.203976219063 0.116999590345 -9.62494585788 -0.830443730683 41.1283592546 0.00753464155925 0.00024907
pedestrian -1 -1 -10 287.91 131.78 310.937 188.002 0.349961572886 0.193978992776 0.594999131218 -18.5538598423 -0.0969516366809 44.7030695446 0.00753464155925 0.00018228
pedestrian -1 -1 -10 410.37 135.82 439.359 197.228 0.323964404585 0.333966860753 0.909000118472 -10.3108360407 -0.0917387778005 41.6162730948 0.00753464155925 0.00017182
pedestrian -1 -1 -10 337.92 124.64 367.97 197.092 0.100988838561 0.00299802360236 0.133999783505 -13.1282040475 -0.813711612223 37.3174412881 0.00753464155925 0.00014562
pedestrian -1 -1 -10 0.0 125.71 35.922 210.847 1.96578414607 0.589935522213 0.526998358577 -19.5293369615 0.901402211362 23.8907270613 0.00753464155925 0.00011997
pedestrian -1 -1 -10 339.34 168.95 355.975 212.161 0.626931170582 0.195977675177 0.64899996918 -13.8433826227 0.908867913181 39.6140402769 0.00753464155925 0.00011377
pedestrian -1 -1 -10 349.51 138.43 378.862 200.828 1.46883873355 0.852907200637 0.672000202465 -7.69840934521 1.06173915802 23.9960594925 0.00753464155925 4.2862e-05
pedestrian -1 -1 -10 885.76 298.94 911.363 367.244 0.60493357122 0.629930625566 0.336999790029 2.26142961102 1.60396236562 5.16850722151 0.00753464155925 6.8187e-06
pedestrian -1 -1 -10 475.73 179.85 495.452 224.372 1.12787613714 0.626932125179 0.973999678958 -4.63159572399 1.55855118819 27.6165776362 0.00753464155925 3.9091e-06
pedestrian -1 -1 -10 10.662 92.769 90.792 227.609 1.70181315487 0.835906957385 0.688001422085 -22.9984061801 0.490435980596 30.3678864256 0.00753464155925 7.4204e-07
pedestrian -1 -1 -10 478.95 172.77 511.067 228.309 1.12787613714 0.609933789067 0.662999903859 -4.47603620015 1.55856379547 27.6239066141 0.00753464155925 3.8959e-07
pedestrian -1 -1 -10 230.43 178.1 302.274 245.808 1.44884094846 0.901900665861 1.19699918345 -4.95108724309 1.6958797977 10.6084802416 0.00753464155925 1.512e-07
pedestrian -1 -1 -10 996.72 261.08 1059.53 328.559 0.857905814884 0.637930123022 0.893999779741 2.54209815515 1.41573131122 4.28993007854 0.00753464155925 1.3984e-07
pedestrian -1 -1 -10 974.55 258.55 1035.08 333.12 0.857905814884 0.637930123022 0.792999978505 2.49159968388 1.41576807886 4.29031002931 0.00753464155925 3.5479e-08
