pedestrian -1 -1 -10 947.91 135.02 961.312 194.19 1.42784322643 1.16587168549 0.789999720024 6.31824258259 0.727625212379 13.1611094714 0.00753464155925 0.0063101
pedestrian -1 -1 -10 1164.1 182.28 1238.64 347.66 2.05377448392 1.19686890375 0.649999896394 5.39728472286 1.45327942259 6.75055467292 0.00753464155925 0.0023915
pedestrian -1 -1 -10 940.81 138.54 956.195 191.518 0.937896992507 1.1458743722 0.609999946786 5.91366777099 1.00838493778 11.8391929908 0.00753464155925 0.0020754
pedestrian -1 -1 -10 987.52 144.01 1019.5 209.729 1.56182851767 1.17787140845 0.630999848805 6.21937956967 0.875214830712 11.6434516626 0.00753464155925 0.0019639
pedestrian -1 -1 -10 990.09 163.93 1019.6 235.77 1.87179445481 1.19686842697 0.62499980868 5.86487356222 1.4531039907 10.6062195376 0.00753464155925 0.0019016
pedestrian -1 -1 -10 909.41 164.36 975.985 239.318 1.36884968889 1.1468737134 0.789999720024 6.31907947377 0.670311759242 13.2750307579 0.00753464155925 0.0013679
pedestrian -1 -1 -10 1195.6 200.55 1241.99 337.35 2.05177472925 1.194868791 0.670999798413 5.3852940027 1.45035617138 6.55264598158 0.00753464155925 0.00109
pedestrian -1 -1 -10 999.29 133.84 1014.63 182.02 1.55782894874 1.17987104443 0.614000132482 6.20994700038 0.873385509356 11.5195030289 0.00753464155925 0.00098373
pedestrian -1 -1 -10 956.48 136.82 971.06 188.286 1.70781242633 1.12887698966 0.656999863734 5.88623933706 1.29975330156 11.3262140706 0.00753464155925 0.00096645
pedestrian -1 -1 -10 936.42 128.03 963.567 194.822 0.939896776976 1.18087038563 0.61299972843 5.91176424935 1.00759409398 11.7857262868 0.00753464155925 0.0009202
pedestrian -1 -1 -10 382.85 175.67 394.319 213.383 0.304966496827 0.706923285455 0.371000176349 -11.6245976841 1.32758556977 37.926012153 0.00753464155925 0.00082109
pedestrian -1 -1 -10 944.64 122.57 977.701 195.973 1.42784322643 1.17287088817 0.789999720024 6.31792993149 0.727010907674 13.1196151037 0.00753464155925 0.00067384
pedestrian -1 -1 -10 851.94 141.86 871.9 186.693 1.88079349983 0.318965299903 0.562000102623 7.27059470987 1.04561796485 21.1701849723 0.00753464155925 0.00065859
pedestrian -1 -1 -10 1132.2 85.336 1238.45 350.236 2.05377448392 1.16487234429 0.644999783484 5.40118598234 1.45603086012 6.93650984087 0.00753464155925 0.00064024
pedestrian -1 -1 -10 990.98 165.17 1007.3 215.713 2.12576654602 1.18886988308 0.861999724687 5.98560163562 1.45256263465 10.9142403821 0.00753464155925 0.00058564
pedestrian -1 -1 -10 1025.6 228.17 1047.97 281.346 2.09776962304 1.18786958831 0.383000256599 5.55295392733 1.45589244591 9.43253850704 0.00753464155925 0.00035038
pedestrian -1 -1 -10 732.59 182.7 770.09 249.9 0.543940249207 0.82890966184 0.611999801215 2.50734138532 0.711315737818 11.2867605631 0.00753464155925 0.00026316
pedestrian -1 -1 -10 952.89 146.71 976.977 203.062 1.42784322643 1.169871911 0.714000006503 6.35670845446 0.728515297099 13.2228148148 0.00753464155925 0.00021141
pedestrian -1 -1 -10 903.26 212.76 925.288 257.997 0.351961327556 0.730919870682 1.08299961317 2.92517253858 0.833397342486 7.18781921818 0.00753464155925 0.00019301
pedestrian -1 -1 -10 335.0 221.91 381.646 347.67 1.40784544134 0.893902121976 0.72699965634 -2.20007112882 1.60939447316 5.4230161947 0.00753464155925 0.00018011
pedestrian -1 -1 -10 986.25 164.97 999.704 211.295 2.13276580656 1.17887074966 0.895999634171 6.00403035945 1.45536272439 11.1041376793 0.00753464155925 0.00013212
pedestrian -1 -1 -10 310.15 228.62 369.6 364.02 1.44284159505 1.18986970107 0.696999694133 -2.18733495273 1.60495760709 5.12420368488 0.00753464155925 6.777e-05
pedestrian -1 -1 -10 848.26 125.66 865.176 170.071 0.809911077022 0.244974001111 0.0670003685895 7.93554081843 0.0903118044359 22.7296052397 0.00753464155925 5.5705e-05
pedestrian -1 -1 -10 228.21 126.12 250.643 193.568 1.69881344092 0.229974347401 0.340999498887 -17.1118974165 0.539532096378 34.0632996328 0.00753464155925 2.5462e-05
pedestrian -1 -1 -10 1140.5 166.76 1208.43 328.82 2.05177472925 1.19586908577 0.522999603392 5.46324222091 1.45606644382 7.0765463864 0.00753464155925 1.2179e-05
pedestrian -1 -1 -10 901.93 209.9 937.665 279.661 0.351961327556 0.730919870682 1.04799977647 2.94267196161 0.833384601259 7.18768755243 0.00753464155925 9.3694e-06
pedestrian -1 -1 -10 322.94 258.22 346.927 318.222 1.45084064353 1.19586908577 0.696999694133 -2.18798470256 1.60468441469 5.03826024234 0.00753464155925 6.8372e-06
pedestrian -1 -1 -10 986.09 216.02 1041.29 357.16 2.08077152955 1.19287010859 0.349999797493 5.74494114199 1.45152644565 10.2936499388 0.00753464155925 3.5102e-06
pedestrian -1 -1 -10 849.41 156.28 920.956 242.327 1.5078344264 1.16387204951 1.1929995938 2.51779216464 1.65366643359 6.5837179595 0.00753464155925 3.4032e-06
pedestrian -1 -1 -10 1140.8 197.73 1182.3 316.51 2.05177472925 1.18986922428 0.60599976109 5.52597606828 1.45844927618 7.24006108737 0.00753464155925 1.4197e-06
pedestrian -1 -1 -10 250.6 179.41 356.54 288.27 0.301966864822 0.41395420675 0.474999759229 -7.22187879159 1.39782569077 17.6624850969 0.00753464155925 1.0015e-06
pedestrian -1 -1 -10 187.0 171.96 262.594 271.5 0.775914800644 0.72892023471 0.794999832935 -12.5131003893 1.63638977744 24.0327023833 0.00753464155925 1.6956e-07
