pedestrian -1 -1 -10 520.32 140.51 589.408 319.66 1.83099179119 0.539000145901 0.54799792031 -0.64072416778 1.42763964004 8.22254368321 0.00692802392802 0.99823
pedestrian -1 -1 -10 543.42 147.69 594.85 285.42 1.98599115908 0.749000041736 0.815996890836 -0.605362594762 0.97667773772 17.7179182053 0.00692802392802 0.0067952
pedestrian -1 -1 -10 528.95 146.7 585.826 242.451 1.83099179119 0.539000145901 0.54799792031 -0.64072416778 1.42763964004 8.22254368321 0.00692802392802 0.003396
pedestrian -1 -1 -10 488.3 138.33 518.117 207.498 1.5279931426 1.194998885 0.332998694263 -2.28280734729 0.550683077152 16.5122815792 0.00692802392802 0.0018593
pedestrian -1 -1 -10 680.62 158.58 700.645 198.811 2.06599078476 0.600999424869 1.12499565638 1.8630518442 1.16459413758 14.4629089137 0.00692802392802 0.00081325
pedestrian -1 -1 -10 672.01 163.36 689.473 200.339 1.73899222463 0.393998832727 0.986996282343 2.04078899202 0.732394911635 17.704944812 0.00692802392802 0.00066784
pedestrian -1 -1 -10 696.91 148.34 714.574 189.056 1.96599120796 0.574999419601 1.19899537947 2.12199682574 1.06386723445 14.4740562438 0.00692802392802 0.00058608
pedestrian -1 -1 -10 226.8 202.71 247.481 250.056 2.20499010235 1.19099917763 1.19699553193 -7.07485912185 1.28803712977 13.7688764887 0.00692802392802 0.00026348
pedestrian -1 -1 -10 347.03 214.7 370.801 275.447 1.0639952004 1.194998885 1.07099583913 -3.69500499684 1.38936687706 10.582163164 0.00692802392802 0.00016859
pedestrian -1 -1 -10 540.88 144.26 571.239 215.24 1.68099248558 0.539000145901 0.512998085115 -0.636431158039 1.27762796025 8.22242670086 0.00692802392802 0.00011906
pedestrian -1 -1 -10 667.62 177.85 685.123 219.344 1.47499336153 0.945000008093 1.07699591817 1.35961143788 1.44163684586 13.0200269587 0.00692802392802 0.00011138
pedestrian -1 -1 -10 326.63 198.26 351.496 275.891 0.225999036431 0.0260009589422 0.161999570976 -6.96353482311 1.589249204 18.5692242609 0.00692802392802 8.3317e-05
pedestrian -1 -1 -10 236.6 202.57 256.653 250.536 1.28599424064 0.213000153201 1.05899603868 -7.75375922043 0.311839745614 15.5780234385 0.00692802392802 6.4229e-05
pedestrian -1 -1 -10 680.95 153.56 713.782 208.36 2.06699070781 0.600999424869 1.18799550279 1.97455021041 1.16528745368 14.4621366628 0.00692802392802 4.2914e-05
pedestrian -1 -1 -10 551.28 139.21 573.722 241.97 1.83099179119 0.539000145901 0.54799792031 -0.64072416778 1.42763964004 8.22254368321 0.00692802392802 1.3697e-06
pedestrian -1 -1 -10 1197.9 231.42 1223.19 309.609 0.973995599151 0.254999464796 0.823996787602 4.4823502705 1.47287702685 5.28352959205 0.00692802392802 1.0201e-07
