pedestrian -1 -1 -10 303.08 157.43 318.916 207.399 2.31974531173 1.11287704118 0.751000174467 -9.93381002054 1.41352154893 23.8919768429 0.00753464155925 0.014856
pedestrian -1 -1 -10 434.67 200.1 448.98 240.095 0.297967355482 0.434951814805 0.681000024234 -6.57284384406 1.77849522129 27.8618380368 0.00753464155925 0.0022171
pedestrian -1 -1 -10 315.9 155.86 344.491 237.219 2.96667423165 1.17187250054 0.787999865595 -9.56023608714 2.02261892572 25.4676522002 0.00753464155925 0.0018695
pedestrian -1 -1 -10 262.42 162.52 277.642 214.207 2.54172094082 1.1938694498 0.319999596868 -9.72329674142 1.67489562279 20.9542592072 0.00753464155925 0.0017362
pedestrian -1 -1 -10 428.84 201.17 444.728 239.72 1.56782784128 0.345962769442 0.242999956132 -5.17704156298 1.16676719176 23.6977013512 0.00753464155925 0.001669
pedestrian -1 -1 -10 303.31 153.64 334.8 242.313 3.01666881358 1.1718705934 0.447999817085 -9.7342124633 2.08898094873 24.4042037447 0.00753464155925 0.0010153
pedestrian -1 -1 -10 421.47 199.51 441.253 236.457 0.467948647973 0.58593625027 0.913999754546 -6.68876440559 1.94959010688 27.9309462998 0.00753464155925 0.00066501
pedestrian -1 -1 -10 416.16 201.61 434.449 235.256 0.467948647973 0.58593625027 0.742999803076 -6.77426196132 1.94965235714 27.9315895839 0.00753464155925 0.0002715
pedestrian -1 -1 -10 427.31 180.71 448.752 238.446 0.306966191899 0.349962041385 0.379000070904 -6.95540808134 1.80554756268 28.0519125624 0.00753464155925 0.00024015
pedestrian -1 -1 -10 437.63 192.45 455.311 236.242 0.940896646862 0.730918917112 0.906999787206 -4.76236831691 2.03466767092 22.0763663584 0.00753464155925 0.0001404
pedestrian -1 -1 -10 172.96 163.44 193.559 218.032 2.53172192908 1.18887083665 1.19399987864 -10.5974472352 1.68883417745 18.1446775742 0.00753464155925 0.00010221
pedestrian -1 -1 -10 952.53 93.6 1005.38 211.86 1.59882439626 0.973892328682 0.371999626727 14.1492785132 0.554379018432 27.2498858705 0.00753464155925 8.9442e-05
pedestrian -1 -1 -10 412.68 192.63 444.466 239.578 0.467948647973 0.58593625027 0.830999596848 -6.73026330982 1.94962032198 27.9312585378 0.00753464155925 8.4798e-05
pedestrian -1 -1 -10 402.5 173.99 444.502 233.849 0.571937172177 0.170982702319 0.0450000625189 -9.57401358994 1.30860638874 37.7447942531 0.00753464155925 5.3755e-05
pedestrian -1 -1 -10 517.99 190.46 532.43 223.643 1.3518515358 0.402955732122 0.847999790008 -3.92603709412 2.23369626336 34.8109164451 0.00753464155925 2.8028e-05
pedestrian -1 -1 -10 418.26 169.59 458.707 239.561 1.56682790435 0.583935660729 0.360999950529 -9.43119685794 1.65671829034 40.1267563282 0.00753464155925 1.3902e-05
pedestrian -1 -1 -10 443.53 184.2 461.788 235.01 0.627930988319 0.590934863414 0.572999778821 -5.6873469504 1.60324533099 28.2232529833 0.00753464155925 1.2834e-05
pedestrian -1 -1 -10 479.53 196.78 499.643 240.048 0.833908401254 0.877904080635 0.701999926253 -3.88020957724 2.10208885227 22.6805140943 0.00753464155925 5.9041e-06
pedestrian -1 -1 -10 392.36 155.67 423.924 224.669 1.87579402375 0.927899747769 0.34500016142 -9.72601504918 0.763856395279 35.2028033136 0.00753464155925 5.4916e-06
pedestrian -1 -1 -10 409.68 194.77 427.297 232.487 1.19186907626 0.590934863414 0.189000071844 -9.51609979437 2.15500534828 36.2192086344 0.00753464155925 4.3685e-06
pedestrian -1 -1 -10 432.61 180.92 465.917 238.141 2.01977817774 0.345962769442 0.242999956132 -5.17718091502 1.16676719176 23.7010478572 0.00753464155925 4.3422e-06
pedestrian -1 -1 -10 474.27 180.93 510.089 236.585 1.17087147343 0.979892190166 1.19399940181 -4.53564613604 1.99651559313 28.8983657531 0.00753464155925 5.8999e-07
pedestrian -1 -1 -10 486.6 183.43 517.179 233.103 0.999890244003 0.937896974057 1.07799950026 -4.25112292993 2.0022105436 29.0909000706 0.00753464155925 3.0933e-07
pedestrian -1 -1 -10 996.84 171.64 1016.03 231.731 0.71492151588 0.887901306922 0.831999524062 9.84843428957 0.873949222886 17.5106714251 0.00753464155925 7.7764e-08
