pedestrian -1 -1 -10 537.59 158.95 565.561 248.763 1.79799191654 0.914999341778 0.916996611952 -0.920487871011 1.36651120505 15.1286006529 0.00692802392802 0.99279
pedestrian -1 -1 -10 566.54 159.75 594.102 248.443 1.80299191922 0.95699913021 1.18199555786 -0.453011063748 1.36789738835 15.4123673989 0.00692802392802 0.98709
pedestrian -1 -1 -10 416.77 164.49 429.482 206.877 0.838996271789 0.416999534303 0.718997162806 -9.08689609584 0.512797903375 36.3152644194 0.00692802392802 0.98088
pedestrian -1 -1 -10 595.94 155.86 633.15 258.82 1.82599178851 0.800999098599 1.06999597497 0.306679815987 1.3978456232 13.6260815313 0.00692802392802 0.98015
pedestrian -1 -1 -10 629.1 169.4 661.541 251.66 1.80899190456 1.02899958496 0.862996779796 0.697517291937 1.37954440773 13.821367197 0.00692802392802 0.9144
pedestrian -1 -1 -10 387.55 165.51 402.404 211.451 1.54299312085 0.452998808003 0.44699787137 -8.2297992722 1.0690961397 28.7423777951 0.00692802392802 0.90946
pedestrian -1 -1 -10 328.26 156.62 339.105 193.855 0.59499733001 0.19699846269 0.6459974827 -15.7378795442 0.0811065775432 41.5891127952 0.00692802392802 0.8036
pedestrian -1 -1 -10 191.36 163.17 204.362 197.767 1.23599445224 0.567998501188 0.638997539502 -17.5999960939 0.512772338723 31.5083929402 0.00692802392802 0.73893
pedestrian -1 -1 -10 377.72 160.62 397.134 218.38 2.37698932439 1.16500012603 1.0159959789 -7.04953836185 1.14466900857 23.644677438 0.00692802392802 0.69772
pedestrian -1 -1 -10 370.17 158.46 389.325 220.319 1.36499388367 0.388999675348 0.448998672573 -8.76623754784 0.893936290257 28.4269859916 0.00692802392802 0.67981
pedestrian -1 -1 -10 336.81 157.83 348.33 199.951 1.14499489814 0.411998469577 0.732997049201 -11.9075793035 0.658973566502 33.3452247495 0.00692802392802 0.63072
pedestrian -1 -1 -10 368.81 159.01 381.349 211.965 1.13199491501 0.208999492155 0.397998268989 -10.6443688318 0.643539299476 33.3019635997 0.00692802392802 0.61382
pedestrian -1 -1 -10 345.15 159.31 368.727 203.152 1.14499489814 0.688998709106 0.958996032719 -11.4766892293 0.6579699703 33.1837337353 0.00692802392802 0.56725
pedestrian -1 -1 -10 329.89 154.57 346.439 194.851 0.103999483586 0.166000253716 0.453998768238 -17.0698080961 -1.92667530376 45.477887039 0.00692802392802 0.55059
pedestrian -1 -1 -10 577.23 158.06 610.222 252.679 1.91399142444 0.735999562265 1.06299603177 -0.250904189929 1.36721478707 15.5214044197 0.00692802392802 0.54995
pedestrian -1 -1 -10 347.79 161.01 359.431 201.586 1.14499489814 0.708999153316 1.1049963466 -11.5496183515 0.658159079433 33.1942396937 0.00692802392802 0.53551
pedestrian -1 -1 -10 186.21 164.59 198.443 198.029 0.97599568367 0.974999720734 0.385998230126 -18.2716829845 -0.626149186445 31.3073678463 0.00692802392802 0.50353
pedestrian -1 -1 -10 555.22 161.06 585.08 245.787 1.79699196368 0.927998867576 1.17999562092 -0.676909923007 1.36349651541 15.4284174701 0.00692802392802 0.44939
pedestrian -1 -1 -10 195.07 160.32 212.95 196.523 1.23599445224 0.567998501188 0.638997539502 -17.5999960939 0.512772338723 31.5083929402 0.00692802392802 0.41487
pedestrian -1 -1 -10 361.01 158.31 376.266 212.953 1.1299949497 0.46699873748 0.442998176306 -11.2194834287 0.643389667961 33.0709407443 0.00692802392802 0.38068
pedestrian -1 -1 -10 358.42 157.89 370.547 206.329 2.31698970944 0.332000507432 0.215999269022 -6.38981457119 1.24891104044 19.2206535088 0.00692802392802 0.37177
pedestrian -1 -1 -10 609.12 154.94 627.768 252.027 1.80899190456 0.876999260719 1.13699569525 0.340418693307 1.38070942635 13.6638387841 0.00692802392802 0.3455
pedestrian -1 -1 -10 423.08 165.85 435.325 206.199 1.03699534088 0.543998349606 0.592998185254 -9.02318517347 0.710549884837 36.3784388891 0.00692802392802 0.26835
pedestrian -1 -1 -10 310.07 159.43 328.505 194.354 1.10799506307 0.485999731684 0.77999680405 -15.3165789242 0.606650068986 38.3499272251 0.00692802392802 0.26406
pedestrian -1 -1 -10 558.02 165.2 568.665 238.038 1.80199193656 0.992999357584 1.17699562611 -0.790218537968 1.36910837761 15.1666998205 0.00692802392802 0.2119
pedestrian -1 -1 -10 573.99 162.22 598.2 226.283 1.91399142444 0.825999653861 1.16899558033 -0.354213073144 1.36755035442 15.4771193613 0.00692802392802 0.20588
pedestrian -1 -1 -10 617.7 165.06 643.981 251.699 1.80899190456 1.0589992976 1.14299572958 0.557417261415 1.37994682935 13.8073380604 0.00692802392802 0.19495
pedestrian -1 -1 -10 623.8 189.43 652.886 258.013 1.80899190456 1.11299916182 1.00899622942 0.624228347429 1.37979399079 13.7798743898 0.00692802392802 0.13402
pedestrian -1 -1 -10 214.06 167.21 226.528 197.794 0.821996343136 0.298999583752 0.445997470769 -17.4740778296 0.522301513958 32.4922985165 0.00692802392803 0.092602
pedestrian -1 -1 -10 591.07 172.71 621.832 248.109 1.82599178851 0.765999274906 0.912996559262 0.228060754924 1.39808183744 13.609126134 0.00692802392802 0.092045
pedestrian -1 -1 -10 592.3 164.75 608.583 222.733 1.82599178851 0.749999491742 0.626997619848 0.0850092971858 1.39848436775 13.6021175876 0.00692802392802 0.078727
pedestrian -1 -1 -10 560.56 164.57 576.404 228.721 1.79699196368 0.820999542809 1.11099579979 -0.707038404274 1.36351816615 15.4821272482 0.00692802392802 0.062123
pedestrian -1 -1 -10 584.78 167.78 602.766 249.249 1.91399142444 0.585999091712 1.03799608988 -0.237884919977 1.36709319009 15.5963162157 0.00692802392802 0.061481
pedestrian -1 -1 -10 632.12 166.57 652.336 223.028 1.80899190456 1.02899958496 0.906996614336 0.675517903123 1.37960490412 13.8215196821 0.00692802392802 0.043698
pedestrian -1 -1 -10 611.4 194.6 634.236 254.065 1.80899190456 0.800999098599 1.16199560733 0.396653863353 1.38059825404 13.6254480055 0.00692802392802 0.03474
pedestrian -1 -1 -10 639.74 169.55 664.063 220.709 1.56599299107 0.622999722765 0.656997538192 0.802255891945 1.37902508917 14.0237873326 0.00692802392802 0.034013
pedestrian -1 -1 -10 624.27 165.07 638.966 234.782 1.80899190456 1.02899958496 1.11999581404 0.56902086148 1.37989776166 13.8222578487 0.00692802392802 0.024363
pedestrian -1 -1 -10 566.5 163.52 582.649 223.124 1.80199193656 0.927998867576 1.14799569114 -0.584905568732 1.36824350333 15.4277826648 0.00692802392802 0.018405
pedestrian -1 -1 -10 179.77 159.57 191.152 197.857 2.05699082166 1.01099899443 0.834997856369 -17.7218847133 0.495376977652 30.3962130692 0.00692802392802 0.015752
pedestrian -1 -1 -10 638.02 166.39 673.919 243.766 1.56599299107 0.622999722765 0.656997538192 0.802255891945 1.37902508917 14.0237873326 0.00692802392802 0.012049
pedestrian -1 -1 -10 545.09 159.6 564.617 206.453 1.80199193656 1.02599837392 0.99499632812 -0.881101693002 1.36933942402 15.1838296665 0.00692802392802 0.010827
pedestrian -1 -1 -10 300.43 156.99 320.578 194.737 1.10799506307 0.485999731684 0.77999680405 -15.3165789242 0.606650068986 38.3499272251 0.00692802392802 0.010173
pedestrian -1 -1 -10 432.05 164.92 448.545 205.059 0.742996625602 0.823996939154 0.713997543976 -7.50789974953 -0.791090588836 32.4062685304 0.00692802392802 0.0084365
pedestrian -1 -1 -10 408.81 165.73 421.384 203.753 0.0999995529652 0.0 0.0 -14.8114051172 -0.200866151857 56.8165274541 0.0 0.007924
pedestrian -1 -1 -10 546.91 161.81 571.892 226.648 1.79699196368 1.12599868762 1.06399607475 -0.846263143459 1.36418643247 15.2335866392 0.00692802392802 0.0058222
pedestrian -1 -1 -10 172.51 159.74 184.114 199.704 2.05699082166 1.11899872288 0.58899849019 -17.8435443459 0.495490752554 30.5900606778 0.00692802392802 0.0056269
pedestrian -1 -1 -10 622.48 159.49 677.71 268.13 1.56599299107 0.949999165472 0.764997142901 0.74712466579 1.37936372769 13.8606658166 0.00692802392802 0.0052663
pedestrian -1 -1 -10 562.84 161.62 576.334 200.312 1.79699196368 0.991998953904 1.19499555029 -0.684631402828 1.36355435466 15.3964701784 0.00692802392802 0.0039519
pedestrian -1 -1 -10 175.43 159.8 206.914 198.776 0.97599568367 0.974999720734 0.385998230126 -18.2716829845 -0.626149186445 31.3073678463 0.00692802392802 0.0038752
pedestrian -1 -1 -10 402.76 166.32 418.054 208.328 0.0999995529652 0.16099918899 0.510997760747 -14.2403554429 -0.203909400439 52.8549714071 0.00692802392802 0.0035038
pedestrian -1 -1 -10 597.29 156.3 614.365 201.728 1.82599178851 0.765999274906 0.912996559262 0.228060754924 1.39808183744 13.609126134 0.00692802392802 0.0030419
pedestrian -1 -1 -10 627.66 164.93 643.748 213.08 1.80899190456 1.0589992976 1.05199606964 0.602915998441 1.37982171181 13.8070226935 0.00692802392802 0.0027998
pedestrian -1 -1 -10 436.95 164.97 453.966 200.253 1.14699486345 0.262000860045 0.758996974458 -6.99086050071 0.813388313223 33.3683419994 0.00692802392802 0.0022842
pedestrian -1 -1 -10 538.43 188.02 555.445 248.113 1.77299205214 0.614999354347 0.596997820714 -1.08155709137 1.34212576182 14.9796989428 0.00692802392802 0.0018527
pedestrian -1 -1 -10 163.61 152.99 179.04 195.802 2.05299083143 1.16499821869 0.653996872828 -17.811917076 0.492042087807 30.031826496 0.00692802392802 0.0017067
pedestrian -1 -1 -10 168.62 160.02 193.21 200.596 1.39299375564 0.832000168594 0.58899849019 -17.8416345882 0.49532386537 30.7339362857 0.00692802392802 0.0014911
pedestrian -1 -1 -10 376.01 184.07 388.263 222.738 1.36499388367 0.388999675348 0.448998672573 -8.76623754784 0.893936290257 28.4269859916 0.00692802392802 0.0010393
pedestrian -1 -1 -10 658.26 166.69 669.723 205.45 1.06399525255 0.457000422723 0.63699769197 3.39539925072 0.953231405123 39.0632363386 0.00692802392802 0.00098104
pedestrian -1 -1 -10 606.0 201.81 623.815 255.288 1.80899190456 0.853999512816 1.06999597497 0.306839967097 1.38081491997 13.6525713793 0.00692802392802 0.00093741
pedestrian -1 -1 -10 622.62 156.68 634.863 203.683 0.312998600304 0.125999365297 0.394998557295 1.29666334517 0.833210852152 35.4014846611 0.00692802392802 0.00087196
pedestrian -1 -1 -10 531.26 171.54 553.815 247.0 1.77299205214 0.815999431756 0.708997388707 -1.02486239144 1.3418548912 15.0798084258 0.00692802392802 0.00067114
pedestrian -1 -1 -10 209.51 160.92 232.5 200.858 1.74799221754 1.07799838445 0.42799788931 -18.2482402791 0.0535453625808 34.1401163975 0.00692802392802 0.00052835
pedestrian -1 -1 -10 613.47 157.08 628.725 213.517 1.80899190456 1.04899907549 1.19299550905 0.382013352833 1.38049666667 13.7495524509 0.00692802392802 0.00047845
pedestrian -1 -1 -10 532.55 163.26 547.411 214.939 1.77299205214 0.878999114405 0.693997459337 -1.03214394606 1.34183888118 15.1113594947 0.00692802392802 0.00039422
pedestrian -1 -1 -10 16.587 159.53 57.028 212.398 1.33699403591 0.861998927561 0.675998056692 -18.1430502797 -0.0128379101144 22.8582728416 0.00692802392802 0.0002207
pedestrian -1 -1 -10 159.02 150.61 184.325 203.357 2.04999088347 1.15499799658 0.605998624718 -17.8369104632 0.489274440868 29.8889940481 0.00692802392802 0.00014385
pedestrian -1 -1 -10 763.99 134.61 801.981 216.569 2.11799053848 0.99599961495 1.18599589367 7.60901129086 0.659115884079 29.0003410905 0.00692802392802 7.791e-05
pedestrian -1 -1 -10 290.29 153.12 317.254 190.703 0.10099953562 0.0979995063418 0.155000104614 -22.500010733 -0.4480075996 52.7464081296 0.00692802392802 6.6341e-05
pedestrian -1 -1 -10 78.288 161.93 120.378 200.908 2.01499101371 1.16199796132 0.639996986433 -18.1807094563 0.583190070547 25.5468987269 0.00692802392802 1.0817e-05
pedestrian -1 -1 -10 13.182 144.0 78.567 223.585 0.4639979342 0.436000528507 0.671996454286 -16.6858976046 0.331970289194 21.266046916 0.00692802392802 1.4692e-06
pedestrian -1 -1 -10 23.054 167.63 72.354 218.366 0.910995902121 0.38199971061 0.796995984908 -16.2145625987 0.60438137878 20.6438235742 0.00692802392802 1.4037e-06
pedestrian -1 -1 -10 76.912 145.76 138.87 195.834 2.03499090523 1.16699902605 0.72299685787 -18.1366090689 0.59263919845 25.9221015433 0.00692802392802 4.708e-07
pedestrian -1 -1 -10 1114.8 187.18 1159.33 240.837 0.773996564746 0.213998649534 1.00399784738 16.7598247853 1.7288501302 22.0417991318 0.00692802392803 1.1957e-08
