pedestrian -1 -1 -10 746.29 160.01 772.637 232.97 1.59499287456 0.617998658039 0.867996771153 3.37893329786 1.22484380046 15.8372848286 0.00692802392802 0.98202
pedestrian -1 -1 -10 722.53 161.27 741.125 235.032 1.62399278879 0.62899833015 0.752997193445 3.10851883858 1.25458114931 15.8446759934 0.00692802392802 0.96201
pedestrian -1 -1 -10 1032.0 125.71 1083.45 279.38 1.79499202818 1.11899872288 0.813996596271 6.41669287407 1.21656640509 9.62946017294 0.00692802392802 0.87716
pedestrian -1 -1 -10 715.27 160.55 759.938 232.596 1.62399278879 0.62899833015 0.883996743498 3.17401704025 1.25440103499 15.8442220035 0.00692802392802 0.74122
pedestrian -1 -1 -10 728.99 162.83 746.53 228.52 1.60399277806 0.617998658039 0.872996866819 3.1684515529 1.23442254446 15.8387489814 0.00692802392802 0.52964
pedestrian -1 -1 -10 1017.6 124.26 1119.83 293.4 2.07699065357 1.19699873869 0.943996222558 6.48117427703 1.25542694766 9.59489388975 0.00692802392802 0.083785
pedestrian -1 -1 -10 715.58 165.62 734.807 221.835 1.62399278879 0.62899833015 0.620997719626 3.04252068704 1.25476263845 15.8451334486 0.00692802392802 0.052042
pedestrian -1 -1 -10 728.06 154.24 769.103 249.091 1.60399277806 0.617998658039 1.08099603046 3.27244863657 1.23413656159 15.8380281429 0.00692802392802 0.046637
pedestrian -1 -1 -10 517.29 186.07 535.954 238.141 2.21099017709 0.821998992815 1.05999608166 -1.39148156152 1.37260241298 12.68606997 0.00692802392802 0.041769
pedestrian -1 -1 -10 758.54 162.6 776.89 228.334 1.58999290168 0.558998682763 0.66299737881 3.48162801232 1.21952766119 15.8660708061 0.00692802392802 0.032008
pedestrian -1 -1 -10 705.84 159.14 740.572 234.176 1.62399278879 0.62899833015 0.644997797351 3.05452043765 1.25472964019 15.8450502743 0.00692802392802 0.031519
pedestrian -1 -1 -10 743.5 160.51 763.458 201.972 1.60399277806 0.617998658039 1.01199628383 3.30694768117 1.23404169224 15.8377890185 0.00692802392802 0.017485
pedestrian -1 -1 -10 712.62 167.59 725.911 215.088 2.32598967254 0.641999763295 0.699997180746 4.37368021493 1.01966109961 25.8339764057 0.00692802392802 0.013893
pedestrian -1 -1 -10 701.95 162.72 729.785 212.741 2.32598967254 0.641999763295 0.699997180746 4.37368021493 1.01966109961 25.8339764057 0.00692802392802 0.011888
pedestrian -1 -1 -10 703.78 166.62 720.127 206.767 2.32598967254 0.641999763295 0.670997484191 4.35918071495 1.01970097197 25.8340769066 0.00692802392802 0.0046924
pedestrian -1 -1 -10 753.11 153.22 783.889 248.046 1.58999290168 0.558998682763 0.66299737881 3.48162801232 1.21952766119 15.8660708061 0.00692802392802 0.0029927
pedestrian -1 -1 -10 763.28 156.61 782.114 203.53 0.802996389568 1.08199999917 0.115999739892 6.6910381257 0.42798267397 26.9631466928 0.00692802392802 0.002386
pedestrian -1 -1 -10 726.8 195.82 742.892 249.114 1.62399278879 0.62899833015 0.837996912414 3.15101767718 1.25446428123 15.8443814197 0.00692802392802 0.0020458
pedestrian -1 -1 -10 734.2 190.23 748.67 233.955 2.1469903931 0.677999036995 0.61799770991 4.42794004088 1.15267758056 20.4447263672 0.00692802392802 0.0019894
pedestrian -1 -1 -10 585.92 162.27 641.682 226.932 0.7089968279 0.693999773832 0.882996670721 0.0620698096065 0.694278944327 11.2160485036 0.00692802392802 0.0019086
pedestrian -1 -1 -10 766.09 160.45 794.233 232.83 1.31099419445 0.979998878113 0.143999512682 6.7026690842 0.936457181027 26.5203522531 0.00692802392802 0.001322
pedestrian -1 -1 -10 611.81 165.12 624.975 214.592 0.7089968279 1.05699944391 0.840996832723 0.0818117990286 0.694432278953 11.0344074703 0.00692802392802 0.0011836
pedestrian -1 -1 -10 757.43 156.56 773.804 203.682 1.59499287456 0.558998682763 0.711997219609 3.457135575 1.22459500509 15.8662434788 0.00692802392802 0.00091224
pedestrian -1 -1 -10 511.23 186.38 527.818 225.205 0.99999550581 0.476998959585 0.693997518942 -1.68737812703 1.15328863609 16.3001584909 0.00692802392802 0.00088209
pedestrian -1 -1 -10 706.54 155.45 726.728 199.941 2.32598967254 0.641999763295 0.699997180746 4.37368021493 1.01966109961 25.8339764057 0.00692802392802 0.000872
pedestrian -1 -1 -10 735.23 152.87 766.357 216.322 1.60399277806 0.617998658039 1.03799597067 3.29394815001 1.23407743981 15.8378791226 0.00692802392802 0.00082146
pedestrian -1 -1 -10 739.05 187.33 753.503 231.9 2.15199036598 0.677999036995 0.651997502131 4.44457963192 1.02463138468 20.4444592593 0.00692802392802 0.00068107
pedestrian -1 -1 -10 1211.9 213.91 1223.95 261.518 2.03399092257 1.12999934867 0.506998065683 7.01471287157 1.26494645262 7.85469090505 0.00692802392802 0.00062609
pedestrian -1 -1 -10 681.55 165.24 696.76 203.155 2.40498919636 0.585000595379 0.585998003639 4.29341257257 0.912752535363 31.1919945042 0.00692802392802 0.00055765
pedestrian -1 -1 -10 506.92 219.79 531.085 269.566 0.105999448896 0.071000051067 0.187999257815 -1.68490682051 1.30513083396 14.6877976348 0.00692802392802 0.00016834
pedestrian -1 -1 -10 709.46 183.91 730.878 238.285 2.03399092257 0.641999763295 0.699997180746 4.37408285803 1.01966109961 25.834143415 0.00692802392802 0.00013157
pedestrian -1 -1 -10 1207.9 227.1 1223.99 295.517 2.03399092257 1.1529995734 0.506998065683 7.01515972588 1.26487144017 7.91918940688 0.00692802392802 9.8632e-05
pedestrian -1 -1 -10 991.06 9.9218 1129.34 339.312 2.07699065357 1.19799914237 0.873996313749 6.44640725149 1.25548423204 9.62863584817 0.00692802392802 2.3359e-05
pedestrian -1 -1 -10 1056.1 124.66 1100.55 248.28 2.07699065357 1.19699873869 0.997995920605 6.50865150869 1.25527245619 9.66370529075 0.00692802392802 5.426e-06
pedestrian -1 -1 -10 520.94 200.78 547.785 269.777 1.34199401438 0.836999325973 0.759997166444 -0.783944391633 1.39036075207 10.5618344402 0.00692802392802 6.0699e-07
pedestrian -1 -1 -10 739.8 129.94 763.341 184.507 1.77299205214 0.677999036995 0.657997521562 4.44705696098 0.645624821269 20.4442216968 0.00692802392802 2.4606e-07
