pedestrian -1 -1 -10 504.93 139.92 594.227 370.0 1.85599171519 0.771999312801 0.588997760036 -0.475235973 1.49201535285 5.7468964937 0.00692802392802 0.99871
pedestrian -1 -1 -10 544.73 144.76 597.355 321.7 1.85599171519 0.771999312801 0.588997760036 -0.475235973 1.49201535285 5.7468964937 0.00692802392802 0.017214
pedestrian -1 -1 -10 501.08 160.32 560.122 332.99 1.85599171519 0.771999312801 0.588997760036 -0.475235973 1.49201535285 5.7468964937 0.00692802392802 0.0071935
pedestrian -1 -1 -10 664.48 208.06 681.223 260.655 2.06399075985 0.377999049564 1.18999552913 1.43500363858 1.1697008494 14.5273831817 0.00692802392802 0.0041543
pedestrian -1 -1 -10 538.57 140.13 582.844 222.321 0.200999097526 0.979998878113 0.238999065355 -1.19766577088 -0.255341429775 20.9132053503 0.00692802392802 0.00085853
pedestrian -1 -1 -10 554.78 143.19 578.045 200.014 1.86099165827 0.591001110112 0.806996951096 -0.676880574052 0.851849264272 17.7403420582 0.00692802392802 0.00045099
pedestrian -1 -1 -10 647.8 132.91 662.157 170.873 1.53099315017 0.378000003237 1.14899573411 1.10193037557 0.637591974668 14.5513822298 0.00692802392802 0.00026015
pedestrian -1 -1 -10 682.48 157.71 702.948 203.489 1.40699369162 0.423999499042 1.17999563582 2.33173177766 0.736599545152 17.7001276903 0.00692802392802 0.00017582
pedestrian -1 -1 -10 346.4 214.09 373.147 273.596 1.00499547869 1.11599941919 1.01499629355 -3.67671454037 1.38544553454 10.4695637037 0.00692802392802 6.7549e-05
pedestrian -1 -1 -10 1051.0 277.7 1073.39 330.928 0.927995800972 0.384999491139 0.402998603072 3.22612864084 1.49130885458 5.3122815255 0.00692802392802 5.7848e-05
pedestrian -1 -1 -10 689.15 152.33 714.331 199.278 2.06099075228 0.571999162235 1.18199560256 2.06246251344 1.16506116806 14.4480307504 0.00692802392802 5.7084e-05
pedestrian -1 -1 -10 492.25 168.43 538.966 290.4 1.85599171519 0.771999312801 0.588997760036 -0.475235973 1.49201535285 5.7468964937 0.00692802392802 5.0325e-05
pedestrian -1 -1 -10 700.95 147.28 720.408 197.055 1.95999119282 0.379999856923 1.14399563844 2.25709330365 1.06256262414 14.4146205155 0.00692802392802 3.979e-05
pedestrian -1 -1 -10 495.85 171.49 516.707 225.934 1.56599295288 0.763999421219 1.13199571879 -1.70593073614 1.37636309209 12.7816301894 0.00692802392802 2.7623e-05
pedestrian -1 -1 -10 653.24 126.77 667.651 167.309 1.57699294835 0.811999724384 0.515998035226 1.09434294246 0.759983267231 12.4794997152 0.00692802392802 2.0287e-05
pedestrian -1 -1 -10 589.14 141.29 606.63 187.931 1.86099165827 0.54499970696 1.18799553259 -0.0640511967825 0.850106841475 17.7860947376 0.00692802392802 6.4173e-06
pedestrian -1 -1 -10 498.72 139.86 574.384 231.975 1.75299213082 0.731999378055 0.588997760036 -0.475412641863 1.38902158351 5.74183759182 0.00692802392802 6.2e-07
pedestrian -1 -1 -10 507.68 185.31 528.104 268.752 1.85599171519 0.771999312801 0.588997760036 -0.475235973 1.49201535285 5.7468964937 0.00692802392802 3.7101e-07
pedestrian -1 -1 -10 526.79 134.47 564.515 251.53 1.78199204504 0.735999562265 0.588997760036 -0.475386509858 1.41802382382 5.73985413428 0.00692802392802 1.8087e-09
