pedestrian -1 -1 -10 845.71 149.64 926.693 303.12 1.77099204212 0.63099913751 0.650997578365 3.41362197057 1.4590356032 8.59253561216 0.00692802392802 0.99575
pedestrian -1 -1 -10 189.91 159.72 201.954 198.864 1.21699460298 0.919000002824 0.774996708385 -17.6009949233 0.49576179368 30.6458706068 0.00692802392802 0.75003
pedestrian -1 -1 -10 1163.9 171.07 1197.46 244.549 1.47699343115 0.498000761149 0.385998230126 13.2208293721 1.49642051282 16.0844911339 0.00692802392802 0.59465
pedestrian -1 -1 -10 1183.3 173.77 1205.02 245.626 1.43199364543 0.443999943252 0.328999237617 14.2397646113 1.58977135388 16.8185840536 0.00692802392802 0.29299
pedestrian -1 -1 -10 353.22 156.04 373.165 192.787 2.20599014461 0.457000422723 0.163999418508 -6.40602586216 1.13796535678 19.2122019834 0.00692802392802 0.10767
pedestrian -1 -1 -10 345.98 158.95 366.548 192.989 0.850996212661 0.251003095282 0.428998289911 -14.2074134319 0.337782033084 40.8056393801 0.00692802392802 0.066759
pedestrian -1 -1 -10 190.61 160.33 215.989 198.474 0.986995612085 0.942998247059 0.460998711435 -17.5164061538 0.514338121752 31.6874654418 0.00692802392802 0.060194
pedestrian -1 -1 -10 366.2 157.17 379.293 208.861 0.846996222436 0.103000571068 0.24699976678 -13.1507547683 0.331597210425 41.0423193405 0.00692802392802 0.0568
pedestrian -1 -1 -10 858.16 158.53 914.007 267.81 1.77099204212 0.63099913751 0.650997578365 3.41362197057 1.4590356032 8.59253561216 0.00692802392802 0.054227
pedestrian -1 -1 -10 1191.5 176.87 1207.39 235.479 0.625997194648 0.346999886916 0.402998364654 25.8086461364 0.467592897758 30.1694296609 0.00692802392802 0.022282
pedestrian -1 -1 -10 359.08 154.06 384.487 214.509 0.846996222436 0.103000571068 0.24699976678 -13.1507547683 0.331597210425 41.0423193405 0.00692802392802 0.01495
pedestrian -1 -1 -10 202.07 161.24 217.783 198.65 0.999995565414 1.17999950552 0.47499859783 -17.5054152612 0.52665185542 32.2609108408 0.00692802392802 0.014774
pedestrian -1 -1 -10 848.1 163.21 894.585 290.3 1.77099204212 0.63099913751 0.650997578365 3.41362197057 1.4590356032 8.59253561216 0.00692802392802 0.013212
pedestrian -1 -1 -10 881.72 153.93 924.96 222.61 1.77199208438 0.63099913751 0.650997578365 3.41362334955 1.46003564546 8.59253618413 0.00692802392802 0.011295
pedestrian -1 -1 -10 1179.9 174.28 1197.49 228.058 1.47699343115 0.498000761149 0.385998230126 13.2208293721 1.49642051282 16.0844911339 0.00692802392802 0.010308
pedestrian -1 -1 -10 441.85 165.04 453.572 200.8 1.14699486345 0.132999330035 0.713997067141 -6.96748242661 0.813344044265 33.350679626 0.00692802392802 0.0096645
pedestrian -1 -1 -10 366.97 151.89 394.339 219.399 0.0999995529652 0.0 0.0 -21.4046904615 -0.517839705168 69.1911445713 0.0 0.0082518
pedestrian -1 -1 -10 861.1 170.71 882.822 242.52 1.77099204212 0.63099913751 0.650997578365 3.41362197057 1.4590356032 8.59253561216 0.00692802392802 0.0067879
pedestrian -1 -1 -10 886.57 155.75 956.862 295.27 1.82299184054 0.461000130095 0.319998493216 11.7739988149 1.43737645099 25.7289823756 0.00692802392802 0.0043568
pedestrian -1 -1 -10 872.47 156.95 901.485 282.78 1.77099204212 0.63099913751 0.650997578365 3.41362197057 1.4590356032 8.59253561216 0.00692802392802 0.0042233
pedestrian -1 -1 -10 276.11 155.04 294.361 191.005 0.344998447597 0.302001748465 0.375998038795 -20.9915362528 -0.183985509257 47.3419882889 0.00692802392802 0.00349
pedestrian -1 -1 -10 378.52 159.08 389.249 192.188 0.0999995529652 0.0 0.0 -20.7208312979 -0.513046679562 67.7233787421 0.0 0.0028834
pedestrian -1 -1 -10 448.97 164.01 463.096 201.591 1.37299386412 0.132999330035 0.704997276412 -6.96267100465 1.03933067091 33.3507776971 0.00692802392802 0.0013233
pedestrian -1 -1 -10 212.81 164.88 224.843 196.436 1.00999546647 1.033000246 0.334999733883 -18.210256047 0.0525312131722 34.0637793807 0.00692802392802 0.0012961
pedestrian -1 -1 -10 879.83 154.38 904.087 236.866 1.77099204212 0.63099913751 0.650997578365 3.41362197057 1.4590356032 8.59253561216 0.00692802392802 0.0010233
pedestrian -1 -1 -10 1148.2 173.67 1185.44 242.621 1.47699343115 0.69000006646 0.385998230126 13.2214944547 1.49630886688 16.1804884827 0.00692802392802 0.000976
pedestrian -1 -1 -10 168.77 154.56 183.888 195.351 1.79799197614 1.1399986171 0.241997763774 -18.0248374665 0.240393875378 30.2376615414 0.00692802392802 0.00089597
pedestrian -1 -1 -10 868.53 163.26 890.485 241.937 1.77099204212 0.63099913751 0.650997578365 3.41362197057 1.4590356032 8.59253561216 0.00692802392802 0.00081289
pedestrian -1 -1 -10 174.17 158.0 209.778 204.046 1.21099458784 1.1039993434 0.441997775705 -17.4364760443 0.495637140028 30.3582270956 0.00692802392802 0.00081075
pedestrian -1 -1 -10 891.8 148.89 913.753 227.509 1.70799236 0.594999863811 0.61799770991 3.43003463689 1.39599054879 8.59238521556 0.00692802392802 0.00066966
pedestrian -1 -1 -10 901.67 153.83 920.723 206.752 0.611997258663 0.401000704813 0.141000218219 16.5407671303 0.219387330537 36.9565237132 0.00692802392802 0.00039308
pedestrian -1 -1 -10 862.19 181.52 892.823 259.864 1.77099204212 0.63099913751 0.650997578365 3.41362197057 1.4590356032 8.59253561216 0.00692802392802 0.00034612
pedestrian -1 -1 -10 1187.9 168.54 1204.94 220.958 1.43199364543 0.443999943252 0.328999237617 14.2397646113 1.58977135388 16.8185840536 0.00692802392802 0.00031806
pedestrian -1 -1 -10 1196.2 171.02 1219.18 252.36 0.400998206437 0.0480003031646 0.452999321307 31.8591779857 1.78925223068 36.8668460857 0.00692802392806 0.00029586
pedestrian -1 -1 -10 162.15 151.42 198.142 197.648 2.05499085635 1.17100064076 0.732997049201 -17.7775032886 0.496468209149 30.4506020676 0.00692802392802 0.00027882
pedestrian -1 -1 -10 155.69 155.48 213.79 231.694 2.03299093992 1.1499988392 0.194998962595 -18.0458606306 0.475921697901 29.8269340681 0.00692802392802 0.00026197
pedestrian -1 -1 -10 172.52 154.92 248.155 235.776 0.986995612085 1.14399832447 0.460998711435 -17.5157098927 0.51422124194 31.7879630687 0.00692802392802 0.00020517
pedestrian -1 -1 -10 1162.5 171.32 1183.93 221.68 1.47699343115 0.69000006646 0.385998230126 13.2214944547 1.49630886688 16.1804884827 0.00692802392802 0.0002033
pedestrian -1 -1 -10 853.89 172.71 869.733 235.309 1.99199111462 0.654998335419 1.01999662763 13.3062438661 1.15106438224 36.2931962544 0.00692802392802 0.00014704
pedestrian -1 -1 -10 821.76 155.75 885.22 295.05 0.609997263551 0.660000353819 0.41799865165 5.09697205277 1.41807407122 14.1211375397 0.00692802392802 0.00010484
pedestrian -1 -1 -10 260.84 152.14 299.712 190.064 0.344998447597 0.302001748465 0.375998038795 -20.9915362528 -0.183985509257 47.3419882889 0.00692802392802 0.00010108
pedestrian -1 -1 -10 799.28 127.59 822.917 167.341 0.296998579801 0.54700051432 0.68399744682 8.57291511731 -1.12293707081 27.5971157419 0.00692802392802 0.00010042
pedestrian -1 -1 -10 844.21 175.55 876.387 248.874 1.71999231577 0.654998335419 1.10699619413 13.2631201925 1.15118399997 36.293653329 0.00692802392802 5.8885e-05
pedestrian -1 -1 -10 152.45 146.59 178.401 197.13 2.03499084562 1.16099851131 0.603997823516 -17.8481921285 0.48368295773 29.5590663625 0.00692802392802 3.948e-05
pedestrian -1 -1 -10 274.92 156.43 311.141 192.417 0.0999995529652 0.0 0.0 -22.5669706743 -0.177137606226 51.2741517257 0.0 3.228e-05
pedestrian -1 -1 -10 299.63 156.63 313.606 193.246 0.10099953562 0.0509986531835 0.383999336265 -22.3935903992 -0.870626608836 54.7777287881 0.00692802392799 2.4148e-05
pedestrian -1 -1 -10 292.0 154.61 309.789 192.29 0.367998301983 0.0450019531458 0.0180014888001 -20.1067331085 -0.795004622335 47.8456468069 0.00692802392806 2.2147e-05
pedestrian -1 -1 -10 15.145 147.03 56.531 200.458 1.87099166363 0.70599889595 0.604997270446 -18.1068001634 0.523225621084 22.7153304899 0.00692802392802 7.1052e-06
pedestrian -1 -1 -10 11.765 151.33 74.224 270.91 0.423998105526 0.277000239529 0.449997165833 -15.9959359602 0.444798135576 20.6279045646 0.00692802392802 5.9087e-06
pedestrian -1 -1 -10 600.52 170.48 613.934 212.532 0.745996692777 0.52700007011 0.617997695009 0.624354461564 1.08588094953 35.5616869168 0.00692802392802 2.8028e-06
pedestrian -1 -1 -10 291.74 150.05 323.288 187.586 0.0999995529652 0.0 0.0 -21.8990043618 -1.14806624638 53.0944400327 0.0 2.0677e-06
pedestrian -1 -1 -10 830.97 210.15 871.101 297.437 0.604997290671 0.355000255335 0.370998896801 5.1194079556 1.41318683222 13.968475409 0.00692802392802 1.4258e-06
pedestrian -1 -1 -10 75.671 164.53 120.707 218.505 2.01699103862 1.17900005551 0.6639989715 -18.1322063858 0.584138465937 25.4750600886 0.00692802392802 1.1188e-06
pedestrian -1 -1 -10 26.754 162.95 72.888 242.642 0.605997303128 0.360000366387 0.342999124011 -16.9147684178 0.649113944412 21.6929285557 0.00692802392802 2.2274e-07
