pedestrian -1 -1 -10 842.31 79.844 888.668 252.614 1.84879694832 0.710922557398 0.854999995766 3.71272807795 1.23057768921 10.4825397957 0.00753464155925 0.19369
pedestrian -1 -1 -10 623.53 157.75 639.306 189.752 0.3619602797 0.365961036296 0.644999783484 1.83950403532 -0.0444842614085 50.7835814521 0.00753464155925 0.0035909
pedestrian -1 -1 -10 298.65 176.32 309.742 205.478 0.355960903944 0.345962769442 0.410999172284 -20.5590525369 0.559845720128 50.0712384532 0.00753464155925 0.0028182
pedestrian -1 -1 -10 22.706 118.19 58.152 197.641 0.101988775495 0.458949353601 0.458000042906 -41.7630529468 -0.495491044831 53.7637365975 0.00753464155925 0.0027319
pedestrian -1 -1 -10 302.63 179.03 313.572 204.552 0.590935124634 0.289969147963 0.142999605274 -14.0710131492 1.02088671979 34.202084657 0.00753464155925 0.002589
pedestrian -1 -1 -10 194.53 129.72 220.281 196.994 0.114987359645 1.00788900091 0.71400048334 -30.9000414025 -1.19145734065 56.3171463266 0.00753464155925 0.001991
pedestrian -1 -1 -10 33.878 123.24 55.279 186.339 0.100988957758 0.148985753064 0.151000930339 -40.9059949956 -0.999085393496 52.9526146096 0.00753464155925 0.0012739
pedestrian -1 -1 -10 629.2 146.28 642.367 184.934 0.383957879062 0.296968350648 0.551999876802 2.85964145063 -0.757872941537 58.9092417118 0.00753464155925 0.0011309
pedestrian -1 -1 -10 41.617 125.45 59.199 180.241 1.50383484257 0.737920026936 0.378000143689 -17.3704989878 0.484079773889 23.148119746 0.00753464155925 0.00048436
pedestrian -1 -1 -10 842.14 93.702 883.155 188.535 1.48483694971 0.710922557398 0.854999995766 3.7126158564 0.866617690601 10.4852347696 0.00753464155925 0.00032752
pedestrian -1 -1 -10 50.039 127.39 66.619 181.862 1.50383484257 0.737920026936 0.378000143689 -17.3704989878 0.484079773889 23.148119746 0.00753464155925 0.00021886
pedestrian -1 -1 -10 633.53 148.4 647.862 192.51 0.383957879062 0.296968350648 0.551999876802 2.85964145063 -0.757872941537 58.9092417118 0.00753464155925 3.6041e-05
pedestrian -1 -1 -10 40.286 123.59 73.705 187.066 1.50383484257 0.737920026936 0.378000143689 -17.3704989878 0.484079773889 23.148119746 0.00753464155925 2.4581e-05
pedestrian -1 -1 -10 395.61 139.17 428.855 202.701 0.101988775495 0.30096952973 0.292999177887 -15.2536846718 -0.0316477522057 55.4613892922 0.00753464155925 1.1957e-05
pedestrian -1 -1 -10 833.16 109.81 858.73 178.279 1.48283719504 0.710922557398 0.723999755487 3.64711820678 0.866665379504 10.4857127716 0.00753464155925 6.7836e-06
