pedestrian -1 -1 -10 335.67 153.12 417.452 317.74 1.5568290714 1.17287184174 0.383999706977 -3.36802512391 1.02706280995 9.949662573 0.00753464155925 0.53296
pedestrian -1 -1 -10 382.16 162.02 422.094 335.8 1.86579510141 1.19086951905 0.596999939321 -2.30411508419 1.65521226108 7.03023284388 0.00753464155925 0.07116
pedestrian -1 -1 -10 380.66 149.94 416.302 264.84 1.81780039334 1.12687640012 0.596999939321 -2.30131226149 1.61275368548 7.40453671339 0.00753464155925 0.014707
pedestrian -1 -1 -10 262.99 232.44 289.124 288.726 1.52483257949 0.94989622024 0.769000056424 -3.76093780675 1.73110657394 7.567135523 0.00753464155925 0.011491
pedestrian -1 -1 -10 366.22 151.67 406.253 261.92 1.81780039334 1.14987364415 0.596999939321 -2.30139889867 1.6125834586 7.39303841776 0.00753464155925 0.0086037
pedestrian -1 -1 -10 370.33 180.95 415.863 286.5 1.86779485608 1.18487013435 0.596999939321 -2.30070921204 1.66390274701 7.48215607386 0.00753464155925 0.0080934
pedestrian -1 -1 -10 250.94 227.93 294.181 314.051 1.67781577849 1.05988430401 0.745999823139 -3.74989954214 1.73028406305 7.51318929522 0.00753464155925 0.0043024
pedestrian -1 -1 -10 350.13 149.27 391.837 240.181 1.5568290714 1.1828700216 0.383999706977 -3.36703820301 1.02900193681 10.0806445468 0.00753464155925 0.0030666
pedestrian -1 -1 -10 380.43 235.28 403.881 308.439 1.86779485608 1.13187596683 0.539999796552 -2.27701571939 1.66623255941 7.6404648833 0.00753464155925 0.003053
pedestrian -1 -1 -10 112.76 136.61 127.278 180.036 0.304966437229 0.534941241935 0.978999791869 -22.7944777135 -0.691971853157 33.92650499 0.00753464155925 0.0022706
pedestrian -1 -1 -10 372.19 248.76 405.246 333.015 1.86779485608 1.17687159047 0.596999939321 -2.30163586376 1.66208203855 7.35917289372 0.00753464155925 0.0015836
pedestrian -1 -1 -10 384.83 248.76 408.43 321.866 1.86079565513 1.19186981382 0.596999939321 -2.301837666 1.65469057181 7.33272838828 0.00753464155925 0.0015665
pedestrian -1 -1 -10 368.88 269.41 390.454 337.368 1.86579510141 1.18686977033 0.596999939321 -2.30402467683 1.65538989574 7.04223151107 0.00753464155925 0.0014525
pedestrian -1 -1 -10 333.72 157.9 381.322 290.38 2.23575448323 1.19786872174 0.703999780682 -3.5335892676 1.69868271877 9.4444233033 0.00753464155925 0.0013896
pedestrian -1 -1 -10 378.72 217.15 412.452 324.91 1.86079565513 1.1578731416 0.596999939321 -2.30260610976 1.65318071429 7.23074222017 0.00753464155925 0.0010593
pedestrian -1 -1 -10 400.98 191.59 425.831 262.338 1.86079565513 1.11387781273 0.539999796552 -2.27646038305 1.66032873747 7.71450614641 0.00753464155925 0.0010172
pedestrian -1 -1 -10 355.01 151.41 379.61 222.977 1.5568290714 1.1818706804 0.383999706977 -3.36780288197 1.02749947647 9.97915803506 0.00753464155925 0.0009727
pedestrian -1 -1 -10 189.47 144.35 208.776 178.849 1.54283055032 1.19486926778 0.892999614108 -3.83041871248 1.27704138267 6.61788245898 0.00753464155925 0.00091951
pedestrian -1 -1 -10 391.91 203.42 416.714 294.927 1.86579510141 1.1818706804 0.596999939321 -2.30400584383 1.65542689928 7.04473098509 0.00753464155925 0.00082412
pedestrian -1 -1 -10 391.75 163.83 429.512 265.81 1.86079565513 1.17387165973 0.596999939321 -2.30176986182 1.65482379516 7.34172720989 0.00753464155925 0.00070406
pedestrian -1 -1 -10 368.11 241.53 394.144 311.144 1.4268433491 1.19186886025 0.383999706977 -3.36658482349 0.899985774406 10.147097786 0.00753464155925 0.00052915
pedestrian -1 -1 -10 362.83 262.87 384.868 321.004 1.86579510141 1.10387915609 0.596999939321 -2.3050907035 1.65329533988 6.90075079291 0.00753464155925 0.00041654
pedestrian -1 -1 -10 262.0 223.94 280.969 270.151 1.67781577849 1.03988603716 0.769000056424 -3.76132399411 1.73044046427 7.52327466931 0.00753464155925 0.00018259
pedestrian -1 -1 -10 279.8 142.07 437.34 349.68 1.88479306876 1.1818706804 0.596999939321 -2.30277198487 1.67683767415 7.20756793796 0.00753464155925 0.00017646
pedestrian -1 -1 -10 268.1 236.37 296.073 305.18 1.39584673452 0.825909731098 0.648000041965 -3.82092923829 1.73206837733 7.62862711031 0.00753464155925 0.00015914
pedestrian -1 -1 -10 375.82 217.09 398.541 287.8 1.86079565513 1.1578731416 0.596999939321 -2.30260610976 1.65318071429 7.23074222017 0.00753464155925 0.0001319
pedestrian -1 -1 -10 1028.1 244.85 1050.75 319.124 0.579936339853 1.18387031637 0.699999594987 5.74020156249 1.37149278065 9.20011151777 0.00753464155925 0.00012888
pedestrian -1 -1 -10 177.35 140.6 214.983 201.378 0.9708933841 0.805911464244 0.631000325642 -17.960419606 -0.169787838385 31.3724334587 0.00753464155925 7.0026e-05
pedestrian -1 -1 -10 395.32 172.62 418.717 247.758 1.86079565513 1.1508744157 0.596999939321 -2.3021427821 1.65409107205 7.29223404863 0.00753464155925 4.4208e-05
pedestrian -1 -1 -10 354.67 251.98 391.679 344.101 1.88479306876 1.1508744157 0.596999939321 -2.30213538286 1.67808848568 7.29205635766 0.00753464155925 3.4396e-05
pedestrian -1 -1 -10 427.97 170.22 467.389 244.159 1.5278322413 0.904899643034 0.537999942123 -6.02283103697 1.62195992965 28.534206747 0.00753464155925 3.2272e-05
pedestrian -1 -1 -10 164.29 133.57 220.981 223.84 1.66581707168 1.19486926778 0.846999624375 -3.85482661368 1.39720257287 6.42517141098 0.00753464155925 2.7158e-05
pedestrian -1 -1 -10 343.08 245.9 365.382 307.761 2.22975510002 0.919899296744 0.627999828742 -3.5147784599 1.69632936404 9.28625020538 0.00753464155925 2.1059e-05
pedestrian -1 -1 -10 1198.1 160.97 1241.66 268.37 0.261971175439 0.882904600918 0.569000069963 16.3862624979 1.28599439533 19.0626798648 0.00753464155925 2.0888e-05
pedestrian -1 -1 -10 135.76 245.18 165.917 346.43 1.88979251504 1.19686890375 0.690999773218 -3.75381074954 1.52435698072 5.49505765473 0.00753464155925 1.1669e-05
pedestrian -1 -1 -10 358.9 141.36 376.935 195.268 1.4268433491 1.19086951905 0.383999706977 -3.36621189961 0.900718504568 10.196591424 0.00753464155925 7.7456e-06
pedestrian -1 -1 -10 459.62 145.4 496.274 201.312 0.369959372879 0.345962769442 0.94099969669 -7.56954949381 0.981206319131 43.1372900662 0.00753464155925 4.4756e-06
