pedestrian -1 -1 -10 687.71 192.14 697.874 234.673 1.86879485261 1.12287617461 0.193000019122 2.51647155457 1.58496442988 20.6538579421 0.00753464155925 0.068052
pedestrian -1 -1 -10 693.88 189.81 706.352 238.451 1.68281516517 0.805911464244 0.689999846003 2.82401121332 1.29027232144 20.0129387683 0.00753464155925 0.012661
pedestrian -1 -1 -10 699.31 182.63 719.03 236.05 0.557938740491 0.303967553333 0.0819999920649 2.20000816928 1.34492059212 15.8349286789 0.00753464155925 0.0032884
pedestrian -1 -1 -10 681.6 189.66 692.032 231.872 1.29185812092 0.71492182934 0.311999940733 2.69749748154 1.61269353508 24.0152770138 0.00753464155925 0.00092905
pedestrian -1 -1 -10 708.74 181.47 728.252 231.223 1.37084950316 1.18986922428 0.76499963231 2.45303073648 1.58730203833 14.4572603677 0.00753464155925 0.00021881
pedestrian -1 -1 -10 705.49 178.94 737.715 253.525 1.37084950316 0.969894010309 0.719999808209 2.42686253118 1.58010961434 13.9704973101 0.00753464155925 0.00017612
pedestrian -1 -1 -10 1163.1 134.06 1186.35 190.001 0.0999890208244 0.0 0.0 31.9305529494 -0.224048188197 40.247148575 0.0 0.00013423
pedestrian -1 -1 -10 723.94 187.89 741.633 256.539 1.14487424553 0.778914948275 0.907999595211 2.53207023685 1.35264354331 13.8758862224 0.00753464155925 0.00011559
pedestrian -1 -1 -10 915.04 221.94 931.149 285.361 0.816910248166 0.846907339153 0.689999607584 3.27976789821 1.2508211281 8.24455614443 0.00753464155925 9.0059e-05
pedestrian -1 -1 -10 1161.2 130.61 1191.94 221.065 1.82080002535 0.695923857257 0.499000396566 8.75820656651 1.20997613764 11.1922240447 0.00753464155925 6.7856e-05
pedestrian -1 -1 -10 493.12 181.51 507.591 219.733 1.07988136948 0.573936527302 0.73399950447 -4.81352442868 1.62277500349 31.4726736208 0.00753464155925 3.6402e-05
pedestrian -1 -1 -10 904.78 220.0 923.872 276.544 0.816910248166 0.846907339153 0.763999705095 3.24276889671 1.25084806686 8.24483452512 0.00753464155925 9.2288e-06
pedestrian -1 -1 -10 476.44 180.07 507.833 227.13 1.07988136948 0.595933476557 1.0709992945 -4.98210242323 1.62273486115 31.4629432166 0.00753464155925 7.8792e-06
pedestrian -1 -1 -10 961.66 153.83 1002.47 236.483 2.17576106835 0.473949007312 0.90299960151 8.81853485067 1.39324638213 16.6844416806 0.00753464155925 7.6849e-06
pedestrian -1 -1 -10 489.94 179.19 515.485 224.845 1.93678734577 0.403955073323 1.16599953245 -4.76663654737 1.53468059499 33.5012472997 0.00753464155925 3.6914e-06
pedestrian -1 -1 -10 1101.6 165.36 1129.4 234.405 2.23775429749 0.636930305036 0.560999698571 10.1933536088 1.46647950372 14.2586245043 0.00753464155925 8.7819e-07
