pedestrian -1 -1 -10 733.74 152.33 751.234 199.818 2.15576334285 1.19686938054 1.14199972957 2.57692296082 1.47477510765 13.8932242981 0.00753464155925 0.030672
pedestrian -1 -1 -10 727.0 158.8 751.555 214.191 2.13376568389 1.18987017785 1.12199975477 2.56708598336 1.45311778601 13.9159593544 0.00753464155925 0.023401
pedestrian -1 -1 -10 706.57 158.76 725.489 196.202 2.07777177835 1.19786872174 1.17699956627 2.17765330972 1.38943510829 14.4614965601 0.00753464155925 0.018689
pedestrian -1 -1 -10 714.21 158.25 736.602 200.33 2.14076494443 1.194868791 1.07099965213 2.35602498992 1.45609237991 14.1080839717 0.00753464155925 0.017244
pedestrian -1 -1 -10 720.5 156.99 744.371 204.786 2.13576543856 1.19586908577 1.09799971348 2.47150998908 1.45401662397 13.9726889546 0.00753464155925 0.015467
pedestrian -1 -1 -10 714.14 159.06 751.311 246.632 2.13576543856 1.19686842697 1.10599960803 2.47556632393 1.45412472587 13.9801575202 0.00753464155925 0.0070075
pedestrian -1 -1 -10 949.26 131.51 981.42 195.198 0.588935355065 0.637930599807 0.517999967319 6.03029343857 -0.085195251485 11.8779246859 0.00753464155925 0.005429
pedestrian -1 -1 -10 730.35 150.57 764.837 205.37 2.14876408231 1.1938694498 1.07599964583 2.66631605397 1.47351798579 13.8120067845 0.00753464155925 0.0041641
pedestrian -1 -1 -10 741.9 157.58 762.687 198.674 2.10876839293 1.19786872174 1.01899974148 2.69383854611 1.43160682374 13.6841059034 0.00753464155925 0.002661
pedestrian -1 -1 -10 963.3 139.46 980.999 193.241 2.00777953053 1.19886806294 0.989999468067 5.21343584142 1.36293019537 10.366435259 0.00753464155925 0.0025184
pedestrian -1 -1 -10 741.42 190.23 762.453 237.826 2.14876408231 1.19086951905 1.01899974148 2.69412585969 1.47214280369 13.7203046946 0.00753464155925 0.0016084
pedestrian -1 -1 -10 1096.5 119.41 1237.55 365.14 2.04777510071 0.809910736187 1.19899951472 7.32491805511 1.38172947306 9.29289763571 0.00753464155925 0.0012682
pedestrian -1 -1 -10 698.92 159.68 737.189 218.265 2.07477214635 1.19786872174 1.18999957374 2.23325061962 1.3895871398 14.4740554737 0.00753464155925 0.0010567
pedestrian -1 -1 -10 756.69 192.74 778.778 238.701 2.12476666868 1.19486974457 1.142999776 2.961479456 1.45176689568 13.3683660645 0.00753464155925 0.00087585
pedestrian -1 -1 -10 727.43 177.74 753.898 252.851 2.15576334285 1.19286915503 1.12199975477 2.56700612883 1.47494521808 13.9042981752 0.00753464155925 0.00072154
pedestrian -1 -1 -10 721.53 179.01 743.018 263.114 2.13776525283 1.19686938054 1.11799968828 2.46189765479 1.45478623063 14.0242717407 0.00753464155925 0.00063935
pedestrian -1 -1 -10 733.05 174.04 769.902 243.23 2.14876408231 1.19086951905 1.03699962343 2.68554053172 1.47296349779 13.7753651276 0.00753464155925 0.00063111
pedestrian -1 -1 -10 1181.4 152.6 1239.23 356.3 2.03277676189 0.809910736187 1.19600020991 7.7544012455 1.36641842669 9.28977722365 0.00753464155925 0.00034315
pedestrian -1 -1 -10 960.43 130.35 982.409 175.09 0.588935355065 0.637930599807 0.517999967319 6.03029343857 -0.085195251485 11.8779246859 0.00753464155925 0.00029976
pedestrian -1 -1 -10 749.45 154.46 766.52 193.077 2.10676863826 1.19486974457 1.16199958517 2.82951784701 1.42990137148 13.5745790598 0.00753464155925 0.0002691
pedestrian -1 -1 -10 1204.4 236.58 1241.43 342.09 2.09976940751 0.956895422925 1.02499930477 5.03966629081 1.51941828411 5.93449737506 0.00753464155925 0.00023562
pedestrian -1 -1 -10 705.28 141.52 738.105 197.821 1.9637843318 1.1818706804 1.07099977134 2.3187274852 1.27862732415 14.210195727 0.00753464155925 0.00014379
pedestrian -1 -1 -10 753.06 148.14 794.627 213.53 2.12376673175 1.19586908577 1.19299971301 3.07305854466 1.45086381272 13.3120236194 0.00753464155925 0.00013062
pedestrian -1 -1 -10 711.52 179.08 737.759 268.798 2.14076494443 1.19886806294 1.07999971231 2.3609844501 1.45699205355 14.1690415713 0.00753464155925 4.479e-05
pedestrian -1 -1 -10 451.01 123.55 491.973 220.609 2.23875411523 1.19186886025 1.07499995703 -4.21711681787 1.38328553061 22.8981202159 0.00753464155925 4.4049e-06
pedestrian -1 -1 -10 719.31 215.26 737.995 267.747 0.660927476758 0.623932194437 0.603999787452 1.50285625498 1.54712967546 10.6192298957 0.00753464155925 2.6721e-06
pedestrian -1 -1 -10 1077.1 179.63 1169.62 267.638 2.03177688456 0.758916681421 1.19099962016 6.83712767118 1.38046247912 9.32197670456 0.00753464155925 6.8978e-07
pedestrian -1 -1 -10 1084.1 187.8 1129.01 275.248 2.0417757771 0.71392153457 1.19699966029 6.59261651239 1.39157971349 9.38723763883 0.00753464155925 2.512e-07
pedestrian -1 -1 -10 570.72 179.7 623.09 250.586 1.89979134799 1.19786872174 1.07499971675 -0.31759302228 0.987181958924 26.4305846913 0.00753464155925 4.691e-09
pedestrian -1 -1 -10 591.43 182.38 637.985 246.349 0.106988221768 0.0959892016172 0.071999980332 0.0484851398649 0.693012072238 11.2958233931 0.00753464155925 2.1161e-09
pedestrian -1 -1 -10 611.58 180.79 661.299 244.949 1.50283498013 0.860905744523 0.725999818532 0.901885344064 0.794821042141 16.0553744877 0.00753464155925 1.269e-09
