pedestrian -1 -1 -10 723.84 137.51 745.201 198.899 0.527942003253 0.298967033049 0.135999876353 3.95311676896 0.994613564373 23.3182165355 0.00753464155925 0.0041271
pedestrian -1 -1 -10 388.66 163.19 417.145 239.091 1.69681374585 1.13187596683 0.674999507272 -6.58747253756 1.41683885012 22.6974427311 0.00753464155925 0.0025872
pedestrian -1 -1 -10 384.17 156.11 407.369 225.73 1.92678839362 1.10788033518 0.717999715362 -6.61177148458 1.64118939504 22.3149536566 0.00753464155925 0.0019944
pedestrian -1 -1 -10 1015.6 92.111 1051.18 156.817 1.59682467139 1.19586908577 0.974999606173 2.73345920196 1.07919067827 4.47196418169 0.00753464155925 0.0014163
pedestrian -1 -1 -10 719.61 136.11 752.734 237.29 1.44084175098 0.575937116843 0.0970000923774 3.84728039481 1.15680843098 21.4416104358 0.00753464155925 0.0013222
pedestrian -1 -1 -10 786.27 147.33 801.28 186.279 1.86679497874 1.1588724828 0.770999672435 3.19198817727 1.20197835922 12.6493185849 0.00753464155925 0.0010686
pedestrian -1 -1 -10 398.42 166.65 425.737 230.195 0.888902429458 0.916899366002 1.13799966309 -6.42437044733 0.00200855051214 24.0708658823 0.00753464155925 0.00063923
pedestrian -1 -1 -10 397.83 199.52 414.924 245.366 1.69681374585 0.981892779707 0.594999608055 -6.54836270942 1.41506301879 22.5791570709 0.00753464155925 0.00058198
pedestrian -1 -1 -10 742.1 194.83 761.155 244.597 2.45673029458 1.16987095743 0.899999819866 3.16431647844 1.74768876851 15.1276570357 0.00753464155925 0.00027194
pedestrian -1 -1 -10 696.69 142.94 717.965 193.473 0.29496760428 0.105987381474 0.0 5.19630160929 -0.113820205052 37.1239387402 0.00753464155925 0.00026998
pedestrian -1 -1 -10 396.09 158.62 411.811 213.136 1.69681374585 1.06688446027 0.674999507272 -6.58722769602 1.41731992089 22.729937562 0.00753464155925 0.00021931
pedestrian -1 -1 -10 743.47 180.5 766.119 225.511 0.738918869912 0.822909800356 0.118999921611 3.45647503889 0.741726359979 16.6903479121 0.00753464155925 0.00017757
pedestrian -1 -1 -10 732.9 169.0 753.332 230.465 1.34285253549 0.451950150916 0.124000034521 3.52105495529 1.64949494236 18.76868132 0.00753464155925 0.00017474
pedestrian -1 -1 -10 510.04 157.83 542.207 219.478 0.0999890208244 0.218973965634 0.360000023314 -5.00999995006 0.504963415437 47.6861842164 0.00753464155925 0.0001075
pedestrian -1 -1 -10 706.01 134.46 742.187 221.011 1.59982433319 1.05988525758 0.115000212752 4.39387552889 0.864723062005 27.2697970849 0.00753464155925 9.9477e-05
pedestrian -1 -1 -10 377.96 203.31 396.646 246.961 0.793912860866 1.15587350563 0.242000028918 -6.66072269368 1.1984719375 21.2463432544 0.00753464155925 9.4497e-05
pedestrian -1 -1 -10 731.75 179.3 762.734 250.562 1.54183075865 0.768916768418 0.360000023314 3.52348354515 1.67967290975 17.7690513618 0.00753464155925 6.4171e-05
pedestrian -1 -1 -10 810.83 256.19 828.543 297.607 2.24475343884 1.1938694498 1.02899972888 2.76236473276 1.64245270098 9.35387797603 0.00753464155925 5.9234e-05
pedestrian -1 -1 -10 733.12 140.34 751.335 183.065 1.81380082441 1.10787842804 0.573999944454 3.9049631932 1.03692897752 19.767479322 0.00753464155925 2.8181e-05
