pedestrian -1 -1 -10 387.03 176.21 398.695 218.923 1.61582253445 0.340962249159 0.841999749883 -9.89735913227 1.79217445625 33.3841977242 0.00753464155925 0.93379
pedestrian -1 -1 -10 382.35 174.81 395.394 217.373 1.61582253445 0.340962249159 0.841999749883 -9.89735913227 1.79217445625 33.3841977242 0.00753464155925 0.0073798
pedestrian -1 -1 -10 646.23 173.01 656.979 202.743 0.0999890208244 0.0109965674881 0.16399998413 3.30231905432 1.22499408813 52.013501625 0.00753464155925 0.0045806
pedestrian -1 -1 -10 393.55 177.13 403.565 216.511 1.61582253445 0.340962249159 0.643000405892 -9.79786227652 1.79210201318 33.3834491093 0.00753464155925 0.00044576
pedestrian -1 -1 -10 712.21 170.82 725.654 211.512 0.773915053424 0.311966097218 0.671999725628 5.79208539008 1.21510969952 36.0571749858 0.00753464155925 0.00037392
pedestrian -1 -1 -10 370.37 167.59 383.54 213.991 2.47072869647 0.396959684917 1.10899986652 -11.7577504332 1.31090248925 37.2151928676 0.00753464155925 0.00020687
pedestrian -1 -1 -10 348.88 163.47 366.852 210.636 0.385957633732 0.0669940032467 0.215000086774 -14.8961114362 1.03477628726 43.883412694 0.00753464155925 0.0002053
pedestrian -1 -1 -10 355.32 163.91 372.393 211.226 0.0999890208244 0.105987381474 0.264999308529 -13.8112396968 0.183768071423 39.6776412628 0.00753464155925 0.00019706
pedestrian -1 -1 -10 0.0 174.54 37.109 239.064 2.57671706474 0.463948920315 0.860999797472 -10.988114607 1.80069986925 13.7291881412 0.00753464155925 0.00017758
pedestrian -1 -1 -10 707.57 167.7 721.513 210.739 0.773915053424 0.311966097218 0.546999763892 5.72958717822 1.2151552041 36.0576452227 0.00753464155925 8.7343e-05
pedestrian -1 -1 -10 365.16 170.81 395.919 216.87 2.2177564528 0.365961036296 0.937999438209 -11.6722914197 1.31061078507 37.1971775421 0.00753464155925 4.2771e-05
pedestrian -1 -1 -10 368.31 150.83 381.426 193.177 2.27575011301 0.421954657775 1.17100012219 -11.8637151525 1.11318640411 37.2299756796 0.00753464155925 2.625e-05
pedestrian -1 -1 -10 340.82 164.57 360.472 211.798 1.41984411835 0.129986827411 0.860999797472 -11.8855947247 1.59916918832 33.4360897898 0.00753464155925 1.2933e-05
pedestrian -1 -1 -10 1224.7 160.38 1241.42 230.496 1.14887382192 0.805911464244 1.18399965282 14.05591686 1.30907397607 16.2085652936 0.00753464155925 5.0806e-06
pedestrian -1 -1 -10 215.68 175.45 265.066 227.434 0.301966864822 0.484947481939 0.496000138085 -17.4542803249 1.24121663488 33.9446375021 0.00753464155925 1.5398e-07
