pedestrian -1 -1 -10 489.63 71.66 538.106 225.91 1.48883648885 1.18587090591 0.493999806819 -2.57664625327 0.70617085798 20.3918880706 0.00753464155925 0.10069
pedestrian -1 -1 -10 509.32 79.659 547.709 214.729 1.45484024227 1.17587177248 0.892999614108 -2.26243057643 0.632158204533 21.6875434929 0.00753464155925 0.064023
pedestrian -1 -1 -10 447.91 126.81 487.686 225.556 1.91578962374 1.18886892951 0.61299972843 -3.52390211717 1.15552753158 18.0127049038 0.00753464155925 0.059199
pedestrian -1 -1 -10 14.835 48.587 155.745 281.397 1.69681368625 1.19786872174 0.760999923451 -7.15022079529 1.03634300075 9.74452712756 0.00753464155925 0.026868
pedestrian -1 -1 -10 191.13 191.26 222.42 256.204 1.88379313183 1.19886901651 1.01399962857 -6.30574751094 1.2142491376 11.1916148772 0.00753464155925 0.021837
pedestrian -1 -1 -10 73.875 59.999 163.556 265.619 1.67881565583 1.19686842697 0.597999866536 -6.9094494015 1.01663426262 10.1794318219 0.00753464155925 0.020464
pedestrian -1 -1 -10 26.091 194.91 54.422 274.057 1.82179996228 1.19686842697 0.61299972843 -7.24323590072 1.1653765381 9.33768644699 0.00753464155925 0.015722
pedestrian -1 -1 -10 448.03 62.999 524.808 239.309 1.56582808661 1.18487156471 0.771999599649 -3.17395286552 0.787196003861 19.1530872699 0.00753464155925 0.013761
pedestrian -1 -1 -10 5.2245 0.0 187.475 375.0 1.83579842377 1.194868791 0.676999838538 -7.04802556684 1.17552662454 9.89624614604 0.00753464155925 0.01181
pedestrian -1 -1 -10 480.18 115.33 521.575 243.07 1.92378876162 1.19186886025 0.796999687364 -3.00497581299 1.13967646187 19.5978079956 0.00753464155925 0.0053417
pedestrian -1 -1 -10 509.98 180.13 523.98 218.016 2.10576876092 1.19786872174 0.5179997289 -2.53756815619 1.32482214348 20.5050168391 0.00753464155925 0.0043007
pedestrian -1 -1 -10 482.46 120.94 512.165 197.716 1.69081430304 1.18987017785 0.742999803076 -3.03279267283 0.905256200919 19.5007489414 0.00753464155925 0.0041723
pedestrian -1 -1 -10 8.465 179.54 95.075 283.07 1.82679940856 1.19686842697 0.632000252856 -7.21725471882 1.16830508816 9.4014932965 0.00753464155925 0.0038671
pedestrian -1 -1 -10 446.39 134.27 460.919 179.038 1.66581707168 1.18886892951 0.566999977115 -3.71116419394 0.919426018297 17.4576833323 0.00753464155925 0.0022439
pedestrian -1 -1 -10 442.37 125.88 470.995 222.45 2.06577319073 1.19086951905 0.58500009749 -3.71968659348 1.32008440609 17.5017829854 0.00753464155925 0.001809
pedestrian -1 -1 -10 451.51 150.33 472.778 227.624 2.12276697361 1.19786872174 0.598999793751 -3.60041082306 1.36545768423 17.8021763439 0.00753464155925 0.0015351
pedestrian -1 -1 -10 460.86 110.41 502.384 231.77 1.8857928865 1.1958681322 0.640999836207 -3.29221772009 1.11462669018 18.6369287199 0.00753464155925 0.0012997
pedestrian -1 -1 -10 80.496 179.02 115.74 258.319 1.83479854643 1.194868791 0.676999838538 -7.0478230774 1.17392654343 9.92326506029 0.00753464155925 0.0012523
pedestrian -1 -1 -10 493.83 112.74 519.007 198.496 1.61282285774 1.17487243128 0.527999716302 -2.7703054801 0.8230201383 19.9009674125 0.00753464155925 0.00093441
pedestrian -1 -1 -10 447.57 131.45 466.038 194.819 1.8887925781 1.19086951905 0.606999926723 -3.69035019352 1.14385240948 17.5548681374 0.00753464155925 0.00076784
pedestrian -1 -1 -10 951.37 181.88 983.068 270.406 0.243973204613 0.150983481896 0.14699979097 5.25790597792 0.93124727847 10.7174845639 0.00753464155925 0.00074327
pedestrian -1 -1 -10 1107.9 209.09 1127.83 255.901 2.20375802112 1.19786872174 0.720999973843 3.44898939913 1.66228557545 4.77847663929 0.00753464155925 0.00053591
pedestrian -1 -1 -10 502.61 181.66 523.127 240.667 2.10576876092 1.16287270831 0.557999916927 -2.60869249998 1.32266013792 20.3560642314 0.00753464155925 0.00053567
pedestrian -1 -1 -10 517.35 179.88 530.832 216.755 2.10576876092 1.1968674734 0.612999966848 -2.36548319712 1.33175285739 20.9801838706 0.00753464155925 0.00052487
pedestrian -1 -1 -10 477.56 126.81 500.342 187.314 1.67881565583 1.17487243128 0.728999629978 -3.15238098163 0.900241933652 19.1570883068 0.00753464155925 0.00046462
pedestrian -1 -1 -10 111.38 61.762 189.408 253.482 1.66581707168 1.1938694498 0.966999234782 -6.5867330027 0.999761837659 10.6067131599 0.00753464155925 0.00044342
pedestrian -1 -1 -10 80.333 178.78 103.141 239.995 1.83179891443 1.19186981382 0.676999838538 -7.04807576762 1.17143090246 9.88977688994 0.00753464155925 0.00024706
pedestrian -1 -1 -10 8.0828 141.06 139.923 294.23 1.84379756164 1.19786872174 0.727000013968 -7.16783607058 1.18503632141 9.65553409358 0.00753464155925 0.00018924
pedestrian -1 -1 -10 1037.5 97.727 1096.56 228.097 0.555938926223 0.255970568599 0.161999652864 13.0308536288 -0.357440045428 20.1911169268 0.00753464155925 0.00013396
pedestrian -1 -1 -10 159.58 72.319 231.289 257.329 1.69881344092 1.18886988308 0.930000020491 -6.31196299932 1.02693286005 11.30508149 0.00753464155925 8.8373e-05
pedestrian -1 -1 -10 515.53 180.97 534.265 232.2 1.96278445447 1.1458743722 0.84099958425 -2.28794681943 1.14475742595 21.7269130541 0.00753464155925 8.1877e-05
pedestrian -1 -1 -10 922.34 183.79 937.965 240.83 0.244973081948 0.18497920055 0.252999228279 9.33022307511 0.871010684075 19.92097345 0.00753464155925 6.2602e-05
pedestrian -1 -1 -10 494.39 165.7 527.79 232.768 2.10576876092 1.19287010859 0.599999959384 -2.68373003707 1.32067127856 20.2186404909 0.00753464155925 5.8556e-05
pedestrian -1 -1 -10 440.01 133.65 457.526 175.309 1.6578179338 1.18987017785 0.55399996965 -3.78995658676 0.908944676032 17.2868491053 0.00753464155925 4.9733e-05
pedestrian -1 -1 -10 526.82 130.55 547.502 196.582 1.84579731631 1.19086951905 0.910999734483 -2.210682543 1.02431415352 21.7677532962 0.00753464155925 3.8048e-05
pedestrian -1 -1 -10 521.3 179.62 540.68 237.224 0.984891845585 1.15887343637 1.17199969178 -1.56097623981 1.50281849894 14.6604228897 0.00753464155925 3.4327e-05
pedestrian -1 -1 -10 404.73 22.308 541.43 285.138 1.53683128631 1.18786958831 0.654999770886 -3.28484401107 0.765607403753 18.7034651277 0.00753464155925 3.3703e-05
pedestrian -1 -1 -10 913.96 184.59 934.33 234.843 0.105988404031 0.145983915182 0.094999284274 9.32482043822 1.19345579507 20.8928465493 0.00753464155925 2.2308e-05
pedestrian -1 -1 -10 517.76 119.28 553.809 209.922 1.57782673383 1.1678732286 0.892999614108 -2.26236252261 0.755203901764 21.6906319871 0.00753464155925 1.9504e-05
pedestrian -1 -1 -10 37.32 185.75 58.559 245.716 1.82179996228 1.19886806294 0.628999994375 -7.23515312181 1.16553354313 9.34862489486 0.00753464155925 1.8196e-05
pedestrian -1 -1 -10 935.87 178.57 969.793 265.116 1.33985285878 0.734919142625 0.436000213672 7.17128755919 1.70141553274 14.6603241134 0.00753464155925 1.1602e-05
pedestrian -1 -1 -10 505.73 170.75 537.724 237.381 1.96178457713 1.19786872174 0.777999639774 -2.32181118867 1.14013237636 21.4131858285 0.00753464155925 1.0372e-05
pedestrian -1 -1 -10 118.05 135.79 166.794 264.67 1.85779596353 1.19786872174 0.596999939321 -6.77317274337 1.19188425595 10.5396851056 0.00753464155925 9.2199e-06
pedestrian -1 -1 -10 928.27 185.2 949.714 248.095 0.903900768278 0.762916906934 0.454000334047 8.66392781635 1.84223227895 18.825341822 0.00753464155925 8.5833e-06
pedestrian -1 -1 -10 99.028 147.81 140.499 265.28 1.84479743898 1.19886901651 0.625999735894 -6.88190181854 1.18357335196 10.2439905349 0.00753464155925 4.1884e-06
pedestrian -1 -1 -10 528.34 174.37 550.705 240.603 1.21986607373 0.646929438463 0.696999694133 -1.26454730689 1.42144226846 15.8652995687 0.00753464155925 2.6721e-06
pedestrian -1 -1 -10 145.01 100.96 204.186 258.21 1.86979461075 1.18586995234 0.935999583779 -6.45235426451 1.2001955467 10.9792944811 0.00753464155925 2.6283e-06
pedestrian -1 -1 -10 82.554 101.86 141.196 250.88 1.84279768431 1.19786872174 0.746000061557 -7.01203128699 1.18143950124 10.0944672331 0.00753464155925 5.278e-07
pedestrian -1 -1 -10 0.0 123.33 55.261 268.95 1.82679946815 1.1938694498 0.654999532468 -7.30471864834 1.17049587216 9.14058392074 0.00753464155925 1.4497e-07
pedestrian -1 -1 -10 50.751 67.49 107.219 204.89 1.51183399534 1.19786872174 0.740000021432 -7.16109328407 0.851749189626 9.70396699312 0.00753464155925 1.3959e-07
pedestrian -1 -1 -10 63.129 113.63 117.049 243.64 1.85179669952 1.19586908577 0.65400008209 -7.05995337262 1.19068213861 9.83872272999 0.00753464155925 3.6161e-08
pedestrian -1 -1 -10 43.795 92.123 91.557 225.843 1.70181313252 1.19886806294 0.683999805878 -7.19025640877 1.04234293462 9.5402485522 0.00753464155925 3.1553e-08
pedestrian -1 -1 -10 409.05 117.27 459.307 223.28 1.92878826749 1.19287010859 0.770999910853 -4.16012161635 1.19280128114 16.6538541376 0.00753464155925 2.4115e-08
