pedestrian -1 -1 -10 913.39 142.94 1006.13 315.58 1.83399181366 0.456999469049 0.880996733782 3.73008117946 1.46039490429 7.51528175216 0.00692802392802 0.99863
pedestrian -1 -1 -10 766.01 182.38 785.746 232.147 0.762996576726 0.101999213714 0.656997597796 4.10872506825 0.749780678101 17.6312046912 0.00692802392802 0.012969
pedestrian -1 -1 -10 673.78 177.3 686.453 214.617 1.47899335176 0.905999523353 0.987996265714 1.35662916182 1.43655636641 13.0975411644 0.00692802392802 0.0024567
pedestrian -1 -1 -10 913.7 196.17 957.683 315.6 1.8329917714 0.456999469049 0.880996733782 3.73007980049 1.45939486203 7.51528118019 0.00692802392802 0.0015998
pedestrian -1 -1 -10 330.67 223.38 350.649 276.937 0.966995720565 0.798999244913 1.0619960484 -3.74624861013 1.38181481143 10.3145595476 0.00692802392802 0.0012575
pedestrian -1 -1 -10 688.16 165.8 704.208 205.133 1.98399113417 0.579999530653 1.16599574943 2.41811378746 0.978275959829 17.7734769537 0.00692802392802 0.0011089
pedestrian -1 -1 -10 669.03 177.27 682.37 212.489 1.47899335176 0.973999317054 1.04199608297 1.32939435154 1.43667015331 13.0637292244 0.00692802392802 0.0010962
pedestrian -1 -1 -10 647.23 219.34 660.944 263.269 1.47899335176 1.1489993892 0.742997180927 1.17929229412 1.43718301487 12.9772674938 0.00692802392802 0.0008921
pedestrian -1 -1 -10 643.01 213.92 656.519 258.222 2.06899079233 0.627000383812 1.18799550279 0.974723773155 1.17485053093 14.6320776833 0.00692802392802 0.00063477
pedestrian -1 -1 -10 652.1 222.38 667.312 265.957 2.2449900046 0.768999532272 0.798996964924 1.20301813455 1.42163882317 12.5186286017 0.00692802392802 0.00042691
pedestrian -1 -1 -10 760.4 184.51 777.271 230.485 2.06899073273 0.458999322735 0.937996441544 3.22296907685 1.17011297277 14.2274864885 0.00692802392802 0.00031268
pedestrian -1 -1 -10 135.61 195.86 165.883 242.099 2.29198978543 1.16999928341 1.19299583687 -8.49132753396 1.36736064754 13.4042221218 0.00692802392802 7.6759e-05
pedestrian -1 -1 -10 1209.0 222.4 1224.03 296.753 1.07599514127 0.636999652243 0.968996224049 4.60091485926 1.56139185501 5.42175539804 0.00692802392802 4.591e-05
pedestrian -1 -1 -10 127.37 193.72 151.946 242.219 2.28598977029 1.16499917236 1.1829951687 -8.6330047101 1.36786409143 13.3057051206 0.00692802392802 3.9298e-05
pedestrian -1 -1 -10 970.37 184.92 1022.73 307.83 0.990995542705 1.16499917236 0.424998118012 6.09582129628 1.39312762792 10.7903851274 0.00692802392802 3.6986e-06
