pedestrian -1 -1 -10 826.49 161.1 840.392 198.49 0.549939617514 0.202976877862 0.545999836677 7.74722446059 0.449688261253 24.7010524165 0.00753464155925 0.12745
pedestrian -1 -1 -10 821.91 159.56 843.608 209.038 0.343962249277 1.18387031637 1.13399971581 4.27440616859 0.536821464155 13.5553642109 0.00753464155925 0.027564
pedestrian -1 -1 -10 797.93 163.09 820.173 206.108 0.510943894863 0.349962041385 0.528999643517 6.37454111898 0.388786502892 22.6922298175 0.00753464155925 0.020509
pedestrian -1 -1 -10 833.53 156.02 847.881 193.772 1.51183399162 0.68492252192 1.09199967335 10.4147212687 0.448828271246 31.582037104 0.00753464155925 0.0059299
pedestrian -1 -1 -10 804.04 162.74 833.916 203.966 0.471948216911 0.276968176654 0.460999347713 9.36204669637 -0.574116105514 31.7444360769 0.00753464155925 0.003858
pedestrian -1 -1 -10 794.87 161.63 829.377 218.003 0.106988251567 0.0589935522213 0.908999880054 4.5128275817 0.414854097677 16.3355019933 0.00753464155925 0.001307
pedestrian -1 -1 -10 802.66 153.35 842.766 231.446 0.104988467098 0.0409939677689 0.655000009305 4.63989234863 0.41489486632 16.3435312013 0.00753464155925 0.00039231
pedestrian -1 -1 -10 818.64 157.92 867.252 213.955 1.16487209022 0.943896835541 1.18499958004 4.36157247669 1.35258888237 13.2056592302 0.00753464155925 0.0002373
pedestrian -1 -1 -10 359.11 179.45 377.807 226.357 2.11876734507 1.19587003934 0.339000121295 -5.58642357913 1.38296607562 16.8757218843 0.00753464155925 0.00017852
pedestrian -1 -1 -10 833.58 161.96 853.63 209.635 1.51183399162 0.969891149599 1.12000049639 10.3996476954 0.446729110828 31.4396621708 0.00753464155925 2.0794e-05
pedestrian -1 -1 -10 82.922 189.09 112.997 263.673 2.20675768292 0.604934222353 0.305999662189 -11.0056614302 1.40244214639 15.7372548116 0.00753464155925 5.8796e-07
