pedestrian -1 -1 -10 682.88 176.94 697.554 218.322 1.35985071838 0.406955004065 0.539999796552 3.36887818885 1.81957843458 28.9643429469 0.00753464155925 0.94178
pedestrian -1 -1 -10 702.25 177.79 712.595 216.508 1.33385353331 0.361959857213 0.417000166083 4.09305854474 1.60086307585 28.4073558058 0.00753464155925 0.26218
pedestrian -1 -1 -10 697.03 177.13 717.545 214.07 1.33385353331 0.361959857213 0.417000166083 4.09305854474 1.60086307585 28.4073558058 0.00753464155925 0.082936
pedestrian -1 -1 -10 698.75 176.78 708.965 216.169 2.36973977447 0.39995770852 0.478999468088 4.95149080464 1.49077305476 37.4274283422 0.00753464155925 0.040748
pedestrian -1 -1 -10 539.85 185.06 550.788 216.313 0.733919416189 0.347965266123 0.397999880075 -3.02095417866 1.98726567258 34.5466373028 0.00753464155925 0.0030635
pedestrian -1 -1 -10 1095.4 152.75 1112.74 194.652 1.74280863964 1.18886892951 1.19399987864 10.8227889819 0.923029260806 15.6054491605 0.00753464155925 0.00096699
pedestrian -1 -1 -10 688.9 179.9 713.691 218.978 1.89979134799 0.377960759264 0.478999468088 4.95155283734 1.49061023211 37.4129504053 0.00753464155925 0.00064713
pedestrian -1 -1 -10 379.81 202.66 396.301 246.999 1.19786842967 1.15887343637 0.884999957972 -5.84876737898 1.7309686327 18.7464891549 0.00753464155925 0.00052494
pedestrian -1 -1 -10 1084.4 146.74 1105.54 195.297 1.73980900764 1.18886892951 1.0319992721 10.6847943204 0.923129734582 15.6064652289 0.00753464155925 0.00040987
pedestrian -1 -1 -10 1028.7 151.8 1054.57 204.068 2.04577534604 1.17487147771 1.17299949979 4.9145129572 1.44772036799 8.1784118554 0.00753464155925 0.00031306
pedestrian -1 -1 -10 883.01 180.36 939.346 257.659 1.32685424483 1.10087922535 1.19599973307 4.09744443173 1.45429150561 9.79837271752 0.00753464155925 2.796e-05
