pedestrian -1 -1 -10 0.0 165.98 44.848 297.13 2.4167346052 0.805912417814 0.886999812402 -9.32557075663 1.70229060124 11.2715968368 0.00753464155925 0.93018
pedestrian -1 -1 -10 250.83 165.86 269.146 204.506 0.334963219166 0.526942698049 0.441999300123 -21.6289884287 0.474084499333 44.7081751253 0.00753464155925 0.01193
pedestrian -1 -1 -10 236.87 163.34 270.693 201.31 0.334963219166 1.04988803129 0.652999678038 -21.7364557157 0.470290440573 44.4475036422 0.00753464155925 0.0079407
pedestrian -1 -1 -10 255.25 160.18 275.825 202.932 0.0999890208244 0.0359953546253 0.197999893613 -22.0411973074 0.50825152958 46.7938209411 0.00753464155925 0.0045425
pedestrian -1 -1 -10 245.95 154.52 282.73 203.641 0.356960773829 0.42895386046 0.551999876802 -21.2872521313 -0.104045471024 45.3934127205 0.00753464155925 0.0033745
pedestrian -1 -1 -10 3.2303 172.28 38.5833 234.337 2.4167346052 0.805912417814 0.886999812402 -9.32557075663 1.70229060124 11.2715968368 0.00753464155925 0.0023976
pedestrian -1 -1 -10 64.922 166.44 80.074 217.105 0.368959480644 0.332959890994 0.960998240983 -33.5209810738 0.505869478854 45.6166711585 0.00753464155926 0.0012146
pedestrian -1 -1 -10 262.84 145.94 280.2 190.782 0.359960465432 0.681928312597 0.99200027617 -21.0663060565 -0.102333116276 45.5182633319 0.00753464155925 0.00102
pedestrian -1 -1 -10 14.73 171.28 68.276 275.29 2.4167346052 0.638929941007 0.786000011166 -9.27444321477 1.70348984725 11.3547057545 0.00753464155925 0.00064627
pedestrian -1 -1 -10 186.52 186.88 202.362 232.047 0.37295910918 0.0819917498173 0.184999409312 -25.9451670457 1.80852612652 46.1019095405 0.00753464155925 0.00031956
pedestrian -1 -1 -10 77.73 172.81 105.872 229.972 0.0999890208244 0.0 0.0 -36.5644007761 2.16425103921 51.5793850485 0.0 0.00022273
pedestrian -1 -1 -10 85.396 193.62 96.045 231.893 0.0999890208244 0.0 0.0 -35.9355216716 1.79040370374 50.2679999045 0.0 0.00018787
pedestrian -1 -1 -10 1019.7 147.13 1034.14 195.82 0.378958432789 0.140983394899 0.296001343717 29.7560031736 -0.893165561115 50.8934700729 0.00753464155925 0.00017584
pedestrian -1 -1 -10 364.6 129.7 383.819 177.839 0.354961019159 0.315963462022 0.62999992159 -11.8581168284 -0.813335054291 37.7353054314 0.00753464155925 0.00013113
pedestrian -1 -1 -10 358.91 136.93 378.245 180.58 0.0999890208244 0.0 0.0 -12.9141832274 -1.10397359135 39.6069330021 0.0 0.00010382
pedestrian -1 -1 -10 1089.3 165.35 1119.38 214.904 0.873904090638 0.288967899622 0.704000257519 18.39279776 1.55796895565 26.3730742873 0.00753464155925 3.924e-05
pedestrian -1 -1 -10 4.6215 218.17 31.4035 290.341 2.4167346052 0.72892023471 0.886999812402 -9.32528070512 1.70286050169 11.3100918356 0.00753464155925 3.2057e-05
pedestrian -1 -1 -10 191.84 185.47 215.481 229.534 1.15187350607 0.382957465268 0.520999748963 -17.0386721295 1.97745739168 30.7374567045 0.00753464155925 2.9192e-05
pedestrian -1 -1 -10 343.24 123.73 376.848 193.892 1.21886619639 0.748918501564 1.05799928703 -12.0951481096 0.322166326861 36.0689476804 0.00753464155925 2.783e-05
pedestrian -1 -1 -10 363.27 143.8 384.217 194.05 1.03788605952 0.766914271737 1.15999949232 -11.5794654169 0.14229145879 36.1663976948 0.00753464155925 1.374e-05
pedestrian -1 -1 -10 0.0 159.19 76.273 313.6 2.4167346052 0.675926543973 0.829999669633 -9.29658179807 1.70323201381 11.3363735002 0.00753464155925 1.1988e-05
pedestrian -1 -1 -10 1091.5 175.81 1107.84 222.805 1.03388649058 0.445950289432 1.18099939434 18.0377650625 1.71704746569 26.296067906 0.00753464155925 1.9112e-06
