pedestrian -1 -1 -10 635.37 168.68 647.632 191.929 0.100988898159 0.175979408323 0.364999897806 3.20790341625 1.05485402125 58.6871579985 0.00753464155925 0.0021308
pedestrian -1 -1 -10 797.37 157.36 811.076 206.937 2.08377116156 1.11987624386 0.724999682701 7.29177444502 1.16865777325 26.4419333514 0.00753464155925 0.0012197
pedestrian -1 -1 -10 802.52 158.1 817.268 204.283 2.23275485122 1.17287184174 0.879999845062 7.29483214037 1.30685165439 25.7123663461 0.00753464155925 0.00069497
pedestrian -1 -1 -10 675.21 148.84 706.984 235.534 2.35774106765 1.16087402591 0.592999753626 2.22346776281 1.62422828368 17.2186284902 0.00753464155925 0.0002331
pedestrian -1 -1 -10 664.07 156.65 701.282 217.358 1.94878599298 1.1188788098 0.262999930937 1.98816727251 1.18674308276 18.7970680004 0.00753464155925 5.9245e-05
pedestrian -1 -1 -10 688.13 191.83 699.926 233.751 2.35774106765 1.11687822026 0.726999775549 2.28969743363 1.62266964523 17.1161382279 0.00753464155925 3.6283e-05
pedestrian -1 -1 -10 672.43 160.36 692.565 226.913 1.94878599298 1.03188844684 0.262999930937 1.99063457655 1.19159090344 19.1245231732 0.00753464155925 1.4993e-05
pedestrian -1 -1 -10 764.15 178.66 784.914 241.327 1.92378870202 0.866905606007 1.1979995875 3.65131943451 1.20157480013 15.9507417566 0.00753464155925 9.3669e-06
pedestrian -1 -1 -10 262.96 218.31 280.182 271.789 1.46883865905 0.77091545082 0.79399990572 -5.68922265204 1.7197555587 11.9875263598 0.00753464155925 7.5145e-06
pedestrian -1 -1 -10 256.01 193.08 291.97 264.342 1.46883865905 0.877903127065 0.799999945845 -5.68581966381 1.72054530324 12.0409961079 0.00753464155925 5.8554e-07
pedestrian -1 -1 -10 128.29 144.54 213.208 234.913 1.69181423998 1.13387464923 0.130000074646 -13.3648561517 0.750664792001 22.1382478517 0.00753464155925 1.1067e-07
pedestrian -1 -1 -10 104.83 175.4 174.285 245.092 1.91978919268 1.17987104443 0.220999650062 -13.2924293047 0.995637407187 20.6535581145 0.00753464155925 5.9102e-08
pedestrian -1 -1 -10 393.67 153.41 433.602 229.675 1.1498736918 0.965893784796 0.896000111008 -6.47756164986 1.67445422501 24.5610101531 0.00753464155925 3.9798e-08
pedestrian -1 -1 -10 161.09 134.64 235.805 226.449 1.6578179338 1.1708712522 0.520000298585 -13.5872263359 0.682645556119 24.2214663845 0.00753464155925 3.2208e-08
pedestrian -1 -1 -10 123.02 163.96 194.329 253.971 0.862905216459 0.77091640439 1.16999924131 -7.38308289289 1.11563348659 11.9087342537 0.00753464155925 2.2974e-08
