pedestrian -1 -1 -10 944.62 146.49 956.754 177.765 0.891902042838 0.373959580182 0.511999450357 8.09612098452 0.113816031234 16.7603311007 0.00753464155925 0.0030485
pedestrian -1 -1 -10 948.77 145.12 960.568 179.303 0.168981436015 0.265970655596 0.0850000121274 6.24240619289 -0.0696305754128 12.8671245383 0.00753464155925 0.0015071
pedestrian -1 -1 -10 850.15 184.65 864.92 221.018 0.537940940498 0.233973619344 0.100999801236 6.34330572994 0.345852703983 16.6854717846 0.00753464155925 0.0014898
pedestrian -1 -1 -10 22.5 17.287 119.935 280.527 1.53683122671 0.62793146638 0.690999773218 -7.53532717991 0.868326591142 10.5378404192 0.00753464155925 0.0012061
pedestrian -1 -1 -10 1008.4 216.07 1027.06 258.965 1.50083522546 1.19286963181 0.893999541323 3.41521384028 1.70003434268 5.76760620418 0.00753464155925 0.00095094
pedestrian -1 -1 -10 56.462 127.49 92.734 221.148 1.98078248489 1.16487234429 1.16600000928 -7.60640219842 1.30896089146 10.3076079391 0.00753464155925 0.00028807
pedestrian -1 -1 -10 58.524 159.12 81.555 214.096 2.11776740814 1.17487147771 1.17499935422 -7.62889678678 1.44588818207 10.3017634811 0.00753464155925 0.0001528
pedestrian -1 -1 -10 486.44 146.47 503.646 185.768 0.345962003947 0.315967276301 0.484000057835 -7.38995629265 -0.063161455104 46.5716906826 0.00753464155925 0.0001467
pedestrian -1 -1 -10 834.22 154.02 877.292 228.734 1.37184938049 0.992891254335 1.00599973401 4.81692225851 0.972359884309 14.2940394364 0.00753464155925 6.8827e-05
pedestrian -1 -1 -10 374.83 137.43 396.161 191.539 0.0999890208244 0.0 0.0 -17.1078283002 -0.776712907175 55.5878908715 0.0 6.8618e-05
pedestrian -1 -1 -10 386.64 143.21 409.688 192.476 0.337962925669 0.224977641397 0.842999200261 -13.5397894784 -0.701191418699 48.0741152438 0.00753464155925 3.8076e-05
pedestrian -1 -1 -10 1227.4 219.91 1242.04 291.519 1.57582700151 0.680925157117 0.841999749883 4.62900057691 1.47317601395 5.62735560442 0.00753464155925 3.1031e-05
pedestrian -1 -1 -10 202.81 148.21 246.01 258.31 2.38573810982 1.16487234429 1.19399940181 -7.71213334637 1.64434181991 14.584026663 0.00753464155925 1.4124e-05
pedestrian -1 -1 -10 670.23 186.11 691.152 229.568 0.123986434454 0.590934863414 0.350999724708 2.72667375818 1.41659888577 28.0548735916 0.00753464155925 4.1255e-06
pedestrian -1 -1 -10 665.98 190.09 683.163 234.161 1.44184168326 0.738919368137 0.924999669162 2.46401566708 1.66826580798 26.6786911726 0.00753464155925 2.4403e-06
pedestrian -1 -1 -10 672.02 201.61 693.156 254.191 1.31285590255 0.967893420768 0.450999837148 1.56495997027 1.78249863517 14.2966105248 0.00753464155925 2.4371e-06
pedestrian -1 -1 -10 672.31 184.11 705.556 243.226 1.65381845426 0.404956321663 0.186999978997 2.70015364586 1.38719792176 25.4044658886 0.00753464155925 3.2733e-07
