pedestrian -1 -1 -10 1181.9 156.25 1196.6 188.511 0.100988898159 0.35696315121 0.275997077379 43.6656096084 0.274191080306 53.9847681886 0.00753464155925 0.0018307
pedestrian -1 -1 -10 300.34 133.66 331.791 187.086 0.102988712428 0.565939890556 1.08800091817 -26.177818643 -0.36849296018 65.4195555612 0.00753464155925 0.00051441
pedestrian -1 -1 -10 914.42 259.55 946.863 322.967 0.291967972275 1.16587168549 0.544999909463 5.44212220941 1.73931706426 11.4670937331 0.00753464155925 0.00039843
pedestrian -1 -1 -10 314.24 135.14 331.13 182.832 0.102988712428 0.490951157703 0.898997985304 -25.4602184731 -0.364846969298 65.6956352343 0.00753464155925 0.00032286
pedestrian -1 -1 -10 305.99 130.63 321.706 189.144 0.101988775495 0.364957880816 0.947999664029 -26.2485741369 -0.369929674673 65.3195866749 0.00753464155925 0.00021904
pedestrian -1 -1 -10 273.95 149.21 289.5 190.598 0.846906985404 1.14387378266 0.568000142748 -7.21328301792 0.524908402236 16.0581532887 0.00753464155925 0.00016006
pedestrian -1 -1 -10 1174.6 153.42 1201.26 196.359 0.100988913059 0.502943252112 0.43999849202 43.6251391678 0.604790868043 54.1562017231 0.00753464155923 0.00014581
pedestrian -1 -1 -10 312.5 139.43 350.8 195.947 0.100988898159 0.500944569711 1.11700023791 -24.7606051381 -0.00165703241757 66.0050159889 0.00753464155925 5.8989e-05
pedestrian -1 -1 -10 390.02 173.26 420.658 232.847 1.3288540591 0.787912833362 0.782999752685 -4.1830850083 1.46976415829 14.0776320736 0.00753464155925 2.3775e-05
pedestrian -1 -1 -10 691.52 170.81 710.781 205.149 0.316965203642 0.186979790091 0.450999837148 3.91824076576 0.809387097691 30.054588239 0.00753464155925 1.7972e-05
pedestrian -1 -1 -10 305.49 143.96 370.904 214.776 0.6909241097 0.397955211839 0.423000206208 -11.9040907042 0.266717777178 32.6664512344 0.00753464155925 8.7118e-06
pedestrian -1 -1 -10 319.14 164.74 349.371 210.144 0.306966299921 0.329963774531 0.199000297665 -11.4650738191 0.428646333498 29.9745340816 0.00753464155925 1.6618e-06
pedestrian -1 -1 -10 676.72 166.29 707.354 213.335 0.100988913059 0.257967343861 0.669000420821 8.88988836134 0.907814528135 72.7664723128 0.00753464155925 1.0949e-07
