pedestrian -1 -1 -10 530.01 165.82 541.61 202.784 2.52472272814 0.418954727033 0.585999786286 -2.67457916536 1.58591903643 28.3408672806 0.00753464155925 0.064006
pedestrian -1 -1 -10 534.48 165.83 546.643 208.109 2.52472272814 0.418954727033 0.585999786286 -2.67457916536 1.58591903643 28.3408672806 0.00753464155925 0.041485
pedestrian -1 -1 -10 518.96 167.13 530.479 200.856 0.370959280013 0.111987242958 0.209999973863 -6.20418160751 0.658138160488 56.9687006789 0.00753464155925 0.015206
pedestrian -1 -1 -10 728.88 172.91 745.705 215.058 2.83868826402 0.58593434313 0.613999655645 5.18459204916 1.86150767634 29.5185647505 0.00753464155925 0.008578
pedestrian -1 -1 -10 244.63 198.67 265.135 239.836 1.80380190206 1.17787045488 0.723000305109 -9.47885265352 1.74552740062 19.0426479238 0.00753464155925 0.0074694
pedestrian -1 -1 -10 691.77 177.94 701.56 210.75 2.5727175554 0.780916491386 0.802999727489 4.78762100005 1.71216119902 36.6362802042 0.00753464155925 0.0069686
pedestrian -1 -1 -10 783.05 188.83 795.158 229.923 1.06088347662 0.548941554444 0.384000183814 5.51388209958 1.72384287857 21.6413768125 0.00753464155925 0.0050481
pedestrian -1 -1 -10 514.28 166.24 545.534 211.333 0.393956771609 0.0529955978769 0.216999941203 -6.10465741675 2.07222949689 56.9686886624 0.00753464155925 0.0031539
pedestrian -1 -1 -10 525.55 164.82 552.093 215.206 2.71070229638 0.418954727033 0.649999657976 -2.64252279126 1.77187530637 28.3392494176 0.00753464155925 0.0014291
pedestrian -1 -1 -10 226.5 194.35 276.3 244.23 1.43084293293 1.15987277757 0.216999941203 -9.87985041573 1.388824001 19.991319399 0.00753464155925 0.00023378
pedestrian -1 -1 -10 683.89 177.11 704.819 212.837 2.5727175554 0.809912643327 0.737999690166 4.7550126645 1.71197023028 36.6220270631 0.00753464155925 4.4629e-05
pedestrian -1 -1 -10 783.33 183.51 805.438 234.442 1.06088347662 0.548941554444 0.384000183814 5.51388209958 1.72384287857 21.6413768125 0.00753464155925 3.3066e-05
pedestrian -1 -1 -10 314.8 180.96 343.925 239.051 1.81780034864 0.801912192301 0.178000395646 -10.9901156306 1.9224237401 28.8988770709 0.00753464155925 2.7075e-05
pedestrian -1 -1 -10 223.74 166.5 264.579 245.333 1.71881124091 1.18186972683 0.596000488944 -9.6433557975 1.67151848992 19.710445273 0.00753464155925 1.6082e-05
