pedestrian -1 -1 -10 931.07 153.86 1016.14 302.06 1.68999244124 0.492999696423 0.798997262946 4.574469572 1.44354625621 8.84452931127 0.00692802392802 0.99187
pedestrian -1 -1 -10 941.24 158.62 997.743 258.454 1.68999244124 0.492999696423 0.798997262946 4.574469572 1.44354625621 8.84452931127 0.00692802392802 0.025385
pedestrian -1 -1 -10 651.61 192.33 666.948 241.757 2.15299034864 0.683999551727 0.522997978423 1.08535338526 1.33605447372 12.4388956497 0.00692802392802 0.011025
pedestrian -1 -1 -10 657.08 193.42 671.62 239.727 2.25298992544 1.18399921289 0.899996656238 1.26571836599 1.43527245914 12.6877094665 0.00692802392802 0.0082533
pedestrian -1 -1 -10 666.53 180.23 682.321 215.843 1.46599338353 1.15300005024 1.03199613006 1.33438900085 1.42882172436 12.9191897084 0.00692802392802 0.0015602
pedestrian -1 -1 -10 927.12 158.19 974.499 296.81 2.26898988634 0.951999019158 1.19699553193 5.74456791702 1.40702208501 11.7246140745 0.00692802392802 0.001548
pedestrian -1 -1 -10 662.96 190.15 678.728 233.154 1.46599338353 1.08399985286 1.03199613006 1.33462801645 1.42878160134 12.9536889791 0.00692802392802 0.0015184
pedestrian -1 -1 -10 616.86 159.45 632.741 209.218 1.99399107993 0.699998381217 1.04799608005 0.539522230069 0.974376590124 17.8434823532 0.00692802392802 0.00098961
pedestrian -1 -1 -10 653.41 190.53 680.18 252.423 2.25598993301 1.19499983867 0.932996524692 1.28281438322 1.43812765919 12.773094949 0.00692802392802 0.00095363
pedestrian -1 -1 -10 968.3 177.35 1025.75 311.7 2.3109896943 0.943999604413 1.18999558874 6.55661440506 1.42786100983 11.6559866395 0.00692802392802 0.00083635
pedestrian -1 -1 -10 670.18 155.35 688.517 203.039 2.06899073273 0.581999384339 1.12399573262 1.64203353598 1.16628820462 14.3889385098 0.00692802392802 0.00058235
pedestrian -1 -1 -10 573.28 128.51 592.648 180.036 0.750996635854 0.230998836377 1.17699563356 -0.432028823664 0.614347584122 17.5920110033 0.00692802392802 0.00041968
pedestrian -1 -1 -10 678.01 154.07 693.084 200.835 0.985995621979 0.173000218455 1.12499577559 2.13590533638 0.734288960252 17.5712225144 0.00692802392802 0.00034776
pedestrian -1 -1 -10 681.76 157.24 699.372 199.068 2.06899073273 0.581999384339 1.09899585034 1.86152744444 1.16568461559 14.3874171243 0.00692802392802 0.00032789
pedestrian -1 -1 -10 647.13 216.24 664.355 261.794 1.47499340624 1.07099937339 0.766997139444 1.20209908075 1.43815353698 12.9481124191 0.00692802392802 0.00024784
pedestrian -1 -1 -10 671.93 180.61 688.063 217.593 1.46599338353 1.06699871234 0.993996285145 1.35511353041 1.4284798949 13.1680519448 0.00692802392802 0.0001758
pedestrian -1 -1 -10 711.05 168.09 727.945 212.664 1.00799551606 0.52499926275 1.18699557902 2.96841186174 0.991696071404 17.831747728 0.00692802392802 9.1193e-05
pedestrian -1 -1 -10 560.84 121.5 584.697 175.875 0.648997093737 0.3259999927 1.09399591858 -0.656992301637 0.513020622506 17.5460092673 0.00692802392802 3.9437e-05
pedestrian -1 -1 -10 984.48 208.83 1027.57 261.065 0.954995690286 0.97699957442 0.39899866959 6.01033287218 1.40395199639 10.2759978753 0.00692802392802 8.9428e-06
pedestrian -1 -1 -10 545.92 97.212 584.419 193.442 0.614997236431 0.862998377567 0.234999131874 -1.016621533 -0.508389030209 21.3899281848 0.00692802392802 6.3197e-06
pedestrian -1 -1 -10 969.59 160.74 998.14 247.13 1.68999244124 0.492999696423 0.798997262946 4.574469572 1.44354625621 8.84452931127 0.00692802392802 2.6732e-06
pedestrian -1 -1 -10 227.26 218.73 253.199 265.748 1.29699419886 0.330999150079 1.14099598636 -7.42865845774 0.374604604537 14.1258016325 0.00692802392802 2.1682e-06
pedestrian -1 -1 -10 911.34 163.18 959.492 274.81 2.25298998505 1.14499872815 1.19499520757 5.47765866586 1.40290882626 11.5929648618 0.00692802392802 7.9876e-08
