pedestrian -1 -1 -10 967.71 172.2 982.243 217.109 1.47383817238 0.266970950367 0.426000464689 14.5900818727 1.7607050699 28.4284454255 0.00753464155925 0.97256
pedestrian -1 -1 -10 935.99 173.98 949.986 212.188 1.53283167267 0.416956044632 0.435000286458 14.0999737725 1.86026332188 30.3363646028 0.00753464155925 0.94005
pedestrian -1 -1 -10 927.55 172.2 943.199 213.153 1.55182956553 0.980895345646 0.592999276789 14.031374286 1.89786767822 31.1845829347 0.00753464155925 0.47107
pedestrian -1 -1 -10 929.01 172.27 958.158 209.716 1.53283167267 0.416956044632 0.435000286458 14.0999737725 1.86026332188 30.3363646028 0.00753464155925 0.33098
pedestrian -1 -1 -10 902.43 178.12 914.905 215.025 1.39184715814 0.416954137492 0.518999894533 13.6526144378 1.75549551012 32.021475453 0.00753464155925 0.31407
pedestrian -1 -1 -10 921.9 172.37 937.806 212.585 1.55182956553 0.882904600918 0.592999276789 14.0310051269 1.89714234524 31.135588953 0.00753464155925 0.22113
pedestrian -1 -1 -10 372.79 147.02 384.156 186.098 0.103988768557 0.0349921991451 0.39800059533 -23.1151204819 -1.31003719211 74.3641600037 0.00753464155925 0.08385
pedestrian -1 -1 -10 918.2 174.64 930.859 210.795 1.55182956553 0.759918883332 0.581000150213 14.0382061608 1.89949899025 31.2950228901 0.00753464155925 0.071391
pedestrian -1 -1 -10 907.08 176.78 923.853 213.534 1.39184715814 0.416954137492 0.518999894533 13.6526144378 1.75549551012 32.021475453 0.00753464155925 0.062554
pedestrian -1 -1 -10 900.27 175.71 933.215 214.795 1.39184715814 0.416954137492 0.518999894533 13.6526144378 1.75549551012 32.021475453 0.00753464155925 0.019471
pedestrian -1 -1 -10 944.02 172.63 966.675 210.427 1.39184720283 0.41495545509 0.360999950529 14.9854385722 1.74542597019 31.3294867666 0.00753464155925 0.017661
pedestrian -1 -1 -10 513.1 160.9 524.624 189.558 2.18176051115 0.488946753882 0.272999918339 -2.47928948023 1.38312492581 21.2708833254 0.00753464155925 0.0055307
pedestrian -1 -1 -10 1023.4 182.86 1039.53 219.992 0.856905877951 0.730920824252 0.791000124076 15.6041641546 1.67042444734 26.354290014 0.00753464155925 0.00542
pedestrian -1 -1 -10 1033.4 184.7 1047.76 223.526 1.06388316822 1.06788380147 0.827999815204 15.5834204466 1.84991037738 26.0487795671 0.00753464155925 0.0027576
pedestrian -1 -1 -10 952.9 168.16 980.172 212.629 0.0999890208244 0.0 0.0 17.7923959189 0.826625558177 36.5896035463 0.0 0.0017917
pedestrian -1 -1 -10 756.68 164.17 767.069 199.947 0.0999890208244 0.0679933444475 0.445999008982 14.4539977726 0.791115496633 65.793308695 0.00753464155925 0.00093222
pedestrian -1 -1 -10 760.46 164.01 772.856 201.12 0.0999890208244 0.0679933444475 0.445999008982 14.4539977726 0.791115496633 65.793308695 0.00753464155925 0.00085237
pedestrian -1 -1 -10 1031.4 178.31 1053.15 229.64 1.05188452101 1.15387482323 0.839999895454 15.5783603397 1.83387283786 25.7759288719 0.00753464155925 0.00012402
