pedestrian -1 -1 -10 1006.0 162.95 1035.66 234.369 1.7248106055 1.01288761405 0.543999505411 10.1200376467 1.75646322628 17.2875056007 0.00753464155925 0.066143
pedestrian -1 -1 -10 956.46 172.03 981.492 227.425 1.55582916427 1.06588321193 0.56999952034 8.91489194412 1.71184746434 17.6675470599 0.00753464155925 0.0099059
pedestrian -1 -1 -10 996.9 163.18 1021.69 237.63 1.7248106055 1.14687562054 0.543999505411 10.1232018202 1.76268027336 17.7074477484 0.00753464155925 0.0096996
pedestrian -1 -1 -10 991.46 169.93 1043.14 241.18 1.7248106055 1.13987451072 0.700999999038 10.2006865598 1.76063219112 17.5723761298 0.00753464155925 0.0027709
pedestrian -1 -1 -10 950.02 170.07 973.078 232.319 1.5538294096 1.11787756146 0.55799944009 8.91961799741 1.70734172518 17.4985403616 0.00753464155925 0.002057
pedestrian -1 -1 -10 735.93 193.56 746.597 221.788 2.46272955859 0.523942767307 0.579999746161 4.83175635951 1.72993979646 25.6818582662 0.00753464155925 0.001985
pedestrian -1 -1 -10 1015.7 166.21 1045.56 221.706 1.7248106055 1.15487416443 0.700999999038 10.200102692 1.75948499303 17.4948864757 0.00753464155925 0.0016895
pedestrian -1 -1 -10 967.61 165.64 1009.17 239.578 1.59382497978 1.12287617461 0.55799944009 8.91797666835 1.74408814071 17.2787739438 0.00753464155925 0.0012292
pedestrian -1 -1 -10 1010.0 156.15 1050.34 246.053 1.7248106055 1.15487416443 0.700999999038 10.200102692 1.75948499303 17.4948864757 0.00753464155925 0.00069391
pedestrian -1 -1 -10 993.23 164.94 1010.47 219.489 1.74880793345 0.835908864525 0.838000041024 16.5317970967 1.69667430048 30.1305357765 0.00753464155925 0.0006687
pedestrian -1 -1 -10 715.55 181.37 728.409 218.089 2.60671374238 0.654927028779 0.610999874001 5.04793331733 1.80870574853 31.6184474613 0.00753464155925 0.00061897
pedestrian -1 -1 -10 738.58 192.44 752.513 222.789 2.46272955859 0.523942767307 0.579999746161 4.83175635951 1.72993979646 25.6818582662 0.00753464155925 0.00030196
pedestrian -1 -1 -10 710.77 171.24 738.134 218.453 2.81769066119 0.654927028779 0.610999874001 5.04786826579 1.80870574853 31.6200096584 0.00753464155925 0.00029336
pedestrian -1 -1 -10 942.44 166.88 983.019 239.792 1.55582916427 1.07488300415 0.56999952034 8.91485803934 1.71178084737 17.6630472915 0.00753464155925 0.00013914
pedestrian -1 -1 -10 707.83 179.16 722.837 216.279 2.81769066119 0.654927028779 0.610999874001 5.04786826579 1.80870574853 31.6200096584 0.00753464155925 6.7369e-05
pedestrian -1 -1 -10 701.56 179.46 718.052 215.374 0.543940219408 0.355959995729 0.43199955114 5.74669004234 1.59286098861 39.5457072659 0.00753464155925 1.9501e-05
pedestrian -1 -1 -10 702.47 164.55 727.758 216.015 0.543940219408 0.355959995729 0.43199955114 5.74669004234 1.59286098861 39.5457072659 0.00753464155925 2.298e-06
pedestrian -1 -1 -10 927.63 166.8 963.003 231.466 1.97878267062 1.15987277757 0.714999933718 16.9401154713 1.50712478875 35.5837210286 0.00753464155925 1.8357e-06
pedestrian -1 -1 -10 1037.5 144.24 1074.63 250.77 1.6348204571 1.18687024711 0.680000097019 16.5692249615 1.54442148413 26.8737139004 0.00753464155925 1.0666e-06
