pedestrian -1 -1 -10 65.524 171.2 109.879 267.676 2.37573915767 0.926898499429 0.585999786286 -5.72929186444 1.77114921587 7.76419690592 0.00753464155925 0.031854
pedestrian -1 -1 -10 838.81 155.81 850.233 190.874 0.345961944349 0.331960549793 0.28499976017 15.4357547725 -0.727509639221 47.7737277644 0.00753464155925 0.014897
pedestrian -1 -1 -10 440.2 174.65 461.675 237.706 1.52183293259 1.18687024711 0.521999914596 -2.67971694135 1.64186115233 12.0534077487 0.00753464155925 0.0081458
pedestrian -1 -1 -10 6.2072 205.69 32.3072 258.969 2.48272737348 0.79991160276 0.895000183793 -19.2052863721 2.36868835635 23.6463595477 0.00753464155925 0.0058717
pedestrian -1 -1 -10 795.35 157.31 815.303 203.523 0.850906584142 0.769916109619 1.0189987878 11.6911659913 0.945347170399 41.7240789227 0.00753464155925 0.004988
pedestrian -1 -1 -10 790.89 171.59 805.174 206.631 0.850906584142 0.721921032025 0.61799984134 11.4908530041 0.94584841101 41.7495842967 0.00753464155925 0.0030308
pedestrian -1 -1 -10 803.71 150.26 824.508 196.082 0.851906461477 0.41495545509 1.0879999645 12.0033194032 0.942491480822 41.5442523293 0.00753464155925 0.003007
pedestrian -1 -1 -10 82.561 171.03 117.741 248.088 2.27575011301 0.851906905866 0.585999786286 -5.72904017983 1.67171526318 7.80243201606 0.00753464155925 0.0022592
pedestrian -1 -1 -10 806.51 165.08 821.788 204.244 0.851906461477 0.41495545509 1.14299929916 11.9758205142 0.942511502602 41.5444592311 0.00753464155925 0.0021682
pedestrian -1 -1 -10 62.105 157.76 101.711 319.73 2.37573915767 0.926898499429 0.585999786286 -5.72929186444 1.77114921587 7.76419690592 0.00753464155925 0.00098257
pedestrian -1 -1 -10 418.66 171.79 471.524 248.464 1.63082087327 1.17387118294 0.843999604312 -2.75112060963 1.73318759281 11.4648192461 0.00753464155925 0.00085855
pedestrian -1 -1 -10 786.61 176.79 799.937 206.241 0.10298865283 0.280967448597 0.273000633594 13.266502649 1.21390747146 51.0044810943 0.00753464155925 0.00079308
pedestrian -1 -1 -10 829.87 157.94 844.989 194.262 0.340962498076 0.28596796888 0.53399927959 15.3114302623 -0.732078000855 47.7976971313 0.00753464155925 0.00072004
pedestrian -1 -1 -10 798.79 159.73 826.418 209.023 0.848906799673 0.537943079816 1.19299947459 11.8442868656 0.941518185421 41.6069518455 0.00753464155925 0.00064973
pedestrian -1 -1 -10 185.66 141.36 210.225 193.044 2.01077922213 0.741919298879 1.08199849386 -16.8438009691 0.909183508236 30.1335750867 0.00753464155925 0.00037201
pedestrian -1 -1 -10 350.09 140.94 366.922 191.638 0.611932772163 0.575933302564 0.867000314434 -14.6203293191 -0.679241066622 43.2327905134 0.00753464155925 0.00029501
pedestrian -1 -1 -10 813.56 156.44 833.969 197.787 0.0999890208244 0.0 0.0 20.9392559949 1.29389309766 68.6784041746 0.0 0.0002257
pedestrian -1 -1 -10 433.94 168.5 454.243 232.709 1.63082087327 1.17387118294 0.843999604312 -2.75112060963 1.73318759281 11.4648192461 0.00753464155925 0.00018507
pedestrian -1 -1 -10 46.459 131.81 124.128 333.09 2.37573915767 0.926898499429 0.585999786286 -5.72929186444 1.77114921587 7.76419690592 0.00753464155925 0.00015572
pedestrian -1 -1 -10 819.2 156.79 842.314 193.091 0.0999890208244 0.0 0.0 21.0636432798 1.27778601379 67.9336070751 0.0 0.00013753
pedestrian -1 -1 -10 338.31 142.67 363.993 216.793 0.100988898159 0.634932576204 0.680999547397 -20.1661902942 0.384758338762 56.8344160933 0.00753464155925 5.0138e-05
pedestrian -1 -1 -10 0.0 141.76 14.449 190.514 0.741918613664 0.35696124407 0.560001201868 -23.3143936482 -0.221361284148 27.8678541947 0.00753464155924 4.5672e-05
pedestrian -1 -1 -10 738.86 177.16 751.96 207.051 2.25175275898 0.465948556286 0.626999663109 7.25557958449 1.83751650245 38.8532601288 0.00753464155925 9.0059e-06
pedestrian -1 -1 -10 1.7962 143.03 26.6772 207.23 2.12476666868 0.369960308239 0.895000183793 -19.2058821142 1.06502393027 23.6760157836 0.00753464155925 1.8077e-06
pedestrian -1 -1 -10 417.92 200.04 454.382 279.658 1.60382388723 0.903901255403 0.822999702293 -2.74536047009 1.69688700131 10.8370269826 0.00753464155925 1.4552e-06
