pedestrian -1 -1 -10 300.59 153.81 315.968 193.7 0.0999890208244 0.0 0.0 -29.7423833559 -0.38391044777 72.5365987017 0.0 0.073857
pedestrian -1 -1 -10 294.04 158.86 326.631 203.222 0.100988913059 0.0359953546253 0.574998679577 -24.8957556053 0.758090616942 61.9247232094 0.00753464155925 0.0021824
pedestrian -1 -1 -10 358.35 162.81 369.924 197.169 0.104988467098 0.0389971925071 1.03799978907 -21.7866847269 -0.348241658536 65.5517077831 0.00753464155925 0.00093772
pedestrian -1 -1 -10 1085.2 139.05 1119.3 211.568 0.886902615189 0.384959961949 0.37400043483 25.6837339717 0.904131951342 37.565466025 0.00753464155925 0.00066369
pedestrian -1 -1 -10 302.44 153.96 337.063 199.285 0.110987969501 0.0249987871373 0.94099969669 -28.9795569928 -1.8561119294 73.9164144659 0.00753464155925 0.0006598
pedestrian -1 -1 -10 1118.5 170.57 1135.52 213.15 0.341962435009 0.363962353894 0.419999947727 27.775798064 1.50356957679 38.1463776683 0.00753464155925 0.00044503
pedestrian -1 -1 -10 1112.5 146.73 1135.65 210.852 0.336962988736 0.145983915182 0.333999531548 26.6484489918 -0.207907575773 37.4720747318 0.00753464155925 0.00017634
pedestrian -1 -1 -10 1150.0 181.35 1181.55 259.018 2.54072106349 0.989891323593 0.881999699491 10.8191906401 1.75368452364 13.6233124777 0.00753464155925 0.00017313
pedestrian -1 -1 -10 718.74 140.75 736.658 189.844 0.0999890208244 0.118982631364 0.510999523142 10.8712310835 0.0101303135857 65.4483141255 0.00753464155925 9.5456e-05
pedestrian -1 -1 -10 1108.0 136.92 1130.48 195.387 0.336962988736 0.145983915182 0.333999531548 26.6484489918 -0.207907575773 37.4720747318 0.00753464155925 9.4622e-05
pedestrian -1 -1 -10 1180.0 196.91 1200.85 260.369 2.55871903432 1.19886806294 1.07899918905 10.915648354 1.76859178603 13.350961124 0.00753464155925 7.8926e-05
pedestrian -1 -1 -10 300.51 177.16 314.743 204.462 0.0999890208244 0.0 0.0 -21.4957959898 0.95084551581 51.9858784282 0.0 7.3162e-05
pedestrian -1 -1 -10 1124.8 160.78 1142.31 212.881 0.341962435009 0.363962353894 0.419999947727 27.775798064 1.50356957679 38.1463776683 0.00753464155925 6.6594e-05
pedestrian -1 -1 -10 1152.0 159.18 1224.33 263.93 1.70681258625 0.316966617502 0.410999172284 23.4221210269 2.04736301748 29.3805203611 0.00753464155925 5.691e-05
pedestrian -1 -1 -10 1031.4 149.3 1061.43 215.85 2.59171540356 0.564938642215 0.277000342453 19.1424373608 1.82527922569 31.2308540715 0.00753464155924 5.4437e-05
pedestrian -1 -1 -10 1168.0 199.01 1187.13 256.068 2.55971891165 1.07488205058 1.04799906121 10.9018736451 1.77199283581 13.5800531769 0.00753464155925 3.6273e-05
pedestrian -1 -1 -10 1174.2 197.48 1193.41 258.85 2.56171866632 1.09887958938 1.14099944473 10.9482827318 1.7737811038 13.5676900829 0.00753464155925 2.0797e-05
pedestrian -1 -1 -10 1122.7 136.94 1188.77 254.45 2.53672143495 0.88490232975 0.777999639774 10.7675863723 1.75049988937 13.6762263376 0.00753464155925 1.3094e-05
pedestrian -1 -1 -10 1159.8 188.84 1196.65 256.834 2.55971891165 1.07488205058 1.04799906121 10.9018736451 1.77199283581 13.5800531769 0.00753464155925 1.0195e-05
pedestrian -1 -1 -10 1149.3 172.64 1174.93 234.054 2.54072106349 0.974892623453 0.85499928051 10.8057473171 1.75380537401 13.6309131877 0.00753464155925 9.2789e-06
pedestrian -1 -1 -10 0.0 174.48 57.954 250.912 0.570937265043 1.09887863581 0.185999813363 -12.3737370813 1.56004485238 15.5050893323 0.00753464155925 7.9601e-06
pedestrian -1 -1 -10 1138.9 154.82 1175.32 258.66 2.53672143495 0.835907910955 0.777999639774 10.7677709483 1.7508625488 13.7007228517 0.00753464155925 6.676e-06
