pedestrian -1 -1 -10 552.56 166.92 566.827 205.386 1.37084944356 0.652932160657 0.480999799354 -2.34503190078 1.40757189903 35.6174878006 0.00753464155925 0.98886
pedestrian -1 -1 -10 331.21 227.11 352.256 279.608 1.76780585611 0.811911325728 0.519999821748 -3.88805193353 1.50092450101 9.64658534681 0.00753464155925 2.3877e-05
pedestrian -1 -1 -10 436.98 170.47 458.803 225.846 2.29674783504 0.651929005176 0.714999456881 -5.10580492931 1.47163883435 22.0068134605 0.00753464155925 9.8361e-06
pedestrian -1 -1 -10 57.135 150.2 122.474 216.721 1.66981664062 1.17687111368 0.142000154896 -10.6583949707 0.870303272536 14.999439906 0.00753464155925 3.5947e-06
pedestrian -1 -1 -10 1103.3 158.37 1152.6 250.057 0.37995826915 0.0739917755768 0.855999684562 5.13902390733 0.321421286489 6.74536526349 0.00753464155924 2.3982e-06
pedestrian -1 -1 -10 0.0 132.73 50.178 230.604 2.17576112794 1.18786958831 0.33300008117 -10.7298186263 1.40152101089 13.2551181629 0.00753464155925 1.7431e-06
pedestrian -1 -1 -10 280.97 136.01 351.094 225.763 1.63682031607 1.18786958831 0.643999856269 -3.95150692531 1.36720123742 9.46004792058 0.00753464155925 4.7012e-07
pedestrian -1 -1 -10 78.421 131.93 165.853 193.609 1.05288436854 1.18586995234 0.223999908543 -10.6739652555 0.240362853191 16.1509748095 0.00753464155925 2.4169e-07
pedestrian -1 -1 -10 81.911 148.88 155.14 224.447 1.26586098242 1.18986922428 0.223999908543 -10.6764850358 0.458246290849 15.80529636 0.00753464155925 3.227e-09
pedestrian -1 -1 -10 109.8 139.98 178.596 211.106 0.827909092545 1.15587350563 0.175999587543 -10.6636234009 0.00707412330292 16.7397666558 0.00753464155925 1.6539e-09
