pedestrian -1 -1 -10 652.15 141.93 714.834 299.83 1.8649917081 0.631000091184 0.434998368947 1.01718941476 1.38832079816 8.87500835205 0.00692802392802 0.9969
pedestrian -1 -1 -10 662.17 194.62 705.973 295.95 1.8649917081 0.631000091184 0.434998368947 1.01718941476 1.38832079816 8.87500835205 0.00692802392802 0.042506
pedestrian -1 -1 -10 674.37 204.54 699.548 274.337 1.8649917081 0.631000091184 0.434998368947 1.01718941476 1.38832079816 8.87500835205 0.00692802392802 0.0094692
pedestrian -1 -1 -10 647.43 144.75 702.1 224.87 1.8649917081 0.631000091184 0.434998368947 1.01718941476 1.38832079816 8.87500835205 0.00692802392802 0.0033842
pedestrian -1 -1 -10 669.93 142.53 704.913 263.68 1.8649917081 0.631000091184 0.434998368947 1.01718941476 1.38832079816 8.87500835205 0.00692802392802 0.0027288
pedestrian -1 -1 -10 676.35 148.49 716.61 240.257 0.752996616066 0.108999178453 0.877996724066 2.54991735172 0.736119286673 17.5964933245 0.00692802392802 0.0010855
pedestrian -1 -1 -10 654.28 210.18 687.616 294.657 1.8649917081 0.631000091184 0.434998368947 1.01718941476 1.38832079816 8.87500835205 0.00692802392802 0.00078463
pedestrian -1 -1 -10 682.63 188.82 711.321 281.664 2.39898930043 0.589999752758 1.19399552222 1.92194510481 1.49544164808 14.4541917231 0.00692802392802 0.0005478
pedestrian -1 -1 -10 683.1 146.22 706.115 222.04 0.75199663341 0.108999178453 0.862996675488 2.54241612869 0.735139927933 17.5965447364 0.00692802392802 0.00039614
pedestrian -1 -1 -10 695.42 205.09 710.543 264.212 2.39898930043 0.611999096981 1.19299547924 2.05836504938 1.49507908805 14.4422462146 0.00692802392802 0.00039001
pedestrian -1 -1 -10 656.16 149.66 678.505 201.763 1.97299120575 0.470999398527 1.1769955665 1.34434821846 1.07095191963 14.5264491587 0.00692802392802 0.00019227
pedestrian -1 -1 -10 126.21 191.26 148.857 241.534 2.25199000239 1.12299938393 1.15099570085 -8.67276908701 1.32792429325 13.3489552165 0.00692802392802 0.00016797
pedestrian -1 -1 -10 663.62 143.85 692.496 236.84 1.8649917081 0.631000091184 0.434998368947 1.01718941476 1.38832079816 8.87500835205 0.00692802392802 0.00015219
pedestrian -1 -1 -10 133.48 192.38 158.812 242.151 2.25199000239 1.18699947025 1.1819947681 -8.56805000056 1.32759971907 13.3802301854 0.00692802392802 6.2477e-05
pedestrian -1 -1 -10 708.54 169.5 728.989 214.07 0.756996591389 0.1090010858 1.17099560668 2.95855566778 0.740972674903 17.613665539 0.00692802392802 4.0351e-05
pedestrian -1 -1 -10 644.59 217.31 658.702 261.722 2.2469899103 0.879999518085 0.391998487975 1.0204674578 1.42998802102 12.653405278 0.00692802392802 3.3033e-05
pedestrian -1 -1 -10 638.41 146.96 678.809 234.856 2.15299034864 0.797998841233 0.363998655581 1.00640294261 1.33618121 12.5184447219 0.00692802392802 1.4576e-05
pedestrian -1 -1 -10 675.84 139.5 695.655 234.388 1.8649917081 0.631000091184 0.434998368947 1.01718941476 1.38832079816 8.87500835205 0.00692802392802 9.24e-06
