pedestrian -1 -1 -10 835.56 80.893 895.806 230.523 1.5538293798 0.77091545082 0.86299989032 3.72986137985 0.934041999964 10.5146212158 0.00753464155925 0.35386
pedestrian -1 -1 -10 271.0 172.76 285.006 212.59 1.41184492088 0.473947100172 1.12499965562 -12.4546714629 1.49200491567 27.3240603373 0.00753464155925 0.19965
pedestrian -1 -1 -10 280.69 174.66 298.8 218.417 2.18076057422 0.825909731098 1.08000006994 -6.40740927479 1.46400356634 14.68286376 0.00753464155925 0.063535
pedestrian -1 -1 -10 266.54 175.18 294.512 219.462 1.57882664096 0.473947100172 0.877999990633 -12.3311236397 1.6588967188 27.3218947194 0.00753464155925 0.016243
pedestrian -1 -1 -10 61.602 170.56 79.833 232.468 0.104988467098 0.402955732122 0.135999637934 -26.0572708853 1.20154330444 35.7008232512 0.00753464155925 0.010811
pedestrian -1 -1 -10 299.15 178.87 313.139 216.889 1.23686413742 0.275970742593 0.164000460967 -14.045584872 1.66826407204 34.1610860154 0.00753464155925 0.0041581
pedestrian -1 -1 -10 627.21 149.77 640.821 186.081 0.340962557674 0.546940964903 0.726999775549 2.23227189783 0.553926284541 50.958133697 0.00753464155925 0.0031117
pedestrian -1 -1 -10 70.099 178.4 86.142 223.923 0.380958180009 0.205974901465 0.242000505755 -35.0610695367 0.545130157092 47.933601127 0.00753464155927 0.0014976
pedestrian -1 -1 -10 256.52 161.19 283.978 218.679 1.58682577884 0.473947100172 1.13299907334 -12.5446150879 1.66705130034 27.3234418184 0.00753464155925 0.00084421
pedestrian -1 -1 -10 840.06 98.538 881.013 188.358 1.48883651865 0.77091545082 0.86299989032 3.72984134029 0.869049138812 10.5151024612 0.00753464155925 0.00078328
pedestrian -1 -1 -10 56.081 185.51 73.619 235.137 1.14187456883 0.712921239799 0.240999148029 -17.3536635691 0.120988476261 23.2101969155 0.00753464155925 0.00043814
pedestrian -1 -1 -10 187.48 114.05 223.917 201.987 0.113987541908 0.988890075253 0.72499825219 -30.916312546 -1.19299359972 56.3477888894 0.00753464155925 0.00041663
pedestrian -1 -1 -10 67.191 164.95 97.188 223.225 0.0999890208244 0.0 0.0 -36.8437333961 1.3839727444 50.9469523667 0.0 0.00027474
pedestrian -1 -1 -10 297.97 171.13 326.211 213.653 0.357960688413 0.308968073616 0.246999664991 -20.1424432815 0.568627090791 50.6815694394 0.00753464155925 0.00017512
pedestrian -1 -1 -10 621.12 153.79 644.665 190.475 0.340962557674 0.546940964903 0.726999775549 2.23227189783 0.553926284541 50.958133697 0.00753464155925 0.00014054
pedestrian -1 -1 -10 361.75 139.71 398.773 200.654 0.369959357979 0.626930218039 1.06800046653 -16.6065091399 -0.756712507107 53.2469921831 0.00753464155925 2.1812e-05
pedestrian -1 -1 -10 833.85 109.48 858.525 175.447 1.48883651865 0.77091545082 0.731999888459 3.66434319328 0.869096827628 10.5155952696 0.00753464155925 9.1595e-06
pedestrian -1 -1 -10 52.993 127.72 73.996 181.216 1.14187456883 0.712921239799 0.240999148029 -17.3536635691 0.120988476261 23.2101969155 0.00753464155925 5.5835e-06
pedestrian -1 -1 -10 370.06 158.31 389.415 203.286 0.367959603309 0.776915312304 1.02199904628 -16.8590852745 0.619280049277 53.9686095361 0.00753464155925 3.627e-06
