pedestrian -1 -1 -10 390.12 135.49 409.094 193.695 0.580936202289 1.00788900091 0.477999779292 -3.58329760216 -0.0750048861948 12.2331899877 0.00753464155925 0.0022466
pedestrian -1 -1 -10 996.15 166.24 1007.22 207.185 2.22575559068 0.957895240911 1.00899951566 5.64537162927 1.57138588188 10.2801968451 0.00753464155925 0.0020751
pedestrian -1 -1 -10 989.85 163.55 1001.22 204.008 2.2407539295 0.897902347488 0.899999819866 5.59065193812 1.58597982983 10.2505002388 0.00753464155925 0.001566
pedestrian -1 -1 -10 98.309 245.41 116.499 286.696 1.5538294096 1.17787093167 1.11599959544 -3.53110456518 1.67430650174 5.09211797037 0.00753464155925 0.0013092
pedestrian -1 -1 -10 382.25 129.89 416.527 227.583 1.69381399465 1.14087480549 0.582999766223 -3.60269140469 1.0401934673 13.1236878891 0.00753464155925 0.00076453
pedestrian -1 -1 -10 364.8 195.1 380.099 239.339 1.44584128665 0.720920737255 0.791999574454 -4.82611566545 1.63371980938 15.1955696839 0.00753464155925 0.00028644
pedestrian -1 -1 -10 284.42 167.34 325.817 266.211 1.38184831774 0.600933996841 0.721999901057 -5.57102644895 1.53973726047 14.1529550922 0.00753464155925 0.00024988
pedestrian -1 -1 -10 110.32 174.19 185.409 274.92 1.15487316787 0.711921898598 1.1889992889 -7.59906948592 0.90930303936 11.7460542531 0.00753464155925 0.00020336
pedestrian -1 -1 -10 990.44 121.1 1003.39 160.25 1.54982981086 0.594934135357 0.591999826411 5.73616903514 0.896393381304 10.3520116994 0.00753464155925 0.00015623
pedestrian -1 -1 -10 72.923 171.0 125.074 271.57 1.41984413325 0.814910302901 1.18299972561 -8.29979626347 1.24106650687 11.632867951 0.00753464155925 0.00012276
pedestrian -1 -1 -10 114.01 249.53 131.156 287.527 0.494945693608 0.349962041385 0.547999929525 -3.84630945884 0.839386380113 5.89312490286 0.00753464155925 0.00011668
pedestrian -1 -1 -10 93.88 178.31 144.526 272.241 1.41984413325 0.72791993994 1.18599950725 -7.97397760874 1.24147342637 11.6739129023 0.00753464155925 7.2439e-05
pedestrian -1 -1 -10 1001.2 206.36 1017.94 254.159 2.2147567612 0.967894374338 1.11799968828 5.69990445127 1.56042138647 10.2848676643 0.00753464155925 6.4657e-05
pedestrian -1 -1 -10 1188.5 117.52 1241.95 375.0 2.24775319004 1.1938694498 1.11899913866 11.7334919196 1.43485972299 13.8760102715 0.00753464155925 4.5147e-05
pedestrian -1 -1 -10 39.109 215.97 78.53 284.159 1.41984413325 1.05188480656 1.18599950725 -8.69624753769 1.23749767668 11.3753715848 0.00753464155925 4.2379e-05
pedestrian -1 -1 -10 297.9 213.72 349.371 278.97 1.47483804226 0.71492182934 0.889000143668 -5.4870705944 1.63350993509 14.2086306025 0.00753464155925 2.4459e-05
pedestrian -1 -1 -10 325.33 232.2 345.095 286.309 1.47483804226 0.732919506653 0.801999800274 -5.44350385156 1.63361148358 14.2173018994 0.00753464155925 2.416e-05
pedestrian -1 -1 -10 361.54 191.07 389.455 245.489 1.45184062516 0.953895015398 0.917999940241 -4.76399679606 1.63194945195 15.0786562737 0.00753464155925 1.3439e-05
pedestrian -1 -1 -10 1196.5 159.7 1242.0 286.91 2.36274051393 1.19287010859 0.960999194657 11.8130706919 1.54986283569 13.947069495 0.00753464155925 5.2291e-06
pedestrian -1 -1 -10 173.39 141.64 264.912 264.13 0.974892923239 0.738919368137 0.618999768555 -6.81777454016 0.736350044933 12.3219753391 0.00753464155925 3.4318e-06
pedestrian -1 -1 -10 300.13 165.29 348.95 263.129 1.47483804226 0.657927913091 0.889000143668 -5.48728530674 1.63308806293 14.1801344532 0.00753464155925 3.1709e-06
pedestrian -1 -1 -10 141.22 183.48 190.406 276.263 1.13487538278 1.1818706804 1.19800006434 -7.32981295041 0.892589081927 11.9791574363 0.00753464155925 1.0338e-06
pedestrian -1 -1 -10 182.67 210.87 249.393 318.98 1.52583248663 1.1938694498 0.903999767144 -2.96784306009 1.64646216621 5.12608400981 0.00753464155925 5.1666e-07
pedestrian -1 -1 -10 394.88 141.97 425.624 258.89 1.69381399465 1.17487147771 0.60599976109 -3.59058903373 1.04136929255 13.2035902552 0.00753464155925 3.2874e-07
pedestrian -1 -1 -10 1177.1 158.43 1228.0 337.6 1.94178682184 1.18487061114 1.05999914146 11.86517431 1.57366517987 14.2702537742 0.00753464155925 1.7508e-07
pedestrian -1 -1 -10 175.63 185.96 212.975 282.774 0.974892923239 0.760916317393 0.973999678958 -6.99553315131 0.735961193047 12.2883157919 0.00753464155925 2.8497e-08
pedestrian -1 -1 -10 185.66 186.95 226.892 290.08 1.52583248663 1.18886988308 0.9909996337 -3.01117225259 1.64682689396 5.1489082291 0.00753464155925 1.0283e-08
pedestrian -1 -1 -10 197.2 135.47 249.872 219.987 1.01688830769 1.07788198132 0.646000187536 -6.85625620668 0.78624390117 12.8534111741 0.00753464155925 2.8598e-09
pedestrian -1 -1 -10 1204.1 215.66 1241.96 375.0 1.94278662468 1.19486926778 0.689999846003 2.95475651128 1.67135638723 3.20741753887 0.00753464155925 8.5825e-10
