pedestrian -1 -1 -10 37.317 124.01 73.075 212.644 1.3028569206 0.812910666929 1.00399940275 -12.945411405 0.964015575003 16.8398201429 0.00753464155925 0.942
pedestrian -1 -1 -10 30.285 119.06 89.804 230.16 1.72381073189 0.689924949343 1.03299967616 -12.0014560117 0.896813257853 16.1262207518 0.00753464155925 0.029958
pedestrian -1 -1 -10 499.67 169.82 509.963 198.475 0.576936663149 0.435949248866 0.432999955191 -5.82319903407 0.692452085874 42.2848208461 0.00753464155925 0.025703
pedestrian -1 -1 -10 21.078 129.16 57.424 220.579 0.101988835093 0.306965576935 0.176002448565 -42.4582959936 -0.142258928397 54.8959018363 0.00753464155927 0.0069653
pedestrian -1 -1 -10 36.454 125.57 57.461 186.86 0.0999890208244 0.0 0.0 -42.849147596 -0.502322521366 55.3507230684 0.0 0.0044943
pedestrian -1 -1 -10 35.051 145.14 49.661 211.104 0.101988835093 0.306965576935 0.176002448565 -42.4582959936 -0.142258928397 54.8959018363 0.00753464155927 0.00054534
pedestrian -1 -1 -10 53.341 126.78 68.764 177.854 1.58382611704 0.787913786932 1.03299967616 -12.001130022 0.757553961868 16.1762503083 0.00753464155925 0.00014733
pedestrian -1 -1 -10 40.85 157.25 54.163 209.896 1.3028569206 0.858905154981 1.13199962296 -13.0092364293 0.964402625566 16.8632982577 0.00753464155925 0.00012505
pedestrian -1 -1 -10 42.742 160.5 105.368 243.268 1.73380962443 0.710922557398 1.14199984878 -12.0692466047 0.908246058333 16.2201493354 0.00753464155925 3.5275e-05
pedestrian -1 -1 -10 52.149 176.3 117.714 261.462 0.715921326167 1.19586908577 0.234000134363 -4.36762721142 1.69898075447 6.31202164884 0.00753464155925 3.4273e-05
pedestrian -1 -1 -10 508.6 160.19 521.492 200.186 0.0999890208244 0.0 0.0 -7.12514706527 0.658660659472 56.9636229097 0.0 2.8019e-05
pedestrian -1 -1 -10 9.0185 173.93 83.1325 269.665 0.622931601643 1.17687111368 0.349999797493 -4.42947284219 1.69140709924 5.79734029829 0.00753464155925 1.2809e-05
