pedestrian -1 -1 -10 1109.9 168.04 1162.8 278.34 1.74499221742 0.657999546459 0.937996203127 9.00558774985 1.65286172992 11.8736161324 0.00692802392802 0.9983
pedestrian -1 -1 -10 19.972 152.12 69.516 266.84 1.67299253494 0.872999553346 0.831997608236 -8.92567794704 1.26844516204 11.7569357254 0.00692802392802 0.99574
pedestrian -1 -1 -10 62.831 165.37 112.018 266.75 1.69399246871 0.388999675348 0.923997270403 -8.54523455597 1.28849393643 11.6713083595 0.00692802392802 0.93218
pedestrian -1 -1 -10 560.67 165.28 585.069 253.717 1.5329931993 1.00900009442 0.486998159857 -0.623522299885 1.3680914805 14.7806904395 0.00692802392802 0.87608
pedestrian -1 -1 -10 36.262 159.72 90.942 268.23 1.68699241132 0.872999553346 1.03699676216 -8.82316152749 1.28216318033 11.756233291 0.00692802392802 0.70694
pedestrian -1 -1 -10 338.13 156.27 403.302 316.5 1.69499245509 1.1399986171 0.594997794369 -2.59118304577 1.50389456741 7.45770520709 0.00692802392802 0.5798
pedestrian -1 -1 -10 404.04 166.31 414.659 204.363 1.44599352181 0.665999914878 0.536998639676 -9.6762323938 0.943367761176 36.3629952725 0.00692802392802 0.42299
pedestrian -1 -1 -10 408.79 161.28 477.056 304.75 1.6629925929 1.10299989339 0.589997817912 -1.77323783095 1.5069079537 7.22255500502 0.00692802392802 0.24283
pedestrian -1 -1 -10 478.93 164.47 510.906 232.534 1.76499207169 1.11399861183 0.588998013355 -2.43069037301 1.4114007159 15.3696398918 0.00692802392802 0.23221
pedestrian -1 -1 -10 434.87 159.49 477.989 246.483 1.13499495238 0.610999646974 0.592997708419 -3.3312970801 0.784013546464 16.1310360173 0.00692802392802 0.22964
pedestrian -1 -1 -10 401.37 165.09 411.406 209.096 1.44599352181 0.665999914878 0.536998639676 -9.6762323938 0.943367761176 36.3629952725 0.00692802392802 0.17855
pedestrian -1 -1 -10 1097.0 170.65 1141.48 275.33 1.74499221742 0.657999546459 0.633997443837 8.85359202136 1.65327970487 11.8746696655 0.00692802392802 0.098024
pedestrian -1 -1 -10 357.07 161.38 409.405 262.22 1.67399252132 1.16199939183 0.601997737566 -2.58622953132 1.48263613112 7.67166364317 0.00692802392802 0.093297
pedestrian -1 -1 -10 9.7695 133.27 91.7435 283.17 1.67999247313 0.872999553346 0.907996582805 -8.88766972018 1.27534060747 11.7566763482 0.00692802392802 0.089806
pedestrian -1 -1 -10 270.22 160.37 286.89 198.369 2.1289905265 0.521999005384 0.269998967069 -5.9245932014 1.26173966706 13.0044019905 0.00692802392802 0.080602
pedestrian -1 -1 -10 69.857 165.45 92.399 237.968 1.69999236465 0.547999010652 1.0099964363 -8.58877560385 1.29470453135 11.5921120687 0.00692802392802 0.075929
pedestrian -1 -1 -10 443.86 163.68 474.116 222.278 1.13499495238 0.807998109664 0.592997708419 -3.33061468053 0.783898993557 16.2295328848 0.00692802392802 0.061516
pedestrian -1 -1 -10 387.65 164.22 403.5 221.74 1.51099322885 0.425002763743 0.486997683022 -9.12644749307 1.02586345144 31.9816377964 0.00692802392802 0.039528
pedestrian -1 -1 -10 7.5604 155.88 51.8864 266.41 0.54899751693 0.135999587402 0.188999419999 -15.26133317 0.848565057601 19.0616739102 0.00692802392802 0.035203
pedestrian -1 -1 -10 396.3 161.37 415.804 229.474 1.44599352181 0.665999914878 0.536998639676 -9.6762323938 0.943367761176 36.3629952725 0.00692802392802 0.0314
pedestrian -1 -1 -10 1118.4 166.53 1142.29 285.85 1.74499221742 0.657999546459 0.825997111969 8.94958954943 1.65301572007 11.8740042746 0.00692802392802 0.030032
pedestrian -1 -1 -10 77.535 176.27 104.004 266.928 1.69399246871 0.388999675348 0.836996750231 -8.5017353408 1.28837431739 11.671006852 0.00692802392802 0.026101
pedestrian -1 -1 -10 410.45 165.47 420.857 203.463 1.44599352181 0.665999914878 0.536998639676 -9.6762323938 0.943367761176 36.3629952725 0.00692802392802 0.021724
pedestrian -1 -1 -10 450.09 165.3 498.034 233.238 0.566997472942 0.248000930568 0.442998176306 -7.06093608983 1.04708804015 40.7966179525 0.00692802392802 0.020149
pedestrian -1 -1 -10 567.83 164.48 594.107 238.855 1.5329931993 1.13499945972 0.486998159857 -0.623085840068 1.36801821296 14.8436886103 0.00692802392802 0.017864
pedestrian -1 -1 -10 991.72 183.44 1003.39 227.024 0.524997724592 0.280000496895 0.932997061132 17.1201072871 1.42640604083 30.30329994 0.00692802392802 0.015645
pedestrian -1 -1 -10 68.759 196.42 97.806 263.566 1.69399246871 0.388999675348 0.988996606711 -8.57773344346 1.28858330552 11.6715336202 0.00692802392802 0.011251
pedestrian -1 -1 -10 1135.4 158.49 1165.5 278.63 1.62499271184 0.56500015117 0.623998206177 9.41798878477 1.62250892111 12.0622983539 0.00692802392802 0.010567
pedestrian -1 -1 -10 1115.4 170.75 1137.6 250.881 1.74499221742 0.657999546459 0.746996935596 8.91009041006 1.65312433924 11.8742780563 0.00692802392802 0.010551
pedestrian -1 -1 -10 79.267 163.63 126.869 257.82 1.62399277389 0.388999675348 0.694998038752 -8.4306411665 1.28817908007 11.67055478 0.00692802392802 0.009716
pedestrian -1 -1 -10 476.94 166.65 495.604 227.52 1.76499207169 1.05199837919 0.588998013355 -2.43047560518 1.4113646633 15.4006392642 0.00692802392802 0.0083986
pedestrian -1 -1 -10 365.22 160.13 399.699 230.137 1.70099235103 1.18999925078 0.601997737566 -2.58628929177 1.50965224251 7.65767949228 0.00692802392802 0.0080614
pedestrian -1 -1 -10 329.19 165.27 373.339 295.0 1.69499245509 1.06499885866 0.594997794369 -2.59144284375 1.50393817912 7.42020622782 0.00692802392802 0.0077396
pedestrian -1 -1 -10 87.05 162.7 117.86 231.994 1.62399277389 0.388999675348 0.769997566391 -8.46814002955 1.28828219866 11.6708146972 0.00692802392802 0.0072068
pedestrian -1 -1 -10 562.41 212.27 578.487 256.068 1.50199331976 0.538999192227 0.486998159857 -0.620461318787 1.33657058509 15.2286616083 0.00692802392802 0.0064665
pedestrian -1 -1 -10 479.29 204.58 494.241 247.779 1.76499207169 1.19399848132 0.588998013355 -2.4309674913 1.41144723514 15.329640917 0.00692802392802 0.0056499
pedestrian -1 -1 -10 483.46 203.64 503.699 246.43 1.76499207169 1.03199888865 0.588998013355 -2.42846649264 1.41102739802 15.6906325467 0.00692802392802 0.0052737
pedestrian -1 -1 -10 65.636 163.87 81.956 214.761 1.95999119282 0.681998744368 1.03699676216 -15.0287397181 0.735293079252 20.4811452522 0.00692802392802 0.0051103
pedestrian -1 -1 -10 455.35 164.91 482.302 220.134 1.13499495238 0.807998109664 0.592997708419 -3.33061468053 0.783898993557 16.2295328848 0.00692802392802 0.0051035
pedestrian -1 -1 -10 463.99 161.04 486.844 247.124 0.0999995529652 0.0 0.0 -6.33090403356 1.14709529574 36.4098399716 0.0 0.0050986
pedestrian -1 -1 -10 995.57 182.3 1007.58 226.249 0.524997724592 0.280000496895 0.932997061132 17.1201072871 1.42640604083 30.30329994 0.00692802392802 0.0046823
pedestrian -1 -1 -10 472.36 159.43 502.52 249.783 1.76499207169 1.10299893972 0.577997898258 -2.43678263771 1.4115152749 15.28418036 0.00692802392802 0.0044803
pedestrian -1 -1 -10 379.42 162.72 398.385 220.885 1.50499324352 0.255996530618 0.45599861577 -10.9054919989 0.73327249879 36.786244253 0.00692802392802 0.0039314
pedestrian -1 -1 -10 295.11 168.05 305.713 196.08 0.61599727869 0.708999153316 0.0530012047868 -17.8522696474 -1.2957356061 41.2981397266 0.00692802392802 0.0034644
pedestrian -1 -1 -10 369.16 161.17 388.683 204.976 1.54299306497 1.18599954341 0.601997737566 -2.58510078311 1.35141687104 7.86058418363 0.00692802392802 0.0031198
pedestrian -1 -1 -10 1128.0 166.38 1161.49 238.331 1.71599230319 0.802999905959 0.962996681453 9.24754371003 1.62311341278 11.9444241125 0.00692802392802 0.003098
pedestrian -1 -1 -10 26.256 153.14 47.801 240.939 1.66999252737 0.823998846501 0.675998056692 -9.00384972364 1.26568813536 11.7329748736 0.00692802392802 0.0024928
pedestrian -1 -1 -10 51.384 158.66 69.71 213.274 1.68699241132 0.872999553346 1.0179967801 -8.83266129032 1.28218930384 11.756299137 0.00692802392802 0.0022653
pedestrian -1 -1 -10 382.83 161.84 413.044 234.291 1.51099322885 0.425002763743 0.486997683022 -9.12644749307 1.02586345144 31.9816377964 0.00692802392802 0.0021628
pedestrian -1 -1 -10 63.592 186.84 85.566 261.286 1.69399246871 0.872999553346 1.16099589218 -8.66315599484 1.28872326306 11.7551283098 0.00692802392802 0.0019971
pedestrian -1 -1 -10 399.31 149.66 452.801 332.15 1.61999278367 1.06399940865 0.589997817912 -1.77395100741 1.50703762649 7.11108208706 0.00692802392802 0.0019756
pedestrian -1 -1 -10 343.94 149.04 454.25 337.66 1.68399246708 1.19099917763 0.601997737566 -2.58434172836 1.49232149033 7.9421626324 0.00692802392802 0.0019036
pedestrian -1 -1 -10 369.88 248.5 392.693 316.06 1.69499245509 1.18099943236 0.601997737566 -2.58646037206 1.50367967662 7.63417667485 0.00692802392802 0.0016102
pedestrian -1 -1 -10 1139.2 168.72 1160.31 216.061 1.62499271184 0.67100002593 0.792997243515 9.33312411395 1.62280291982 12.0098853688 0.00692802392802 0.0014723
pedestrian -1 -1 -10 282.73 165.98 306.616 196.661 0.3699983567 0.736999012271 0.279999635235 -17.0903116742 0.35023208369 40.3708955214 0.00692802392802 0.0014227
pedestrian -1 -1 -10 1125.1 169.38 1141.47 246.457 1.74499221742 0.657999546459 0.847996388492 8.96058892347 1.65298547275 11.8739280343 0.00692802392802 0.0013783
pedestrian -1 -1 -10 557.06 167.48 578.51 220.363 1.5329931993 1.13499945972 0.486998159857 -0.623085840068 1.36801821296 14.8436886103 0.00692802392802 0.0013252
pedestrian -1 -1 -10 351.52 279.91 372.145 329.011 1.69499245509 1.18399968973 0.601997737566 -2.58631834754 1.50365583527 7.65467635209 0.00692802392802 0.0012761
pedestrian -1 -1 -10 985.98 181.97 1013.77 230.11 0.524997724592 0.280000496895 0.932997061132 17.1201072871 1.42640604083 30.30329994 0.00692802392802 0.0011895
pedestrian -1 -1 -10 598.46 168.08 619.722 200.148 0.10399954319 0.263999760058 0.376998577232 0.454292245163 0.351555806974 47.6201808675 0.00692802392802 0.001127
pedestrian -1 -1 -10 475.91 163.94 534.73 249.381 1.38399385214 0.597999167503 0.588998013355 -2.42748849074 1.02977681138 15.9074092869 0.00692802392802 0.0010803
pedestrian -1 -1 -10 88.097 185.78 117.244 251.304 1.62399277389 0.388999675348 0.694998038752 -8.4306411665 1.28817908007 11.67055478 0.00692802392802 0.001056
pedestrian -1 -1 -10 409.21 163.03 444.092 269.86 1.6629925929 1.17399946762 0.589997817912 -1.77261777688 1.50680386659 7.31205298531 0.00692802392802 0.00081673
pedestrian -1 -1 -10 358.18 160.29 387.122 218.735 1.65099262223 1.18999925078 0.601997737566 -2.58635823743 1.45965251371 7.65765089483 0.00692802392802 0.00068262
pedestrian -1 -1 -10 471.72 167.08 482.466 215.35 0.566997472942 0.248000930568 0.442998176306 -7.06093608983 1.04708804015 40.7966179525 0.00692802392802 0.00053225
pedestrian -1 -1 -10 1105.0 171.48 1124.91 232.883 0.109999498725 0.541999449593 0.229998678582 26.5444458511 1.08116133643 36.6450052759 0.00692802392802 0.0004479
pedestrian -1 -1 -10 407.16 162.29 428.042 263.41 1.6629925929 1.13599938656 0.589997817912 -1.77152315865 1.50662011545 7.47004907883 0.00692802392802 0.00044199
pedestrian -1 -1 -10 428.72 225.77 459.093 317.92 1.6629925929 1.14599960867 0.589997817912 -1.77252078581 1.50678758492 7.32605257881 0.00692802392802 0.00033321
pedestrian -1 -1 -10 427.64 165.28 445.578 210.685 1.62499277517 1.13599938656 0.589997817912 -1.77157555738 1.46862029772 7.47002734475 0.00692802392802 0.00030873
pedestrian -1 -1 -10 474.16 199.98 488.257 247.076 1.76499207169 1.11099930814 0.588998013355 -2.42874014884 1.41107333608 15.6511332849 0.00692802392802 0.00025281
pedestrian -1 -1 -10 357.42 162.49 375.44 212.211 1.61099283919 1.11199923498 0.601997737566 -2.58614320313 1.41960737433 7.69662708882 0.00692802392802 0.0002024
pedestrian -1 -1 -10 375.98 160.46 425.98 313.24 1.68399246708 1.13299912919 0.601997737566 -2.58414081711 1.4922877638 7.97116196065 0.00692802392802 0.00019254
pedestrian -1 -1 -10 364.18 160.9 381.517 207.051 1.55799298361 1.17699972499 0.601997737566 -2.5856516563 1.36651273567 7.77809481773 0.00692802392802 0.00016977
pedestrian -1 -1 -10 434.49 160.55 459.169 237.71 1.6629925929 1.15699880394 0.589997817912 -1.7722748444 1.50674629928 7.36155151398 0.00692802392802 0.0001577
pedestrian -1 -1 -10 41.25 155.51 62.643 222.267 1.68599248826 0.872999553346 0.933996508063 -8.87466179627 1.28130487471 11.756589675 0.00692802392802 0.00010662
pedestrian -1 -1 -10 440.91 164.39 461.993 201.036 1.13499495238 0.726998790166 0.592997708419 -3.33089526089 0.783946093963 16.1890341969 0.00692802392802 0.00010163
pedestrian -1 -1 -10 477.56 189.45 499.431 246.167 1.76499207169 1.1849986629 0.588998013355 -2.43093631607 1.41144200182 15.3341407182 0.00692802392802 3.882e-05
pedestrian -1 -1 -10 357.63 234.51 394.792 319.364 1.69499245509 1.16599862237 0.601997737566 -2.58672709916 1.5037244515 7.59567755432 0.00692802392802 2.9136e-05
pedestrian -1 -1 -10 341.38 266.34 376.71 332.0 1.69499245509 1.18999972762 0.601997737566 -2.58715663151 1.50379655615 7.53367928642 0.00692802392802 1.7425e-05
pedestrian -1 -1 -10 422.25 159.16 465.164 265.66 1.6629925929 1.17699924815 0.589997817912 -1.77234412562 1.50675792936 7.35155153187 0.00692802392802 4.4574e-06
pedestrian -1 -1 -10 428.26 142.03 467.99 335.55 1.6629925929 1.19099965446 0.589997817912 -1.77267666526 1.50681375205 7.30355309588 0.00692802392802 1.5538e-06
