pedestrian -1 -1 -10 97.07 247.11 120.566 301.133 1.37984845877 1.1818706804 1.08499970602 -5.68173084872 1.86441378762 8.11363543013 0.00753464155925 0.073781
pedestrian -1 -1 -10 92.128 241.18 124.553 321.454 1.37984845877 1.1818706804 1.08499970602 -5.68173084872 1.86441378762 8.11363543013 0.00753464155925 0.026304
pedestrian -1 -1 -10 79.974 237.33 152.093 327.795 1.37984845877 1.12887651288 0.997999839458 -5.63803250253 1.86477438227 8.1398044773 0.00753464155925 0.0029457
pedestrian -1 -1 -10 91.89 238.32 117.043 287.133 2.09776968264 0.258971452911 0.242999956132 -9.30071400096 1.54050152874 13.3792345722 0.00753464155924 0.0019151
pedestrian -1 -1 -10 291.81 218.1 319.827 275.419 1.0458851378 1.08988075072 0.748999843201 -5.2910682518 1.96709565071 12.4272958922 0.00753464155925 0.0010718
pedestrian -1 -1 -10 39.271 218.83 190.041 348.64 1.37984845877 1.14587484899 1.03199974894 -5.65509601368 1.86466093685 8.13143345463 0.00753464155925 0.00016127
pedestrian -1 -1 -10 259.02 222.98 311.283 282.427 1.03088679898 0.820910164385 0.726999537131 -5.30308600688 1.95011438546 12.2930082358 0.00753464155925 8.1674e-05
pedestrian -1 -1 -10 49.844 142.84 82.922 199.858 1.71381177974 0.919899296744 1.1520000746 -11.1992903078 0.919802072605 15.1456278793 0.00753464155925 6.4152e-05
pedestrian -1 -1 -10 1150.5 269.72 1172.25 330.095 0.771915231706 1.10987854079 1.10599960803 4.67606674845 1.33983524743 6.14159588479 0.00753464155925 4.4853e-05
pedestrian -1 -1 -10 72.46 213.25 122.345 344.26 1.44984082579 1.09288020468 1.08499970602 -5.68257188357 1.93271126529 7.99863267376 0.00753464155925 4.1392e-05
pedestrian -1 -1 -10 692.19 146.09 711.443 190.833 0.103988649361 0.200974381181 0.594999131218 10.002240274 -0.328571461119 72.7959169069 0.00753464155925 2.4159e-05
pedestrian -1 -1 -10 43.037 132.97 225.917 336.83 2.0417758367 0.707922626656 0.949000068081 -10.824934436 1.21871892955 16.5740078375 0.00753464155925 1.4384e-05
pedestrian -1 -1 -10 1148.8 243.8 1202.46 352.34 0.643929264072 0.196978446733 0.726999537131 6.13492824842 1.05554487509 7.53455814435 0.00753464155925 8.8103e-06
pedestrian -1 -1 -10 37.803 211.37 100.727 348.88 0.401955909486 1.14887430294 1.00899951566 -10.330839278 1.90131409122 13.7811588497 0.00753464155925 7.7006e-06
pedestrian -1 -1 -10 1137.2 210.18 1218.45 354.59 0.986891600255 0.66392729779 0.34000004851 5.29713638313 0.403891499107 6.38239553342 0.00753464155925 6.0464e-06
pedestrian -1 -1 -10 39.065 242.51 94.927 316.897 0.438951788069 1.16287270831 0.855999684562 -10.2560945196 1.95675854257 13.5440160631 0.00753464155925 1.2873e-06
pedestrian -1 -1 -10 1131.1 240.62 1182.76 357.37 0.0999890208244 0.00999865664204 0.0130000074646 6.46961704338 0.774716689438 7.62568051477 0.00753464155929 5.3538e-07
pedestrian -1 -1 -10 1144.8 215.3 1188.71 326.13 0.979892369513 0.66392729779 0.30199995333 5.27813471521 0.396906101796 6.38259031225 0.00753464155925 5.1593e-07
pedestrian -1 -1 -10 57.075 243.01 106.573 334.232 1.38284815037 1.1208774922 1.18799936168 -5.78460949499 1.86477112448 7.93090237975 0.00753464155925 3.8442e-07
pedestrian -1 -1 -10 1159.2 207.44 1209.91 326.1 0.979892369513 0.531941787977 0.288000018651 5.27073565772 0.396126666693 6.32965031528 0.00753464155925 1.0234e-08
pedestrian -1 -1 -10 21.791 188.45 105.194 307.41 0.874903908375 1.11287894832 0.0659999645378 -14.6251679463 2.01730210365 19.5470901609 0.00753464155925 7.0568e-09
pedestrian -1 -1 -10 963.35 217.91 1012.64 333.55 1.54783001149 1.13487542079 1.19099962016 3.86157492783 1.56428617607 7.35782013776 0.00753464155925 6.1515e-09
