pedestrian -1 -1 -10 1120.4 205.48 1147.93 253.82 2.18875971209 1.19586908577 0.949999995296 5.80059432533 1.55824120351 8.1156499339 0.00753464155925 0.026282
pedestrian -1 -1 -10 53.734 135.64 90.191 199.954 1.85879590046 1.18287097517 0.27299967992 -8.87846194054 1.13043073498 12.1101797315 0.00753464155925 0.026068
pedestrian -1 -1 -10 1089.8 201.85 1171.07 303.59 2.18975958943 1.19686890375 0.958999817065 5.79644455241 1.5589327951 8.16218474803 0.00753464155925 0.01017
pedestrian -1 -1 -10 942.76 195.3 966.992 246.869 2.26775103473 1.1938694498 0.61299972843 6.18761273817 1.58602329711 12.3044850459 0.00753464155925 0.0045275
pedestrian -1 -1 -10 1111.1 191.57 1148.67 299.2 2.18975958943 1.194868791 0.958999817065 5.79639181463 1.55882917459 8.15518550564 0.00753464155925 0.0033773
pedestrian -1 -1 -10 55.367 131.41 80.218 178.114 1.67581596422 1.18987017785 0.27299967992 -8.88000319297 0.949526749783 11.9139875962 0.00753464155925 0.0029994
pedestrian -1 -1 -10 999.66 187.41 1122.01 327.11 1.48983644068 1.17287184174 0.73899961738 5.56310922154 1.56590038377 8.48270353801 0.00753464155925 0.0023456
pedestrian -1 -1 -10 51.008 130.16 69.454 175.491 1.67581596422 1.1938694498 0.27299967992 -8.88018400411 0.94917148753 11.8899907386 0.00753464155925 0.0022525
pedestrian -1 -1 -10 1079.0 234.28 1100.86 307.274 2.19575891304 1.19686890375 0.920999721885 5.65211983794 1.56435529297 8.25224836345 0.00753464155925 0.0018318
pedestrian -1 -1 -10 8.2319 104.51 88.0579 272.6 2.10176919198 1.1938694498 0.27499953435 -8.87818662535 1.37991691905 11.6027130935 0.00753464155925 0.0012671
pedestrian -1 -1 -10 1003.1 190.86 1049.42 280.879 2.16676211273 1.17887074966 0.753000028897 5.67667708927 1.54119330426 9.39034838888 0.00753464155925 0.0011507
pedestrian -1 -1 -10 1027.0 155.01 1203.66 335.84 2.19075946677 1.19686938054 0.951999372888 5.79884653155 1.55667807825 8.41524236193 0.00753464155925 0.00089939
pedestrian -1 -1 -10 1107.1 192.95 1207.45 315.51 2.27275048101 1.19786872174 0.954999631369 5.79539188899 1.6468593752 7.75194842357 0.00753464155925 0.00083731
pedestrian -1 -1 -10 0.0 121.71 48.457 200.979 1.76680599368 1.1958681322 0.706999562326 -9.19500987718 1.05083815247 11.1114239284 0.00753464155925 0.00064675
pedestrian -1 -1 -10 948.21 201.14 972.408 256.803 2.2957479577 1.16787227503 0.633999630449 6.19668961245 1.61120010133 12.1142248893 0.00753464155925 0.00061016
pedestrian -1 -1 -10 1096.6 192.79 1136.87 308.64 2.19075946677 1.19586908577 0.963999929975 5.79558667769 1.55616956771 8.38076909305 0.00753464155925 0.0005861
pedestrian -1 -1 -10 1023.7 181.71 1062.52 278.836 2.23375472856 1.10087922535 0.910999496065 5.78253028365 1.58172458329 9.7684991413 0.00753464155925 0.00049468
pedestrian -1 -1 -10 10.843 112.28 61.383 239.41 1.88379319143 1.19486974457 0.189000071844 -8.92326269608 1.16601169124 11.3370686708 0.00753464155925 0.00040798
pedestrian -1 -1 -10 1080.8 197.84 1118.86 314.6 2.19675879037 1.19586908577 0.853999830133 5.7527484672 1.56045065533 8.66811315642 0.00753464155925 0.00040217
pedestrian -1 -1 -10 990.93 135.39 1018.93 201.839 1.99578088331 0.736919732166 1.00799958844 6.38197445321 1.31790589448 11.8994208416 0.00753464155925 0.00022476
pedestrian -1 -1 -10 969.58 139.81 1000.89 207.966 1.99578088331 0.6859256774 0.827999815204 6.29178500481 1.31759396016 11.8746016784 0.00753464155925 0.00020723
pedestrian -1 -1 -10 928.0 188.8 965.885 250.864 2.00577983545 1.16687293383 0.195000111969 5.98016159534 1.32739420698 12.5234679377 0.00753464155925 0.00020237
pedestrian -1 -1 -10 980.19 134.04 1003.15 187.937 1.87579399395 0.647929733233 0.91699953619 6.33610531786 1.20029305554 11.8561134693 0.00753464155925 0.00017674
pedestrian -1 -1 -10 1051.5 189.78 1119.77 306.1 2.19875854504 1.19886901651 0.91699953619 5.65065377525 1.565407731 8.32327616764 0.00753464155925 0.00011769
pedestrian -1 -1 -10 1005.0 190.93 1029.18 255.955 2.22575559068 0.412954865549 0.825999483937 6.47182422076 1.54841597303 11.7350110506 0.00753464155925 8.263e-05
pedestrian -1 -1 -10 1125.1 190.7 1170.75 314.99 2.27675004994 1.19786872174 0.96499985719 5.79131733611 1.64868372411 7.87499883869 0.00753464155925 3.4464e-05
pedestrian -1 -1 -10 34.548 126.42 80.131 274.21 2.11476783573 1.19586908577 0.27499953435 -8.87661991692 1.38899521591 11.810691515 0.00753464155925 2.9187e-05
pedestrian -1 -1 -10 1128.8 96.566 1226.29 349.606 2.26575128006 1.19586908577 0.934999656565 5.80550257985 1.64313521443 7.50084100473 0.00753464155925 2.2777e-05
pedestrian -1 -1 -10 893.43 149.41 969.183 242.408 1.51783331895 1.17487052414 0.427999842281 6.12134850474 0.819899114254 13.1713944221 0.00753464155925 1.9934e-05
pedestrian -1 -1 -10 222.64 107.43 327.71 220.12 1.17387112778 1.17587177248 0.61999969577 -9.22550678652 0.332412989995 19.6590789462 0.00753464155925 1.6433e-05
pedestrian -1 -1 -10 0.0 136.53 49.784 263.45 2.09776962304 1.19486974457 0.720999497006 -9.20153529507 1.3815397241 11.158533914 0.00753464155925 1.6034e-05
pedestrian -1 -1 -10 982.1 171.59 1026.99 277.87 2.28574900556 0.759916976192 1.00799958844 6.38215049767 1.60804424362 11.9087720427 0.00753464155925 2.7786e-06
pedestrian -1 -1 -10 331.44 247.39 356.386 316.76 0.798912217743 1.13887612309 1.19599973307 -3.13431963203 1.53651123223 8.49455045289 0.00753464155925 1.3174e-06
pedestrian -1 -1 -10 325.49 235.33 366.561 324.988 1.17087141383 1.1828700216 1.19899975313 -3.49367411335 1.4800843991 9.60199857703 0.00753464155925 6.8347e-08
pedestrian -1 -1 -10 1194.3 69.758 1235.77 171.538 1.53883098138 1.19586908577 0.759999519399 5.89018751278 0.916058660482 7.16153876277 0.00753464155925 1.9106e-08
