pedestrian -1 -1 -10 474.6 175.39 495.553 229.586 1.38684765971 1.06388452952 0.733999742889 -3.50992920717 1.62380648969 20.9286547792 0.00753464155925 0.14766
pedestrian -1 -1 -10 481.44 177.81 502.308 229.479 1.38684765971 1.15687475397 0.733999742889 -3.50957888648 1.62449480854 20.9751485717 0.00753464155925 0.017012
pedestrian -1 -1 -10 469.81 176.13 485.873 229.929 1.38684765971 1.06388452952 0.733999742889 -3.50992920717 1.62380648969 20.9286547792 0.00753464155925 0.011125
pedestrian -1 -1 -10 738.37 134.07 753.424 186.98 0.59393474174 0.294969668246 0.30399980776 8.49296439216 -0.660327815384 43.5137861022 0.00753464155925 0.0014693
pedestrian -1 -1 -10 133.47 181.83 173.345 245.238 0.360960342767 0.361959857213 0.403999204944 -26.8423581762 1.69767528829 42.8337727619 0.00753464155925 0.00099298
pedestrian -1 -1 -10 1102.5 27.108 1227.54 347.878 1.81580057908 0.533941423949 0.649999896394 5.81678025466 1.21904152607 7.22466534185 0.00753464155925 0.00015614
pedestrian -1 -1 -10 113.5 181.24 166.199 257.957 2.42973318935 0.431951884063 0.555999585661 -17.5847675528 1.96337283372 26.8692031581 0.00753464155925 2.4959e-05
pedestrian -1 -1 -10 152.77 190.03 178.797 249.738 1.48483697951 1.17586986534 0.614000132482 -11.4618445639 1.97839099538 18.9467658571 0.00753464155925 2.0763e-05
pedestrian -1 -1 -10 105.82 200.44 122.563 256.135 0.110987731108 0.0919889761046 0.667999063095 -35.6449369323 3.00908136674 53.0182306425 0.00753464155921 1.5537e-05
pedestrian -1 -1 -10 295.9 147.33 324.994 217.343 0.100988927959 0.21497660083 0.510000072765 -25.2171933553 1.19768813971 62.5562266897 0.00753464155925 2.6754e-06
pedestrian -1 -1 -10 114.38 208.27 149.821 259.053 2.05277465128 0.438951086747 0.555999585661 -17.5845728689 2.13330243692 26.8603951488 0.00753464155926 1.2533e-07
