pedestrian -1 -1 -10 149.78 247.91 171.381 292.831 2.24975294471 1.14087575906 1.17699920865 -7.00215333534 1.56562815253 11.3233870622 0.00753464155925 0.0097913
pedestrian -1 -1 -10 340.93 197.63 352.702 239.131 2.36574020553 1.16187145997 0.631999776019 -6.66762423162 1.57994891461 17.842912921 0.00753464155925 0.008323
pedestrian -1 -1 -10 485.37 182.58 506.462 218.754 0.102988697528 0.573938434442 0.586000263123 -7.75964421325 0.919881839245 52.2229052532 0.00753464155925 0.002661
pedestrian -1 -1 -10 345.4 194.56 360.83 241.945 2.3417429111 1.15787409517 0.814999807739 -6.7846039927 1.53877211473 19.244419103 0.00753464155925 0.0023389
pedestrian -1 -1 -10 490.29 183.93 508.382 237.053 0.271970187182 0.300967622591 0.596999939321 -3.30467092441 1.5088070977 24.4415440514 0.00753464155925 0.0018361
pedestrian -1 -1 -10 332.39 197.08 348.197 237.806 2.38173848128 1.16187145997 0.569000069963 -6.69537399098 1.60332695844 18.3399626506 0.00753464155925 0.0017136
pedestrian -1 -1 -10 325.57 194.17 356.918 232.864 2.38173848128 1.16187145997 0.569000069963 -6.69537399098 1.60332695844 18.3399626506 0.00753464155925 0.0015984
pedestrian -1 -1 -10 170.35 252.22 187.987 295.525 2.1427646991 1.11187769998 1.13699973587 -6.96326922479 1.57220462119 11.7007569736 0.00753464155925 0.00096377
pedestrian -1 -1 -10 351.14 193.75 369.017 237.968 2.39173737383 1.18387031637 0.989999944904 -6.6935712184 1.57364771128 19.7126524771 0.00753464155925 0.00092486
pedestrian -1 -1 -10 299.75 200.25 319.818 242.851 2.3477422347 1.19486974457 0.720999973843 -6.80827071644 1.59517070614 15.9608541583 0.00753464155925 0.00075183
pedestrian -1 -1 -10 308.05 194.14 326.945 240.97 2.36474032819 1.18387031637 0.544999909463 -6.58151339053 1.59429656457 16.9919275688 0.00753464155925 0.00065694
pedestrian -1 -1 -10 160.99 175.24 182.442 217.726 2.24975294471 1.1708712522 1.00699966123 -6.90062125777 1.56660559536 11.3936174654 0.00753464155925 0.00063933
pedestrian -1 -1 -10 164.66 250.32 192.847 308.723 1.98478208363 1.16187241354 1.00699966123 -6.89963866126 1.5693744252 11.5111238584 0.00753464155925 0.00056273
pedestrian -1 -1 -10 153.18 240.12 182.669 299.532 2.24975294471 1.1708712522 1.15199959777 -6.97273495571 1.56741330237 11.4451555474 0.00753464155925 0.00048143
pedestrian -1 -1 -10 320.53 194.12 337.705 239.773 2.37273946607 1.18487156471 0.652999678038 -6.63049297833 1.60420172752 17.6588002939 0.00753464155925 0.00034187
pedestrian -1 -1 -10 24.288 261.88 45.922 322.452 2.15476340592 1.18787054188 0.752000101682 -7.19462781457 1.50843220712 8.8031329002 0.00753464155925 0.00031087
pedestrian -1 -1 -10 169.16 242.45 215.658 316.755 2.14976390005 1.09987893058 0.703999780682 -6.74991218682 1.564889222 11.2832521947 0.00753464155925 0.00029599
pedestrian -1 -1 -10 134.35 245.2 177.33 313.295 1.25886175168 1.19186933704 0.859999870258 -3.62791633866 1.62852800542 5.50639895176 0.00753464155925 0.00027191
pedestrian -1 -1 -10 493.71 183.37 511.996 219.983 1.17987042904 0.791913058874 0.699999833405 -2.74540339923 1.82940788609 18.972049694 0.00753464155925 0.00014935
pedestrian -1 -1 -10 55.344 250.1 84.976 330.108 1.12587633777 1.09388002267 0.933999967768 -4.31603094212 1.5606789737 5.89265620204 0.00753464155925 0.0001271
pedestrian -1 -1 -10 55.088 198.28 249.278 354.96 2.22475571334 1.144875031 1.19499980586 -7.13317240328 1.54069669596 11.322558194 0.00753464155925 0.00011257
pedestrian -1 -1 -10 0.45497 224.94 81.534 306.463 0.785913693191 0.680925157117 0.632000252856 -4.46819721506 1.31660252778 5.74537916379 0.00753464155925 8.8907e-05
pedestrian -1 -1 -10 17.741 247.38 51.432 329.524 2.15476340592 1.16487234429 0.752000101682 -7.1948349937 1.50802513637 8.77563654058 0.00753464155925 6.7583e-05
pedestrian -1 -1 -10 139.27 241.35 227.083 344.91 1.08088126171 0.979892666951 0.987999613638 -3.68688204648 1.62237557755 6.16770839539 0.00753464155925 4.724e-05
pedestrian -1 -1 -10 348.65 189.97 376.318 254.934 0.998890366668 0.757916386651 0.772999526864 -4.43941088373 1.65687970303 13.8683225216 0.00753464155925 4.6634e-05
pedestrian -1 -1 -10 1031.6 150.09 1050.17 206.651 0.532941479325 0.709921309057 0.465999460623 20.194390452 0.506544673974 33.0429613021 0.00753464155925 3.5482e-05
pedestrian -1 -1 -10 18.361 256.24 36.788 301.422 2.15376346899 1.19287010859 0.782999752685 -7.21760505451 1.50750863155 8.73980361057 0.00753464155925 2.4562e-05
pedestrian -1 -1 -10 288.81 194.91 325.832 245.708 2.35174180364 1.19186886025 0.807999840399 -6.76174091772 1.60109703257 16.36300065 0.00753464155925 1.5352e-05
pedestrian -1 -1 -10 85.464 266.03 131.617 331.105 1.95778500819 1.17687111368 0.562000102623 -7.0229476864 1.53614800326 10.3426837811 0.00753464155925 1.1096e-05
pedestrian -1 -1 -10 276.72 175.35 335.818 252.022 2.35174180364 1.18387031637 0.507999741498 -6.61133828522 1.60178716863 16.4158654872 0.00753464155925 1.3637e-06
pedestrian -1 -1 -10 648.13 188.79 660.723 233.435 0.431952587126 0.140983394899 0.420999874941 1.80754411776 1.29871958059 26.3395858376 0.00753464155925 1.2791e-06
pedestrian -1 -1 -10 1076.5 195.61 1176.01 356.42 1.37184932089 0.480947256427 1.12599958284 4.02131211153 1.63982169482 5.77797819119 0.00753464155925 6.9544e-07
pedestrian -1 -1 -10 273.85 194.96 315.455 254.701 2.35974082232 1.18586899877 0.782999752685 -6.84033712411 1.60908207209 15.818458574 0.00753464155925 4.0284e-07
pedestrian -1 -1 -10 1103.1 242.34 1164.48 340.903 1.37184932089 0.480947256427 1.09099950772 4.03881165376 1.6398089535 5.77784652454 0.00753464155925 6.15e-08
pedestrian -1 -1 -10 865.12 171.66 928.805 237.381 0.427953047987 1.13087567206 1.18399965282 4.49766044824 0.750514560174 11.1793124134 0.00753464155925 2.4038e-08
pedestrian -1 -1 -10 164.3 237.93 256.113 333.298 1.9837821467 0.545940670132 0.196999966399 -7.09155883629 1.56940483563 12.5857100945 0.00753464155925 9.2804e-09
pedestrian -1 -1 -10 1082.5 250.34 1147.15 344.415 1.21486655295 0.462949102329 1.19099962016 3.92679558784 1.63975727427 5.7685279737 0.00753464155925 5.6278e-09
