pedestrian -1 -1 -10 927.1 151.43 962.641 202.245 1.06388316077 0.429953201661 0.539999796552 8.2760438988 0.266158447778 17.9391558271 0.00753464155925 0.0052126
pedestrian -1 -1 -10 909.59 155.71 924.09 195.357 2.01477873147 0.266969043227 0.341000452561 11.3625429241 1.03559705015 26.4052194603 0.00753464155925 0.0029506
pedestrian -1 -1 -10 921.39 154.61 948.731 204.708 0.0999890208244 0.367959718698 0.198999343991 28.9765871641 0.424517181102 63.6590344524 0.00753464155925 0.0015409
pedestrian -1 -1 -10 936.44 151.15 952.989 195.355 1.06388316077 0.429953201661 0.539999796552 8.2760438988 0.266158447778 17.9391558271 0.00753464155925 0.0012154
pedestrian -1 -1 -10 912.71 150.76 947.804 227.877 1.01488855302 1.14087575906 0.651999750824 5.44018074673 1.09158556088 12.1706439009 0.00753464155925 0.00092938
pedestrian -1 -1 -10 914.25 153.05 933.221 195.795 0.0999890208244 0.0 0.0 30.5312366351 0.488341480342 69.2491478837 0.0 0.00044914
pedestrian -1 -1 -10 906.13 153.17 927.88 210.521 2.20475786865 0.266969043227 0.341000452561 11.3626015013 1.22557618733 26.403812743 0.00753464155925 0.00026619
pedestrian -1 -1 -10 936.28 147.34 1008.85 230.812 0.498945225297 1.07788198132 1.09099974614 5.78014274379 0.562844131024 11.4594925707 0.00753464155925 8.4387e-06
pedestrian -1 -1 -10 980.07 150.49 1043.89 209.859 1.44084175843 0.909900163317 0.922999576315 5.91319941467 1.54233310216 10.6198467956 0.00753464155925 8.3271e-06
pedestrian -1 -1 -10 950.59 164.07 1064.73 224.759 1.44084175843 1.17687111368 1.10299982639 5.82267824197 1.54136985624 10.5510335542 0.00753464155925 1.1311e-06
