pedestrian -1 -1 -10 1102.1 115.56 1134.81 214.729 1.72881017816 1.19686890375 0.446999889871 5.60559778543 1.10877477799 7.80582517214 0.00753464155925 0.12146
pedestrian -1 -1 -10 867.82 133.98 909.858 206.247 1.74180876231 1.0068896597 0.709999820807 6.35391335624 0.983975548177 16.5633383642 0.00753464155925 0.019003
pedestrian -1 -1 -10 171.31 197.21 183.783 222.365 0.108988095634 0.222975144716 0.366998560143 -22.0973690112 1.6906423084 37.2869962015 0.00753464155925 0.015488
pedestrian -1 -1 -10 916.33 194.8 938.781 248.835 2.23875411523 1.19686938054 0.781999348633 5.77687297776 1.55778346438 12.5413160159 0.00753464155925 0.0056122
pedestrian -1 -1 -10 965.23 194.21 1040.81 318.86 2.17776082302 1.19586908577 0.59599953527 5.33437317563 1.53679028205 9.55159671703 0.00753464155925 0.0044439
pedestrian -1 -1 -10 706.03 163.09 719.02 203.167 0.101988775495 0.0539949390777 0.765000109147 8.71886726571 1.42851746126 58.8911455564 0.00753464155925 0.0041504
pedestrian -1 -1 -10 912.82 187.41 950.348 263.375 2.23875411523 1.17187154697 0.796999687364 5.78339731554 1.5558610825 12.4117775352 0.00753464155925 0.0032622
pedestrian -1 -1 -10 973.46 212.33 1020.28 292.286 2.19275922144 1.18486965757 0.59599953527 5.33568120217 1.54835758279 9.72505015935 0.00753464155925 0.0022965
pedestrian -1 -1 -10 863.81 137.66 892.096 208.212 0.870904339436 1.1588724828 0.610999397164 5.88721116337 1.21543976882 14.878750924 0.00753464155925 0.0016406
pedestrian -1 -1 -10 974.08 148.42 1040.3 282.71 2.17676100528 1.19086951905 0.561999625786 5.38010989304 1.52712584755 10.048956367 0.00753464155925 0.0013573
pedestrian -1 -1 -10 1063.0 114.55 1132.78 215.61 1.92278888428 1.19786872174 0.92699976201 5.65472405496 1.28970825501 8.47880556017 0.00753464155925 0.0011362
pedestrian -1 -1 -10 881.92 133.87 903.709 196.095 1.62582150149 1.0068896597 0.673999580057 6.37187720422 0.867975181947 16.5640617729 0.00753464155925 0.0010033
pedestrian -1 -1 -10 1099.7 111.36 1131.3 168.183 1.67681584156 1.19186886025 0.446999889871 5.60610534701 1.05780921049 7.87570031409 0.00753464155925 0.00095307
pedestrian -1 -1 -10 991.04 203.67 1031.09 282.088 2.19075940717 1.19686842697 0.620999622984 5.34951696577 1.54198424992 9.90304999532 0.00753464155925 0.00058879
pedestrian -1 -1 -10 1027.5 107.3 1072.22 214.05 1.86779485608 1.19586908577 0.984999831994 5.62998088051 1.23314425352 9.04750005544 0.00753464155925 0.000436
pedestrian -1 -1 -10 967.96 190.76 1007.34 281.864 2.18975958943 1.19586908577 0.489999621123 5.45190527052 1.54752796927 10.5517785622 0.00753464155925 0.00043522
pedestrian -1 -1 -10 700.2 164.41 717.583 222.704 0.101988775495 0.0999875199902 1.0380002659 8.58254431802 1.42895728302 58.9151681923 0.00753464155925 0.00035237
pedestrian -1 -1 -10 262.47 126.68 280.601 193.509 1.49883544099 0.478947620455 0.632999226397 -10.779112932 0.595396613855 22.5651959182 0.00753464155925 0.00021647
pedestrian -1 -1 -10 9.7908 172.21 37.4668 248.747 0.104988467098 0.100986861191 0.394000886472 -29.3565920944 1.50953064552 36.4382213056 0.00753464155925 0.00015532
pedestrian -1 -1 -10 249.43 117.57 279.443 213.25 1.62782128596 0.478947620455 0.632999226397 -10.7790731611 0.724382458824 22.5642408312 0.00753464155925 0.00014981
pedestrian -1 -1 -10 698.42 183.97 748.037 284.29 0.997890429735 0.816910892442 0.743999730291 2.36475550187 1.62871410037 13.6679431732 0.00753464155925 0.00012523
pedestrian -1 -1 -10 263.28 170.62 281.931 213.741 1.31185596561 0.153982459068 0.256999890812 -17.1682389659 0.867401239348 37.4234691081 0.00753464155925 0.00012006
pedestrian -1 -1 -10 172.23 192.26 204.293 230.952 1.20086815107 0.35796249241 0.59599953527 -15.0286873338 1.87821088269 26.6860863802 0.00753464155925 9.9566e-05
pedestrian -1 -1 -10 708.24 166.57 727.332 224.55 0.100988898159 0.0539949390777 0.386999965458 8.90786229637 1.42837985532 58.8897161554 0.00753464155925 9.1237e-05
pedestrian -1 -1 -10 711.99 186.23 769.73 299.45 0.614932463767 0.669926682489 0.242999956132 2.10405192108 1.29424137032 11.3962106706 0.00753464155925 8.1291e-05
pedestrian -1 -1 -10 772.81 142.78 793.664 187.411 0.373958867319 0.143985232781 0.621999550199 13.8523844434 -0.780113206436 56.1768016161 0.00753464155925 7.9367e-05
pedestrian -1 -1 -10 708.09 195.82 725.895 249.291 1.09287996853 0.918899955543 0.655999698101 2.32117085822 1.7254904805 13.7185491385 0.00753464155925 5.0166e-05
pedestrian -1 -1 -10 263.58 178.09 291.634 222.243 0.100988957758 0.0829872767387 0.0430011617636 -18.684476942 1.33738410009 42.3441535218 0.00753464155925 4.2518e-05
pedestrian -1 -1 -10 963.03 219.5 981.69 278.262 2.09277017677 1.19186886025 0.558999844142 5.69738882688 1.53812454875 11.2094415621 0.00753464155925 1.9795e-05
pedestrian -1 -1 -10 81.601 181.53 123.504 253.875 2.54472051323 1.17187154697 1.01199977414 -9.65283971834 1.79531274332 13.8259851551 0.00753464155925 1.8376e-05
pedestrian -1 -1 -10 967.63 206.12 990.765 284.707 2.17076162207 1.18387031637 0.549000095158 5.70108377517 1.53560448398 11.0400048096 0.00753464155925 1.6436e-05
pedestrian -1 -1 -10 359.6 208.96 378.384 260.051 0.140984527945 0.300967622591 0.910999972902 -6.70137424495 1.61853650009 19.9579211213 0.00753464155925 1.4972e-05
pedestrian -1 -1 -10 255.75 166.27 288.682 231.523 1.31185596561 0.153982459068 0.256999890812 -17.1682389659 0.867401239348 37.4234691081 0.00753464155925 1.208e-05
pedestrian -1 -1 -10 366.92 176.88 422.867 254.902 0.100988838561 0.025998128338 0.120999299203 -11.0326035708 1.8025197335 37.4684492281 0.00753464155925 1.0143e-05
pedestrian -1 -1 -10 363.57 203.14 395.875 281.923 0.218976032845 0.379957534526 0.707999966378 -6.28102150191 1.79091077108 19.3922027167 0.00753464155925 2.4423e-06
pedestrian -1 -1 -10 781.48 161.95 867.371 223.608 0.469948402643 0.696924152028 0.85099981007 2.85728498574 0.716252940706 9.87830941305 0.00753464155925 2.2358e-06
pedestrian -1 -1 -10 385.39 173.76 454.126 238.92 0.524942341449 1.12187778698 0.783999679899 -2.9123679407 0.731368310725 11.8747350875 0.00753464155925 1.2866e-06
pedestrian -1 -1 -10 339.29 171.11 380.613 260.31 0.0999890208244 0.0 0.0 -12.8462200706 1.78272832177 36.6642863746 0.0 4.1157e-07
pedestrian -1 -1 -10 433.12 163.09 494.838 272.62 1.30185699857 1.16087307234 1.17499971184 -2.35110085186 1.50597870963 11.8042807534 0.00753464155925 1.6524e-07
pedestrian -1 -1 -10 403.91 172.31 476.865 245.905 0.560938417195 0.675926543973 0.9909996337 -2.76718156811 0.769560971825 12.0963729876 0.00753464155925 8.4841e-08
