pedestrian -1 -1 -10 294.79 162.48 332.907 238.919 1.80080229985 0.487947412681 0.982999500727 -7.43829705147 1.63558322032 18.3217799582 0.00753464155925 0.80292
pedestrian -1 -1 -10 295.76 166.71 315.892 237.509 1.80080229985 0.497946546108 1.0119992973 -7.48175784553 1.63568890545 18.3271066657 0.00753464155925 0.31166
pedestrian -1 -1 -10 311.36 166.28 334.697 229.12 1.79780260825 0.487947412681 0.76499963231 -7.32930112732 1.63250416875 18.3209820769 0.00753464155925 0.16339
pedestrian -1 -1 -10 303.41 163.13 327.089 219.645 1.80080229985 0.487947412681 0.929999066817 -7.41179758458 1.63556392622 18.3215805761 0.00753464155925 0.036442
pedestrian -1 -1 -10 285.97 169.68 310.35 230.293 1.80080229985 0.494946615366 0.756999260918 -7.60924295335 1.63580394049 18.3295658722 0.00753464155925 0.013966
pedestrian -1 -1 -10 305.62 163.95 348.959 224.242 1.79780260825 0.487947412681 0.668999467147 -7.28130240334 1.63246922117 18.3206209342 0.00753464155925 0.0089015
pedestrian -1 -1 -10 229.79 186.15 248.766 240.063 1.86379534674 0.955896558509 1.12899936448 -14.7332203913 1.42740312204 29.0157610775 0.00753464155925 0.0057724
pedestrian -1 -1 -10 812.79 168.68 841.62 223.646 2.04077589977 0.758916681421 1.19199978579 3.92265958129 1.39267716139 12.6592803244 0.00753464155925 0.0034792
pedestrian -1 -1 -10 315.13 160.43 338.967 209.363 1.78080439556 0.487947412681 0.648999492343 -7.27130794012 1.61546372775 18.3206715611 0.00753464155925 0.0033956
pedestrian -1 -1 -10 236.8 189.35 253.799 238.263 1.86379534674 0.74291864008 1.09799923664 -14.1992934732 1.42198705893 28.6722709627 0.00753464155925 0.002647
pedestrian -1 -1 -10 298.0 163.88 318.197 210.764 1.80080229985 0.497946546108 0.952999300103 -7.51125700915 1.63571038361 18.3273286176 0.00753464155925 0.00172
pedestrian -1 -1 -10 543.32 124.4 571.94 187.012 1.6088232888 1.17587177248 1.17399969522 -0.96148591877 0.946781464612 13.6111104285 0.00753464155925 0.00011884
pedestrian -1 -1 -10 238.95 180.88 266.176 233.153 0.443951234343 0.517944812962 0.565999811482 -13.138182208 -0.556209641199 26.5462577204 0.00753464155925 0.00011682
pedestrian -1 -1 -10 221.51 177.41 256.772 239.405 2.11076820719 1.18887083665 1.17200052625 -14.6856755488 1.42564332178 28.900741073 0.00753464155925 2.605e-05
pedestrian -1 -1 -10 540.19 125.12 563.28 173.312 1.6088232888 1.19486974457 1.18699967288 -1.03235128913 0.944145414315 13.4301584071 0.00753464155925 2.4051e-05
pedestrian -1 -1 -10 665.39 181.81 688.6 243.234 1.92178900695 1.1578731416 1.182999666 1.28332296185 1.25772143348 13.3628783998 0.00753464155925 1.6789e-06
pedestrian -1 -1 -10 1185.8 151.58 1235.47 227.713 0.364959934055 0.21397725963 0.452999929996 14.2722222137 0.534999189451 16.617647217 0.00753464155925 1.0802e-08
pedestrian -1 -1 -10 905.72 151.01 955.074 256.0 2.09976943731 0.743918934851 1.1979995875 5.46169179643 1.43175355694 12.3910065896 0.00753464155925 9.1329e-09
