pedestrian -1 -1 -10 836.29 202.58 857.853 253.282 1.44384144259 1.18786958831 0.445999724238 2.74332901654 1.63815412231 8.31401340963 0.00753464155925 0.0037973
pedestrian -1 -1 -10 290.41 138.22 307.663 193.57 0.629930862185 0.264970360826 1.17899953991 -8.45182203015 -0.198434587599 19.9716252082 0.00753464155925 0.0019372
pedestrian -1 -1 -10 728.12 199.71 746.853 269.331 2.31974525214 0.67092697726 0.50400003264 2.52811120561 1.66022395341 13.1109530129 0.00753464155925 0.001682
pedestrian -1 -1 -10 844.89 197.77 867.385 247.131 2.14776414538 1.1938694498 0.808999767614 2.93658735455 1.63404472175 8.04979208106 0.00753464155925 0.0014349
pedestrian -1 -1 -10 277.87 139.31 310.157 213.688 1.90079122532 1.18087038563 0.338999644458 -5.75386786581 1.33303170689 13.0900864142 0.00753464155925 0.00091279
pedestrian -1 -1 -10 1051.0 59.256 1103.99 201.666 1.08488089025 1.18387031637 0.928999854858 3.24882889194 0.548802986208 5.21024532728 0.00753464155925 0.00087536
pedestrian -1 -1 -10 1047.6 80.691 1080.63 186.441 0.917899229763 1.19486926778 1.11999954271 3.35455453961 0.377269836566 5.38127569877 0.00753464155925 0.00082471
pedestrian -1 -1 -10 1059.3 83.456 1089.37 185.736 1.08488089025 1.19686890375 0.922999814733 3.2521188768 0.549370698897 5.24871751619 0.00753464155925 0.00071185
pedestrian -1 -1 -10 731.53 189.18 760.56 273.298 1.52183285064 0.84190681887 1.18599974567 3.64748485736 1.70722443066 19.0942440962 0.00753464155925 0.0006939
pedestrian -1 -1 -10 0.082952 229.34 14.854 267.64 1.87179442502 1.19686890375 0.181999627668 -5.54155895945 1.27713215687 6.55519843418 0.00753464155925 0.00068359
pedestrian -1 -1 -10 1057.3 89.049 1080.16 157.738 1.15887273681 1.19786872174 1.13599957024 3.34603765359 0.617087172242 5.30106237436 0.00753464155925 0.00064855
pedestrian -1 -1 -10 1065.8 86.021 1084.14 168.133 1.08488089025 1.19686890375 0.922999814733 3.2521188768 0.549370698897 5.24871751619 0.00753464155925 0.00059658
pedestrian -1 -1 -10 837.72 188.55 873.34 253.167 2.20175823665 1.19586908577 0.836999636973 2.95114280734 1.63515951414 8.12607580698 0.00753464155925 0.00037434
pedestrian -1 -1 -10 855.25 182.04 877.847 241.36 2.19675879037 1.19686890375 0.847999790008 2.95513611735 1.62523351115 7.79361003871 0.00753464155925 0.00035983
pedestrian -1 -1 -10 800.64 203.82 822.568 257.428 1.89779165291 1.19186981382 0.819999682231 2.89225296491 1.62587702578 9.65561830166 0.00753464155925 0.00034915
pedestrian -1 -1 -10 735.38 178.53 751.4 237.796 1.52383272451 0.878903421835 1.16499960523 3.61935170838 1.70996296216 19.1429361338 0.00753464155925 0.00028398
pedestrian -1 -1 -10 1115.5 61.314 1150.35 157.726 1.02088787663 1.19586908577 0.652999678038 3.12184223682 0.489082519338 4.68353985112 0.00753464155925 0.00025732
pedestrian -1 -1 -10 0.37315 218.88 31.7372 293.662 1.87479411662 1.19586908577 0.180999700453 -5.54012198339 1.27897470345 6.67969974859 0.00753464155925 0.00022294
pedestrian -1 -1 -10 1034.1 86.616 1070.4 179.599 1.20286793554 1.19686890375 1.15099967055 3.33986602117 0.663670869481 5.47526919586 0.00753464155925 0.00020474
pedestrian -1 -1 -10 1183.1 107.51 1207.52 173.617 1.22286569083 1.19586884737 0.687999991574 3.08517254827 0.696748654123 4.11915907521 0.00753464155925 0.00017233
pedestrian -1 -1 -10 911.39 201.5 939.014 266.713 1.9897815001 1.19186933704 0.828999742418 2.92331811819 1.6228574508 6.27964386941 0.00753464155925 0.00011667
pedestrian -1 -1 -10 795.97 191.78 817.253 241.797 2.24575343537 1.1938694498 0.842999677098 2.90564178949 1.62979131091 9.92307160808 0.00753464155925 0.00011252
pedestrian -1 -1 -10 792.56 192.04 829.983 256.562 2.23675442016 1.19886806294 0.846999624375 2.90617916808 1.62691077086 9.72851678364 0.00753464155925 0.00010164
pedestrian -1 -1 -10 1062.5 62.972 1163.74 235.942 1.16587196756 1.19786872174 0.767999652372 3.12519291672 0.635648654728 4.78943261078 0.00753464155925 9.3796e-05
pedestrian -1 -1 -10 795.22 222.55 815.78 271.688 1.57782678598 1.1938694498 0.786999699962 2.87693695319 1.62802059133 9.79735295153 0.00753464155925 7.6207e-05
pedestrian -1 -1 -10 805.18 188.84 825.686 237.895 2.23675442016 1.19086951905 0.865999671964 2.91478240406 1.62514235135 9.60946128571 0.00753464155925 6.2566e-05
pedestrian -1 -1 -10 1120.5 54.041 1176.34 187.601 1.10287889087 1.18786958831 0.643999856269 3.10114437323 0.575674154253 4.51999817763 0.00753464155925 5.3006e-05
pedestrian -1 -1 -10 1009.7 71.978 1058.26 197.428 1.21486661255 1.18586995234 1.14899957771 3.34265160373 0.667185732128 5.71281771208 0.00753464155925 5.1879e-05
pedestrian -1 -1 -10 797.14 167.42 840.536 230.19 2.23675442016 1.18986922428 0.931999636502 2.94843312609 1.6263987499 9.69570171477 0.00753464155925 2.325e-05
pedestrian -1 -1 -10 993.08 70.29 1037.24 196.52 1.21886618149 1.19586908577 1.19499980586 3.36263877041 0.671080483356 5.9766754257 0.00753464155925 5.4465e-06
pedestrian -1 -1 -10 1176.1 112.39 1199.3 179.466 1.5568290714 1.19786896013 0.733999981307 3.06229877834 1.03077318816 4.11985886833 0.00753464155925 3.4484e-06
pedestrian -1 -1 -10 969.05 75.188 1012.99 195.128 0.835908215523 1.18786958831 0.68899968037 3.62287929533 0.27956857867 6.4257377338 0.00753464155925 2.2067e-06
pedestrian -1 -1 -10 1155.1 40.851 1213.45 177.031 1.09587966013 1.19186909865 0.645999949117 3.09800692937 0.571470974519 4.23599300699 0.00753464155925 1.0337e-07
