pedestrian -1 -1 -10 277.37 144.81 294.479 199.03 1.52683231926 0.769916109619 0.779999494204 -11.8502427671 0.550869433638 27.0102462212 0.00753464155925 0.64338
pedestrian -1 -1 -10 272.73 147.22 289.157 193.703 1.52683231926 0.769916109619 0.779999494204 -11.8502427671 0.550869433638 27.0102462212 0.00753464155925 0.31107
pedestrian -1 -1 -10 274.86 143.43 303.396 215.476 1.52683231926 0.838908795267 0.779999494204 -11.849982852 0.551380121363 27.0447415848 0.00753464155925 0.012621
pedestrian -1 -1 -10 286.84 144.36 301.183 198.584 1.52683231926 0.914898776461 0.779999494204 -11.849696576 0.551942603461 27.0827354969 0.00753464155925 0.0013447
pedestrian -1 -1 -10 8.1307 209.46 82.0527 358.13 1.34385239792 1.15287357489 0.705999635112 -5.07465174794 1.72878170162 6.20603993891 0.00753464155925 0.00084043
pedestrian -1 -1 -10 250.79 143.73 308.912 229.361 1.52683231926 0.914898776461 0.622999954251 -11.9281941242 0.551999757064 27.0833261129 0.00753464155925 0.00067995
pedestrian -1 -1 -10 266.74 142.1 286.55 212.832 0.459949495196 0.423953340177 0.612000278052 -12.6072339169 0.186072216189 27.6625430077 0.00753464155925 0.00040663
pedestrian -1 -1 -10 262.84 144.79 277.976 188.926 0.584935786126 0.175979408323 1.16399920118 -17.9312378018 -0.668732502455 38.5367314844 0.00753464155925 0.00030886
pedestrian -1 -1 -10 258.62 145.43 280.195 212.178 0.584935786126 0.175979408323 1.09499897816 -17.9657369368 -0.668707383838 38.5369910561 0.00753464155925 0.00010945
pedestrian -1 -1 -10 30.063 233.49 74.469 325.53 1.22086593616 1.05188480656 0.704999707897 -5.07473763909 1.72253038921 6.25572963972 0.00753464155925 3.0945e-05
pedestrian -1 -1 -10 0.0 208.17 51.565 292.796 0.59193498707 0.902901914202 0.72600056359 -8.73777888921 1.15727485794 10.4751205021 0.00753464155925 3.5947e-06
pedestrian -1 -1 -10 4.6886 178.02 90.2676 306.51 0.855906000616 0.64292921295 1.15000022018 -9.44139875786 1.48774040173 12.5027632352 0.00753464155925 1.0905e-06
pedestrian -1 -1 -10 205.67 176.17 253.79 236.653 0.612932679298 0.663928728145 0.961000148331 -10.0658531164 0.996094194148 19.4584066009 0.00753464155925 1.0169e-06
pedestrian -1 -1 -10 150.7 164.18 209.161 233.979 0.450950472535 1.18387031637 1.13099921891 -9.80699699024 0.600764201207 16.5447080417 0.00753464155925 7.5872e-08
