pedestrian -1 -1 -10 16.441 193.48 28.223 230.372 1.06688291942 0.520942836565 0.482999653784 -14.2842468353 1.70481438026 18.0463605155 0.00753464155925 0.048077
pedestrian -1 -1 -10 18.987 193.93 41.097 238.063 1.06688291942 0.520942836565 0.482999653784 -14.2842468353 1.70481438026 18.0463605155 0.00753464155925 0.0019529
pedestrian -1 -1 -10 31.782 192.88 44.924 233.902 1.06688291942 0.520942836565 0.482999653784 -14.2842468353 1.70481438026 18.0463605155 0.00753464155925 0.0011856
pedestrian -1 -1 -10 534.58 158.52 547.658 194.79 1.14287449086 0.901901142646 1.02499965494 -0.545016542137 1.41226519163 6.36063380334 0.00753464155925 0.00057349
pedestrian -1 -1 -10 820.21 162.48 846.429 219.18 0.291967938751 0.616931084612 0.0440006121412 9.04696797473 0.562110418198 28.3601918058 0.00753464155925 0.00019643
pedestrian -1 -1 -10 657.36 280.35 675.281 330.69 1.80480177753 1.19686890375 1.1979996024 0.447388739587 1.69250572237 6.0833696676 0.00753464155925 6.3346e-05
pedestrian -1 -1 -10 623.03 147.5 691.751 215.156 1.60282400244 1.17387118294 1.00899966467 0.33203441864 1.42200973846 6.51830804691 0.00753464155925 5.9976e-05
pedestrian -1 -1 -10 369.41 230.01 391.758 287.038 0.959894673816 1.16187289033 0.171999878684 -2.46832894926 1.5633622564 7.43268043273 0.00753464155925 2.9262e-05
pedestrian -1 -1 -10 510.13 153.86 584.395 225.203 1.19986827373 0.92089911473 1.07999964153 -0.517571324812 1.46909832843 6.35050616721 0.00753464155925 4.1221e-06
pedestrian -1 -1 -10 273.38 159.98 341.618 233.768 0.0999890208244 0.121988283525 0.156999539953 -23.3147073933 1.427576994 56.2781168564 0.00753464155925 9.6278e-07
pedestrian -1 -1 -10 84.897 172.25 129.822 246.238 0.570937324641 0.243972752771 0.55299932718 -24.1572308775 1.60835813639 34.5522749535 0.00753464155925 1.438e-07
