pedestrian -1 -1 -10 518.03 164.36 537.004 210.35 1.00688947475 0.182978611008 0.655000009305 -4.15705261938 1.22461180297 36.2862465622 0.00753464155925 0.0097975
pedestrian -1 -1 -10 510.67 163.08 530.264 218.052 1.22386559797 0.24297341157 1.05400005501 -4.35670611178 1.441289092 36.2561443913 0.00753464155925 0.0028592
pedestrian -1 -1 -10 938.23 115.37 972.215 192.27 1.4298429811 1.18887083665 0.934999179728 8.41943557731 0.618668788315 17.6420251386 0.00753464155925 0.0018038
pedestrian -1 -1 -10 1090.7 103.97 1125.96 165.605 1.53683122671 1.144875031 1.17299997662 8.82070292711 0.794968687856 12.6134907373 0.00753464155925 0.0006496
pedestrian -1 -1 -10 949.29 115.35 978.484 179.775 1.4298429811 1.03488647044 0.673999580057 8.55051178647 0.619713575771 17.7180332828 0.00753464155925 0.00032079
pedestrian -1 -1 -10 888.49 135.75 905.795 173.738 1.41684439695 1.17587177248 1.17699968548 7.3137123958 0.621849125018 18.0807726545 0.00753464155925 0.00026274
pedestrian -1 -1 -10 699.91 131.76 721.236 181.696 0.101988894691 0.0499937599951 0.368999845083 8.42796981729 -1.03843813721 57.5496699458 0.00753464155925 0.00020644
pedestrian -1 -1 -10 581.03 170.92 595.477 216.687 1.64381953191 0.397955211839 0.666999851136 -0.834862100221 1.24694924809 36.9921984054 0.00753464155925 0.00017764
pedestrian -1 -1 -10 878.8 137.85 895.811 173.35 1.38484790504 1.06488387073 0.927999689225 6.19329937567 0.841909943218 16.2129621409 0.00753464155925 0.00011465
pedestrian -1 -1 -10 503.79 160.36 545.839 223.799 1.00688947475 0.190980969173 0.819999920649 -4.23958038713 1.2246126351 36.2828662092 0.00753464155925 5.0477e-05
pedestrian -1 -1 -10 595.87 177.78 607.506 209.655 0.100988957758 0.0329973310229 0.372999881767 -0.293208714905 1.33627425766 39.2531887196 0.00753464155925 3.8494e-05
pedestrian -1 -1 -10 588.93 174.92 601.81 214.488 1.4528405174 0.397955211839 0.542999816615 -0.772804952328 1.24690410752 36.9903178092 0.00753464155925 2.1385e-05
pedestrian -1 -1 -10 528.84 164.53 554.456 215.468 0.101988790394 0.288965992483 0.353000055974 -3.99376286043 0.809360791089 47.618027949 0.00753464155925 1.7702e-06
pedestrian -1 -1 -10 501.96 159.04 523.459 228.571 1.2248655349 0.24297341157 1.15499985625 -4.70719588239 1.4425442187 36.2587740764 0.00753464155925 4.2757e-07
pedestrian -1 -1 -10 338.17 180.78 418.16 256.773 0.713921608746 1.09687995341 0.613999655645 -4.83261743189 0.877516104881 14.23626322 0.00753464155925 3.0797e-08
pedestrian -1 -1 -10 371.45 188.55 427.617 265.034 0.351961327556 0.984892710449 0.54399974383 -3.15448229989 0.960026329569 11.298314451 0.00753464155925 9.2196e-09
