pedestrian -1 -1 -10 1144.3 138.08 1168.32 190.686 0.92589833784 0.966894079567 0.244999810562 10.0431366351 0.560842675588 13.0582869846 0.00753464155925 0.001183
pedestrian -1 -1 -10 1060.1 210.98 1079.1 265.548 1.69181426978 1.18886892951 1.18399965282 7.47020609534 1.43535385223 11.6341977552 0.00753464155925 0.00039913
pedestrian -1 -1 -10 1048.1 158.03 1083.64 226.703 1.70581264186 0.947896107484 1.05499950539 7.99114777449 1.16804350009 12.5149549303 0.00753464155925 0.00033491
pedestrian -1 -1 -10 788.9 171.4 807.708 216.612 1.6318208251 0.547940306104 0.61799984134 3.42620410207 0.98240981643 12.6205610739 0.00753464155925 0.00019575
pedestrian -1 -1 -10 1151.7 128.88 1184.98 185.607 1.31885522615 1.19286915503 1.01399962857 8.94963839673 0.763966422875 11.3341885383 0.00753464155925 7.8011e-05
pedestrian -1 -1 -10 935.81 176.82 960.917 229.285 1.50883430374 1.17887074966 0.671999725628 6.65406799171 0.966693343237 13.5161894044 0.00753464155925 3.7992e-05
pedestrian -1 -1 -10 1054.6 185.84 1092.26 268.06 1.62482162416 1.18586995234 1.05199972375 7.43062136557 1.43419064478 11.5535061074 0.00753464155925 1.7803e-05
pedestrian -1 -1 -10 782.45 154.4 809.384 222.525 1.6318208251 0.547940306104 0.61799984134 3.42620410207 0.98240981643 12.6205610739 0.00753464155925 5.7484e-06
pedestrian -1 -1 -10 829.85 176.65 880.177 244.317 0.369959357979 0.976892259424 0.555999585661 6.31223690123 0.856657652127 17.8815666104 0.00753464155925 1.6551e-07
pedestrian -1 -1 -10 64.704 167.34 135.306 247.281 1.19686860448 1.08488118401 1.17800008953 -7.36257838489 1.2619727726 10.5156934972 0.00753464155925 3.9545e-10
pedestrian -1 -1 -10 888.58 180.43 948.018 254.129 0.345962003947 0.515942316281 1.11799968828 7.18670401552 0.815252145792 17.0127938416 0.00753464155925 1.2612e-11
