pedestrian -1 -1 -10 737.35 175.38 771.097 276.08 1.69681370115 1.12987633086 0.533999756427 2.52555642637 1.75888059333 11.9342392814 0.00753464155925 0.0056167
pedestrian -1 -1 -10 738.19 179.77 762.824 246.717 1.67081653285 1.16887161623 0.533999756427 2.52746574436 1.73665065047 12.1888961132 0.00753464155925 0.0055062
pedestrian -1 -1 -10 749.2 171.15 776.01 291.43 1.69681370115 1.02588763179 0.442999942594 2.56921680842 1.75523565197 11.6899301684 0.00753464155925 0.0029919
pedestrian -1 -1 -10 732.56 181.5 753.971 254.489 1.67081653285 1.08688081998 0.533999756427 2.52807597658 1.73784964999 12.2698847925 0.00753464155925 0.0028303
pedestrian -1 -1 -10 747.96 175.51 769.757 245.827 1.69681370115 1.02588763179 0.442999942594 2.56921680842 1.75523565197 11.6899301684 0.00753464155925 0.0026053
pedestrian -1 -1 -10 380.61 239.84 400.722 296.574 2.07677199042 1.14487407743 0.674999984109 -2.61752145666 1.6775304123 7.78292901282 0.00753464155925 0.00077859
pedestrian -1 -1 -10 494.48 186.57 521.075 252.924 1.11187787629 1.169871911 0.629999683172 -2.43988843081 1.47150947693 15.4820614574 0.00753464155925 2.0024e-05
pedestrian -1 -1 -10 479.49 196.61 506.702 271.503 1.12887602937 0.775915017533 0.873999566519 -2.33180921225 1.72152757823 14.4055235828 0.00753464155925 3.8145e-06
pedestrian -1 -1 -10 552.96 175.17 566.832 216.385 1.55582910467 0.24297341157 0.805999747551 -2.53738893658 1.81379159176 38.7967308175 0.00753464155925 2.392e-06
pedestrian -1 -1 -10 709.77 175.48 765.666 274.602 1.53183176554 0.77091545082 0.312999867947 2.4212230111 1.75698954069 12.7464438023 0.00753464155925 7.442e-09
pedestrian -1 -1 -10 759.68 192.45 800.434 281.139 0.894901812664 0.504943841654 0.659999645378 3.81598469633 1.7107309831 14.8762005767 0.00753464155925 2.5936e-09
