pedestrian -1 -1 -10 729.51 160.95 772.342 260.317 1.79599554348 0.768998141604 0.684000026689 2.82848768514 1.40621730442 12.9826180116 0.00702763010872 0.99875
pedestrian -1 -1 -10 965.38 173.6 1035.72 305.6 1.45399631751 0.783998447634 0.424999721 5.01082999594 1.45464580947 8.82716325392 0.00702763010872 0.9971
pedestrian -1 -1 -10 510.72 168.48 534.647 231.258 1.55299615481 0.550999225256 0.731000078019 -2.16472449989 1.28419468493 19.5868878687 0.00702763010872 0.9956
pedestrian -1 -1 -10 641.7 173.29 673.251 256.974 1.51399623674 0.583998181914 0.375000006267 1.04927365428 1.38742237786 13.3149066025 0.00702763010872 0.99065
pedestrian -1 -1 -10 673.64 175.89 698.709 256.261 1.43799636239 0.539998619365 0.364000088099 1.76149611957 1.33028958022 14.268884425 0.00702763010872 0.96748
pedestrian -1 -1 -10 442.59 170.16 472.385 226.214 1.54199611163 0.881997776752 0.883999839297 -4.27869553919 1.28206510788 20.9502889774 0.00702763010872 0.94351
pedestrian -1 -1 -10 393.07 170.67 411.875 223.427 1.21399695349 0.536999321097 0.36700010913 -6.57145456688 1.13404838685 24.4790336212 0.00702763010872 0.92469
pedestrian -1 -1 -10 440.1 171.96 457.819 226.401 1.52599623847 0.741996827811 0.883999839297 -4.27918726462 1.26622307477 20.880272191 0.00702763010872 0.91361
pedestrian -1 -1 -10 653.76 178.5 701.573 250.49 1.4059964596 0.457999044476 0.419000036566 1.64414724433 1.3340653185 16.1408036392 0.00702763010872 0.76103
pedestrian -1 -1 -10 390.71 176.85 405.461 220.699 1.2769967437 0.307999798859 0.507999905493 -6.5228791247 1.03423600576 23.0658572173 0.00702763010872 0.7474
pedestrian -1 -1 -10 375.26 175.23 386.753 211.436 1.17499710806 0.607998290094 0.464000709658 -8.49412304862 0.959658411387 27.733783803 0.00702763010873 0.70762
pedestrian -1 -1 -10 655.54 176.33 675.635 246.117 1.4059964596 0.457999044476 0.419000036566 1.64414724433 1.3340653185 16.1408036392 0.00702763010872 0.67709
pedestrian -1 -1 -10 665.1 176.42 680.224 238.961 1.4059964596 0.457999044476 0.419000036566 1.64414724433 1.3340653185 16.1408036392 0.00702763010872 0.55168
pedestrian -1 -1 -10 399.45 168.21 416.11 218.892 1.21399695349 0.536999321097 0.36700010913 -6.57145456688 1.13404838685 24.4790336212 0.00702763010872 0.45876
pedestrian -1 -1 -10 997.54 177.46 1029.87 300.58 1.45399631751 0.783998447634 0.424999721 5.01082999594 1.45464580947 8.82716325392 0.00702763010872 0.44029
pedestrian -1 -1 -10 452.7 173.99 466.318 221.206 1.54199611163 0.881997776752 0.830999865114 -4.25219620647 1.28206621673 20.9501027493 0.00702763010872 0.37116
pedestrian -1 -1 -10 384.52 172.39 398.729 219.166 1.13099712531 0.460999296417 0.300000195748 -7.71612165154 0.909251707508 26.592721207 0.00702763010872 0.31277
pedestrian -1 -1 -10 553.98 164.87 578.862 225.732 1.50199620894 0.606998841896 0.493000038756 -1.05098372607 1.23706963512 20.5420376449 0.00702763010872 0.25718
pedestrian -1 -1 -10 652.09 176.39 666.822 245.2 1.51399623674 0.583998181914 0.375000006267 1.04927365428 1.38742237786 13.3149066025 0.00702763010872 0.12621
pedestrian -1 -1 -10 741.74 154.32 790.829 266.34 1.79999548197 0.768998141604 0.684000026689 2.82848763315 1.4102172429 12.9826225217 0.00702763010872 0.12492
pedestrian -1 -1 -10 659.98 177.56 672.197 224.646 1.4059964596 0.457999044476 0.419000036566 1.64414724433 1.3340653185 16.1408036392 0.00702763010872 0.10287
pedestrian -1 -1 -10 644.26 175.65 662.491 243.84 1.51399623674 0.583998181914 0.375000006267 1.04927365428 1.38742237786 13.3149066025 0.00702763010872 0.045116
pedestrian -1 -1 -10 675.76 201.93 690.332 253.412 1.43799636239 0.539998619365 0.364000088099 1.76149611957 1.33028958022 14.268884425 0.00702763010872 0.037673
pedestrian -1 -1 -10 437.12 166.77 453.685 213.538 1.52599623847 0.741996827811 0.828000082501 -4.30718645161 1.26622190317 20.8804689596 0.00702763010872 0.036118
pedestrian -1 -1 -10 503.69 175.8 521.125 228.711 1.32699669099 0.526999117076 0.563000211587 -5.06908173461 0.917609519659 39.3242633744 0.00702763010872 0.032352
pedestrian -1 -1 -10 676.74 176.4 692.077 226.668 1.43799636239 0.539998619365 0.364000088099 1.76149611957 1.33028958022 14.268884425 0.00702763010872 0.027574
pedestrian -1 -1 -10 404.63 163.09 423.907 216.632 0.86499785006 0.608995830949 0.842999472401 -11.1169103114 0.246295036063 42.4978604732 0.00702763010872 0.023323
pedestrian -1 -1 -10 999.57 178.43 1031.9 243.368 1.46599637139 0.783998447634 0.450999744323 4.99783014931 1.46664531939 8.82726814177 0.00702763010872 0.016492
pedestrian -1 -1 -10 659.73 187.88 682.5 250.081 1.4059964596 0.457999044476 0.419000036566 1.64414724433 1.3340653185 16.1408036392 0.00702763010872 0.016231
pedestrian -1 -1 -10 755.84 155.95 773.904 248.456 1.79999548197 0.768998141604 0.684000026689 2.82848763315 1.4102172429 12.9826225217 0.00702763010872 0.010687
pedestrian -1 -1 -10 678.85 172.2 712.875 255.041 1.43799636239 0.539998619365 0.364000088099 1.76149611957 1.33028958022 14.268884425 0.00702763010872 0.010243
pedestrian -1 -1 -10 632.33 176.78 660.307 251.227 1.51399623674 0.583998181914 0.375000006267 1.04927365428 1.38742237786 13.3149066025 0.00702763010872 0.0099783
pedestrian -1 -1 -10 973.43 176.63 1011.21 289.62 1.45399631751 0.783998447634 0.424999721 5.01082999594 1.45464580947 8.82716325392 0.00702763010872 0.0098238
pedestrian -1 -1 -10 991.4 180.68 1041.18 264.273 1.45399631751 0.783998447634 0.424999721 5.01082999594 1.45464580947 8.82716325392 0.00702763010872 0.0092047
pedestrian -1 -1 -10 987.94 178.25 1005.69 228.739 0.867997803927 0.2930004465 0.990000741337 15.6497600419 1.09919132241 27.776273408 0.00702763010873 0.008282
pedestrian -1 -1 -10 620.01 174.85 668.847 263.344 1.51399623674 0.583998181914 0.375000006267 1.04927365428 1.38742237786 13.3149066025 0.00702763010872 0.0045061
pedestrian -1 -1 -10 1006.0 180.91 1020.23 226.807 0.0999997496605 0.0 0.0 17.2140637569 0.746259492073 29.0948873687 0.0 0.0044375
pedestrian -1 -1 -10 518.52 164.9 546.869 229.6 1.55299615481 0.546997617773 0.588999877282 -2.09374021352 1.2842021673 19.5843881626 0.00702763010872 0.0043116
pedestrian -1 -1 -10 995.61 178.2 1010.15 236.071 1.45399631751 0.783998447634 0.424999721 5.01082999594 1.45464580947 8.82716325392 0.00702763010872 0.0042519
pedestrian -1 -1 -10 983.38 178.55 1012.9 248.962 1.45399631751 0.783998447634 0.424999721 5.01082999594 1.45464580947 8.82716325392 0.00702763010872 0.0042084
pedestrian -1 -1 -10 527.22 170.4 540.369 214.287 0.0999997496605 0.0 0.0 -5.01256095287 0.388419089571 56.2610190568 0.0 0.0029725
pedestrian -1 -1 -10 727.33 168.25 750.964 239.53 1.7839954896 0.768998141604 0.684000026689 2.82848784111 1.39421725053 12.982604481 0.00702763010872 0.0027228
pedestrian -1 -1 -10 656.89 199.47 670.464 253.652 1.51399623674 0.583998181914 0.375000006267 1.04927365428 1.38742237786 13.3149066025 0.00702763010872 0.0022383
pedestrian -1 -1 -10 710.95 162.26 748.382 251.546 0.339999158382 0.649000461719 0.546000012939 8.02969308924 0.789657037631 43.4461490078 0.00702763010872 0.0021889
pedestrian -1 -1 -10 500.72 170.49 516.279 216.797 0.615998475432 0.0640028316056 0.082000256955 -5.02454145397 0.206393947819 40.7506888909 0.00702763010872 0.0021744
pedestrian -1 -1 -10 757.71 143.08 798.93 246.83 2.73299317443 1.03899506711 1.14099981307 8.89820724804 1.04790549657 34.4746856884 0.00702763010872 0.002062
pedestrian -1 -1 -10 684.18 177.83 698.633 226.919 1.43799636239 0.539998619365 0.364000088099 1.76149611957 1.33028958022 14.268884425 0.00702763010872 0.0017294
pedestrian -1 -1 -10 542.71 167.33 566.01 228.734 1.51799620131 0.782998999435 0.493000038756 -1.05036550713 1.25287120116 20.6300535913 0.00702763010872 0.0011387
pedestrian -1 -1 -10 1000.9 181.04 1015.61 229.1 1.45399631751 0.783998447634 0.424999721 5.01082999594 1.45464580947 8.82716325392 0.00702763010872 0.00088158
pedestrian -1 -1 -10 753.86 152.04 768.179 221.114 1.79999548197 0.768998141604 0.684000026689 2.82848763315 1.4102172429 12.9826225217 0.00702763010872 0.00071553
pedestrian -1 -1 -10 725.11 163.95 741.421 231.482 1.7839954896 0.768998141604 0.596999893628 2.78498884873 1.39421543035 12.9829101768 0.00702763010872 0.00058096
pedestrian -1 -1 -10 744.29 161.44 763.072 257.263 1.79999548197 0.768998141604 0.684000026689 2.82848763315 1.4102172429 12.9826225217 0.00702763010872 0.00048596
pedestrian -1 -1 -10 217.85 160.75 235.516 198.837 1.85199533796 1.16699691563 0.545999536102 -16.7836072238 0.152917482621 31.9560725582 0.00702763010873 0.00036752
pedestrian -1 -1 -10 567.65 162.55 583.033 222.837 1.68099576223 0.700998470874 0.496999987325 -0.894616461048 1.16857803099 23.8656730381 0.00702763010872 0.00023091
pedestrian -1 -1 -10 172.08 171.31 187.634 213.395 2.15599459696 1.00599611045 0.642999659793 -13.4198237421 0.835434112707 22.453869511 0.00702763010873 0.00018108
pedestrian -1 -1 -10 724.82 157.18 738.426 207.756 0.332999146819 0.270999234717 0.419000155775 8.00339079201 0.785592791246 43.4743351309 0.00702763010872 0.00010304
pedestrian -1 -1 -10 178.28 174.39 193.675 213.376 1.74799562597 1.16599556009 0.639999400344 -13.4388859468 0.694651149175 22.8011556148 0.00702763010872 9.7747e-05
pedestrian -1 -1 -10 976.14 181.87 993.919 238.941 1.02499747574 0.591997582193 1.1749992567 15.2332768189 1.25284994141 27.9228740665 0.00702763010873 7.2449e-05
pedestrian -1 -1 -10 496.93 167.76 509.009 205.385 1.32699669099 0.537996861952 0.967000023789 -5.27111529644 0.917613466445 39.3201841878 0.00702763010872 6.79e-05
pedestrian -1 -1 -10 551.36 165.19 596.394 236.817 1.68099576223 0.895997680912 0.496999987325 -0.895301646567 1.16879787725 23.7681758407 0.00702763010872 3.5944e-05
pedestrian -1 -1 -10 623.6 176.79 651.357 243.871 0.767998030424 0.87699672107 0.930000022694 1.47536881229 0.923874720417 28.1966137223 0.00702763010872 2.071e-05
