pedestrian -1 -1 -10 1103.2 146.45 1120.29 199.913 1.1788705815 0.395956529437 0.475999686444 17.3823202643 1.05993788798 24.781596148 0.00753464155926 0.18786
pedestrian -1 -1 -10 1090.0 140.22 1126.95 206.394 1.1788705815 0.395956529437 0.475999686444 17.3823202643 1.05993788798 24.781596148 0.00753464155926 0.12482
pedestrian -1 -1 -10 1071.3 131.33 1160.39 249.03 1.1788705815 0.395956529437 0.475999686444 17.3823202643 1.05993788798 24.781596148 0.00753464155926 0.086411
pedestrian -1 -1 -10 1126.2 149.65 1146.18 201.493 1.60282402479 0.964894443595 0.357999692048 18.6342508839 1.10805581872 25.1821464224 0.00753464155925 0.028843
pedestrian -1 -1 -10 1112.7 150.32 1131.62 199.397 0.102988690078 0.022998197596 0.47099861986 19.9789954137 0.390098327313 27.5988748858 0.00753464155917 0.010579
pedestrian -1 -1 -10 1108.0 141.09 1127.39 191.25 0.637929940463 0.452949492117 0.262998500426 18.455589559 0.142391852847 25.8727397077 0.00753464155924 0.0093055
pedestrian -1 -1 -10 1130.8 138.74 1155.55 205.685 1.59182525491 0.57093659656 0.278999243208 18.5932642347 1.09416970985 24.985551723 0.00753464155925 0.0089399
pedestrian -1 -1 -10 998.35 115.14 1184.55 340.29 1.53983087361 1.19686890375 0.9459998096 2.97597649294 1.64630850078 4.2827945032 0.00753464155925 0.0055296
pedestrian -1 -1 -10 1108.8 142.86 1155.51 220.963 1.60282402479 0.964894443595 0.357999692048 18.6342508839 1.10805581872 25.1821464224 0.00753464155925 0.0051608
pedestrian -1 -1 -10 1057.6 128.9 1076.83 171.774 1.25986168861 0.839910043608 0.961999598709 20.1272466572 0.0547930149213 31.2422871066 0.00753464155925 0.0022575
pedestrian -1 -1 -10 1122.8 143.83 1139.74 189.453 0.980892336245 1.0558840785 0.445999008982 20.7931124398 0.0205622944608 28.6863592551 0.00753464155925 0.0011705
pedestrian -1 -1 -10 1059.2 135.05 1123.01 231.076 0.104988470823 0.0289961519404 1.18600046093 18.4254148296 0.384993210279 27.5946691606 0.00753464155925 0.00082624
pedestrian -1 -1 -10 1063.1 124.87 1092.55 175.501 1.25886181128 0.974893577022 0.60099964818 20.3072326938 0.0526625646573 31.173446615 0.00753464155925 0.00075512
pedestrian -1 -1 -10 1077.2 129.67 1117.3 197.99 0.998890366668 1.03988508359 0.572999778821 20.9909009947 -0.217060639284 30.3427485906 0.00753464155925 0.00068444
pedestrian -1 -1 -10 1076.6 128.93 1094.6 174.033 1.25686193741 0.706921378315 0.336000339651 20.4387196867 0.05058254994 31.0384526108 0.00753464155925 0.00052713
pedestrian -1 -1 -10 1129.8 117.99 1164.42 195.328 0.963894198056 0.895901757947 0.0990009004807 21.022678778 0.17551573368 27.8811004721 0.00753464155924 0.00025692
pedestrian -1 -1 -10 378.14 173.25 389.894 211.416 0.100988927959 0.122987624726 0.430999623925 -13.9108050371 1.06818147926 45.2325733407 0.00753464155925 0.0002544
pedestrian -1 -1 -10 139.59 169.95 165.333 227.57 0.45195038805 0.359959267672 0.183999958934 -14.2495241598 0.634155607604 22.80155283 0.00753464155925 0.00019434
pedestrian -1 -1 -10 1083.5 125.48 1103.48 176.963 1.26486107529 0.882902693778 0.444999558604 20.9302827049 0.0464486085152 30.7798339019 0.00753464155925 0.00016739
pedestrian -1 -1 -10 1090.4 125.84 1111.85 191.819 1.1788705815 0.395956529437 0.475999686444 17.3823202643 1.05993788798 24.781596148 0.00753464155926 0.00010451
pedestrian -1 -1 -10 682.42 174.41 700.239 220.485 0.672926123975 0.364961695095 0.611999801215 3.38703479545 1.56634621664 30.8371285043 0.00753464155925 5.335e-05
pedestrian -1 -1 -10 1027.7 127.59 1128.47 288.32 0.115987296578 0.125987555468 1.03600088831 17.0086802373 1.10690252552 25.9710139514 0.00753464155923 3.8126e-05
pedestrian -1 -1 -10 874.87 153.85 976.27 228.718 0.111987668041 0.025998128338 1.16699945966 11.9690175549 0.895027724707 26.9192195166 0.00753464155925 3.7284e-06
pedestrian -1 -1 -10 1184.7 229.21 1242.03 333.76 1.46083956588 1.19186933704 1.19699966029 3.22643028322 1.60215531264 3.87742058388 0.00753464155925 3.8216e-07
pedestrian -1 -1 -10 887.74 242.06 931.183 348.2 1.14587424206 1.18487061114 0.514999947256 2.75794558193 1.65564837638 6.31966395488 0.00753464155925 8.4536e-09
