pedestrian -1 -1 -10 728.19 154.99 758.258 246.283 1.63382063937 0.839908136468 0.287999541814 4.36233756225 1.23032309729 22.5792279094 0.00753464155925 0.01214
pedestrian -1 -1 -10 628.34 134.8 660.94 205.529 0.392956849575 0.309963600537 0.499999846944 3.6923607579 0.732282619366 61.91489025 0.00753464155925 0.0028269
pedestrian -1 -1 -10 755.6 112.38 800.253 246.44 1.80980131507 1.0428859679 0.581999839009 3.78072946888 1.09536603272 16.0095029654 0.00753464155925 0.0022859
pedestrian -1 -1 -10 733.79 142.17 759.522 211.716 1.63382063937 0.839908136468 0.287999541814 4.36233756225 1.23032309729 22.5792279094 0.00753464155925 0.0018929
pedestrian -1 -1 -10 148.16 221.35 170.261 267.797 2.15276359165 0.869905536749 1.1629997508 -10.4124381821 1.7157322382 16.9944219641 0.00753464155925 0.0011468
pedestrian -1 -1 -10 617.3 143.17 650.439 206.179 0.100988927959 0.369958401099 0.428999888705 2.18740126834 0.369161545071 55.766593495 0.00753464155925 0.00062379
pedestrian -1 -1 -10 731.16 150.64 750.045 220.092 0.442951416606 0.744919229621 0.120000325663 4.55884047739 1.45736035022 25.8885287198 0.00753464155925 0.00045036
pedestrian -1 -1 -10 606.53 168.72 624.317 212.567 0.0999890208244 0.0 0.0 0.495006433704 0.81918594629 37.9332144119 0.0 0.00022598
pedestrian -1 -1 -10 613.68 167.79 632.146 208.542 0.355960903944 0.217978438712 0.438999846305 1.00250636781 0.605422286113 54.0466734825 0.00753464155925 0.00021055
pedestrian -1 -1 -10 736.59 134.77 768.432 233.207 1.73680931604 0.561938711473 0.189999760641 4.13868732873 1.59125745974 20.4700404571 0.00753464155925 0.00019472
pedestrian -1 -1 -10 871.9 114.14 888.736 156.694 1.52583245683 1.19886901651 0.479999633721 3.18519151761 0.940431602145 8.89719986512 0.00753464155925 0.00016906
pedestrian -1 -1 -10 620.43 162.71 637.0 205.6 0.100988913059 0.18598044889 0.62499980868 2.11090847873 0.644687098177 56.4721882896 0.00753464155925 0.00016592
pedestrian -1 -1 -10 376.14 175.64 395.433 217.195 2.29074845183 1.19786872174 0.74599958472 -6.36109452348 1.88766250785 20.6698842558 0.00753464155925 5.1911e-05
pedestrian -1 -1 -10 880.93 111.48 892.964 154.617 1.56482814968 1.17487147771 0.479999633721 3.18374199299 0.976555608253 8.70293763145 0.00753464155925 2.7676e-05
pedestrian -1 -1 -10 717.37 162.31 744.089 251.137 0.432952464461 0.431953791202 0.172000355521 4.58706396331 1.6364742637 26.1661294663 0.00753464155925 2.5673e-05
pedestrian -1 -1 -10 656.09 162.8 669.792 206.278 0.343962234378 0.183981766488 0.405999774629 3.94402222923 0.556234246021 51.1177484762 0.00753464155925 2.5117e-05
pedestrian -1 -1 -10 606.84 131.77 641.047 209.936 0.100988898159 0.151983776666 0.439999862926 1.1804485371 -0.020536519477 55.7479459596 0.00753464155925 2.4196e-05
pedestrian -1 -1 -10 724.03 158.29 744.503 224.075 0.971893291234 0.418954727033 0.190999926274 4.9692773533 0.709950549535 27.305611139 0.00753464155925 1.946e-05
pedestrian -1 -1 -10 957.46 280.59 987.844 359.349 2.23975411176 1.19886901651 1.19099962016 3.13302770478 1.69520073123 6.24533852954 0.00753464155925 1.0584e-05
pedestrian -1 -1 -10 639.23 151.78 659.821 207.576 0.392956849575 0.309963600537 0.704999946315 3.79485790641 0.732207991794 61.9141190609 0.00753464155925 9.5481e-06
pedestrian -1 -1 -10 603.0 159.71 635.419 210.527 0.355960903944 0.217978438712 0.438999846305 1.00250636781 0.605422286113 54.0466734825 0.00753464155925 8.0266e-06
pedestrian -1 -1 -10 738.03 129.35 766.093 189.415 0.32296452725 0.447950878974 0.22799985582 3.94495350635 -0.451987756235 19.5721573515 0.00753464155925 4.2566e-06
pedestrian -1 -1 -10 783.1 143.71 809.796 203.823 1.92578851629 1.19086951905 0.540000034971 3.44666919496 1.34581733764 13.4588192189 0.00753464155925 1.6856e-06
