pedestrian -1 -1 -10 1024.0 127.73 1037.01 169.655 0.769915462136 0.427954519259 0.30899992067 20.2364882757 0.272957039554 33.9539834617 0.00753464155925 0.086767
pedestrian -1 -1 -10 1112.9 116.96 1138.39 183.32 0.0999890208244 0.0 0.0 32.9353602882 -1.17605798878 45.3603751644 0.0 0.047212
pedestrian -1 -1 -10 1026.8 127.32 1042.03 176.152 1.02188779122 0.427954519259 0.311000728773 20.2375663433 0.524928640267 33.9521101836 0.00753464155925 0.020755
pedestrian -1 -1 -10 1018.4 125.91 1049.38 187.027 1.02188779122 0.427954519259 0.311000728773 20.2375663433 0.524928640267 33.9521101836 0.00753464155925 0.0085406
pedestrian -1 -1 -10 271.68 210.04 284.252 244.455 2.05877393019 1.00788900091 0.407999867477 -11.8864192144 1.78040225096 26.2291476885 0.00753464155925 0.0040325
pedestrian -1 -1 -10 283.95 208.55 296.4 246.817 2.25475233139 1.14087575906 0.597999389699 -6.03250581143 1.55458195273 14.2646882486 0.00753464155925 0.0030162
pedestrian -1 -1 -10 1104.6 124.09 1130.17 182.198 1.69481390178 0.330965022871 0.324998756105 19.1714193219 0.575387922679 26.9199047328 0.00753464155925 0.0012145
pedestrian -1 -1 -10 1034.1 124.87 1051.36 182.071 0.0999890208244 0.243972752771 0.350999724708 28.2697509931 -0.851721418202 45.9968123926 0.00753464155925 0.00073193
pedestrian -1 -1 -10 293.83 126.18 310.753 168.42 1.48883651865 0.472949666111 0.569999997177 -7.14432969962 0.717585579334 17.3932168877 0.00753464155925 0.00035982
pedestrian -1 -1 -10 1039.0 121.34 1059.15 182.756 0.352961264489 0.0529955978769 0.102001158962 28.34581094 -0.8493289408 45.2854785133 0.00753464155925 0.00011388
pedestrian -1 -1 -10 298.52 120.13 316.722 173.726 1.48883651865 0.472949666111 0.569999997177 -7.14432969962 0.717585579334 17.3932168877 0.00753464155925 3.1186e-05
pedestrian -1 -1 -10 1098.1 138.39 1117.32 192.843 0.0999890208244 0.0 0.0 42.8628070478 0.367208042944 61.4479621318 0.0 1.3915e-05
