pedestrian -1 -1 -10 81.165 161.56 123.613 265.25 1.712811962 0.574936822073 0.862999651902 -9.4748754782 1.49003945775 13.7434944848 0.00753464155925 0.98909
pedestrian -1 -1 -10 111.58 139.22 125.91 202.631 1.33885301125 0.241974070369 0.609000019571 -12.2562826906 0.474076877978 18.5648849959 0.00753464155925 0.052894
pedestrian -1 -1 -10 125.04 138.05 144.488 187.214 1.5798265481 0.408955593606 1.07599988425 -12.0233441338 0.71364440312 18.4778554894 0.00753464155925 0.030617
pedestrian -1 -1 -10 107.35 137.16 133.226 210.922 1.5798265481 0.296968350648 0.670999321576 -12.2254167956 0.714620774059 18.5353710915 0.00753464155925 0.025449
pedestrian -1 -1 -10 64.48 156.36 115.569 290.69 1.712811962 0.574936822073 0.773999930916 -9.51937407917 1.49007185692 13.7438292925 0.00753464155925 0.016077
pedestrian -1 -1 -10 133.99 138.33 149.709 185.426 1.71181202507 0.377958852125 1.06700006248 -11.8780879393 0.848968429663 18.4382299961 0.00753464155925 0.013482
pedestrian -1 -1 -10 127.6 133.51 152.174 199.715 1.84479743898 0.410954276008 1.11699928423 -11.9029227685 0.98021652443 18.4539602441 0.00753464155925 0.01121
pedestrian -1 -1 -10 96.807 159.87 132.184 250.801 1.712811962 0.574936822073 0.862999651902 -9.4748754782 1.49003945775 13.7434944848 0.00753464155925 0.0071953
pedestrian -1 -1 -10 117.19 132.75 144.676 208.653 1.5798265481 0.408955593606 1.00599925718 -12.0583434567 0.713669885921 18.4781188245 0.00753464155925 0.00627
pedestrian -1 -1 -10 982.22 225.39 1002.49 279.319 0.982892031317 1.16887161623 0.773999930916 6.21971728776 1.83614452974 12.03249406 0.00753464155925 0.0057842
pedestrian -1 -1 -10 140.0 132.83 157.14 188.293 1.56982759595 0.318965299903 0.843999604312 -11.7668531908 0.712465529807 18.4088576429 0.00753464155925 0.0055571
pedestrian -1 -1 -10 989.28 220.95 1014.3 286.952 0.932897508985 0.933897702114 0.31400003358 6.35932875714 1.80532869438 11.8480031259 0.00753464155925 0.0019967
pedestrian -1 -1 -10 53.231 161.0 92.181 255.391 1.48083738077 0.907899573776 0.503000105425 -19.4006970403 1.00347522248 26.7330504446 0.00753464155925 0.0019262
pedestrian -1 -1 -10 135.06 126.47 163.727 198.749 1.56982759595 0.318965299903 0.843999604312 -11.7668531908 0.712465529807 18.4088576429 0.00753464155925 0.0018808
pedestrian -1 -1 -10 76.77 167.92 99.619 236.442 1.712811962 0.574936822073 0.740999948647 -9.53587360328 1.49008387012 13.743953435 0.00753464155925 0.0016356
pedestrian -1 -1 -10 664.94 188.52 676.215 223.278 0.316965203642 0.166981523237 0.105999914146 2.94141329631 1.51763311711 33.4019277094 0.00753464155925 0.0014461
pedestrian -1 -1 -10 970.26 207.28 993.083 263.996 2.52572260547 1.04088633193 0.690999773218 6.26421353968 1.84293826218 12.5045422291 0.00753464155925 0.00067037
pedestrian -1 -1 -10 959.97 209.82 1009.73 277.783 2.52572260547 1.09987988415 0.690999773218 6.26344133111 1.84142100749 12.4020564046 0.00753464155925 0.00052047
pedestrian -1 -1 -10 34.372 143.47 80.01 250.39 1.71981116295 1.13187596683 0.630000875264 -19.6741269484 0.987123910516 26.092033197 0.00753464155924 0.00036795
pedestrian -1 -1 -10 107.61 154.44 148.393 226.453 1.712811962 0.574936822073 0.716999788147 -9.40187761253 1.48998630843 13.7429452485 0.00753464155925 0.00025358
pedestrian -1 -1 -10 417.25 160.95 434.486 202.052 0.307966173531 0.29996637425 0.609999469949 -10.3544062809 0.423269789288 42.3539602341 0.00753464155925 0.00011394
pedestrian -1 -1 -10 669.09 185.9 680.758 225.659 0.42195366478 0.182980518148 0.160000036853 3.09051758627 1.09341570527 29.0752622998 0.00753464155925 5.608e-05
pedestrian -1 -1 -10 103.23 156.66 118.316 204.193 1.6838151021 0.574936822073 0.862999651902 -9.47488441895 1.46104259784 13.7437091946 0.00753464155925 5.0097e-05
pedestrian -1 -1 -10 407.34 149.88 423.398 208.131 0.325964218854 0.170982702319 0.907999714421 -12.1602807819 0.485765915969 46.0937907717 0.00753464155925 4.2448e-05
pedestrian -1 -1 -10 139.54 161.1 159.34 226.076 2.21675651587 0.74291864008 0.789000269647 -11.7409855313 1.35577742233 18.1608939843 0.00753464155925 3.8981e-05
pedestrian -1 -1 -10 796.77 179.67 812.042 230.393 1.17687085663 0.646932299172 0.0809993495947 9.6531611617 2.07900160205 34.9916354499 0.00753464155925 2.6673e-05
pedestrian -1 -1 -10 87.731 162.5 109.312 214.044 1.712811962 0.574936822073 0.853999830133 -9.47937526172 1.49004273401 13.7435283412 0.00753464155925 2.353e-05
pedestrian -1 -1 -10 396.72 135.28 427.297 207.863 0.326964096189 0.195977675177 1.04800001489 -12.4151048692 0.486284645805 46.1182146346 0.00753464155925 2.1012e-05
pedestrian -1 -1 -10 970.3 217.59 1027.96 288.077 0.932897508985 1.01788813433 0.656999863734 6.18815011213 1.80607526081 11.8912874797 0.00753464155925 1.2643e-05
pedestrian -1 -1 -10 121.19 177.81 137.556 230.936 1.712811962 0.574936822073 0.623999404628 -9.35537873691 1.48995245287 13.7425953907 0.00753464155925 1.0578e-05
pedestrian -1 -1 -10 967.21 199.38 1005.71 244.251 2.04577531624 1.17987104443 0.255000036382 9.25236298613 1.85473546252 17.406480459 0.00753464155925 1.0277e-05
pedestrian -1 -1 -10 95.482 197.32 112.607 260.374 1.712811962 0.574936822073 0.862999651902 -9.4748754782 1.49003945775 13.7434944848 0.00753464155925 9.4752e-06
pedestrian -1 -1 -10 111.03 173.26 132.445 234.026 1.712811962 0.574936822073 0.716999788147 -9.40187761253 1.48998630843 13.7429452485 0.00753464155925 4.6649e-06
pedestrian -1 -1 -10 172.77 176.27 224.909 242.167 0.341962435009 0.15698334338 0.990999872119 -8.99887579272 1.01303866373 15.7150958841 0.00753464155924 3.9605e-10
pedestrian -1 -1 -10 158.26 161.58 215.015 236.676 1.49883541119 0.345962769442 1.18399965282 -14.7125630416 1.0499012479 25.2009665165 0.00753464155925 1.0771e-10
