pedestrian -1 -1 -10 468.54 175.29 479.523 203.237 0.597934370276 0.200978195461 0.393998979123 -7.98859916618 1.80729241855 43.6614784313 0.00753464155925 0.035882
pedestrian -1 -1 -10 424.18 159.43 448.989 208.245 0.312965634704 0.0359953546253 0.0430002080895 -9.36236774026 1.40291134485 40.067706978 0.00753464155925 0.005884
pedestrian -1 -1 -10 434.04 158.95 453.455 205.987 0.859905569554 0.372956424702 0.183999958934 -9.43524452551 0.981470563497 42.7434127641 0.00753464155925 0.0051777
pedestrian -1 -1 -10 1218.1 194.59 1241.23 246.205 1.97778285289 1.18386983958 0.708999893593 6.08982278071 1.36386423339 7.15665400273 0.00753464155925 0.0040689
pedestrian -1 -1 -10 1229.8 162.73 1241.99 217.92 1.97778285289 1.19186981382 0.702999853468 6.0870036585 1.36422168341 7.18067367027 0.00753464155925 0.0023699
pedestrian -1 -1 -10 1207.7 214.43 1226.33 263.979 1.97778285289 1.17587177248 0.702999853468 6.08706392768 1.36434010181 7.18867246388 0.00753464155925 0.0021936
pedestrian -1 -1 -10 1211.7 203.85 1235.28 251.84 1.97778285289 1.16687245704 0.702999853468 6.08709783067 1.36440671524 7.19317199388 0.00753464155925 0.0021108
pedestrian -1 -1 -10 121.83 241.34 142.815 295.444 2.38373823595 1.19386849623 0.438999995316 -6.73432855551 1.72129724055 9.96136879228 0.00753464155925 0.0017467
pedestrian -1 -1 -10 1191.1 199.87 1234.37 288.184 1.97778285289 1.17187107019 0.702999853468 6.08686804834 1.36395523319 7.16267578866 0.00753464155925 0.0016744
pedestrian -1 -1 -10 1216.9 201.4 1242.01 279.339 1.97778285289 1.18387079315 0.702999853468 6.08703379309 1.36428089261 7.18467306707 0.00753464155925 0.0016025
pedestrian -1 -1 -10 1230.2 206.37 1241.96 260.988 1.97778285289 1.17687159047 0.702999853468 6.08706016108 1.3643327011 7.18817256908 0.00753464155925 0.0014557
pedestrian -1 -1 -10 1200.8 211.97 1222.05 270.953 1.97778285289 1.17487100093 0.708999893593 6.0898566819 1.3639308433 7.16115329434 0.00753464155925 0.00094045
pedestrian -1 -1 -10 1213.4 183.6 1235.76 237.522 1.97778285289 1.18387079315 0.702999853468 6.08703379309 1.36428089261 7.18467306707 0.00753464155925 0.00088696
pedestrian -1 -1 -10 1203.7 179.04 1239.49 248.664 1.97778285289 1.18587042913 0.702999853468 6.08702625989 1.36426609119 7.18367327747 0.00753464155925 0.00073946
pedestrian -1 -1 -10 417.83 152.82 437.563 207.512 0.301966864822 0.0449932397118 0.0410003536602 -9.20483498209 1.31946835976 38.0188931075 0.00753464155925 0.00070654
pedestrian -1 -1 -10 1227.6 141.36 1241.95 199.285 1.95378543926 1.1818706804 0.712999602451 6.09151383158 1.3392732682 7.11682244074 0.00753464155925 0.00064739
pedestrian -1 -1 -10 949.09 207.98 967.412 251.279 2.05877393019 1.1938694498 1.04899946527 5.55479835672 1.41017543078 11.2751669461 0.00753464155925 0.00057904
pedestrian -1 -1 -10 1215.5 224.25 1233.73 280.803 1.97778285289 1.1768706369 0.708999893593 6.0898491487 1.36391604188 7.16015350474 0.00753464155925 0.00047418
pedestrian -1 -1 -10 1221.0 230.68 1239.33 287.625 1.97778285289 1.18587042913 0.702999853468 6.08702625989 1.36426609119 7.18367327747 0.00753464155925 0.00043914
pedestrian -1 -1 -10 1159.5 106.46 1195.95 183.834 1.73680937563 1.16687245704 0.691999700432 6.08296255446 1.12626451788 7.38597132569 0.00753464155925 0.00040708
pedestrian -1 -1 -10 457.75 119.67 491.32 205.887 0.372959049582 0.0779905707347 0.513999781623 -10.2704816692 -0.758872836466 57.2143574627 0.00753464155925 0.00022681
pedestrian -1 -1 -10 111.55 218.98 144.874 297.911 2.38073854435 1.19686842697 0.438999995316 -6.73478342326 1.72040168774 9.90085478033 0.00753464155925 0.0002172
pedestrian -1 -1 -10 958.7 203.87 978.847 248.291 2.05877393019 1.18987017785 1.09799971348 5.57761022869 1.40684183538 11.0510135304 0.00753464155925 0.00018794
pedestrian -1 -1 -10 1178.4 173.12 1225.58 293.65 1.97778285289 1.16687245704 0.702999853468 6.08709783067 1.36440671524 7.19317199388 0.00753464155925 0.00012597
pedestrian -1 -1 -10 107.33 245.78 128.268 300.294 2.37573921727 1.1938694498 0.438999995316 -6.73527719019 1.71643255543 9.83537143508 0.00753464155925 9.0503e-05
pedestrian -1 -1 -10 434.61 147.37 465.594 204.297 0.859905569554 0.372956424702 0.183999958934 -9.43524452551 0.981470563497 42.7434127641 0.00753464155925 8.6289e-05
pedestrian -1 -1 -10 1189.9 94.837 1242.04 298.937 1.97778285289 1.18587042913 0.702999853468 6.08702625989 1.36426609119 7.18367327747 0.00753464155925 7.1469e-05
pedestrian -1 -1 -10 1219.1 130.59 1242.02 210.278 1.97778285289 1.19586860898 0.708999893593 6.08977757792 1.36377541783 7.15065478833 0.00753464155925 6.6608e-05
pedestrian -1 -1 -10 938.99 208.61 958.734 251.432 2.04277565444 1.1958681322 0.791999574454 5.66221173258 1.39787497987 11.5294565887 0.00753464155925 6.5928e-05
pedestrian -1 -1 -10 985.6 163.27 1013.22 271.4 2.05077485191 1.19886901651 1.13299955018 5.58967837158 1.39914879015 10.3293778049 0.00753464155925 5.0304e-05
pedestrian -1 -1 -10 125.37 255.13 157.404 305.988 2.39273731076 1.16087211877 0.438999995316 -6.73287108384 1.7281611516 10.154849549 0.00753464155925 4.6575e-05
pedestrian -1 -1 -10 873.9 192.09 888.565 231.581 2.00278002465 1.19586908577 0.766999963576 5.47313054068 1.41623561165 13.841632624 0.00753464155925 3.5242e-05
pedestrian -1 -1 -10 447.92 161.61 466.036 203.261 0.32296454215 0.205974901465 0.265999712581 -9.43699341945 0.483501402144 46.1217894626 0.00753464155925 2.5079e-05
pedestrian -1 -1 -10 1174.7 115.58 1199.41 183.09 1.80180217719 1.19386897301 0.700999522201 6.08646155184 1.18924829935 7.24997448223 0.00753464155925 1.5744e-05
pedestrian -1 -1 -10 442.47 139.01 477.792 204.178 0.32296454215 0.205974901465 0.265999712581 -9.43699341945 0.483501402144 46.1217894626 0.00753464155925 1.2558e-05
pedestrian -1 -1 -10 458.07 159.96 475.206 203.841 0.0999890208244 0.0 0.0 -9.66331493175 1.56433931913 50.6164654618 0.0 1.1561e-05
pedestrian -1 -1 -10 957.58 192.51 991.517 255.925 2.05877393019 1.19886806294 1.09799971348 5.57699622808 1.40563543163 10.9695247179 0.00753464155925 1.1418e-05
pedestrian -1 -1 -10 119.46 232.07 158.531 296.868 2.39273731076 1.19786872174 0.438999995316 -6.73301046059 1.72788730067 10.1363517726 0.00753464155925 7.6112e-06
pedestrian -1 -1 -10 1170.3 204.2 1199.47 290.367 1.97778285289 1.13587571556 0.693999554862 6.08351315886 1.36620849449 7.31468910942 0.00753464155925 1.0586e-06
pedestrian -1 -1 -10 1015.0 77.21 1205.71 331.13 2.03077700722 1.19886806294 0.224999835757 6.18265288034 1.38905164028 8.8617096329 0.00753464155925 4.9392e-07
pedestrian -1 -1 -10 1004.7 121.41 1095.62 278.25 2.03377663923 1.19686842697 0.679999620182 5.86597885111 1.38866941237 9.90326696581 0.00753464155925 1.9438e-07
pedestrian -1 -1 -10 1127.5 89.345 1210.01 314.975 1.97778285289 1.19886853972 0.674999507272 6.07561432187 1.36936093476 7.52723089511 0.00753464155925 6.2573e-08
pedestrian -1 -1 -10 1081.3 91.943 1185.9 306.643 2.02077811468 1.134874944 0.208000119434 6.18869204528 1.38420503533 8.53461660445 0.00753464155925 8.7056e-09
pedestrian -1 -1 -10 1026.4 114.29 1141.05 290.53 2.03577651309 1.18986922428 0.635999961715 5.93248796996 1.38878710253 9.30619619101 0.00753464155925 1.7681e-11
pedestrian -1 -1 -10 1043.4 137.16 1103.4 273.5 2.02777731562 1.194868791 0.678999692968 5.89633812476 1.38247237912 9.48602771775 0.00753464155925 1.2774e-14
