pedestrian -1 -1 -10 370.27 161.48 389.488 210.925 0.863905142218 0.825909731098 0.808999767614 -9.30692699451 1.18878353076 30.072158078 0.00753464155925 0.00094937
pedestrian -1 -1 -10 938.72 268.68 969.527 364.848 0.235974007139 1.01388886239 0.720999497006 4.645365183 1.81074553634 9.23331597748 0.00753464155925 0.00084981
pedestrian -1 -1 -10 360.15 162.15 377.035 208.838 0.304966519176 0.558938780731 0.66100004943 -10.0913623521 0.429089216517 30.1966942599 0.00753464155925 0.00079697
pedestrian -1 -1 -10 101.96 159.06 120.004 203.123 0.0999890208244 0.206978056945 0.402999754566 -40.0093234775 0.392359814458 58.8850731692 0.00753464155925 0.00062597
pedestrian -1 -1 -10 937.6 253.33 980.522 335.452 0.199977946292 0.806911759015 0.353999983189 6.04493237404 1.85028733311 11.6237502839 0.00753464155925 0.00042011
pedestrian -1 -1 -10 357.78 153.8 373.149 196.39 1.16587202715 0.669928589629 0.727000013968 -11.1001309151 0.0996702492145 32.4313492844 0.00753464155925 0.00030244
pedestrian -1 -1 -10 351.83 148.51 369.106 192.655 1.16587202715 0.751916525167 0.818999993435 -11.1464384748 0.0990968612968 32.3907025747 0.00753464155925 0.00014633
pedestrian -1 -1 -10 370.89 151.16 399.558 217.539 0.863905142218 0.812910666929 0.858999943043 -9.16465970695 1.19314455618 30.3725634844 0.00753464155925 8.5488e-05
pedestrian -1 -1 -10 375.6 177.04 396.245 219.066 0.671926216841 1.02188740628 0.780999898255 -9.16199123859 1.18254755163 29.6556805775 0.00753464155925 7.0589e-05
pedestrian -1 -1 -10 114.17 159.27 146.001 220.689 0.943896368264 0.831907685443 0.763999705095 -15.4114967863 0.83676647616 23.8770970746 0.00753464155925 4.8797e-05
