pedestrian -1 -1 -10 298.31 189.67 349.452 257.435 1.38984741091 0.790913717674 1.05799976387 -5.25273902486 1.67810175615 13.3794614922 0.00753464155925 0.0032843
pedestrian -1 -1 -10 503.99 187.06 514.221 214.877 0.572937079312 0.541940444619 0.384000183814 -5.02793332637 1.91723688945 36.28384039 0.00753464155925 0.0019012
pedestrian -1 -1 -10 284.98 193.19 321.265 262.717 1.12587633777 0.87090487795 0.598999793751 -5.98536402922 1.66801010075 14.1512836564 0.00753464155925 0.0010782
pedestrian -1 -1 -10 319.76 191.03 354.774 264.796 1.46083959568 0.790913717674 0.80099987306 -5.12422082716 1.7490003835 13.3779690174 0.00753464155925 0.00056259
pedestrian -1 -1 -10 303.23 189.19 327.854 235.704 1.1208768915 0.630931397122 0.526999789088 -6.02046050558 1.66481316228 14.2715748664 0.00753464155925 0.0005087
pedestrian -1 -1 -10 102.34 249.0 122.152 306.052 1.41484461248 0.625931353623 0.475999686444 -4.82591108763 1.71107463788 6.57450428644 0.00753464155925 9.1777e-05
pedestrian -1 -1 -10 815.31 207.93 833.96 267.803 1.17387113523 0.709922262627 0.917999701823 3.20741150396 1.466557214 10.453353951 0.00753464155925 4.2927e-05
pedestrian -1 -1 -10 263.22 190.79 333.161 271.936 1.12587633777 1.08688177355 0.818999516598 -5.87618092779 1.66633133969 14.0424706578 0.00753464155925 4.9877e-06
pedestrian -1 -1 -10 1119.2 232.14 1191.34 358.9 1.43084288824 0.687924359802 1.18899976573 3.85754679271 1.619567676 5.34938923219 0.00753464155925 1.8927e-06
pedestrian -1 -1 -10 512.1 186.38 523.087 215.019 0.388957325336 0.500944569711 0.484999508213 -4.97781908608 1.95310453721 41.137742983 0.00753464155925 1.7141e-06
pedestrian -1 -1 -10 25.248 181.51 74.424 265.691 1.61482267201 0.826910025869 0.753999479274 -10.6773383516 1.04345256114 13.7914454954 0.00753464155925 8.4984e-07
pedestrian -1 -1 -10 867.43 162.44 920.402 224.174 0.621931709409 0.988891028822 1.15899956511 4.16579958197 0.777237699034 10.6077740214 0.00753464155925 3.2116e-07
pedestrian -1 -1 -10 1158.2 179.78 1222.89 262.68 1.47483810186 0.870904401165 1.19899975313 4.29946989864 1.62710369081 5.47179081469 0.00753464155925 1.2646e-07
pedestrian -1 -1 -10 885.98 160.08 939.982 223.366 0.558938662525 0.764915589336 1.17399966542 4.46488203132 0.715226321657 10.6869832856 0.00753464155925 3.0362e-08
pedestrian -1 -1 -10 1153.9 236.63 1212.64 352.45 1.45983964384 0.711921898598 1.19899951472 4.0796162403 1.61058460013 5.36006535841 0.00753464155925 2.0881e-08
pedestrian -1 -1 -10 304.26 163.38 368.963 275.47 1.46083959568 0.790913717674 0.80099987306 -5.12422082716 1.7490003835 13.3779690174 0.00753464155925 6.0123e-14
