pedestrian -1 -1 -10 620.15 165.78 635.263 207.862 1.58082637328 0.482948799538 0.656999804129 1.4376928758 2.11952230662 40.2926500723 0.00753464155925 0.0090391
pedestrian -1 -1 -10 627.53 172.58 639.406 209.754 1.58382606489 0.491946684624 1.04099974952 1.62972223661 2.12244881098 40.2956821078 0.00753464155925 0.0044912
pedestrian -1 -1 -10 396.35 175.35 424.187 228.843 0.828909014579 0.943896835541 0.741999399024 -4.62238425216 1.05319253492 16.2487067401 0.00753464155925 0.00054543
pedestrian -1 -1 -10 611.49 165.82 631.8 209.85 0.100988927959 0.261964708664 1.01299970135 1.560621605 0.548111128741 71.0657774203 0.00753464155925 0.0003604
pedestrian -1 -1 -10 1044.7 172.8 1062.3 218.066 2.30974635959 1.19586908577 0.792999978505 5.88502587017 1.67171729427 9.16437444933 0.00753464155925 0.00014182
pedestrian -1 -1 -10 642.76 176.15 656.215 218.181 1.05788378502 0.439950427948 0.964999618771 2.33133446985 2.12785563638 40.348431231 0.00753464155925 0.00013438
pedestrian -1 -1 -10 1099.1 130.46 1119.53 177.281 1.8827932545 1.19786872174 0.906999787206 5.95769796068 1.25244655284 8.60879648421 0.00753464155925 0.00010996
pedestrian -1 -1 -10 674.46 178.64 685.452 214.557 2.71870149386 0.630931397122 0.68899968037 4.3393032556 2.3094977691 39.2032494085 0.00753464155925 0.00010589
pedestrian -1 -1 -10 249.04 131.31 267.955 182.347 0.102988712428 0.180979928607 0.151000930339 -29.1974952213 -0.906140440753 61.4722180445 0.00753464155925 7.9226e-05
pedestrian -1 -1 -10 403.84 167.34 433.63 236.178 1.400846151 0.806910805445 0.697999740557 -4.7996804991 1.72155337601 18.8312385545 0.00753464155925 6.7882e-06
pedestrian -1 -1 -10 826.62 161.32 901.524 261.086 1.58482599437 1.18186972683 0.212999755507 5.3996495202 0.874482512734 15.1392904962 0.00753464155925 2.3828e-06
pedestrian -1 -1 -10 864.1 157.93 933.867 268.46 1.82379977655 1.18087038563 0.646999637913 5.71925480135 1.12269049807 13.4782482511 0.00753464155925 1.5329e-06
pedestrian -1 -1 -10 749.61 185.74 808.101 278.153 1.26986052156 1.19686842697 0.694999958913 2.71338388634 1.74637955102 11.0272240104 0.00753464155925 1.0986e-06
pedestrian -1 -1 -10 773.63 225.8 812.631 311.384 1.52283282482 1.18687024711 1.15799963789 2.54359591872 1.98202398602 9.91573345102 0.00753464155925 1.2786e-07
pedestrian -1 -1 -10 742.59 200.75 779.903 285.924 1.36684987462 1.13887516952 0.34000004851 2.53894436624 1.95430400861 11.4192324452 0.00753464155925 1.147e-07
pedestrian -1 -1 -10 264.29 211.3 317.893 283.775 1.33685322678 0.698922834429 1.09299936215 -4.32412875331 1.55265719579 9.94445643713 0.00753464155925 8.3059e-08
pedestrian -1 -1 -10 841.23 198.61 911.391 276.194 1.5538293798 1.08688081998 1.19199954738 3.48887181809 2.04199830667 9.41288436648 0.00753464155925 2.6218e-09
pedestrian -1 -1 -10 836.73 209.85 884.822 283.997 1.5538293798 1.14887430294 1.19499956744 3.28261133903 2.04260753299 9.44543389025 0.00753464155925 1.4613e-09
