pedestrian -1 -1 -10 558.31 153.36 630.549 345.14 1.75399215817 0.526999593273 0.617997695009 -0.145062249173 1.48152855356 7.12519002487 0.00692802392802 0.99992
pedestrian -1 -1 -10 601.63 159.9 639.35 246.156 1.98799106479 0.724000440147 1.13499577321 0.466554491973 0.974656199263 17.7749897511 0.00692802392802 0.00064594
pedestrian -1 -1 -10 595.78 152.86 617.98 209.224 1.73999220729 0.644000570655 1.19199549587 0.157446730219 0.72855216808 17.7369883337 0.00692802392802 0.00025865
pedestrian -1 -1 -10 552.14 174.27 595.577 320.64 1.75199219286 0.526999593273 0.617997695009 -0.145065006966 1.47952858825 7.12518888099 0.00692802392802 0.000201
pedestrian -1 -1 -10 584.38 157.82 634.12 296.55 1.75399215817 0.526999593273 0.617997695009 -0.145062249173 1.48152855356 7.12519002487 0.00692802392802 0.00014111
pedestrian -1 -1 -10 690.85 195.74 718.464 259.924 2.05999082923 0.624000126445 1.17599546392 2.08344666116 1.16400582489 14.4458843422 0.00692802392802 8.9755e-05
pedestrian -1 -1 -10 590.12 262.58 621.707 326.56 1.75399215817 0.526999593273 0.617997695009 -0.145062249173 1.48152855356 7.12519002487 0.00692802392802 6.507e-05
pedestrian -1 -1 -10 574.37 208.82 620.991 333.37 1.75399215817 0.526999593273 0.617997695009 -0.145062249173 1.48152855356 7.12519002487 0.00692802392802 5.5612e-05
pedestrian -1 -1 -10 573.9 250.08 601.694 330.344 1.75399215817 0.526999593273 0.617997695009 -0.145062249173 1.48152855356 7.12519002487 0.00692802392802 5.3108e-05
pedestrian -1 -1 -10 546.96 154.49 611.782 260.74 1.75399215817 0.526999593273 0.617997695009 -0.145062249173 1.48152855356 7.12519002487 0.00692802392802 3.0075e-05
pedestrian -1 -1 -10 1051.5 275.86 1073.37 331.839 0.915995949507 0.326999919543 0.398998431172 3.25232064679 1.4772014298 5.34309153686 0.00692802392802 1.1577e-05
pedestrian -1 -1 -10 553.58 179.91 578.593 249.544 1.74799214304 0.526999593273 0.617997695009 -0.145070522717 1.47552853842 7.12518659315 0.00692802392802 4.7904e-06
pedestrian -1 -1 -10 558.77 171.14 576.865 225.709 1.62699273676 0.534999484855 1.16899555053 -0.790943718662 0.618120794023 17.7779971614 0.00692802392802 3.5936e-07
