pedestrian -1 -1 -10 807.94 185.28 831.235 252.62 2.20675774252 0.82890966184 0.341999902939 3.32542590342 1.56671294575 11.691298298 0.00753464155925 0.03012
pedestrian -1 -1 -10 590.29 141.55 612.488 205.299 0.107988158701 0.244972093972 0.473999832015 -0.0420005288553 -1.24063948653 50.2290067193 0.00753464155925 0.010628
pedestrian -1 -1 -10 597.44 156.75 614.409 202.647 0.114987478841 0.445950289432 0.791999738366 0.117749908 -1.23926759832 50.3283485091 0.00753464155925 0.0077263
pedestrian -1 -1 -10 802.6 181.04 822.361 237.39 2.23675442016 1.06588321193 0.446999889871 3.27204389801 1.59499375575 11.5729877723 0.00753464155925 0.0056013
pedestrian -1 -1 -10 812.09 178.03 827.886 226.682 2.20675774252 0.844907703181 0.341999902939 3.3254861726 1.56683136415 11.6992970916 0.00753464155925 0.0031102
pedestrian -1 -1 -10 585.07 154.06 603.413 204.279 0.326964096189 0.337960411277 0.524999875054 -0.544053704643 0.502977827782 47.7397563147 0.00753464155925 0.0015946
pedestrian -1 -1 -10 797.09 186.18 816.31 239.416 2.26375146579 1.16387204951 0.571999851607 3.2101165733 1.61914692098 11.6483068024 0.00753464155925 0.00095878
pedestrian -1 -1 -10 583.85 125.8 620.437 206.038 0.107988158701 0.244972093972 0.473999832015 -0.0420005288553 -1.24063948653 50.2290067193 0.00753464155925 0.00094236
pedestrian -1 -1 -10 800.94 161.89 830.854 233.028 2.20675774252 0.859905449752 0.360999950529 3.31604291849 1.56694929502 11.7068672283 0.00753464155925 0.00066813
pedestrian -1 -1 -10 802.38 130.65 828.024 199.838 1.93678734577 0.78491385619 0.341999902939 3.32627437704 1.29457848288 11.8173390409 0.00753464155925 0.00054889
pedestrian -1 -1 -10 757.8 229.85 776.791 272.894 2.10776851559 1.18687024711 0.753999717693 3.27906894155 1.70213239495 14.4172861292 0.00753464155925 0.00021345
pedestrian -1 -1 -10 132.67 205.22 154.67 266.668 2.35174174404 1.19286915503 0.793999428883 -7.24717340524 1.66776011404 10.9844295778 0.00753464155925 0.00020276
pedestrian -1 -1 -10 791.53 167.7 821.725 239.477 2.25975183726 1.19686938054 0.571999851607 3.21074440708 1.61638329904 11.7318248097 0.00753464155925 0.00017798
pedestrian -1 -1 -10 789.1 164.45 810.611 215.617 2.05877393019 1.1708712522 0.390999674317 3.41176403129 1.54685813039 13.3920807975 0.00753464155925 0.00015936
pedestrian -1 -1 -10 139.69 200.87 165.467 256.659 2.37673903501 1.19486974457 0.421999802156 -7.29269818633 1.68452773905 11.8448277198 0.00753464155925 0.00014351
pedestrian -1 -1 -10 790.02 126.27 823.714 217.772 1.86979472994 0.694923562487 0.331999915537 3.32091731602 1.23092296316 11.7728196126 0.00753464155925 0.0001313
pedestrian -1 -1 -10 795.99 161.43 815.708 219.475 2.25975183726 1.16187336711 0.571999851607 3.21146387966 1.61779693675 11.8273116302 0.00753464155925 0.00013122
pedestrian -1 -1 -10 343.68 143.55 366.52 196.5 1.82479959429 0.691924585314 0.661999976644 -3.65032116153 1.22869370048 9.37320859887 0.00753464155925 0.0001265
pedestrian -1 -1 -10 801.9 92.317 840.317 187.031 1.4758379345 0.594934135357 0.565999811482 3.33275859119 0.867259496144 10.0399590265 0.00753464155925 9.4807e-05
pedestrian -1 -1 -10 774.6 171.41 795.166 215.45 2.12676648295 1.16087307234 0.476999852077 3.43235499094 1.5507242723 14.8025665932 0.00753464155925 9.0068e-05
pedestrian -1 -1 -10 782.82 163.62 803.574 208.282 2.25975189686 1.18387031637 0.515999636052 3.35251651261 1.58037682974 13.8310790463 0.00753464155925 7.0389e-05
pedestrian -1 -1 -10 809.69 153.13 843.596 249.704 2.21275700653 1.09088104549 0.699999833405 3.26717049288 1.60655134106 10.191984949 0.00753464155925 6.1969e-05
pedestrian -1 -1 -10 790.81 187.19 808.472 237.495 2.25775208259 1.18986922428 0.419000020512 3.19014516064 1.6240311276 12.3824415745 0.00753464155925 5.4597e-05
pedestrian -1 -1 -10 1041.0 104.47 1064.23 164.547 1.67481608689 1.19186933704 0.76999974522 3.18072613599 1.14729260855 4.83521372251 0.00753464155925 5.2116e-05
pedestrian -1 -1 -10 778.16 156.68 814.818 218.378 2.25275257672 1.18486965757 0.515999636052 3.35087576697 1.5701579719 13.6136611391 0.00753464155925 2.1923e-05
pedestrian -1 -1 -10 770.37 147.03 805.796 211.396 2.16476229847 1.17387118294 0.357000003251 3.455826649 1.49286406148 14.3409636746 0.00753464155925 1.872e-05
pedestrian -1 -1 -10 344.78 122.2 365.991 176.43 1.53483147204 0.650928710406 0.639999670574 -3.65825579379 0.939034856508 9.39591323853 0.00753464155925 1.5974e-05
