pedestrian -1 -1 -10 573.14 157.91 618.82 293.52 1.80699187964 1.05299878287 0.75699717908 -0.289423256504 1.4447381969 9.91218532568 0.00692802392802 0.99952
pedestrian -1 -1 -10 621.23 154.01 686.861 314.06 1.79799200594 1.0269987776 0.900996639608 0.712916911875 1.48408806537 8.06424646997 0.00692802392802 0.99635
pedestrian -1 -1 -10 534.26 163.69 584.715 300.05 1.67999243587 0.859999073875 0.659997518105 -0.668400385907 1.43838192664 9.38936460204 0.00692802392802 0.99187
pedestrian -1 -1 -10 751.4 162.25 809.117 297.16 1.58599289376 0.473999655893 0.531998067175 2.3108490305 1.41314841334 9.40475041324 0.00692802392802 0.99093
pedestrian -1 -1 -10 339.16 159.15 363.022 202.397 1.30099418908 0.442998585898 0.668998113494 -11.1409217606 0.820772743655 31.672469062 0.00692802392802 0.97811
pedestrian -1 -1 -10 683.3 157.6 731.899 296.73 1.71499237269 0.536999338541 0.451998324662 1.50135569889 1.41109773988 9.65178715338 0.00692802392802 0.97405
pedestrian -1 -1 -10 199.6 153.99 217.561 198.196 1.66799256206 0.418000891657 0.417997697979 -17.0551047648 0.496925448212 30.9333349856 0.00692802392802 0.93402
pedestrian -1 -1 -10 182.87 155.41 193.863 196.315 1.63699262291 0.800998144925 0.68399744682 -17.360452248 0.482144181241 29.7299209627 0.00692802392802 0.79546
pedestrian -1 -1 -10 627.54 158.19 728.97 338.59 1.8009918943 0.929999674936 1.11699581922 0.848424148551 1.48646652691 8.28081425565 0.00692802392802 0.79073
pedestrian -1 -1 -10 936.31 169.82 953.794 212.527 1.84699178189 0.613002361681 1.14699505212 17.4402091292 1.4521074241 35.9069813827 0.00692802392802 0.6005
pedestrian -1 -1 -10 372.57 159.23 387.232 204.249 0.723996776342 0.228999936365 0.240999270514 -10.7612795625 0.231679398387 34.3355563557 0.00692802392802 0.55371
pedestrian -1 -1 -10 329.27 160.42 341.3 198.959 0.938995796442 0.298000133745 0.418999052251 -12.2813603207 0.0125529154142 33.7381908382 0.00692802392802 0.46752
pedestrian -1 -1 -10 175.17 155.62 188.576 196.422 1.59199287444 1.03599859602 0.193000068734 -18.0728802765 0.0322378541395 30.489879117 0.00692802392802 0.36891
pedestrian -1 -1 -10 545.47 165.11 606.989 286.66 1.80699187964 1.07599853077 1.03499613232 -0.428499065007 1.44513379827 9.9016491563 0.00692802392802 0.29537
pedestrian -1 -1 -10 206.38 159.75 223.787 198.684 0.826996316016 0.854998962822 0.32299874135 -17.428812132 0.527381793659 32.3129826393 0.00692802392802 0.2389
pedestrian -1 -1 -10 653.59 166.9 713.03 310.52 1.8009918943 0.972999867048 1.06599601168 0.873774487803 1.48642141033 8.25913793147 0.00692802392802 0.22401
pedestrian -1 -1 -10 162.88 154.1 191.595 197.866 1.7989919588 1.19799914237 0.149999055278 -18.052182545 0.2393604042 30.3328518194 0.00692802392802 0.21385
pedestrian -1 -1 -10 348.41 161.32 374.943 203.607 1.4189936623 0.514999040645 0.28499877723 -11.5414820689 0.677234289913 33.9820676347 0.00692802392802 0.18247
pedestrian -1 -1 -10 536.11 165.17 574.842 241.209 1.67999243587 0.83199921492 0.659997518105 -0.668497376977 1.43839820832 9.37536500854 0.00692802392802 0.12434
pedestrian -1 -1 -10 555.58 168.9 575.865 228.658 1.73399219215 1.03099943864 1.03999607758 -0.477887788917 1.43776002257 9.47351493051 0.00692802392802 0.11573
pedestrian -1 -1 -10 376.47 156.69 392.726 218.675 2.37098942846 1.10699769342 0.968996224049 -7.0876774212 1.14588148956 23.5509443877 0.00692802392802 0.090322
pedestrian -1 -1 -10 666.94 152.93 686.437 222.353 1.79799200594 0.906999927033 1.11699581922 0.848499682707 1.48345326439 8.29231213782 0.00692802392802 0.048804
pedestrian -1 -1 -10 661.18 154.4 698.382 261.68 1.8009918943 0.987999246531 1.09799586697 0.857722986879 1.48647412969 8.25174931988 0.00692802392802 0.044312
pedestrian -1 -1 -10 549.27 202.35 578.142 292.412 1.67999243587 0.97499876706 1.03999607758 -0.478007312984 1.43779258648 9.44554615197 0.00692802392802 0.043385
pedestrian -1 -1 -10 574.77 164.55 593.58 243.67 1.80699187964 1.06199860129 0.934996483983 -0.37845194634 1.44498816559 9.90830239592 0.00692802392802 0.037943
pedestrian -1 -1 -10 695.96 160.13 725.989 255.033 1.71499237269 0.536999338541 0.451998324662 1.50135569889 1.41109773988 9.65178715338 0.00692802392802 0.037012
pedestrian -1 -1 -10 360.88 158.49 383.123 209.683 1.0889951244 0.264999210064 0.268999043303 -10.3150963484 0.606148451819 31.9756298932 0.00692802392802 0.035514
pedestrian -1 -1 -10 517.95 168.84 561.182 297.88 1.67999243587 0.690999516466 0.659997518105 -0.668985797713 1.43848019843 9.30486685122 0.00692802392802 0.034035
pedestrian -1 -1 -10 925.71 170.07 951.262 220.914 2.03699093014 0.654002700107 1.11899527933 17.3750904314 1.45226232357 35.9278229174 0.00692802392802 0.032389
pedestrian -1 -1 -10 568.76 163.19 597.64 268.72 1.80699187964 0.978999428106 0.75699717908 -0.289166923905 1.44469516692 9.94918411512 0.00692802392802 0.027595
pedestrian -1 -1 -10 687.82 156.96 714.565 262.11 1.71499237269 0.536999338541 0.451998324662 1.50135569889 1.41109773988 9.65178715338 0.00692802392802 0.022349
pedestrian -1 -1 -10 657.89 153.92 680.0 215.861 0.339998489618 0.235000451097 1.05299601925 4.88576857806 -0.259864164576 50.4132014065 0.00692802392802 0.016209
pedestrian -1 -1 -10 775.26 171.45 811.31 274.69 1.58599289376 0.473999655893 0.531998067175 2.3108490305 1.41314841334 9.40475041324 0.00692802392802 0.01579
pedestrian -1 -1 -10 586.63 159.27 622.243 259.92 1.78199201524 0.927998867576 0.56799787829 -0.19452735116 1.41940578661 9.97401449182 0.00692802392802 0.014072
pedestrian -1 -1 -10 562.58 217.06 589.709 284.246 1.80699187964 1.19699969236 1.03499613232 -0.430539349478 1.44547629631 9.60715654936 0.00692802392802 0.010888
pedestrian -1 -1 -10 155.89 150.01 180.353 198.399 2.03699081093 1.16399876868 0.730996247998 -17.7658493718 0.483316382788 29.6809977336 0.00692802392802 0.010522
pedestrian -1 -1 -10 788.77 185.3 813.083 242.765 1.6149927251 1.01999881286 0.729997039485 2.54214060158 1.37811060738 9.75409887378 0.00692802392802 0.010307
pedestrian -1 -1 -10 673.39 154.93 703.406 236.749 1.8009918943 0.919000002824 0.992996271973 0.910460535581 1.48628964084 8.28588422893 0.00692802392802 0.0090269
pedestrian -1 -1 -10 790.69 151.64 813.15 210.305 2.11599057317 0.799998694919 1.04199638099 8.16569067324 0.65580014918 28.8084782367 0.00692802392802 0.0070733
pedestrian -1 -1 -10 571.55 167.01 587.565 220.062 1.78199201524 0.837998775979 0.542997936403 -0.181715921576 1.41931907933 10.0189268183 0.00692802392802 0.00672
pedestrian -1 -1 -10 542.48 183.47 573.325 273.186 1.67999243587 0.83199921492 0.659997518105 -0.668497376977 1.43839820832 9.37536500854 0.00692802392802 0.0060369
pedestrian -1 -1 -10 928.93 167.47 959.996 240.077 2.04499079138 0.654002700107 1.15799469038 17.6775937852 1.4594303574 35.9257308178 0.00692802392802 0.005993
pedestrian -1 -1 -10 611.65 162.77 664.769 289.56 1.78999202549 1.00699928706 0.724997301447 0.624839047361 1.47634170003 8.05485232948 0.00692802392802 0.0054671
pedestrian -1 -1 -10 527.54 166.62 558.475 246.287 1.67999243587 0.690999516466 0.659997518105 -0.668985797713 1.43848019843 9.30486685122 0.00692802392802 0.0045465
pedestrian -1 -1 -10 780.61 179.01 802.716 260.28 1.58599289376 0.70599889595 0.85799681824 2.47464813237 1.41256528454 9.51961747353 0.00692802392802 0.0040497
pedestrian -1 -1 -10 911.26 174.31 940.769 220.975 1.8239918828 0.429998106427 0.285999177831 11.7888021995 1.4383683906 25.7003800814 0.00692802392802 0.0033686
pedestrian -1 -1 -10 651.36 152.56 685.505 290.94 1.74799220264 0.782999461749 1.12199576588 0.825363672801 1.43444597462 8.35444631084 0.00692802392802 0.0030987
pedestrian -1 -1 -10 540.27 165.92 559.727 218.783 1.67999243587 0.859999073875 0.659997518105 -0.668400385907 1.43838192664 9.38936460204 0.00692802392802 0.0029716
pedestrian -1 -1 -10 685.22 158.9 707.265 225.591 1.77199202478 0.758999310167 0.872996717808 0.970975880616 1.45803173968 8.36545134424 0.00692802392802 0.0029515
pedestrian -1 -1 -10 600.4 163.19 618.766 237.848 0.493997785449 0.31400277793 0.730997246372 0.735925348076 0.833669794579 35.4772651843 0.00692802392802 0.0026526
pedestrian -1 -1 -10 697.72 156.55 715.492 218.923 1.71499237269 0.536999338541 0.451998324662 1.50135569889 1.41109773988 9.65178715338 0.00692802392802 0.0022203
pedestrian -1 -1 -10 548.77 163.77 566.737 218.279 1.67999243587 0.859999073875 0.659997518105 -0.668400385907 1.43838192664 9.38936460204 0.00692802392802 0.0017594
pedestrian -1 -1 -10 532.05 167.83 554.619 217.401 1.67999243587 0.83199921492 0.659997518105 -0.668497376977 1.43839820832 9.37536500854 0.00692802392802 0.00168
pedestrian -1 -1 -10 791.76 166.39 824.096 233.747 1.6149927251 1.01199939811 0.633997443837 2.59016695625 1.37797396371 9.75776579055 0.00692802392802 0.0016219
pedestrian -1 -1 -10 781.17 157.88 801.987 207.2 1.58799289539 0.810999320704 0.656997359379 2.5793263052 1.35088887731 9.8583276829 0.00692802392802 0.0014214
pedestrian -1 -1 -10 555.16 228.97 570.744 295.646 1.67999243587 0.987999246531 1.03999607758 -0.477962279527 1.43778502681 9.4520462357 0.00692802392802 0.0013068
pedestrian -1 -1 -10 755.47 147.47 801.222 253.93 1.58599289376 0.723999486473 0.85799681824 2.47471048613 1.41255481735 9.5286175528 0.00692802392802 0.0011387
pedestrian -1 -1 -10 683.95 176.66 707.332 284.47 1.79499199837 0.877999664398 0.900996609806 0.956593012857 1.4801394111 8.306061642 0.00692802392802 0.0010489
pedestrian -1 -1 -10 762.96 168.29 794.969 282.49 1.58599289376 0.473999655893 0.531998067175 2.3108490305 1.41314841334 9.40475041324 0.00692802392802 0.0010079
pedestrian -1 -1 -10 603.31 163.76 626.455 255.047 0.10099953562 0.159000288978 0.107999574907 1.2424096658 -0.638014644334 32.2276919689 0.00692802392802 0.00096321
pedestrian -1 -1 -10 924.77 170.56 938.217 213.731 2.03399092257 0.593001917472 0.895996543943 17.2288020357 1.44962969454 35.9593362705 0.00692802392802 0.00083918
pedestrian -1 -1 -10 580.05 155.57 605.002 226.353 1.80699187964 1.01999881286 0.75699717908 -0.289308945128 1.4447190077 9.92868491471 0.00692802392802 0.00068858
pedestrian -1 -1 -10 704.99 156.72 725.848 216.704 1.71499237269 0.536999338541 0.451998324662 1.50135569889 1.41109773988 9.65178715338 0.00692802392802 0.00048082
pedestrian -1 -1 -10 18.698 162.26 54.457 212.274 1.87199170589 0.84899844809 0.697997333214 -18.1583329452 0.521206625115 22.8561881217 0.00692802392802 0.00040432
pedestrian -1 -1 -10 917.42 172.83 931.396 218.8 1.8239918828 0.429998106427 0.285999177831 11.7888021995 1.4383683906 25.7003800814 0.00692802392802 0.00036829
pedestrian -1 -1 -10 562.32 196.9 606.133 280.61 1.80699187964 1.06199860129 0.934996483983 -0.37845194634 1.44498816559 9.90830239592 0.00692802392802 0.00036384
pedestrian -1 -1 -10 621.75 167.07 658.114 247.743 1.78999202549 0.999999322323 0.742997240532 0.633814552949 1.47632102191 8.05129005082 0.00692802392802 0.00031913
pedestrian -1 -1 -10 800.23 171.75 821.825 222.1 1.89999157786 0.296001233733 0.9219964692 10.9002726691 0.881076498672 35.963097609 0.00692802392802 0.00029799
pedestrian -1 -1 -10 380.19 156.43 405.034 215.373 0.0999995529652 0.0 0.0 -19.9558581072 -0.516810352156 68.2950846135 0.0 0.00027568
pedestrian -1 -1 -10 647.96 151.34 672.73 251.216 1.79799200594 1.02899958496 0.97499636269 0.749922815414 1.48398515798 8.06499039742 0.00692802392802 0.00026094
pedestrian -1 -1 -10 769.0 155.75 793.585 219.915 1.64899261221 0.79399913386 0.859996665772 2.47586599195 1.41251136352 9.56357357308 0.00692802392802 0.00019241
pedestrian -1 -1 -10 752.99 173.23 781.852 294.83 1.58599289376 0.740998719643 0.711997219609 2.40177132541 1.41274567068 9.53762293921 0.00692802392802 0.0001436
pedestrian -1 -1 -10 757.43 171.03 786.452 248.84 1.64899261221 0.771998835964 0.779997042468 2.43579093244 1.41263414984 9.5528509335 0.00692802392802 0.00014258
pedestrian -1 -1 -10 633.41 159.97 660.514 228.97 1.78999202549 0.958998983897 0.827996840292 0.676171307423 1.47622799533 8.03049580037 0.00692802392802 0.00010125
pedestrian -1 -1 -10 591.97 155.45 612.964 224.706 1.80699187964 0.95699913021 0.654997564 -0.238092132737 1.44454213229 9.95983051189 0.00692802392802 5.9816e-05
pedestrian -1 -1 -10 754.12 167.83 774.108 227.632 0.478997807205 0.579997623306 0.458997910233 7.5462538014 0.765973252596 32.7799472927 0.00692802392802 1.7721e-05
pedestrian -1 -1 -10 78.761 161.66 120.614 200.458 2.02299099416 1.17999950552 0.862997629159 -18.0840035139 0.589890925391 25.5752319203 0.00692802392802 1.3113e-05
pedestrian -1 -1 -10 75.949 145.93 138.242 196.277 2.02999093235 1.19299807764 0.862997629159 -18.081853759 0.592529826892 25.8857238314 0.00692802392802 4.7773e-07
pedestrian -1 -1 -10 269.76 142.46 311.283 181.062 0.0999995529652 0.0 0.0 -21.7158299145 -1.09244828867 49.4901461179 0.0 2.2378e-07
