pedestrian -1 -1 -10 520.97 173.61 540.769 222.667 1.33785315626 1.07688168655 0.723999755487 -3.26761950027 1.6242764942 29.0740840728 0.00753464155925 0.8068
pedestrian -1 -1 -10 518.5 173.22 532.131 222.937 1.33885304663 1.07588234535 0.853999830133 -3.36975082755 1.62212223633 28.9243708865 0.00753464155925 0.030823
pedestrian -1 -1 -10 1087.4 128.57 1107.8 169.05 1.74680814899 1.19686890375 1.14599955764 4.33029699183 1.18927988647 6.36817605017 0.00753464155925 0.0015111
pedestrian -1 -1 -10 1082.2 137.52 1104.08 186.315 1.86779491568 1.19586860898 1.0249997816 4.24336598256 1.3094044758 6.30543962062 0.00753464155925 0.000741
pedestrian -1 -1 -10 230.55 211.06 250.348 248.302 1.63882009309 1.19786872174 0.643999379432 -7.23026478495 1.78930563876 13.7171030916 0.00753464155925 0.00067905
pedestrian -1 -1 -10 1046.3 124.28 1069.23 171.576 0.659927539825 1.16387204951 1.07699981146 6.69723744845 -0.0195266061435 10.7352957446 0.00753464155925 0.00012928
pedestrian -1 -1 -10 1090.6 111.88 1115.23 156.228 0.605933478354 1.19186886025 0.727999941182 6.76234017339 -0.0430989322276 9.61860034289 0.00753464155925 0.00011729
pedestrian -1 -1 -10 1087.2 123.64 1128.54 172.097 0.604933586119 1.07288241461 0.848999717223 6.82208843534 -0.0456157162151 9.51866657914 0.00753464155925 8.2244e-05
pedestrian -1 -1 -10 1178.1 0.0 1240.98 229.21 1.49483587205 1.19786919852 0.618999768555 4.38540896322 0.955954027617 4.99766064724 0.00753464155925 6.9287e-05
pedestrian -1 -1 -10 1141.0 19.063 1238.54 327.433 0.587935440481 1.13087567206 0.786999461543 6.88860460929 -0.0604439144114 8.7901584775 0.00753464155925 1.9875e-05
pedestrian -1 -1 -10 1044.1 116.39 1083.21 183.035 0.659927539825 1.16487234429 1.07699981146 6.69651044267 -0.0209550452775 10.6388091344 0.00753464155925 1.692e-05
pedestrian -1 -1 -10 460.58 162.47 472.61 193.624 0.100988927959 0.224973827118 0.366999513817 -12.8186014303 0.497560791141 66.3107003668 0.00753464155925 1.4239e-05
