pedestrian -1 -1 -10 1154.1 172.18 1177.55 231.705 1.3049941197 0.530999777482 0.355997656134 17.9864462025 1.47396570984 22.4772066584 0.00692802392802 0.50066
pedestrian -1 -1 -10 427.82 166.93 447.807 209.68 0.338998506963 0.243999315848 0.613998014846 -9.95557131935 -0.757490155563 44.7778033432 0.00692802392802 0.40516
pedestrian -1 -1 -10 533.02 175.11 544.555 207.233 1.27399435937 0.69000006646 0.543998106037 -2.70817855216 1.12799242064 31.2579113614 0.00692802392802 0.24352
pedestrian -1 -1 -10 807.1 165.71 839.898 247.558 1.66899255402 0.782999461749 0.88199641913 4.24906201662 1.47082324554 12.8839265488 0.00692802392802 0.22507
pedestrian -1 -1 -10 852.15 151.91 904.349 236.707 1.74199219495 0.977999024427 0.882996581314 4.75128939902 1.45445132362 11.9978640894 0.00692802392802 0.15849
pedestrian -1 -1 -10 346.89 183.78 362.709 216.621 2.0969906643 0.670999072256 0.793996690445 -9.8266314185 0.696743652504 28.5256798242 0.00692802392802 0.12473
pedestrian -1 -1 -10 109.19 117.4 142.377 196.761 0.519997662306 1.10199948971 0.698997733816 -9.45274872502 -0.433668201167 13.998833543 0.00692802392802 0.086589
pedestrian -1 -1 -10 435.79 168.75 452.267 209.917 0.338998506963 0.363002531101 0.613998014846 -9.95515909409 -0.757559354906 44.8373035229 0.00692802392802 0.072008
pedestrian -1 -1 -10 802.71 171.12 823.706 230.467 1.66899255402 0.782999461749 0.699997419164 4.15806470252 1.47107348018 12.8845572816 0.00692802392802 0.070777
pedestrian -1 -1 -10 431.03 163.88 461.184 222.978 0.338998506963 0.363002531101 0.613998014846 -9.95515909409 -0.757559354906 44.8373035229 0.00692802392802 0.066857
pedestrian -1 -1 -10 353.03 182.1 371.094 216.599 2.0969906643 0.81299917439 0.671997407957 -9.7651413564 0.696493341025 28.5962553727 0.00692802392802 0.061854
pedestrian -1 -1 -10 819.25 169.52 852.48 255.67 1.66899255402 0.854998962822 0.9219964692 4.25981234314 1.47083486433 12.8478514194 0.00692802392802 0.058391
pedestrian -1 -1 -10 535.8 170.5 549.318 206.161 1.27399435937 0.886000986491 0.543998106037 -2.70885749626 1.12810639349 31.1599132532 0.00692802392802 0.055332
pedestrian -1 -1 -10 816.87 163.0 840.124 220.787 1.66899255402 0.944999054419 0.980996262912 4.23000139599 1.47096831879 12.8030569223 0.00692802392802 0.04308
pedestrian -1 -1 -10 1168.8 175.72 1188.09 230.946 0.0999995529652 0.0 0.0 49.892043913 2.05600892971 60.9199938146 0.0 0.035284
pedestrian -1 -1 -10 271.4 178.39 286.809 219.856 0.943995821476 1.00199822234 0.37099794313 -8.06574883871 1.09399893074 17.9438514848 0.00692802392802 0.034841
pedestrian -1 -1 -10 829.09 187.9 849.656 249.636 1.66899255402 0.875998857039 0.9219964692 4.25973959984 1.47084707558 12.8373517243 0.00692802392802 0.026562
pedestrian -1 -1 -10 822.19 194.29 844.66 254.571 1.66899255402 1.03799940338 0.994996149307 4.2226794692 1.47104164646 12.7566063815 0.00692802392802 0.024381
pedestrian -1 -1 -10 708.0 193.1 724.564 234.252 0.655997002125 0.194999562677 0.0579998699461 2.97872488826 1.32127076559 18.1812728543 0.00692802392802 0.014273
pedestrian -1 -1 -10 318.56 175.15 345.005 231.68 0.535997593403 0.560000993791 0.31399895062 -8.66201854851 0.948348966718 22.5731645005 0.00692802392802 0.013323
pedestrian -1 -1 -10 118.28 138.35 139.922 191.131 1.57799293101 0.924999563883 0.651997978966 -10.1561537714 0.798087078411 15.0350490281 0.00692802392802 0.013138
pedestrian -1 -1 -10 756.85 184.22 768.969 218.602 1.06499518305 0.501998561174 1.17199553044 4.45437046447 1.3060095968 19.2213205884 0.00692802392802 0.012297
pedestrian -1 -1 -10 829.05 158.73 873.391 251.431 0.512997694314 0.118999400558 0.291999674098 10.7843052266 1.13143732704 30.6883678691 0.00692802392802 0.01198
pedestrian -1 -1 -10 808.78 161.3 833.547 215.997 1.66899255402 0.782999461749 0.845996779378 4.23106262911 1.47087274228 12.8840513086 0.00692802392802 0.0096551
pedestrian -1 -1 -10 526.49 168.46 541.071 204.634 1.27399435937 0.886000986491 0.543998106037 -2.70885749626 1.12810639349 31.1599132532 0.00692802392802 0.0085389
pedestrian -1 -1 -10 812.13 193.18 835.079 255.819 1.66899255402 0.782999461749 0.90099640119 4.25856177945 1.47079712202 12.8838607028 0.00692802392802 0.0075076
pedestrian -1 -1 -10 1175.7 172.36 1215.41 233.857 1.01299542934 0.684999001734 0.426998442379 19.0459972573 0.984048207548 22.4724662981 0.00692802392802 0.0069212
pedestrian -1 -1 -10 443.56 175.68 458.248 211.873 0.101999518275 0.0260009589422 0.691997790618 -12.4550371564 0.566645825383 60.3071807059 0.00692802392802 0.0065705
pedestrian -1 -1 -10 782.72 170.84 820.583 227.692 2.4769889608 1.15199964656 0.510998237583 5.5632381201 1.34742324213 19.6778769117 0.00692802392802 0.0063685
pedestrian -1 -1 -10 260.41 177.93 292.869 227.852 0.929995825887 1.0039990297 0.428998289911 -7.97497238535 1.06276500195 17.0551729437 0.00692802392802 0.006185
pedestrian -1 -1 -10 795.74 176.56 815.971 225.423 1.66899255402 0.728999597526 0.603997585098 4.11025299316 1.47117407213 12.9118892611 0.00692802392802 0.0061251
pedestrian -1 -1 -10 105.14 134.87 130.153 190.578 1.57799293101 1.02999998864 0.947996394457 -10.3037857042 0.798432996657 15.0885737878 0.00692802392802 0.0051711
pedestrian -1 -1 -10 205.11 174.08 226.494 221.851 0.104999525845 0.0720004547469 0.438998481242 -10.0130077516 0.185015404724 18.2527808655 0.00692802392803 0.0049067
pedestrian -1 -1 -10 833.28 171.9 853.495 241.64 0.186999176443 0.231000743724 0.17599945737 5.47958237454 0.765903532978 15.9695199763 0.00692802392802 0.0037888
pedestrian -1 -1 -10 414.92 162.24 439.118 207.977 1.79299194366 0.3979985401 0.679996798085 -9.85465644599 0.782391644206 39.3929183939 0.00692802392802 0.0031988
pedestrian -1 -1 -10 276.99 178.21 294.241 221.752 0.943995821476 1.00199822234 0.37099794313 -8.06574883871 1.09399893074 17.9438514848 0.00692802392802 0.0030898
pedestrian -1 -1 -10 473.68 188.74 487.074 223.89 2.45398900211 0.472999252213 0.316998721918 -3.53747783646 1.33694794753 21.0534614802 0.00692802392802 0.0029476
pedestrian -1 -1 -10 873.35 146.72 907.316 248.97 1.74199219495 1.03099943864 1.09799592657 4.91077887605 1.45384858764 12.1402618157 0.00692802392802 0.0022845
pedestrian -1 -1 -10 142.52 194.39 165.236 247.492 1.17299474776 1.06999896971 0.795997491648 -8.31103901844 1.13254557404 12.811336053 0.00692802392802 0.0022483
pedestrian -1 -1 -10 128.59 150.52 147.548 198.87 1.57799293101 1.14900034287 0.681997599288 -10.1698853999 0.797915499229 15.2181490431 0.00692802392802 0.0022379
pedestrian -1 -1 -10 856.18 173.97 882.565 251.115 1.74199219495 0.977999024427 0.831996654565 4.72579004817 1.4545214446 11.9980408339 0.00692802392802 0.0022167
pedestrian -1 -1 -10 869.03 177.9 894.854 258.003 1.88399158716 0.322999735334 0.653997349663 5.53194807035 1.4385852842 13.4948916847 0.00692802392802 0.0021911
pedestrian -1 -1 -10 116.04 131.27 153.034 214.812 1.57799293101 0.839999583339 0.888996600745 -10.2709125944 0.797785503715 15.5753577671 0.00692802392802 0.0019475
pedestrian -1 -1 -10 766.15 176.34 779.965 217.632 2.26398985386 0.954997369177 0.832996101496 8.64322726991 1.27679803328 34.654449568 0.00692802392802 0.00187
pedestrian -1 -1 -10 352.6 175.45 382.119 218.277 0.394998191297 0.177999375834 0.109999243625 -7.97285028951 1.02834748164 24.4106103379 0.00692802392802 0.0016129
pedestrian -1 -1 -10 1157.0 171.18 1198.05 240.818 0.589997372031 0.360000366387 0.341999677081 26.6848597508 1.74452050431 32.4964236839 0.00692802392802 0.0015623
pedestrian -1 -1 -10 334.57 179.93 358.3 222.563 0.535997593403 0.459001230083 0.165999742875 -8.58837058376 0.948204209666 22.522152927 0.00692802392802 0.0015475
pedestrian -1 -1 -10 366.81 148.46 387.738 184.506 0.770996497572 0.63199954119 0.630998149374 -8.33208584195 -0.554839854351 26.3070869056 0.00692802392802 0.0014011
pedestrian -1 -1 -10 795.47 152.51 861.672 260.64 1.66899255402 0.963999094949 0.980996262912 4.22993558015 1.47097936715 12.79355713 0.00692802392802 0.0012778
pedestrian -1 -1 -10 182.2 180.4 197.609 222.499 1.77199209929 0.329999700073 0.732997049201 -15.2199865692 0.384636829619 25.8863053629 0.00692802392802 0.001257
pedestrian -1 -1 -10 342.21 173.54 371.416 215.567 2.0969906643 0.713998310695 0.793996690445 -9.82648246982 0.696718648817 28.5471789275 0.00692802392802 0.0010578
pedestrian -1 -1 -10 878.25 177.22 901.845 249.332 1.74199219495 1.14599913183 1.17099560668 5.00615270441 1.45344161059 12.2661038306 0.00692802392802 0.0010462
pedestrian -1 -1 -10 148.37 183.38 169.194 240.123 0.737996682525 0.587998945398 0.81699732124 -10.9987598434 0.824164979313 17.875975283 0.00692802392802 0.00099583
pedestrian -1 -1 -10 881.9 158.16 907.155 224.801 1.88399158716 0.322999735334 0.653997349663 5.53194807035 1.4385852842 13.4948916847 0.00692802392802 0.00095251
pedestrian -1 -1 -10 231.89 172.89 253.155 215.741 0.932995773852 1.00400093704 0.253998756307 -8.64048053375 1.07660423366 17.0517974537 0.00692802392802 0.00086134
pedestrian -1 -1 -10 808.91 211.78 826.478 259.52 1.66899255402 0.752999749108 0.661997216626 4.055196768 1.47166521926 12.6152640098 0.00692802392802 0.00081889
pedestrian -1 -1 -10 251.96 195.21 264.307 233.196 0.912995882332 1.09899827867 0.327998837015 -8.72729078267 0.98178290341 17.9788234197 0.00692802392802 0.00081211
pedestrian -1 -1 -10 757.61 184.05 778.409 226.514 0.847996145487 0.389999125355 1.02399608428 4.52845714985 1.08874194466 19.2766819449 0.00692802392802 0.00075574
pedestrian -1 -1 -10 213.7 174.75 237.236 224.902 0.953995737433 1.11099930814 0.291998720427 -9.22209826998 1.1066563148 17.5343618922 0.00692802392802 0.00070432
pedestrian -1 -1 -10 310.59 149.38 342.919 218.632 1.63999269009 0.177999375834 0.299999064226 -10.0491498448 0.985320414105 25.9382585059 0.00692802392803 0.00068257
pedestrian -1 -1 -10 131.96 189.76 156.764 247.15 1.12499491721 1.1489993892 0.803996881776 -8.16712704 1.15468024627 12.3468812071 0.00692802392802 0.00067207
pedestrian -1 -1 -10 119.73 188.76 139.048 247.457 1.29999417476 0.694999223839 0.803996881776 -15.3262085424 1.16815731829 23.0696578862 0.00692802392802 0.00064996
pedestrian -1 -1 -10 847.89 158.7 925.499 259.81 1.74199219495 1.06299900497 1.011995807 4.81608190112 1.45422453284 12.0399160021 0.00692802392802 0.00063716
pedestrian -1 -1 -10 144.03 171.55 163.788 215.896 1.1879946664 1.16599862237 0.804996328706 -8.21985313523 1.14734970487 12.7627117565 0.00692802392802 0.00061991
pedestrian -1 -1 -10 760.75 164.67 801.364 223.632 2.26398985386 0.954997369177 0.738996591797 8.69022589579 1.27666879118 34.6541238049 0.00692802392802 0.00061334
pedestrian -1 -1 -10 777.25 166.91 806.432 222.341 2.26698986143 0.766999678586 0.54199778167 5.54998132217 1.13704169432 20.0433556647 0.00692802392802 0.00061005
pedestrian -1 -1 -10 934.79 189.99 951.124 227.975 1.0389953658 1.1399986171 1.12499577559 9.43453793332 1.45409674457 19.3780093575 0.00692802392802 0.00055036
pedestrian -1 -1 -10 894.95 175.35 910.745 224.011 0.926995877921 0.705001353291 0.689997943086 8.94848509112 1.3850350964 20.6038916178 0.00692802392802 0.00054336
pedestrian -1 -1 -10 197.62 168.38 218.335 224.127 2.25398984849 0.159000288978 1.16599598785 -15.5973311961 0.792919926156 28.2966738809 0.00692802392801 0.00052848
pedestrian -1 -1 -10 225.82 176.73 246.961 222.432 0.388998265564 0.150001424226 0.196998810127 -11.8181896583 0.574682092435 22.8966892808 0.00692802392802 0.00051435
pedestrian -1 -1 -10 842.58 181.82 864.529 244.035 0.249998858571 0.255000895307 0.185999171866 8.09923384119 0.966748848266 23.7767605112 0.00692802392802 0.00049179
pedestrian -1 -1 -10 256.87 188.75 276.441 232.642 0.929995825887 1.0039990297 0.428998289911 -7.97497238535 1.06276500195 17.0551729437 0.00692802392802 0.00046117
pedestrian -1 -1 -10 123.55 127.17 145.784 186.867 0.475997857377 0.682998194374 0.68399744682 -15.2673880631 0.344002989392 23.062770361 0.00692802392802 0.00043827
pedestrian -1 -1 -10 864.29 144.28 890.509 203.308 1.52599314749 0.322999735334 0.653997349663 5.53145441892 1.08058684453 13.4946869268 0.00692802392802 0.00041339
pedestrian -1 -1 -10 241.26 159.22 262.71 210.68 1.78699198812 0.442001043239 0.32299874135 -10.0468014961 0.633415114445 20.6026158111 0.00692802392802 0.00038319
pedestrian -1 -1 -10 134.05 156.9 156.371 209.434 1.6919924438 1.12299938393 0.586997688988 -10.1209962154 0.911577384236 15.3958801193 0.00692802392802 0.00036499
pedestrian -1 -1 -10 161.32 178.02 180.727 221.918 0.10099953562 0.0639991326546 0.00199984753199 -11.2834751401 0.449134689744 18.589900497 0.00692802392802 0.00035562
pedestrian -1 -1 -10 825.77 163.44 850.364 215.393 1.66899255402 0.782999461749 0.912996440053 4.26456165476 1.47078062289 12.8838191157 0.00692802392802 0.00034968
pedestrian -1 -1 -10 222.9 163.2 263.032 224.328 0.932995773852 1.00400093704 0.253998756307 -8.64048053375 1.07660423366 17.0517974537 0.00692802392802 0.00034439
pedestrian -1 -1 -10 129.83 171.84 171.037 238.433 0.737996682525 0.587998945398 0.544998029803 -11.1347562223 0.824538957449 17.8769179193 0.00692802392802 0.00034362
pedestrian -1 -1 -10 885.69 172.82 910.333 246.569 1.7749920398 1.02100017021 0.995996073073 5.02758341065 1.48640152285 12.2494740956 0.00692802392802 0.00029899
pedestrian -1 -1 -10 774.09 167.46 793.632 221.444 0.100999595225 0.00999831475757 0.200999458862 15.7743279348 1.25960358355 60.476419644 0.00692802392802 0.0002981
pedestrian -1 -1 -10 927.92 190.06 945.204 225.311 1.0389953658 1.01999976653 0.971996472183 9.30982634893 1.45447515251 19.3478729141 0.00692802392802 0.00029727
pedestrian -1 -1 -10 657.43 176.44 678.944 205.617 0.29599865675 0.242999865842 0.412998555985 3.32516197405 0.655145651595 36.6867634101 0.00692802392802 0.00028241
pedestrian -1 -1 -10 248.33 193.89 260.368 231.935 0.822996281088 1.1589996113 0.383998382594 -8.70123903985 0.982053639694 17.6796884159 0.00692802392802 0.00026454
pedestrian -1 -1 -10 648.25 176.74 666.318 204.321 0.539997583628 0.131000430023 0.563997773446 2.94734562792 0.954182949734 39.313652164 0.00692802392802 0.00026013
pedestrian -1 -1 -10 600.85 168.65 613.881 195.219 0.0999995529652 0.194000112671 1.05199603588 0.76981621391 -0.245112696586 60.5546227524 0.00692802392802 0.00023922
pedestrian -1 -1 -10 351.21 151.32 385.604 213.279 1.90699145645 0.693000323826 0.621997404974 -9.73946428748 0.696354816564 28.6561887493 0.00692802392802 0.00016984
pedestrian -1 -1 -10 849.02 172.46 875.735 234.726 1.74199219495 0.95699913021 0.689996989416 4.65471917777 1.4547288945 11.9880332505 0.00692802392802 0.00016931
pedestrian -1 -1 -10 655.03 179.73 702.565 206.856 0.692996896803 0.628999283824 1.03299611343 3.42921123354 1.09939919677 30.9691891957 0.00692802392802 0.00016239
pedestrian -1 -1 -10 123.94 175.0 146.319 240.303 1.1879946664 1.19199862763 0.859996427355 -8.19610870491 1.14790442053 12.2205342299 0.00692802392802 0.00016198
pedestrian -1 -1 -10 14.966 183.88 51.115 257.526 0.930995868146 0.79599994122 0.429998690513 -9.21912447888 1.05056369763 11.4886399818 0.00692802392802 0.00015544
pedestrian -1 -1 -10 540.04 161.47 555.257 201.638 0.630997167528 0.291999619013 0.668997636659 -3.23424360879 0.289085539119 42.0602195482 0.00692802392802 0.00014345
pedestrian -1 -1 -10 144.52 174.65 184.24 235.006 0.737996682525 0.587998945398 0.81699732124 -10.9987598434 0.824164979313 17.875975283 0.00692802392802 0.00013696
pedestrian -1 -1 -10 547.2 162.59 562.937 199.105 0.10099953562 0.038001988407 1.05299625767 -3.69619967451 -0.51852700903 60.3182404707 0.00692802392802 0.00013051
pedestrian -1 -1 -10 264.49 198.16 284.017 238.465 0.961995747685 1.11999817289 0.428998289911 -7.97289144091 1.09442300743 17.3491836633 0.00692802392802 0.00012155
pedestrian -1 -1 -10 110.69 168.88 142.162 245.854 1.6919924438 1.15399950025 0.863997076089 -10.2607084392 0.912162340356 15.2213444984 0.00692802392802 0.00010402
pedestrian -1 -1 -10 307.0 122.78 329.829 177.423 0.503997790813 0.294999876379 0.376998916232 -8.00085919667 -0.591987650981 19.5192362279 0.00692802392802 9.1622e-05
pedestrian -1 -1 -10 1123.4 174.59 1185.98 239.885 1.3049941197 0.530999777482 0.355997656134 17.9864462025 1.47396570984 22.4772066584 0.00692802392802 8.0461e-05
pedestrian -1 -1 -10 289.77 170.0 309.901 216.928 1.3939937979 0.267000017424 1.15399594898 -11.9980010187 0.549042950842 28.2559535062 0.00692802392802 7.3318e-05
pedestrian -1 -1 -10 820.72 194.32 855.014 293.293 1.66899255402 0.875998857039 0.9219964692 4.25973959984 1.47084707558 12.8373517243 0.00692802392802 5.7485e-05
pedestrian -1 -1 -10 192.16 171.05 228.977 229.266 2.25398984849 0.159000288978 1.17099512984 -15.5418317535 0.792767307548 28.2962891957 0.00692802392801 5.0894e-05
pedestrian -1 -1 -10 790.49 148.14 836.445 228.908 1.66899255402 0.660998850151 0.726997268187 4.17198691095 1.47096541516 12.9454625532 0.00692802392802 4.2103e-05
pedestrian -1 -1 -10 803.22 116.45 918.06 284.46 1.74199219495 0.95699913021 0.685997294352 4.65271937827 1.45473439377 11.9880471118 0.00692802392802 4.1779e-05
pedestrian -1 -1 -10 15.607 166.35 68.992 245.747 0.930995868146 0.79599994122 0.429998690513 -9.21912447888 1.05056369763 11.4886399818 0.00692802392802 3.8602e-05
pedestrian -1 -1 -10 868.66 158.05 954.316 306.35 0.779996520281 0.784999315435 0.408998860921 9.03066937469 1.45491720014 19.6354646919 0.00692802392802 2.0373e-05
pedestrian -1 -1 -10 881.09 167.7 930.614 259.461 0.663997042179 0.432000821134 0.538998487207 12.110757303 1.02150368593 27.4313818198 0.00692802392802 1.7221e-05
pedestrian -1 -1 -10 929.01 188.62 957.241 232.577 1.0389953658 1.1399986171 1.12499577559 9.43453793332 1.45409674457 19.3780093575 0.00692802392802 8.5617e-06
pedestrian -1 -1 -10 973.59 187.22 995.625 230.273 0.599997317791 0.154998674258 0.57899829886 18.5866444715 1.40646708856 34.5816793708 0.00692802392802 7.0277e-06
pedestrian -1 -1 -10 1156.9 119.28 1211.98 258.36 1.01299542934 0.684999001734 0.426998442379 19.0459972573 0.984048207548 22.4724662981 0.00692802392802 6.2659e-06
pedestrian -1 -1 -10 338.71 125.1 362.081 179.496 0.62099725157 0.66999962225 0.523998200211 -8.66425267811 -0.689016830804 25.5142987326 0.00692802392802 4.1033e-06
pedestrian -1 -1 -10 1178.6 162.43 1206.76 216.761 1.01299542934 0.684999001734 0.426998442379 19.0459972573 0.984048207548 22.4724662981 0.00692802392802 2.0062e-06
pedestrian -1 -1 -10 902.56 181.85 946.493 263.866 1.0389953658 1.11799927287 0.784997853387 9.21810284779 1.45443453727 19.6045151751 0.00692802392802 6.428e-07
