pedestrian -1 -1 -10 1138.0 153.14 1151.69 207.06 1.99978039265 1.18186972683 1.0399996435 15.518135417 1.02838742831 20.5536007135 0.00753464155925 0.045754
pedestrian -1 -1 -10 733.81 172.11 753.414 235.251 2.08877060783 1.0188884291 0.575999798884 2.08902764338 1.47097556565 10.9820587172 0.00753464155925 0.033649
pedestrian -1 -1 -10 1141.6 153.75 1158.89 203.973 1.99978039265 1.18087038563 1.06199994957 15.5837977823 1.02768065982 20.5086099339 0.00753464155925 0.017785
pedestrian -1 -1 -10 1128.9 153.52 1143.4 210.254 1.45384040963 1.13087662563 0.98700016326 13.0081700799 1.3610910887 17.5186256045 0.00753464155925 0.0076915
pedestrian -1 -1 -10 742.39 169.52 760.819 231.009 0.214976404308 0.0869903629609 0.127000054584 3.25453737274 0.622887940163 16.419714649 0.00753464155925 0.0075851
pedestrian -1 -1 -10 1051.6 150.71 1067.85 202.363 2.06677306807 1.18287097517 1.10999931689 14.2538150986 1.09408332869 22.5064181319 0.00753464155925 0.0051193
pedestrian -1 -1 -10 722.86 159.7 758.921 262.06 2.08877060783 1.03588676522 0.575999798884 2.08896360581 1.47084974302 10.9735597904 0.00753464155925 0.0049984
pedestrian -1 -1 -10 737.82 161.88 757.183 218.369 2.04477552831 0.936897632856 0.463999844612 2.03332456877 1.42762815869 11.0238000493 0.00753464155925 0.0049022
pedestrian -1 -1 -10 729.95 170.18 748.353 220.065 2.08877060783 0.986891392851 0.52999980915 2.06614884147 1.4712291552 10.9982298284 0.00753464155925 0.0029814
pedestrian -1 -1 -10 1129.6 151.07 1154.55 217.193 2.00178014732 1.18486965757 1.06799951285 15.49406536 1.0302337362 20.6772864565 0.00753464155925 0.0022583
pedestrian -1 -1 -10 1123.4 155.02 1139.56 206.638 0.275969696522 0.216977190372 0.643999856269 13.9096312511 0.503446184992 19.1310349764 0.00753464155925 0.00218
pedestrian -1 -1 -10 861.89 144.92 914.85 211.332 0.530941694856 0.88590262452 0.612000278052 9.42085102278 0.100596246864 23.3487834556 0.00753464155925 0.0020579
pedestrian -1 -1 -10 878.92 149.95 919.765 240.11 0.940896710185 0.458951260741 1.00299995237 8.33517731242 1.04259366555 20.7331928198 0.00753464155925 0.0017626
pedestrian -1 -1 -10 741.78 147.82 763.634 210.715 0.473947949232 0.0659927549062 0.0780000447878 5.61362768613 0.725803740551 27.6563840585 0.00753464155925 0.0013367
pedestrian -1 -1 -10 542.48 194.8 562.669 261.986 1.13387549055 1.00189009299 0.683999805878 -1.01811579523 1.22385034589 9.62337036349 0.00753464155925 0.0012314
pedestrian -1 -1 -10 268.16 149.81 285.054 197.152 0.103988530165 0.358961833611 0.436000690509 -28.7579625466 -1.23831418547 63.1020581424 0.00753464155925 0.0011222
pedestrian -1 -1 -10 738.75 127.94 769.177 204.101 1.88279328429 0.687926266941 0.49000009796 6.44750555939 0.867775946749 31.4129473924 0.00753464155925 0.0011148
pedestrian -1 -1 -10 1052.7 141.62 1083.07 200.684 2.06377343606 1.19186886025 1.08999981893 14.3341838737 1.09178847094 22.4223129106 0.00753464155925 0.00093991
pedestrian -1 -1 -10 744.46 123.11 761.774 174.451 1.55882882607 0.865905311236 0.399999853713 2.0654412725 0.942183647252 11.0626526763 0.00753464155925 0.00090192
pedestrian -1 -1 -10 737.23 166.93 771.022 240.867 2.06077368486 0.773914427992 0.631999776019 2.11471884617 1.46640341551 10.6741832718 0.00753464155925 0.00087546
pedestrian -1 -1 -10 524.16 137.12 537.876 175.986 0.928897999645 0.503946407593 0.684000044296 -3.53775902627 -0.12000069196 34.3891446734 0.00753464155925 0.0008208
pedestrian -1 -1 -10 222.91 163.03 241.487 227.825 1.3758489755 1.17287184174 1.15299952498 -9.06025699368 1.41597776098 17.5364969163 0.00753464155925 0.00074082
pedestrian -1 -1 -10 717.59 181.81 747.25 263.054 2.08877060783 1.07388175581 0.613999894063 2.10781997765 1.47055466854 10.9544198819 0.00753464155925 0.00072194
pedestrian -1 -1 -10 129.46 140.1 161.466 205.024 0.0999890208244 0.0 0.0 -18.4380717517 -0.36549531484 29.0711650609 0.0 0.00030534
pedestrian -1 -1 -10 574.86 158.95 592.086 201.855 0.595934615606 1.09588061221 1.15299964419 -1.27115361635 -0.614779590906 42.4010343383 0.00753464155925 0.00029492
pedestrian -1 -1 -10 255.22 148.15 275.792 211.834 1.36285034666 0.804912123043 0.841999749883 -8.2612799929 1.39452659498 17.0666334255 0.00753464155925 0.0001784
pedestrian -1 -1 -10 723.76 215.49 744.837 267.448 2.08877060783 1.11787756146 0.631999776019 2.11665391915 1.4702224565 10.9323548898 0.00753464155925 0.00014937
pedestrian -1 -1 -10 643.03 153.94 655.856 192.403 2.10776851559 0.760916317393 1.04599980283 1.69338455657 1.18949973768 27.0085583108 0.00753464155925 0.00013374
pedestrian -1 -1 -10 230.25 168.1 252.791 234.717 1.37684886774 1.06088459878 1.17999994396 -8.61996377807 1.40937860734 17.1092262092 0.00753464155925 0.00013356
pedestrian -1 -1 -10 757.13 120.49 777.832 182.188 1.63682027137 0.745917617252 0.56799978512 2.1464817443 1.04221946971 10.6630837028 0.00753464155925 0.00012751
pedestrian -1 -1 -10 1117.5 154.17 1144.78 215.438 0.945896160183 1.11487763072 0.983998951105 13.4199875953 1.15720924651 18.3518974248 0.00753464155925 0.0001163
pedestrian -1 -1 -10 519.24 140.35 542.662 200.881 0.928897999645 0.503946407593 0.684000044296 -3.53775902627 -0.12000069196 34.3891446734 0.00753464155925 0.00010427
pedestrian -1 -1 -10 723.94 168.59 742.547 212.636 0.582935971858 0.392956598695 0.576999726098 2.60669264363 0.798652068028 16.3107015976 0.00753464155925 9.6612e-05
pedestrian -1 -1 -10 506.71 168.43 572.525 247.096 0.646929015273 0.47194841777 0.6749998649 -1.94034160187 1.4872401359 22.6396119481 0.00753464155925 8.9483e-05
pedestrian -1 -1 -10 490.87 164.81 552.951 237.479 1.18986934394 1.18087038563 1.07299974497 -1.21212652904 1.22497632454 9.69173936716 0.00753464155925 8.3702e-05
pedestrian -1 -1 -10 217.0 162.92 236.192 236.821 1.21586645264 1.04288501433 1.00799911161 -9.3068824305 1.26493544249 17.7934418213 0.00753464155925 8.3592e-05
pedestrian -1 -1 -10 118.45 146.36 147.26 201.947 0.0999890208244 0.108989219356 0.211997920945 -41.0916613603 0.441350652847 63.026072773 0.00753464155925 7.3824e-05
pedestrian -1 -1 -10 263.28 147.7 296.536 206.03 0.0999890208244 0.0 0.0 -31.2661921856 0.530951018198 69.6881428052 0.0 6.9863e-05
pedestrian -1 -1 -10 312.47 174.87 333.02 229.44 1.51783333385 0.862905380494 1.1539994522 -5.23483918618 1.45826081167 13.3935307339 0.00753464155925 6.4374e-05
pedestrian -1 -1 -10 711.06 190.87 733.593 247.011 0.126986006861 0.481947551197 0.288999945866 2.08455261965 0.868805008189 14.404458826 0.00753464155925 6.1168e-05
pedestrian -1 -1 -10 562.66 169.12 579.865 211.585 0.755916993201 0.737918119797 1.14699960407 -1.65995706928 1.17728562448 35.2186292142 0.00753464155925 4.0324e-05
pedestrian -1 -1 -10 626.01 150.06 659.658 220.968 2.12676642335 1.10487849729 1.06299969797 1.42418775686 1.20124172407 27.1825771081 0.00753464155925 3.5014e-05
pedestrian -1 -1 -10 1095.7 153.12 1135.39 217.766 0.945896160183 1.11387828952 0.969999016426 13.3106518935 1.16055399759 18.5732011923 0.00753464155925 2.6196e-05
pedestrian -1 -1 -10 580.49 147.71 602.976 203.285 1.72081109988 1.11587697192 0.950999773499 -0.516242820801 1.32768014494 29.6261561039 0.00753464155925 2.5117e-05
pedestrian -1 -1 -10 303.55 158.32 332.92 234.358 1.53183185493 1.07388175581 1.18499958004 -5.37653590853 1.47392474209 13.4999844134 0.00753464155925 2.2981e-05
pedestrian -1 -1 -10 631.28 156.97 653.741 207.79 2.12676642335 1.10487849729 1.06299969797 1.42418775686 1.20124172407 27.1825771081 0.00753464155925 1.5617e-05
pedestrian -1 -1 -10 238.76 171.27 261.383 244.264 1.37684886774 0.892901827205 1.04999986932 -8.36560427506 1.40794953103 17.0233186438 0.00753464155925 9.7364e-06
pedestrian -1 -1 -10 195.34 150.86 214.531 214.334 1.1988683964 0.811911325728 0.797000641038 -15.2690818179 1.13150287847 27.038984626 0.00753464155925 6.7797e-06
pedestrian -1 -1 -10 202.24 155.61 217.847 217.501 1.19786845946 0.667928000087 0.662000453481 -15.2010415167 1.13151956915 27.1104737928 0.00753464155925 6.7191e-06
pedestrian -1 -1 -10 18.436 164.95 45.835 212.613 0.0999890208244 0.0 0.0 -40.7445039479 0.612946139803 51.5988428871 0.0 4.1528e-06
pedestrian -1 -1 -10 320.1 158.13 368.207 239.377 1.43984194815 1.09088009192 1.04399935235 -4.99801131729 1.38178508238 13.506316735 0.00753464155925 1.1626e-06
pedestrian -1 -1 -10 339.24 166.76 393.252 247.747 1.39984629601 1.03988603716 1.15299952498 -3.72521861462 1.48594873485 11.0030441996 0.00753464155925 4.079e-07
