pedestrian -1 -1 -10 1018.9 136.61 1033.12 181.453 1.90179116225 1.17687111368 0.0939998338964 9.0897393018 1.11094479785 15.5948987972 0.00753464155925 0.12349
pedestrian -1 -1 -10 1011.1 137.16 1035.78 190.635 1.9117900548 1.18486965757 0.0859994625051 9.09444877845 1.11933251842 15.6888259836 0.00753464155925 0.053585
pedestrian -1 -1 -10 445.89 240.25 459.928 279.35 1.9637844212 1.19286915503 0.70099976062 -2.74150292313 1.77852298279 11.6250623592 0.00753464155925 0.011213
pedestrian -1 -1 -10 1014.6 131.45 1045.67 199.498 2.11076820719 1.15487321086 0.102999655665 9.0895756204 1.32248521123 15.496302148 0.00753464155925 0.0060534
pedestrian -1 -1 -10 942.02 109.42 969.668 171.729 1.48983639598 1.17087315934 0.197000443236 9.04696369466 0.659076948117 18.5062630558 0.00753464155925 0.0036865
pedestrian -1 -1 -10 268.19 146.49 280.501 178.231 1.08188122844 1.18886988308 0.255000036382 -6.06401560779 0.402715677189 12.9891195128 0.00753464155925 0.0027858
pedestrian -1 -1 -10 277.15 131.82 294.89 174.795 1.12987590671 1.13687553355 0.208000119434 -6.11563122565 0.436315857888 13.7704741626 0.00753464155925 0.0027209
pedestrian -1 -1 -10 1002.0 136.85 1025.21 190.972 2.06577319073 1.18086943206 0.0999993971844 9.10427611513 1.26678877785 16.0577601566 0.00753464155925 0.0013766
pedestrian -1 -1 -10 1026.0 134.33 1044.29 189.782 1.94278666937 1.14787400817 0.199000297665 9.0338083227 1.15815981577 15.2693797633 0.00753464155925 0.00073802
pedestrian -1 -1 -10 951.53 115.37 977.873 180.814 1.61082310307 1.17587177248 0.159999798434 9.04672381245 0.786621323254 18.0027032872 0.00753464155925 0.00073563
pedestrian -1 -1 -10 940.38 132.53 960.706 203.04 1.63382057977 1.16787132146 0.197000443236 9.04909315594 0.798169810028 18.7827920586 0.00753464155925 0.00060362
pedestrian -1 -1 -10 993.47 126.95 1033.81 190.657 1.89779159332 1.18886892951 0.0999993971844 9.10406166244 1.10348103394 16.036933151 0.00753464155925 0.0004004
pedestrian -1 -1 -10 932.24 109.37 966.571 199.238 1.49883541119 1.10687908683 0.197000443236 9.04928131045 0.663636109389 18.8142868198 0.00753464155925 0.00033139
pedestrian -1 -1 -10 969.72 159.79 992.227 217.308 2.2667510978 1.16187336711 0.213999682722 9.06852895253 1.45289912829 17.2794309289 0.00753464155925 0.00029347
pedestrian -1 -1 -10 941.81 119.21 977.017 212.978 1.84679719365 1.16287270831 0.197000443236 9.04591664228 1.01875760436 18.3495668287 0.00753464155925 0.00020662
pedestrian -1 -1 -10 934.86 114.19 957.357 175.946 1.56882771862 0.566938278187 0.790999647239 5.04498998704 0.940379147029 10.6597508059 0.00753464155925 0.00017388
pedestrian -1 -1 -10 937.46 140.52 968.192 223.787 0.962894246223 0.276970083794 0.403000231403 6.26693053373 0.977481215987 12.8738167808 0.00753464155925 0.00015129
pedestrian -1 -1 -10 976.31 146.56 996.922 200.234 2.25775208259 1.18287097517 0.213999682722 9.06654658385 1.44899866892 17.0159004246 0.00753464155925 9.4715e-05
pedestrian -1 -1 -10 397.89 189.15 436.922 275.623 1.33885304105 0.975892918223 0.615999748492 -2.78792397954 1.7375123969 11.077817949 0.00753464155925 9.1439e-05
pedestrian -1 -1 -10 960.39 160.05 990.442 242.929 2.27475017608 1.19686938054 0.185999813363 9.056881243 1.45753509951 17.5920523898 0.00753464155925 9.0286e-05
pedestrian -1 -1 -10 929.19 140.28 950.207 196.337 1.94478642404 1.14287539503 1.19599973307 4.86252604485 1.3143384385 10.5143523637 0.00753464155925 7.1407e-05
pedestrian -1 -1 -10 415.66 214.76 434.017 272.264 1.40084624039 1.03588676522 0.697999740557 -2.82871591584 1.73798632573 11.1085815305 0.00753464155925 5.1324e-05
pedestrian -1 -1 -10 950.03 119.6 992.349 196.773 1.94978587032 1.17787236202 0.0909995754154 9.01002940961 1.13007865177 17.6943612069 0.00753464155925 4.1588e-05
pedestrian -1 -1 -10 910.58 203.14 941.119 258.039 1.92378882121 1.19686938054 1.19699966029 4.74386140221 1.29704037542 10.7593807622 0.00753464155925 3.8277e-05
pedestrian -1 -1 -10 1026.1 148.25 1059.63 240.124 2.20975731493 1.18287097517 0.347000015849 8.96180754723 1.43313310063 14.7242531469 0.00753464155925 3.7379e-05
pedestrian -1 -1 -10 436.65 237.84 457.443 286.795 1.43484248697 1.07588234535 0.637999816144 -2.77547949454 1.77335763558 11.2709305205 0.00753464155925 2.6522e-05
pedestrian -1 -1 -10 313.25 155.09 367.504 244.352 0.906900400283 0.793912694846 1.02699963603 -2.93305410848 0.926945799773 7.86226919988 0.00753464155925 1.8669e-05
pedestrian -1 -1 -10 497.38 176.43 524.39 225.368 0.401955849887 0.240974729169 0.823999629508 -3.19841165448 1.37838569201 24.9597074202 0.00753464155925 1.543e-05
pedestrian -1 -1 -10 190.83 152.23 257.338 227.285 1.29785750413 1.18987017785 0.260000149293 -6.08143251769 0.628074259023 11.5268113654 0.00753464155925 1.5004e-05
pedestrian -1 -1 -10 1033.7 178.78 1066.29 242.408 2.20675768292 1.19686938054 0.33800019408 8.95609575377 1.43075317222 14.5632867465 0.00753464155925 9.8491e-06
pedestrian -1 -1 -10 413.92 208.26 444.392 277.715 1.33885304105 0.975892918223 0.615999748492 -2.78792397954 1.7375123969 11.077817949 0.00753464155925 8.725e-06
pedestrian -1 -1 -10 430.43 226.89 447.825 275.572 1.33885304105 0.931898066142 0.610999874001 -2.79058958718 1.73718856468 11.0558399563 0.00753464155925 5.7351e-06
pedestrian -1 -1 -10 224.89 158.99 300.311 220.673 1.07088242876 1.09388002267 0.255000036382 -6.06653903554 0.386765446911 12.6547472544 0.00753464155925 3.9485e-06
pedestrian -1 -1 -10 87.493 237.81 144.432 332.172 1.99778057838 1.19586908577 0.386999965458 -6.10985828651 1.36732417298 8.84089269093 0.00753464155925 9.7557e-07
pedestrian -1 -1 -10 1040.2 189.69 1076.31 250.454 2.18775977516 1.18886892951 0.34500016142 8.95844883404 1.42848584475 14.4101409663 0.00753464155925 2.7195e-07
pedestrian -1 -1 -10 1139.6 153.68 1233.24 284.09 2.13476556123 1.18986922428 0.211999828293 8.97897291131 1.40628254034 11.2229829959 0.00753464155925 2.7404e-08
pedestrian -1 -1 -10 788.3 164.4 835.44 219.447 0.278969369501 0.863905675265 0.594000157677 4.14055606665 0.292554246498 13.3304762195 0.00753464155925 2.4183e-08
