pedestrian -1 -1 -10 716.96 142.11 802.452 301.51 1.80999188721 0.653998885413 1.01399625058 1.9278777049 1.39679891487 8.88424127426 0.00692802392802 0.99771
pedestrian -1 -1 -10 591.06 163.67 607.074 206.682 1.98699108213 0.558000186431 1.19399549242 -0.0400131885169 0.976062946001 17.7665021118 0.00692802392802 0.0018638
pedestrian -1 -1 -10 648.19 192.87 662.085 236.422 2.24799001217 1.19199862763 0.7369972211 1.19426234547 1.43129628139 12.8392065553 0.00692802392802 0.0011906
pedestrian -1 -1 -10 660.41 219.51 678.656 258.791 2.24799001217 1.18600002025 0.981996305887 1.31651646765 1.43100013065 12.8033585067 0.00692802392802 0.00062091
pedestrian -1 -1 -10 651.36 217.43 669.428 263.515 2.15199036598 0.710999960676 0.616997666935 1.13157868077 1.33589018394 12.4710768539 0.00692802392802 0.00032514
pedestrian -1 -1 -10 678.89 157.55 692.311 204.762 0.98499557972 0.178001283181 1.13899566199 2.140948728 0.733267609486 17.5776873713 0.00692802392802 0.00023323
pedestrian -1 -1 -10 644.64 217.41 658.908 261.76 2.24799001217 1.17699924815 0.661997455044 1.15582462444 1.43155698431 12.7039698627 0.00692802392802 0.00018654
pedestrian -1 -1 -10 708.5 167.9 752.96 293.04 2.39998934269 0.587999899072 1.19299559845 2.6119700834 1.49461968471 14.3834084628 0.00692802392802 0.00012015
pedestrian -1 -1 -10 689.05 161.49 704.538 203.821 0.987995587289 0.178001283181 1.1979954557 2.40344562132 0.735545784956 17.5758696623 0.00692802392802 0.00011986
pedestrian -1 -1 -10 681.73 156.38 700.117 201.198 2.19299025089 0.582999788019 1.14299559547 1.85989031159 1.29766112031 14.4120108249 0.00692802392802 9.2546e-05
pedestrian -1 -1 -10 767.61 155.66 862.725 279.18 2.18899026066 0.931999528622 1.18299564554 3.74825695092 1.33789640203 12.2764247717 0.00692802392802 5.4331e-05
pedestrian -1 -1 -10 757.1 181.23 813.084 295.92 0.45599796772 0.28799991164 0.25899909039 3.56072015805 1.17034993098 14.0865816366 0.00692802392802 3.5354e-05
pedestrian -1 -1 -10 728.26 147.33 781.441 228.298 1.80999188721 0.653998885413 1.01399625058 1.9278777049 1.39679891487 8.88424127426 0.00692802392802 3.1711e-05
pedestrian -1 -1 -10 739.55 140.87 757.598 200.91 1.59599285722 0.653998885413 0.725997225213 1.98058111841 1.18265414364 8.88375152678 0.00692802392802 2.3153e-05
pedestrian -1 -1 -10 744.14 133.74 766.4 234.32 1.80399199128 0.653998885413 0.973996438924 1.90787000611 1.39085401561 8.88437646529 0.00692802392802 4.6713e-08
