pedestrian -1 -1 -10 888.86 156.68 904.117 214.038 1.39584679412 0.898901688689 0.763999705095 8.96969083137 1.26089401665 21.9297136566 0.00753464155925 0.32691
pedestrian -1 -1 -10 883.91 155.11 913.015 225.626 1.39584679412 0.898901688689 0.763999705095 8.96969083137 1.26089401665 21.9297136566 0.00753464155925 0.23945
pedestrian -1 -1 -10 881.92 155.23 899.699 201.215 0.0999890208244 0.0 0.0 14.3280143576 0.308984835031 36.2033142199 0.0 0.14671
pedestrian -1 -1 -10 891.15 166.27 918.698 242.721 1.34185261252 0.848906975124 0.860999797472 3.49220063021 1.30859654509 9.0520973819 0.00753464155925 0.1177
pedestrian -1 -1 -10 662.66 157.77 676.621 191.936 0.100988913059 0.102993172151 0.580999673376 6.82312952764 0.922469151212 73.602440576 0.00753464155925 0.068946
pedestrian -1 -1 -10 899.53 179.02 914.103 228.58 1.39584679412 0.552940826387 0.625999259057 9.03928426362 1.26201316904 22.0081831366 0.00753464155925 0.066314
pedestrian -1 -1 -10 903.89 179.63 921.628 240.027 0.826909205898 0.293968419906 0.30199995333 9.00539763792 0.950422142239 21.6272880657 0.00753464155925 0.037884
pedestrian -1 -1 -10 872.21 150.51 903.42 207.125 1.39584679412 0.87190421915 0.574999633251 8.87529517735 1.2611626564 21.9439230068 0.00753464155925 0.021221
pedestrian -1 -1 -10 896.15 168.13 932.744 256.873 0.871904276369 0.77091545082 0.383999706977 6.24294614763 1.30373809484 14.1026643647 0.00753464155925 0.013487
pedestrian -1 -1 -10 881.26 158.17 935.533 289.31 1.34185261252 0.808911394986 0.849999644437 3.4975498763 1.3082964911 9.03205877804 0.00753464155925 0.012849
pedestrian -1 -1 -10 855.94 152.55 911.231 219.61 1.13987481416 0.616932991752 0.640999597788 6.43849906636 0.37627110774 17.6673942969 0.00753464155925 0.0070582
pedestrian -1 -1 -10 749.49 155.11 762.539 199.309 0.0999890208244 0.0 0.0 9.25827300931 0.442782472265 44.3516520651 0.0 0.0059037
pedestrian -1 -1 -10 741.64 160.06 752.762 191.456 0.0999890208244 0.0529955978769 0.150000526288 9.39897955386 -0.322994007717 49.0380729382 0.00753464155925 0.0052923
pedestrian -1 -1 -10 907.61 178.02 938.894 244.985 0.969893447167 1.06988343744 0.383999706977 6.24183773143 1.37951650275 13.9527551958 0.00753464155925 0.0032855
pedestrian -1 -1 -10 734.34 160.92 749.491 193.305 0.326964096189 0.167984678717 0.410999649121 8.09066828407 -0.0924421384046 42.9428566443 0.00753464155925 0.0031517
pedestrian -1 -1 -10 876.34 150.58 922.482 246.015 1.39584679412 0.804912123043 0.763999705095 8.96933674588 1.26019830062 21.8827202077 0.00753464155925 0.0029075
pedestrian -1 -1 -10 876.81 148.16 892.777 190.553 1.13987481416 0.523942767307 0.640999597788 6.43814874567 0.375582788889 17.6209005044 0.00753464155925 0.0027413
pedestrian -1 -1 -10 247.48 168.17 263.977 204.131 2.3677400198 1.18087038563 0.113999331864 -8.8446507294 1.55030580072 18.2493234107 0.00753464155925 0.0011283
pedestrian -1 -1 -10 653.17 157.29 668.432 193.265 0.0999890208244 0.0 0.0 5.91654613833 0.0656965072264 75.1396556076 0.0 0.0010299
pedestrian -1 -1 -10 727.74 159.65 745.178 193.111 0.299967050554 0.297967691849 0.320000073705 7.38822719894 0.397800654717 41.5755017064 0.00753464155925 0.00096038
pedestrian -1 -1 -10 665.98 155.48 687.819 196.452 0.100988927959 0.157979823871 0.592999753626 7.08404429306 0.571621799749 73.4911510171 0.00753464155925 0.00083664
pedestrian -1 -1 -10 904.33 164.96 964.3 269.36 1.16687182999 1.18587090591 0.383999706977 6.24002916826 1.37608232685 13.7222458641 0.00753464155925 0.00067061
pedestrian -1 -1 -10 864.17 154.72 889.46 210.8 1.34185261252 0.940896904799 1.16299951238 3.34155159897 1.3093873987 9.09922713272 0.00753464155925 0.00036343
pedestrian -1 -1 -10 904.2 150.76 923.429 194.89 1.96678402341 0.512944292679 0.558000393764 12.0067694423 0.944238794134 28.3666338898 0.00753464155925 0.00036205
pedestrian -1 -1 -10 743.25 153.02 795.304 211.954 1.86679503834 0.67192727203 0.723999755487 6.54366871497 0.913664226095 28.5050229737 0.00753464155925 0.00034013
pedestrian -1 -1 -10 936.46 182.75 955.223 252.989 1.0718823508 1.04988517058 0.370999699512 6.2440210974 1.27621809591 13.3939456986 0.00753464155925 0.00031486
pedestrian -1 -1 -10 918.26 173.45 954.412 258.729 1.16687182999 1.15687284683 0.383999706977 6.23979185633 1.37561605044 13.690750346 0.00753464155925 0.00030119
pedestrian -1 -1 -10 870.12 183.35 892.179 240.248 1.34185261252 0.886902919291 0.97899955345 3.43418933947 1.31057862113 9.18352278171 0.00753464155925 0.00029527
pedestrian -1 -1 -10 829.69 155.87 841.418 188.214 0.625931278347 0.322964571846 0.0349998366982 9.53699514644 0.203208151083 29.6754667421 0.00753464155925 0.00017481
pedestrian -1 -1 -10 929.53 169.66 980.022 278.53 1.93978703737 1.12187683341 0.370999699512 6.21325865486 1.26936939499 12.9366390894 0.00753464155925 2.6238e-05
pedestrian -1 -1 -10 857.39 162.25 882.685 214.365 0.799912183544 0.783914514989 0.981999811931 3.30991375276 0.769491163245 9.23996507996 0.00753464155925 1.6168e-05
