pedestrian -1 -1 -10 1180.2 127.17 1203.26 184.136 2.10876845252 0.374958921383 0.927999212388 17.3901448244 1.08697732222 21.2120282936 0.00753464155925 0.034837
pedestrian -1 -1 -10 635.88 173.72 647.651 205.515 0.3359631114 0.0119959086888 0.0210001404374 2.34867372575 1.60545676593 45.8584504519 0.00753464155925 0.026788
pedestrian -1 -1 -10 624.28 175.03 638.77 209.546 0.347961788416 0.149985094265 0.00699996733965 2.34274578133 0.578405590385 52.4807013667 0.00753464155925 0.0096282
pedestrian -1 -1 -10 962.83 153.44 975.087 195.316 1.02488747537 0.306965576935 0.282001409037 16.8157965956 1.18795106337 33.3335089881 0.00753464155925 0.0034961
pedestrian -1 -1 -10 926.82 169.37 938.467 196.294 1.31485565722 0.248969458775 0.232000279934 17.1032678356 1.3506576301 37.5136587441 0.00753464155925 0.00087746
pedestrian -1 -1 -10 101.3 137.07 122.789 186.707 0.581936094523 0.71492182934 0.787997958247 -23.8686593642 -0.721764713905 35.4512988357 0.00753464155925 0.00082171
pedestrian -1 -1 -10 114.36 119.0 150.836 204.398 0.319964835647 0.137985371297 0.208999569812 -23.5299746087 -0.170614183185 35.8072007246 0.00753464155925 0.00045525
pedestrian -1 -1 -10 1164.1 131.12 1199.82 194.297 2.26875091207 0.864905016466 0.815000284576 17.0769132443 1.25758658434 21.2400500677 0.00753464155925 0.00039282
pedestrian -1 -1 -10 1194.9 132.86 1217.91 186.451 0.347961818215 0.198979513059 0.595001038566 32.7154215493 -0.883443644188 38.7741298915 0.00753464155923 0.00032666
pedestrian -1 -1 -10 107.03 131.62 128.689 179.657 0.581936094523 0.71492182934 0.787997958247 -23.8686593642 -0.721764713905 35.4512988357 0.00753464155925 0.00022071
pedestrian -1 -1 -10 59.629 135.06 92.488 201.693 1.93178786969 0.990890664794 1.13100017259 -22.3176320893 0.720321611426 30.5235777748 0.00753464155925 8.6927e-05
pedestrian -1 -1 -10 83.05 198.55 123.343 257.71 0.620931846973 1.02288865462 0.197999893613 -16.3623827068 1.87615523721 23.3809161373 0.00753464155925 6.1803e-05
pedestrian -1 -1 -10 94.104 191.69 141.587 257.696 0.300966927889 0.95689399257 0.104000059717 -16.3392135058 1.75228168425 24.0643013832 0.00753464155925 3.0108e-05
pedestrian -1 -1 -10 97.879 204.06 124.445 278.521 0.820909817104 0.705922037114 0.711999675237 -12.3961565585 2.00300316198 18.7414984189 0.00753464155925 1.3015e-05
