pedestrian -1 -1 -10 723.8 136.31 796.221 320.86 1.93399131596 0.622999245929 0.754997160186 1.48978103517 1.47059400914 7.496755569 0.00692802392802 0.99368
pedestrian -1 -1 -10 726.49 135.31 776.257 264.58 1.93399131596 0.622999245929 0.754997160186 1.48978103517 1.47059400914 7.496755569 0.00692802392802 0.00050167
pedestrian -1 -1 -10 750.39 157.15 784.026 324.86 1.93399131596 0.622999245929 0.754997160186 1.48978103517 1.47059400914 7.496755569 0.00692802392802 0.00028306
pedestrian -1 -1 -10 691.28 138.86 712.715 182.743 1.80099198371 0.480000170625 1.17899559285 2.06090885509 0.905015353448 14.4918910265 0.00692802392802 0.0002403
pedestrian -1 -1 -10 672.53 163.69 689.85 201.003 0.673996958137 0.324998635346 0.0659998561183 2.09066747133 -0.354221467432 18.1234655028 0.00692802392802 0.00021184
pedestrian -1 -1 -10 680.5 156.27 701.684 198.079 2.05999082923 0.574999419601 1.12299580885 1.86194244446 1.16461665759 14.445919974 0.00692802392802 8.7133e-05
pedestrian -1 -1 -10 685.39 148.97 709.478 195.483 1.95899121016 0.497999807475 1.19399564143 1.97356682724 1.06326565712 14.4835882668 0.00692802392802 7.1341e-05
pedestrian -1 -1 -10 698.28 146.22 715.938 193.439 2.05999082923 0.591999606444 1.18799550279 2.15937524749 1.16380846695 14.4353580704 0.00692802392802 5.6206e-05
pedestrian -1 -1 -10 231.25 203.18 256.188 253.934 2.16799026728 1.194998885 1.19699553193 -7.0091802181 1.24473299784 13.8763950752 0.00692802392802 3.2966e-05
pedestrian -1 -1 -10 1050.9 275.05 1074.57 333.644 0.925995835662 0.342999702707 0.370998658383 3.23630572297 1.48925115338 5.33821045158 0.00692802392802 2.3818e-06
pedestrian -1 -1 -10 1198.4 228.46 1223.4 313.143 0.905995944142 0.315999770595 0.935996355595 4.58827664848 1.40158064754 5.28725260519 0.00692802392802 1.9003e-07
