pedestrian -1 -1 -10 481.3 136.0 547.901 332.08 1.84999175966 0.79899972175 0.981996335689 -0.731186868644 1.40259961838 6.72709328668 0.00692802392802 0.9932
pedestrian -1 -1 -10 542.11 149.16 615.307 337.15 1.65899259895 1.01199939811 0.887996686293 -0.407230488233 1.38858761051 6.8314461821 0.00692802392802 0.93622
pedestrian -1 -1 -10 516.76 162.42 556.949 268.54 1.87499162406 0.733999708578 1.19299550532 -0.619880628903 1.42733067294 6.69383553639 0.00692802392802 0.44925
pedestrian -1 -1 -10 492.75 145.74 593.36 313.47 1.86899160892 0.772999716481 1.18799552863 -0.566255296492 1.42116086341 6.71296082463 0.00692802392802 0.34958
pedestrian -1 -1 -10 545.42 157.05 591.931 297.82 1.83899177164 1.11099930814 0.982996298571 -0.454628908242 1.3906606254 6.88117351514 0.00692802392802 0.22484
pedestrian -1 -1 -10 545.91 168.51 569.691 257.408 1.84199177921 1.06399893181 1.09399588319 -0.509960422067 1.39378591856 6.90505953352 0.00692802392802 0.19993
pedestrian -1 -1 -10 549.44 179.45 566.445 231.774 1.84199177921 1.06399893181 1.09399588319 -0.509960422067 1.39378591856 6.90505953352 0.00692802392802 0.18165
pedestrian -1 -1 -10 534.29 160.8 575.04 274.66 1.84199177921 1.11099930814 1.12399574193 -0.525122799689 1.39385449637 6.88166387634 0.00692802392802 0.17436
pedestrian -1 -1 -10 185.28 153.9 223.397 250.278 1.73499223441 0.970999059688 1.17899547364 -7.21774564176 1.3233619982 12.9571605531 0.00692802392802 0.17108
pedestrian -1 -1 -10 98.938 162.16 113.302 215.232 1.50599325597 0.617999611713 0.659997369094 -16.0694528756 0.864892292587 23.3428406928 0.00692802392802 0.12678
pedestrian -1 -1 -10 443.45 163.17 458.115 202.001 1.8739916116 0.68599845174 1.17399585481 -4.8982478787 0.664089355871 23.3359993945 0.00692802392802 0.10076
pedestrian -1 -1 -10 1189.8 194.69 1219.94 275.495 2.08699065894 1.19699873869 1.19499616124 7.97263894898 1.25465385055 9.29754732252 0.00692802392802 0.10073
pedestrian -1 -1 -10 535.96 171.91 559.557 249.758 1.84699175209 0.808999467018 1.15599565635 -0.549161406016 1.39909332583 6.73082985569 0.00692802392802 0.092884
pedestrian -1 -1 -10 781.07 157.38 798.049 196.369 1.87799160182 0.518001205359 0.233999327316 9.04795510521 0.191412878904 35.7611354405 0.00692802392802 0.085403
pedestrian -1 -1 -10 527.18 167.8 549.698 248.135 1.87499162406 0.74199960016 1.19099556838 -0.6118531681 1.42730402246 6.69777993726 0.00692802392802 0.06251
pedestrian -1 -1 -10 745.95 148.15 768.021 193.567 0.386998270452 0.194999562677 0.414998403517 9.57343851983 0.0126596514489 43.8998553063 0.00692802392802 0.055617
pedestrian -1 -1 -10 789.53 155.86 807.953 195.9 1.53699310571 0.6519999854 0.735997297334 7.94352133124 0.653407541913 28.8153506477 0.00692802392802 0.028336
pedestrian -1 -1 -10 188.7 161.97 243.273 233.64 1.73499223441 0.755999052801 1.15199562462 -7.05650553196 1.32279562938 13.0635455299 0.00692802392802 0.027657
pedestrian -1 -1 -10 457.46 140.22 533.556 274.34 1.84999175966 0.797999794907 0.808996977441 -0.817687933705 1.40283806066 6.72719287898 0.00692802392802 0.025089
pedestrian -1 -1 -10 733.09 139.21 756.392 193.23 0.10099953562 0.0769996121257 0.268999043303 10.9190442614 -0.899408881701 52.0778381813 0.00692802392802 0.01347
pedestrian -1 -1 -10 549.01 152.4 566.495 208.45 0.301998656988 0.0179996368499 0.20199914421 -1.77359572746 -0.0478258510959 31.4676385846 0.00692802392802 0.013015
pedestrian -1 -1 -10 739.52 155.86 758.309 194.911 0.386998270452 0.194999562677 0.414998403517 9.57343851983 0.0126596514489 43.8998553063 0.00692802392802 0.012801
pedestrian -1 -1 -10 784.19 149.6 802.471 191.599 1.53699310571 0.735999562265 0.806996653074 7.90773153289 0.653554005604 28.7735979214 0.00692802392802 0.012598
pedestrian -1 -1 -10 518.83 158.57 543.699 248.936 1.87499162406 0.689999589623 1.15499568649 -0.645032372951 1.42742500459 6.67200928357 0.00692802392802 0.012311
pedestrian -1 -1 -10 531.8 162.37 554.724 222.353 1.86899160892 0.762999494376 1.18799552863 -0.566289937103 1.42116667845 6.70796083357 0.00692802392802 0.011155
pedestrian -1 -1 -10 570.86 165.38 614.536 261.498 1.65399262607 0.860999477555 0.749997193042 -0.337030363999 1.38319495859 7.00546075612 0.00692802392802 0.0081556
pedestrian -1 -1 -10 1177.7 198.41 1211.2 269.99 2.08499063402 1.19799914237 1.19299536004 7.90613852364 1.25475493819 9.36951043893 0.00692802392802 0.0075869
pedestrian -1 -1 -10 735.72 140.19 783.724 196.902 0.330998586118 0.27000027479 0.770997013321 10.5425901494 -1.44716524562 46.650044781 0.00692802392802 0.0047528
pedestrian -1 -1 -10 560.13 192.17 595.637 321.51 1.65899259895 1.01199939811 0.898996622576 -0.412730324261 1.38860273458 6.8314843033 0.00692802392802 0.0047477
pedestrian -1 -1 -10 576.58 172.02 600.644 249.362 1.65399262607 0.982999135479 0.79399699778 -0.359452342806 1.38332639669 6.94461487607 0.00692802392802 0.0046365
pedestrian -1 -1 -10 508.89 158.29 546.692 305.47 1.8809916392 0.708999630153 1.12399580712 -0.660457850925 1.43345659382 6.68161994024 0.00692802392802 0.0045038
pedestrian -1 -1 -10 364.96 177.88 383.011 221.453 2.00399102569 0.550000771686 1.00099616874 -5.6354453321 1.00812826367 17.2122803861 0.00692802392802 0.0040164
pedestrian -1 -1 -10 723.62 120.0 763.021 197.121 0.239998912811 0.0610007826357 0.0829998714375 5.7775664959 -0.993513524846 28.7216927693 0.00692802392802 0.0033695
pedestrian -1 -1 -10 114.84 148.28 149.739 205.561 0.0999995529652 0.0 0.0 -43.9039360912 -0.475698323828 66.4879996985 0.0 0.0033537
pedestrian -1 -1 -10 164.72 151.19 210.332 236.502 1.73499223441 0.755999052801 1.03099626589 -7.57099114405 1.32421041978 13.0671116012 0.00692802392802 0.0033468
pedestrian -1 -1 -10 783.51 151.49 814.166 200.184 1.53699310571 0.6519999854 0.735997297334 7.94352133124 0.653407541913 28.8153506477 0.00692802392802 0.0031812
pedestrian -1 -1 -10 290.94 157.48 302.435 191.102 0.102999560535 0.481998116964 0.289999826566 -22.5180196162 -0.853555302257 53.2670709345 0.00692802392803 0.0030673
pedestrian -1 -1 -10 163.68 147.52 244.23 249.63 1.73499223441 0.970999059688 1.14699552895 -7.27474398034 1.32351873865 12.9575556276 0.00692802392802 0.0026389
pedestrian -1 -1 -10 798.85 150.84 813.457 194.187 0.100999595225 0.0320014736746 0.187999019398 15.3030845728 -1.20904029273 52.5496196921 0.00692802392802 0.0025293
pedestrian -1 -1 -10 296.58 158.43 308.319 191.871 0.102999560535 0.481998116964 0.289999826566 -22.5180196162 -0.853555302257 53.2670709345 0.00692802392803 0.0019262
pedestrian -1 -1 -10 1172.4 196.74 1198.89 249.183 2.08499063402 1.16299931867 1.18399556931 7.86729455743 1.25475365363 9.46428242709 0.00692802392802 0.0017903
pedestrian -1 -1 -10 554.22 147.17 569.962 202.582 1.77099211663 0.97599917074 1.05299602857 -0.489254060291 1.32267871323 6.94887566129 0.00692802392802 0.0016921
pedestrian -1 -1 -10 767.08 141.42 798.69 195.5 1.64899259359 0.621001776426 0.578997345189 9.09548400768 0.19516695903 35.8624457459 0.00692802392802 0.001452
pedestrian -1 -1 -10 118.3 151.56 136.12 191.155 0.10099953562 0.178996918493 0.3619981524 -23.521659923 -0.889907960427 35.0140340418 0.00692802392801 0.0014266
pedestrian -1 -1 -10 563.45 154.23 598.922 275.76 1.65899259895 1.06399893181 0.867996720862 -0.396725003033 1.38847521419 6.90437526181 0.00692802392802 0.0011709
pedestrian -1 -1 -10 549.88 144.59 577.527 225.559 1.82499189526 0.978999428106 1.04099610891 -0.483190176024 1.37666373751 6.94736486717 0.00692802392802 0.0010796
pedestrian -1 -1 -10 541.11 152.12 561.286 198.734 0.10099953562 0.0639991326546 0.167999351989 -3.30893096728 -0.841305644169 51.3219581935 0.00692802392802 0.00099609
pedestrian -1 -1 -10 495.63 144.48 536.221 299.69 1.84999175966 0.81399957807 0.993996285145 -0.725135078774 1.40257439708 6.73455144802 0.00692802392802 0.00096218
pedestrian -1 -1 -10 728.75 128.08 747.171 177.737 1.66599259675 0.475000059573 0.713997305559 2.61614494006 0.750325530655 14.6304467893 0.00692802392802 0.00092059
pedestrian -1 -1 -10 727.72 145.58 748.821 195.55 1.94699129909 0.482999474318 0.688997542485 2.62905970609 1.03128520866 14.6345204797 0.00692802392802 0.00089882
pedestrian -1 -1 -10 130.77 140.48 216.589 257.98 0.0999995529652 0.127002629998 0.00499914199461 -22.5694563424 -0.180456112327 37.5713256933 0.00692802392801 0.00088665
pedestrian -1 -1 -10 911.05 123.93 931.154 179.846 1.6189927265 0.700000288565 0.984995957976 10.1042865062 0.340679127433 22.4928143581 0.00692802392802 0.00085509
pedestrian -1 -1 -10 12.459 148.81 32.424 216.05 1.87999162674 0.424998949048 0.59999622111 -19.932798696 0.801655086946 24.9948552811 0.00692802392803 0.00081557
pedestrian -1 -1 -10 754.93 140.75 775.581 188.421 0.10199957788 0.233001551084 0.119999434956 12.471694555 -0.9078775447 52.2410767663 0.00692802392802 0.0007365
pedestrian -1 -1 -10 62.432 157.56 97.791 226.612 2.19999012947 0.325000542694 0.368998095598 -13.6407886672 1.06372025627 18.510223177 0.00692802392802 0.0006781
pedestrian -1 -1 -10 214.28 159.24 234.726 208.157 0.0999995529652 0.0 0.0 -20.8667180916 -0.18649669983 39.6210713745 0.0 0.00051753
pedestrian -1 -1 -10 556.58 166.11 573.315 244.052 2.08699062914 0.686999809094 1.03899610306 -0.202531383615 1.54227304605 4.86340952657 0.00692802392802 0.00048839
pedestrian -1 -1 -10 282.41 156.23 293.068 191.386 0.372998334467 0.508998525913 0.214997437915 -23.1798925511 -0.174257692243 52.8557791362 0.00692802392802 0.00046137
pedestrian -1 -1 -10 337.95 159.9 389.967 216.53 1.86999162138 0.648999728034 0.72199741094 -7.25443037489 0.732279348788 20.9828473056 0.00692802392802 0.00041463
pedestrian -1 -1 -10 273.47 152.4 311.63 208.245 0.903995957877 0.396999090093 0.698996780145 -10.3528097653 0.740881715332 23.5589479523 0.00692802392802 0.0004134
pedestrian -1 -1 -10 355.18 168.5 395.331 221.902 2.00399102569 0.550000771686 1.00099616874 -5.6354453321 1.00812826367 17.2122803861 0.00692802392802 0.00039506
pedestrian -1 -1 -10 302.49 158.19 320.442 204.749 0.343998464942 0.464000387461 0.446998825041 -19.4199525596 -0.188658411024 47.63810398 0.00692802392803 0.00031637
pedestrian -1 -1 -10 719.11 147.4 744.054 219.634 1.95699130446 0.767999128592 0.835996826465 2.55656009536 1.04032161925 14.777530901 0.00692802392802 0.00030424
pedestrian -1 -1 -10 435.25 160.71 452.54 205.604 0.100999548659 0.130000980016 0.201998905792 -5.84972605578 -0.0572486403316 27.6778904451 0.00692802392802 0.00029519
pedestrian -1 -1 -10 232.49 159.24 276.659 229.886 2.07499074787 0.690999516466 0.739996992398 -10.2326886154 0.904718443168 20.7855566313 0.00692802392802 0.00027754
pedestrian -1 -1 -10 466.28 133.51 505.092 257.34 0.853996171802 0.557998279083 0.660997769696 -4.01276191795 0.65955750841 23.418454959 0.00692802392802 0.00025888
pedestrian -1 -1 -10 764.47 141.56 782.917 190.553 2.14399038553 0.735000112258 0.68499689375 9.04213060647 0.4573777828 35.8058318827 0.00692802392802 0.00022018
pedestrian -1 -1 -10 492.18 195.91 533.368 331.76 1.84999175966 0.853999512816 0.958996420147 -0.742496031766 1.40259925959 6.75467223038 0.00692802392802 0.00021397
pedestrian -1 -1 -10 906.86 111.64 935.857 192.421 1.6189927265 0.700000288565 0.984995957976 10.1042865062 0.340679127433 22.4928143581 0.00692802392802 0.00019427
pedestrian -1 -1 -10 535.07 153.38 554.812 193.453 1.20299466699 0.801000052273 0.6809973775 -1.13932478549 0.441081645514 10.7852789704 0.00692802392802 0.00018583
pedestrian -1 -1 -10 286.24 155.0 329.142 209.143 0.0999995529652 0.0 0.0 -15.0880697743 0.0468940741954 36.7132367569 0.0 0.00018089
pedestrian -1 -1 -10 771.14 118.29 809.351 197.505 0.355998450517 0.151000874233 0.517998657615 14.1936081675 -1.62315580363 52.7001793059 0.00692802392802 0.00017314
pedestrian -1 -1 -10 566.87 162.57 591.794 244.817 1.65899259895 0.998999395479 0.883996693206 -0.404499639668 1.38845941625 6.93692969927 0.00692802392802 0.00014876
pedestrian -1 -1 -10 184.24 151.0 293.39 246.005 0.10699955076 0.43300027114 0.850996636625 -14.367936061 0.579456336022 28.3681581596 0.00692802392802 0.00012776
pedestrian -1 -1 -10 556.07 138.51 584.918 241.6 1.92599133551 0.328999773229 0.769997115632 -0.334247380289 1.3818000752 4.72022569492 0.00692802392802 0.00011656
pedestrian -1 -1 -10 904.38 133.28 931.871 210.658 2.08299066871 0.700000288565 0.984995957976 10.1049263225 0.804677069642 22.4930797427 0.00692802392802 0.00010472
pedestrian -1 -1 -10 303.07 151.57 365.253 215.125 0.0999995529652 0.193000662665 0.367998648667 -15.3521155989 -0.204272606155 40.9913802133 0.00692802392802 0.00010161
pedestrian -1 -1 -10 490.79 261.49 514.766 323.873 1.85899166316 0.947999311785 0.803997000985 -0.819212465182 1.41168318432 6.86621186329 0.00692802392802 9.3494e-05
pedestrian -1 -1 -10 790.78 139.86 810.759 188.95 1.53699310571 0.621999319085 0.70799704771 7.95762504159 0.653351598591 28.8302535836 0.00692802392802 8.9395e-05
pedestrian -1 -1 -10 247.19 148.54 305.467 226.934 0.898995980108 0.294000426373 0.631997596305 -10.5476768117 0.741315220417 23.6498031112 0.00692802392802 8.0159e-05
pedestrian -1 -1 -10 1184.3 193.22 1207.3 246.914 2.08499063402 1.19899859237 1.19799497887 7.90353832112 1.25477867513 9.35502845901 0.00692802392802 5.7702e-05
pedestrian -1 -1 -10 316.59 153.36 358.202 195.172 0.0999995529652 0.108001635794 0.131000026888 -17.3567397665 -0.435265553633 47.5656628467 0.00692802392802 5.2841e-05
pedestrian -1 -1 -10 522.5 208.75 573.873 332.7 1.06299527735 0.703999995937 0.61699772654 -1.10785478339 0.301050665957 10.736478237 0.00692802392802 4.7506e-05
pedestrian -1 -1 -10 429.95 155.96 445.532 206.826 1.55399304926 0.785998765442 0.543998106037 -5.97092117498 0.420980668392 26.0174010817 0.00692802392802 3.4312e-05
pedestrian -1 -1 -10 328.63 146.78 374.988 209.747 1.86999162138 0.815999431756 0.972996395949 -7.38050533713 0.732721562003 20.9002193156 0.00692802392802 3.2955e-05
pedestrian -1 -1 -10 583.27 163.39 610.568 241.379 1.65399262607 0.880999444928 0.7059973287 -0.315100239856 1.38314609196 6.99530852722 0.00692802392802 3.0829e-05
pedestrian -1 -1 -10 31.318 136.14 55.564 187.981 0.106999610364 0.16299999635 0.67499670242 -21.4869869059 -1.0410270924 27.5895746732 0.00692802392801 2.5748e-05
pedestrian -1 -1 -10 315.51 164.57 350.045 216.946 0.456997965276 0.149000066873 0.63599824504 -10.3858918533 0.499770856768 27.2332461521 0.00692802392803 2.2613e-05
pedestrian -1 -1 -10 366.97 154.3 410.184 214.028 0.0999995529652 0.0820006768518 0.0919996621668 -10.0187840534 -0.224603593439 33.667727714 0.00692802392802 1.9048e-05
pedestrian -1 -1 -10 678.97 133.07 702.259 188.466 0.601997283101 0.86699808494 0.79899678611 3.27792648985 -0.723175086242 26.5840616105 0.00692802392802 1.7605e-05
pedestrian -1 -1 -10 482.08 222.34 521.914 328.68 1.84999175966 0.859999550712 0.856996805068 -0.793473830211 1.40273601226 6.75802566552 0.00692802392802 1.3416e-05
pedestrian -1 -1 -10 224.36 172.19 292.911 239.269 0.851996254921 0.208999492155 0.736997697936 -8.70186187261 1.02910030812 18.5147502704 0.00692802392802 4.8557e-06
pedestrian -1 -1 -10 538.61 125.94 562.777 186.443 0.100999476016 0.0260009589422 0.0819997092538 -3.49549689771 -2.12560743575 52.9047982402 0.00692802392802 3.8522e-06
pedestrian -1 -1 -10 594.57 155.33 622.962 218.117 0.597997322679 0.302999291124 0.348998696409 0.667332429444 0.581388986442 27.1446814226 0.00692802392802 2.0207e-06
pedestrian -1 -1 -10 651.78 149.38 692.163 195.898 0.44299801439 0.342998272196 0.455998377352 3.01546818907 -0.722752455912 26.8479794561 0.00692802392802 2.0126e-06
