pedestrian -1 -1 -10 304.46 175.61 330.116 254.924 0.108987976438 0.27097022231 0.229999471831 -10.9036480124 1.40953402122 26.4023273739 0.00753464155925 0.011165
pedestrian -1 -1 -10 201.66 226.9 250.839 353.83 1.30485676467 1.18087038563 0.729999795612 -3.37411434575 1.56398535999 5.88633518034 0.00753464155925 0.00068405
pedestrian -1 -1 -10 173.15 223.96 233.388 347.69 1.3028568908 1.04788505783 0.813999642106 -3.41705164837 1.56017315457 5.76218312273 0.00753464155925 0.00033997
pedestrian -1 -1 -10 641.31 173.25 658.778 228.121 0.208977050901 0.0559936214792 0.146999910179 1.52559153133 0.571870739446 17.900153488 0.00753464155925 1.4161e-05
pedestrian -1 -1 -10 996.63 149.06 1086.79 253.76 1.48883654844 1.19586908577 0.375999812423 2.77606728699 1.56457135672 4.8327088237 0.00753464155925 3.9441e-06
pedestrian -1 -1 -10 1018.4 180.98 1065.5 290.77 0.110987731108 0.301966963791 0.336000339651 14.6007727839 1.55633024743 25.0183327222 0.00753464155925 3.2583e-06
pedestrian -1 -1 -10 703.29 178.01 725.743 237.662 1.86679503834 1.09687995341 1.19899951472 2.40961651126 1.55344689377 16.1574936629 0.00753464155925 1.8281e-06
pedestrian -1 -1 -10 646.67 167.78 664.467 229.73 1.52283278757 0.831909592582 0.733999742889 1.3375802736 1.51589002896 16.3431064849 0.00753464155925 1.6813e-06
pedestrian -1 -1 -10 1033.0 153.98 1084.25 233.974 1.08988030672 0.42895290689 0.229999948668 6.00815994719 0.450662345924 9.70606736533 0.00753464155925 1.4061e-06
pedestrian -1 -1 -10 985.67 160.26 1049.05 236.693 0.457949725627 0.795914237957 0.660999095756 16.0298965636 1.14877280972 27.5445162385 0.00753464155925 6.3806e-07
pedestrian -1 -1 -10 962.4 165.05 1021.28 251.098 1.44784104132 1.19086951905 0.433999882406 2.71912762378 1.55458887725 5.37155631456 0.00753464155925 1.2422e-07
pedestrian -1 -1 -10 1105.4 178.2 1208.26 284.97 1.52683231926 1.19786872174 0.867999764812 3.0270090458 1.60850787091 3.75830088154 0.00753464155925 1.804e-09
