pedestrian -1 -1 -10 1031.2 226.86 1051.4 279.787 2.00178020692 0.701922765171 1.06399932716 4.91911296705 1.4099056104 8.32613127522 0.00753464155925 0.019488
pedestrian -1 -1 -10 939.12 136.6 957.822 181.535 1.91778943801 0.777914653505 1.04499975641 10.4695736869 1.01821150646 22.2894185194 0.00753464155925 0.008798
pedestrian -1 -1 -10 944.32 131.09 962.161 172.677 1.59682467139 0.301966963791 0.397999641656 10.5411286171 0.695536068899 22.1792646406 0.00753464155925 0.0047181
pedestrian -1 -1 -10 1016.7 218.48 1047.82 287.033 1.99378106904 0.9278987942 1.094999455 4.90446219157 1.40359044493 8.43929193212 0.00753464155925 0.0037574
pedestrian -1 -1 -10 949.88 132.54 968.168 175.811 0.404955481893 0.158982979351 0.107999768576 11.8663026373 -0.546539965783 24.1206141199 0.00753464155925 0.0037109
pedestrian -1 -1 -10 955.82 128.16 972.857 171.644 0.649928647278 0.491944777485 0.28999987308 12.7338437056 -0.343497507424 25.5105776638 0.00753464155925 0.0010239
pedestrian -1 -1 -10 848.97 179.47 889.629 256.557 1.96878383767 0.734918189055 1.19499932902 7.91049384777 1.37046910827 21.7252834824 0.00753464155925 0.00095933
pedestrian -1 -1 -10 64.696 156.43 83.788 214.544 2.10976832986 0.662927479804 0.803999654704 -8.55927154421 1.40648892617 11.654483109 0.00753464155925 0.00071827
pedestrian -1 -1 -10 65.274 155.04 94.256 232.106 2.0617736218 0.717921760083 0.789999720024 -8.53807985588 1.35888599938 11.6821768508 0.00753464155925 0.00024816
pedestrian -1 -1 -10 976.67 211.89 1010.71 293.586 0.903900768278 1.17887074966 0.949000068081 4.8183958227 1.38378706674 8.77871327512 0.00753464155925 0.00011254
pedestrian -1 -1 -10 27.604 163.57 61.604 231.559 0.96889362943 0.422953998976 0.137000041986 -14.0108061302 0.905464302589 18.3094436159 0.00753464155925 0.00011018
pedestrian -1 -1 -10 985.89 162.12 1004.8 213.115 2.00278002465 1.17887074966 1.17299949979 5.07025203019 1.38783637006 9.47598517178 0.00753464155925 8.057e-05
pedestrian -1 -1 -10 984.27 152.76 1014.33 208.655 2.00278002465 1.17587081891 1.11599935702 5.09852151977 1.38736415198 9.44527549149 0.00753464155925 6.4945e-05
pedestrian -1 -1 -10 790.64 157.88 812.287 213.557 2.13776525283 0.997891774618 1.14199937195 6.17391604177 1.26946499453 22.8027604507 0.00753464155925 2.2876e-05
pedestrian -1 -1 -10 861.34 208.81 887.909 257.331 0.773915045974 1.18986922428 0.622999477413 4.43362285044 1.40677741432 11.3271614885 0.00753464155925 1.3481e-05
pedestrian -1 -1 -10 119.85 197.78 137.911 255.31 2.07277233208 0.735919437395 0.61799984134 -8.40817482611 1.37050655437 12.0671603642 0.00753464155925 7.7605e-06
