pedestrian -1 -1 -10 1005.6 225.48 1064.13 346.47 1.58482593477 0.846907339153 0.865999671964 2.80179955803 1.67497097533 4.65806705976 0.00753464155925 0.0050081
pedestrian -1 -1 -10 1101.2 133.48 1114.9 185.918 1.91978919268 0.614932402211 0.728999868397 14.2726662351 0.978367894692 20.2975967515 0.00753464155925 0.001639
pedestrian -1 -1 -10 1092.8 155.34 1117.56 201.985 2.07177251434 0.614932402211 0.728999868397 14.2727130969 1.13035121636 20.2964713776 0.00753464155925 0.0011919
pedestrian -1 -1 -10 1107.2 172.07 1163.78 278.18 1.38484797954 0.748918501564 1.07899823538 17.7004883591 1.7734098987 24.0125566841 0.00753464155925 0.00087581
pedestrian -1 -1 -10 913.08 158.61 943.118 203.278 1.16387220171 0.904899643034 0.915999132138 13.8789029037 1.50237891497 30.9426808016 0.00753464155925 0.00045523
pedestrian -1 -1 -10 1096.2 170.15 1113.48 200.828 2.07177251434 0.580935729987 0.728999868397 14.272841172 1.13060286163 20.3134692312 0.00753464155925 0.00044489
pedestrian -1 -1 -10 1093.6 158.76 1127.19 218.477 2.07177251434 0.614932402211 0.728999868397 14.2727130969 1.13035121636 20.2964713776 0.00753464155925 0.00015922
pedestrian -1 -1 -10 211.5 183.53 229.229 220.797 2.471728693 0.541940444619 0.363000758632 -18.2010254469 1.7219827601 33.707673822 0.00753464155925 0.00010946
pedestrian -1 -1 -10 1085.8 157.28 1157.81 258.08 1.38484797954 0.612931812669 0.694999482076 17.5090067175 1.77455626945 24.0819926619 0.00753464155925 0.00010425
pedestrian -1 -1 -10 1107.6 163.23 1122.94 203.358 1.22986496627 0.41395420675 0.395000336849 21.1017401278 1.5654598557 29.6281395524 0.00753464155925 5.0492e-05
pedestrian -1 -1 -10 1050.8 161.12 1092.85 227.419 0.905900537847 0.532940652393 0.638999743359 18.1161389201 1.19399509338 27.8519878058 0.00753464155925 3.0018e-05
pedestrian -1 -1 -10 1027.6 164.35 1078.85 229.944 0.358960647695 0.0599948005618 0.149000122236 26.4677688695 1.65709627396 42.7187152554 0.00753464155925 2.4334e-05
pedestrian -1 -1 -10 1105.6 154.98 1156.03 223.927 1.38484797954 0.692922972945 1.01399962857 17.6682009267 1.77384804262 24.0407981717 0.00753464155925 1.3049e-05
pedestrian -1 -1 -10 205.07 166.02 230.273 216.849 2.89768192076 0.541940444619 0.363000758632 -18.2011567832 1.7219827601 33.7108278302 0.00753464155925 1.2429e-05
pedestrian -1 -1 -10 1186.9 177.57 1241.15 288.11 0.437951970332 0.54293978582 0.256999890812 16.2486361832 1.91996323753 19.5917081065 0.00753464155925 4.2201e-06
pedestrian -1 -1 -10 1102.8 152.57 1138.37 195.119 0.293967726945 0.28596796888 0.17199892501 23.6386307595 0.261847704297 33.2068909446 0.00753464155925 2.9361e-06
pedestrian -1 -1 -10 1007.4 167.26 1055.1 227.683 0.729919906849 1.00689156684 1.11799968828 17.2824351435 1.66207714766 29.2362281193 0.00753464155925 2.3665e-06
pedestrian -1 -1 -10 1212.7 185.5 1242.0 291.29 2.39273731076 0.645929143692 0.360000500151 11.1037024889 1.61475491691 13.0320485518 0.00753464155925 1.0177e-07
pedestrian -1 -1 -10 983.11 166.43 1037.88 225.955 0.734919353122 0.940896904799 0.818999993435 16.6422253667 1.67396938969 29.6749728104 0.00753464155925 9.2313e-08
pedestrian -1 -1 -10 1014.2 163.04 1067.22 249.292 0.719921014302 0.638931848147 1.1520000746 17.4640411802 1.64922135884 29.0509506621 0.00753464155925 8.7449e-08
