pedestrian -1 -1 -10 834.71 91.747 899.638 218.057 1.54783005619 0.773915381562 0.894999706956 3.71514978645 0.929653731787 10.4202399947 0.00753464155925 0.23978
pedestrian -1 -1 -10 20.906 118.41 57.143 191.217 0.104988467098 0.640928623409 0.312999629529 -41.7777252216 -0.494790744234 53.6078354164 0.00753464155926 0.0032198
pedestrian -1 -1 -10 34.697 123.58 55.157 185.406 0.108987976438 0.549938988505 0.105998960472 -40.9233179889 -0.995725214788 52.9762582848 0.00753464155924 0.0022109
pedestrian -1 -1 -10 194.66 126.02 223.539 198.097 0.113987541908 1.00888834211 0.715999384095 -30.833362428 -1.19216552458 56.4071593638 0.00753464155925 0.001765
pedestrian -1 -1 -10 41.986 125.12 59.532 180.204 1.50883434844 0.648929074434 0.484001011509 -17.4431597206 0.488791207467 23.1931409774 0.00753464155925 0.0012845
pedestrian -1 -1 -10 1077.5 100.12 1112.83 185.144 0.101988775495 0.0539911247983 0.271999275869 35.1309552461 -0.170161637033 51.4478009338 0.00753464155931 0.00075819
pedestrian -1 -1 -10 30.852 121.35 66.954 200.956 0.108987976438 0.549938988505 0.105998960472 -40.9233179889 -0.995725214788 52.9762582848 0.00753464155924 0.0005595
pedestrian -1 -1 -10 839.2 97.484 881.137 191.316 1.48783664131 0.773915381562 0.894999706956 3.71513128839 0.869660316908 10.4206842213 0.00753464155925 0.00052381
pedestrian -1 -1 -10 836.23 82.919 881.802 288.839 1.77780482316 0.773915381562 0.894999706956 3.71522069569 1.15962849875 10.4185371263 0.00753464155925 0.0001334
pedestrian -1 -1 -10 40.089 123.3 76.22 181.546 1.50883434844 0.648929074434 0.484001011509 -17.4431597206 0.488791207467 23.1931409774 0.00753464155925 3.5174e-05
pedestrian -1 -1 -10 370.7 154.56 387.754 200.494 0.365959848639 0.450950809716 0.705999158275 -16.6116038233 -0.754962130691 53.5000102209 0.00753464155925 2.7194e-05
pedestrian -1 -1 -10 832.93 108.17 858.675 178.792 1.48783664131 0.773915381562 0.722999828272 3.6291337832 0.869722931187 10.4213312669 0.00753464155925 3.7891e-06
