pedestrian -1 -1 -10 536.78 162.99 572.381 270.01 1.59199285209 0.662999657511 0.451998265057 -0.783576210392 1.38291737808 11.8217091752 0.00692802392802 0.99748
pedestrian -1 -1 -10 370.76 164.93 399.47 243.901 1.75999218822 0.88899933651 0.789996995381 -5.17462228135 1.33300180793 16.2140832858 0.00692802392802 0.99662
pedestrian -1 -1 -10 193.15 154.11 219.067 214.629 1.58899291903 0.391999932715 0.723997258472 -12.0090181957 0.848760054192 21.5365996302 0.00692802392802 0.99164
pedestrian -1 -1 -10 292.34 153.94 320.343 223.052 1.82799181342 0.48499837433 1.03399603719 -8.29967965938 1.11888031367 20.3565465568 0.00692802392802 0.97214
pedestrian -1 -1 -10 347.92 160.1 377.964 243.065 1.75699218065 0.943000154407 1.1179958324 -5.36180855669 1.33054742148 16.1883779342 0.00692802392802 0.97203
pedestrian -1 -1 -10 322.49 155.95 345.099 225.107 1.66899251491 0.783999865429 0.838997551433 -7.78928832718 1.22941537856 20.4077324799 0.00692802392802 0.94927
pedestrian -1 -1 -10 333.81 163.37 397.887 241.824 1.75899214596 0.943000154407 1.14099598636 -5.35030599816 1.33251576334 16.1882993692 0.00692802392802 0.72043
pedestrian -1 -1 -10 315.94 160.89 362.746 221.768 1.66899251491 0.783999865429 0.71299762021 -7.72628987488 1.22924213834 20.4072958166 0.00692802392802 0.49897
pedestrian -1 -1 -10 332.72 157.42 356.036 227.657 1.66899251491 0.783999865429 0.613998014846 -7.67679126123 1.22910602148 20.4069527252 0.00692802392802 0.36261
pedestrian -1 -1 -10 538.15 166.66 565.816 233.23 1.59199285209 0.662999657511 0.451998265057 -0.783576210392 1.38291737808 11.8217091752 0.00692802392802 0.17478
pedestrian -1 -1 -10 317.1 159.46 335.435 216.695 1.83699183613 0.737998462277 1.04999624795 -7.89514150703 1.12667927098 20.431249954 0.00692802392802 0.12174
pedestrian -1 -1 -10 339.19 161.11 365.607 229.473 1.7169922784 0.846999548077 0.924996717333 -5.4586934975 1.29086870171 16.1410247595 0.00692802392802 0.118
pedestrian -1 -1 -10 306.55 157.47 328.05 218.802 1.83699183613 0.737998462277 1.1969950551 -8.18863330144 1.12748634772 20.4332842435 0.00692802392802 0.092932
pedestrian -1 -1 -10 183.76 156.63 194.65 199.86 1.63899264038 1.13099975235 0.529998696478 -18.2532106284 0.0357068975311 31.3886264034 0.00692802392802 0.084136
pedestrian -1 -1 -10 562.44 162.79 577.759 206.061 1.06299524754 0.625999026458 0.580997788765 -1.30547509364 0.556563485493 32.6206853835 0.00692802392802 0.071966
pedestrian -1 -1 -10 358.55 161.2 377.58 226.607 1.75999218822 0.943000154407 1.11699590863 -5.33830486857 1.33348280734 16.1882167669 0.00692802392802 0.057852
pedestrian -1 -1 -10 168.16 155.48 186.765 199.698 1.59199282229 1.16599766869 0.147998254075 -18.0731416831 0.0331996776689 30.5238823286 0.00692802392802 0.057762
pedestrian -1 -1 -10 663.4 164.88 679.096 204.559 1.41999363005 0.915999745458 0.603997823516 3.52539831725 1.05687240196 34.6916427127 0.00692802392802 0.047618
pedestrian -1 -1 -10 338.46 157.5 351.453 203.274 1.09399509728 0.202001434763 0.582997993924 -10.427989434 0.397985741729 29.7666121986 0.00692802392802 0.044394
pedestrian -1 -1 -10 295.56 153.7 313.006 207.866 1.82799181342 0.48499837433 0.965996452751 -8.3336786349 1.11897380787 20.356782215 0.00692802392802 0.035838
pedestrian -1 -1 -10 206.92 158.04 229.21 202.93 0.533997508884 0.944999054419 0.122998729419 -18.1435549045 -1.11437747229 32.946210176 0.00692802392802 0.032465
pedestrian -1 -1 -10 550.75 165.03 575.151 249.753 1.59199285209 0.662999657511 0.451998265057 -0.783576210392 1.38291737808 11.8217091752 0.00692802392802 0.030863
pedestrian -1 -1 -10 284.7 156.18 304.954 209.926 1.82799181342 0.482000024311 0.732997049201 -8.45018592449 1.11929590767 20.3560905549 0.00692802392802 0.027197
pedestrian -1 -1 -10 372.75 161.03 396.316 212.722 1.75999218822 0.943000154407 0.770997490156 -5.16530981491 1.33300708608 16.1870176805 0.00692802392802 0.025461
pedestrian -1 -1 -10 147.36 155.97 184.581 200.493 2.03899089545 1.16599957604 0.570998908732 -17.8307584951 0.486481172667 29.6934503304 0.00692802392802 0.02304
pedestrian -1 -1 -10 354.9 158.55 370.808 193.902 1.66899251491 0.878999114405 1.0929958309 -5.37420790313 1.24254491277 16.2204139943 0.00692802392802 0.016666
pedestrian -1 -1 -10 277.45 153.65 316.887 209.565 1.82799181342 0.48499837433 0.799997186712 -8.4166762742 1.11920204411 20.3573574993 0.00692802392802 0.013917
pedestrian -1 -1 -10 366.88 163.23 386.554 224.145 1.75999218822 0.943000154407 0.941996851861 -5.25080744199 1.33324219707 16.187610293 0.00692802392802 0.013489
pedestrian -1 -1 -10 347.95 159.38 361.364 199.372 1.43799360096 0.563001251157 0.387998554493 -7.56406081034 0.997787652518 20.4135378483 0.00692802392802 0.013186
pedestrian -1 -1 -10 317.82 159.86 329.638 195.529 1.83699183613 0.737998462277 1.16199533911 -8.00813828445 1.12699000223 20.4320331723 0.00692802392802 0.010705
pedestrian -1 -1 -10 290.61 152.59 308.45 199.985 1.82799181342 0.48499837433 0.823996310767 -8.40467700041 1.11916904716 20.3572743284 0.00692802392802 0.010696
pedestrian -1 -1 -10 381.76 165.3 407.36 236.73 1.75999218822 0.69000006646 0.623997729342 -5.09093531171 1.33265785533 16.3130052486 0.00692802392802 0.010041
pedestrian -1 -1 -10 556.28 164.06 572.335 211.912 1.59199285209 0.662999657511 0.451998265057 -0.783576210392 1.38291737808 11.8217091752 0.00692802392802 0.0097651
pedestrian -1 -1 -10 558.86 164.25 578.388 229.461 1.59199285209 0.662999657511 0.451998265057 -0.783576210392 1.38291737808 11.8217091752 0.00692802392802 0.0092725
pedestrian -1 -1 -10 279.13 150.05 294.144 193.504 0.0999995529652 0.0720023620943 0.165000295944 -23.0624424222 -0.843743810201 52.1218293138 0.00692802392805 0.0088197
pedestrian -1 -1 -10 183.88 155.02 202.478 206.589 1.41399365962 1.1589996113 0.529998696478 -18.2516862417 -0.197603744656 31.6564835067 0.00692802392802 0.0076785
pedestrian -1 -1 -10 349.12 159.21 369.347 209.659 1.74799215794 0.846999548077 1.08599588771 -5.37815309961 1.32164721976 16.1404845339 0.00692802392802 0.0074067
pedestrian -1 -1 -10 537.14 166.23 555.871 214.39 1.59199285209 0.662999657511 0.451998265057 -0.783576210392 1.38291737808 11.8217091752 0.00692802392802 0.0058977
pedestrian -1 -1 -10 274.15 150.55 304.166 197.994 0.376998324692 0.0510024678782 0.0269984185173 -21.6456060316 -0.815698200126 49.5393211175 0.00692802392802 0.0045202
pedestrian -1 -1 -10 161.94 158.86 178.055 198.854 1.79799191654 1.16499821869 0.193999515664 -18.0531361453 0.239850917107 29.9063487342 0.00692802392802 0.0039289
pedestrian -1 -1 -10 670.57 158.43 689.38 206.614 0.361998406052 0.0690001973807 0.731997125435 5.58569974433 -0.857811431505 50.4256459769 0.00692802392802 0.0035711
pedestrian -1 -1 -10 552.12 165.55 564.679 214.322 1.59199285209 0.662999657511 0.451998265057 -0.783576210392 1.38291737808 11.8217091752 0.00692802392802 0.0027289
pedestrian -1 -1 -10 165.55 157.43 201.088 203.656 1.62899269462 1.17999950552 0.375998038795 -18.1791115675 0.0359841921392 30.9676089955 0.00692802392802 0.0019266
pedestrian -1 -1 -10 197.15 153.49 237.091 213.965 0.58799739182 0.459998772742 0.159999246608 -17.4238554636 0.526017319638 32.6205941177 0.00692802392803 0.0004901
pedestrian -1 -1 -10 812.45 166.41 829.394 204.76 1.00999549627 0.256999795319 0.295998415491 11.0596888737 0.866263126017 35.4189810581 0.00692802392802 0.00045691
pedestrian -1 -1 -10 18.381 163.16 54.474 212.576 1.87099166363 0.889998786516 0.567998660598 -18.0956700523 0.523090915925 22.8062560246 0.00692802392802 0.00043526
pedestrian -1 -1 -10 753.18 136.01 796.356 216.492 2.12999050915 0.875998857039 1.19199543627 7.27026903273 0.663840318428 29.1836916348 0.00692802392802 0.00015492
pedestrian -1 -1 -10 744.89 133.18 770.728 214.282 1.9469913587 0.515998490651 0.704997276412 6.88877441801 0.481683642978 29.3662339924 0.00692802392802 0.00015446
pedestrian -1 -1 -10 805.3 163.96 823.582 207.034 2.18699023575 0.343002086891 1.07699657381 11.0192123597 0.87877397655 35.9396024626 0.00692802392802 0.00013296
pedestrian -1 -1 -10 793.09 136.48 825.829 194.297 1.77499204725 0.63199954119 0.781996651582 8.30279654977 0.315493131627 28.7463285313 0.00692802392802 0.00012994
pedestrian -1 -1 -10 739.71 150.25 759.028 207.041 0.0999995529652 0.0480003031646 0.104999624795 7.49806325558 -0.0459623742251 34.5866010556 0.00692802392802 0.00011674
pedestrian -1 -1 -10 391.64 162.32 407.538 205.433 0.0999995529652 0.0810012268455 0.212998544054 -15.7961789153 -0.198292937454 55.1928158831 0.00692802392802 0.00011646
pedestrian -1 -1 -10 560.54 154.68 580.858 192.85 1.06299524754 0.625999026458 0.580997788765 -1.30547509364 0.556563485493 32.6206853835 0.00692802392802 9.8123e-05
pedestrian -1 -1 -10 801.0 128.77 821.624 167.509 0.29099868387 0.445998843264 0.577996944587 8.63234641737 -1.12200491098 27.5132065982 0.00692802392802 9.021e-05
pedestrian -1 -1 -10 733.69 153.7 752.73 207.161 0.361998406052 0.346999886916 0.278999234634 10.1531837706 -0.865232234688 49.3979664261 0.00692802392802 6.5921e-05
pedestrian -1 -1 -10 78.876 162.64 120.368 199.962 2.02099096924 1.1589996113 0.876997515553 -18.0655367198 0.588762944127 25.6426065647 0.00692802392802 1.991e-05
pedestrian -1 -1 -10 9.6522 143.89 68.1372 213.685 1.87799160182 1.05799794024 0.771998367593 -18.1970951616 0.523273709795 22.89095656 0.00692802392802 1.8328e-05
pedestrian -1 -1 -10 801.62 154.79 832.746 209.883 1.01599547416 0.256000345313 0.622997805576 10.7935207333 0.87544885013 35.8983411838 0.00692802392802 1.7672e-05
pedestrian -1 -1 -10 810.69 160.97 840.846 211.89 0.926995937526 0.905999523353 0.928996889233 8.3928841752 1.22373132833 25.7051798754 0.00692802392802 1.5015e-05
pedestrian -1 -1 -10 592.42 167.09 619.87 206.975 0.747996658087 0.582000338013 0.617997695009 0.624506168043 1.08785591115 35.5831871639 0.00692802392802 1.1436e-06
pedestrian -1 -1 -10 75.575 146.33 138.279 195.82 2.0309908554 1.17299954078 0.876997515553 -18.0639058994 0.594489600409 25.8776006127 0.00692802392802 7.2633e-07
pedestrian -1 -1 -10 24.394 167.46 73.448 220.504 0.775996545888 0.586999495392 0.463997052227 -16.6530859777 0.643651640587 21.465505659 0.00692802392802 6.2557e-07
pedestrian -1 -1 -10 1114.6 188.01 1158.97 240.294 0.780996502936 0.301999841118 1.0419978115 16.806971626 1.73569756611 22.0614773365 0.00692802392801 4.8949e-08
