pedestrian -1 -1 -10 351.53 169.9 369.047 206.359 0.0999890208244 0.0 0.0 -21.6585304053 1.62477752748 63.6527379608 0.0 0.0010383
pedestrian -1 -1 -10 362.67 170.18 377.453 206.063 0.100988898159 0.0429945573102 0.499000396566 -24.106001367 1.43540382411 73.3868322229 0.00753464155925 0.00044107
pedestrian -1 -1 -10 355.94 168.8 385.597 209.651 0.100988898159 0.0429945573102 0.499000396566 -24.106001367 1.43540382411 73.3868322229 0.00753464155925 0.00010891
pedestrian -1 -1 -10 348.64 169.29 376.13 216.104 0.101988835093 0.012999064169 0.513000331246 -24.3078973259 1.91211367269 73.3552988378 0.00753464155925 7.4912e-05
pedestrian -1 -1 -10 903.01 185.1 919.032 228.931 2.79169343329 1.06688255313 1.02599970882 10.819442457 2.01021790715 25.2074692756 0.00753464155925 4.39e-05
pedestrian -1 -1 -10 1192.1 183.78 1218.67 249.446 1.80080215086 0.896901099148 0.69000032284 15.3010661946 2.1992061827 18.4286390953 0.00753464155925 2.9778e-05
pedestrian -1 -1 -10 41.413 161.92 72.125 221.455 2.52872235667 0.3429628387 0.291000277132 -20.1235150727 1.41946819849 26.5045620334 0.00753464155924 1.8649e-05
pedestrian -1 -1 -10 900.39 156.9 936.245 227.294 2.91967934132 1.1688725698 0.911999423279 10.9203785997 1.99122261282 24.8078825335 0.00753464155925 7.2931e-06
pedestrian -1 -1 -10 897.55 168.35 921.913 230.575 2.97367343259 1.10487849729 0.987999613638 10.800688186 2.01082383964 25.2489541598 0.00753464155925 3.62e-06
pedestrian -1 -1 -10 38.69 125.94 77.538 219.543 1.93978700757 0.268969632768 0.279001150556 -20.117418515 0.831076183118 26.5458732704 0.00753464155924 1.0386e-06
