pedestrian -1 -1 -10 734.02 184.44 748.607 222.321 2.1687618674 0.48594682314 0.685999660307 4.99264708449 1.41531205414 27.9424394085 0.00753464155925 0.01751
pedestrian -1 -1 -10 522.77 214.75 535.989 252.557 2.11876734507 0.639930235778 0.717999834571 -1.46219180758 1.5581975664 13.6176071534 0.00753464155925 0.0070426
pedestrian -1 -1 -10 748.6 187.05 766.148 227.36 2.35874094499 0.612931812669 0.664999758288 4.98294075805 1.51417316904 22.5982177724 0.00753464155925 0.0068433
pedestrian -1 -1 -10 728.58 174.03 747.078 220.103 2.35074192631 0.48594682314 0.685999660307 4.9925909737 1.41531205414 27.9437868959 0.00753464155925 0.0065261
pedestrian -1 -1 -10 724.85 161.8 757.277 223.558 2.35074192631 0.48594682314 0.685999660307 4.9925909737 1.41531205414 27.9437868959 0.00753464155925 0.0025487
pedestrian -1 -1 -10 722.99 184.34 735.362 218.918 2.1687618674 0.48594682314 0.662999903859 4.98114753176 1.4153204269 27.9425259312 0.00753464155925 0.0020604
pedestrian -1 -1 -10 486.04 184.24 496.968 212.486 0.0999890208244 0.0 0.0 -5.37105942704 1.11070132331 33.3994691581 0.0 0.0014551
pedestrian -1 -1 -10 744.48 166.83 779.816 225.188 2.35874094499 0.612931812669 0.711999675237 5.00644005138 1.51415605935 22.5980409636 0.00753464155925 0.0010622
pedestrian -1 -1 -10 715.72 163.82 743.888 222.53 2.35074192631 0.48594682314 0.685999660307 4.9925909737 1.41531205414 27.9437868959 0.00753464155925 0.00093834
pedestrian -1 -1 -10 1028.2 307.65 1050.02 374.998 0.997890489333 1.19786872174 0.701999926253 2.91796208531 1.60897600494 4.52430639189 0.00753464155925 0.00085287
pedestrian -1 -1 -10 183.52 142.79 202.75 186.953 1.7098123002 1.06688255313 0.725999609916 -12.7427557576 0.767273088111 22.8130411939 0.00753464155925 0.0005964
pedestrian -1 -1 -10 750.65 179.53 780.706 249.387 2.20475792825 0.612931812669 0.702999376631 5.01098755164 1.51415278291 22.5968669246 0.00753464155925 0.00053999
pedestrian -1 -1 -10 516.5 182.45 544.933 252.878 2.11876734507 0.639930235778 0.717999834571 -1.46219180758 1.5581975664 13.6176071534 0.00753464155925 0.0001689
pedestrian -1 -1 -10 791.8 197.07 808.531 236.867 2.27774992728 0.819909869614 0.102999655665 4.70984994437 1.53038332738 17.2652001064 0.00753464155925 0.00013016
pedestrian -1 -1 -10 206.87 140.06 222.829 188.774 1.72381067229 1.13487589757 1.04699961084 -12.5974391956 0.782643760547 23.4519119359 0.00753464155925 0.00012822
pedestrian -1 -1 -10 86.62 176.46 105.842 240.948 0.950895539408 0.762914999794 0.241999552081 -11.7492884495 1.2529219301 16.5408861385 0.00753464155925 3.1764e-05
pedestrian -1 -1 -10 78.039 166.55 119.321 246.131 0.950895539408 0.762914999794 0.241999552081 -11.7492884495 1.2529219301 16.5408861385 0.00753464155925 6.6849e-06
pedestrian -1 -1 -10 391.76 172.71 408.191 219.352 1.45684004164 1.1468737134 0.569999997177 -4.69814670311 1.65145962219 15.5884781936 0.00753464155925 6.4897e-06
pedestrian -1 -1 -10 29.469 177.89 55.291 275.06 1.68781470084 0.622931899666 1.17199957257 -12.2398791559 1.48835276054 15.9454688244 0.00753464155925 4.5181e-06
pedestrian -1 -1 -10 16.516 188.08 45.668 267.913 0.993890860797 0.417954432263 1.14800036575 -12.4884194941 1.50401416127 15.8394589493 0.00753464155925 2.5478e-06
pedestrian -1 -1 -10 96.875 163.45 127.226 243.022 0.205977329498 0.231974936942 0.128000220217 -12.3331423716 1.57653015625 17.29258462 0.00753464155925 6.6403e-07
pedestrian -1 -1 -10 403.48 149.77 424.341 204.112 1.95278556192 0.691923631744 0.655000009305 -4.97140340667 1.41016831594 18.0616203946 0.00753464155925 3.3158e-07
