pedestrian -1 -1 -10 18.545 146.27 60.492 233.336 1.81699188501 0.515999444325 0.715996914673 -12.3202564532 1.00311077946 15.8606618334 0.00692802392802 0.99858
pedestrian -1 -1 -10 746.55 149.33 820.765 282.39 1.79199200571 0.69000006646 0.539997934138 2.54744296866 1.42253046986 10.24802302 0.00692802392802 0.9982
pedestrian -1 -1 -10 499.43 162.61 521.669 227.99 1.74699220508 0.674998779629 0.70299742888 -2.61482120936 1.29477365583 20.7324229571 0.00692802392802 0.99675
pedestrian -1 -1 -10 461.54 163.73 489.469 229.631 1.73699225932 0.662999657511 0.671997646375 -3.66781984821 1.29025042391 20.2317059204 0.00692802392802 0.99131
pedestrian -1 -1 -10 318.27 158.58 331.081 193.163 0.332998491824 0.167999153729 0.345999372145 -16.2883053761 -0.730949305234 42.0886445023 0.00692802392802 0.96841
pedestrian -1 -1 -10 181.37 152.18 196.759 195.992 1.38099384457 0.998999872316 0.771996460252 -17.4566786797 0.48701289255 30.0777508435 0.00692802392802 0.95458
pedestrian -1 -1 -10 199.16 153.64 215.107 196.682 1.68899243623 0.527999520116 0.67599614935 -17.3023658683 0.508989942919 31.4730622913 0.00692802392802 0.88492
pedestrian -1 -1 -10 204.08 156.66 222.654 197.256 1.68899243623 0.527999520116 0.67599614935 -17.3023658683 0.508989942919 31.4730622913 0.00692802392802 0.68273
pedestrian -1 -1 -10 181.38 152.07 213.725 197.185 1.38099384457 0.839999583339 0.673997255489 -17.4071294799 0.486785693873 30.1569094557 0.00692802392802 0.6809
pedestrian -1 -1 -10 349.73 161.04 359.534 190.498 0.601997298002 0.402000154819 0.461998158366 -14.6851578232 0.0822627806928 42.4113354289 0.00692802392802 0.62243
pedestrian -1 -1 -10 352.5 159.04 362.676 189.335 0.601997298002 0.402000154819 0.461998158366 -14.6851578232 0.0822627806928 42.4113354289 0.00692802392802 0.51278
pedestrian -1 -1 -10 879.12 172.45 908.486 228.363 1.41499370933 0.593999460131 1.17099560668 8.27291525278 1.30674815651 19.8586794209 0.00692802392802 0.48433
pedestrian -1 -1 -10 189.06 150.0 200.515 199.478 1.38099384457 0.839999583339 0.673997255489 -17.4071294799 0.486785693873 30.1569094557 0.00692802392802 0.41509
pedestrian -1 -1 -10 322.25 159.24 339.441 192.317 0.0999995529652 0.0670012973681 0.144999913283 -17.8409424854 -0.19429325583 47.009782269 0.00692802392802 0.40812
pedestrian -1 -1 -10 481.2 163.14 525.579 225.122 1.74699220508 0.674998779629 0.70299742888 -2.61482120936 1.29477365583 20.7324229571 0.00692802392802 0.23102
pedestrian -1 -1 -10 430.49 166.09 441.157 186.232 0.0999995529652 0.153999224251 0.229999632252 -12.460716972 -0.209494758494 53.4471519749 0.00692802392802 0.16377
pedestrian -1 -1 -10 753.28 153.97 789.531 283.29 1.79199200571 0.69000006646 0.539997934138 2.54744296866 1.42253046986 10.24802302 0.00692802392802 0.13096
pedestrian -1 -1 -10 895.03 175.13 914.691 220.161 1.683992441 0.593999460131 1.08399604018 8.48178029788 1.57517354761 19.857388133 0.00692802392802 0.074258
pedestrian -1 -1 -10 434.86 165.52 445.343 188.216 0.746996675432 0.997000972304 0.808996977441 -7.4789662933 -0.791242807445 32.4695665899 0.00692802392802 0.048013
pedestrian -1 -1 -10 313.4 158.47 324.704 193.175 0.358998391032 0.217998356906 0.536998639676 -20.2939451198 -0.184885882329 50.8182328857 0.00692802392801 0.041647
pedestrian -1 -1 -10 452.53 164.11 480.766 226.221 1.73699225932 0.662999657511 0.671997646375 -3.66781984821 1.29025042391 20.2317059204 0.00692802392802 0.038262
pedestrian -1 -1 -10 35.822 147.53 64.786 227.78 1.83399176896 0.515999444325 0.715996914673 -12.3202330117 1.02011066341 15.8606715565 0.00692802392802 0.029759
pedestrian -1 -1 -10 873.05 163.36 904.434 249.983 1.41499370933 0.593999460131 1.10599579353 8.16041794841 1.30705751425 19.8594591772 0.00692802392802 0.029405
pedestrian -1 -1 -10 217.56 159.18 232.412 196.996 1.26499433666 1.1060020581 0.325998989483 -18.2104189183 0.298869692313 34.6424337419 0.00692802392802 0.023015
pedestrian -1 -1 -10 773.33 154.54 811.298 256.66 1.84599176943 1.14199942446 0.924996478916 2.78545072723 1.42128320891 10.7643536486 0.00692802392802 0.021181
pedestrian -1 -1 -10 166.0 150.37 204.913 200.028 1.62199277878 0.97599917074 0.39899866959 -18.1893628217 0.0333018144299 30.7146754202 0.00692802392802 0.019454
pedestrian -1 -1 -10 370.31 161.37 384.625 194.827 0.0999995529652 0.0 0.0 -21.6988014687 -0.519672677612 69.7541909318 0.0 0.01867
pedestrian -1 -1 -10 345.84 158.1 365.251 191.453 0.601997298002 0.402000154819 0.461998158366 -14.6851578232 0.0822627806928 42.4113354289 0.00692802392802 0.016821
pedestrian -1 -1 -10 442.53 163.58 461.366 210.26 1.37199382186 0.268001374778 0.710997295843 -6.96257169207 1.03831376515 33.3652764299 0.00692802392802 0.010374
pedestrian -1 -1 -10 368.11 155.27 394.559 217.158 0.0999995529652 0.0 0.0 -21.6988014687 -0.519672677612 69.7541909318 0.0 0.0085926
pedestrian -1 -1 -10 473.7 162.64 491.384 212.698 1.73699225932 0.662999657511 0.671997646375 -3.66781984821 1.29025042391 20.2317059204 0.00692802392802 0.0081782
pedestrian -1 -1 -10 902.55 177.93 918.951 219.305 1.683992441 0.593999460131 0.939996527494 8.55377832473 1.57497555934 19.8568890907 0.00692802392802 0.0079745
pedestrian -1 -1 -10 494.09 163.77 508.849 227.056 1.74699220508 0.674998779629 0.68399744682 -2.62432097219 1.29479977935 20.7324888031 0.00692802392802 0.0063107
pedestrian -1 -1 -10 440.47 164.0 450.979 196.147 1.14699486345 0.268001374778 0.710997295843 -6.96288194777 0.81331480674 33.3651477413 0.00692802392802 0.0059497
pedestrian -1 -1 -10 24.788 146.36 47.419 220.118 1.81699188501 0.515999444325 0.715996914673 -12.3202564532 1.00311077946 15.8606618334 0.00692802392802 0.0049872
pedestrian -1 -1 -10 484.8 162.91 500.485 222.795 0.10099953562 0.131999880029 0.12799930192 -7.31391377083 -0.774144644806 45.9756540322 0.00692802392802 0.0048626
pedestrian -1 -1 -10 778.48 172.57 829.896 284.66 1.84299176186 0.771999789638 0.533997914707 2.98222284941 1.41753045675 10.9479922722 0.00692802392802 0.0047983
pedestrian -1 -1 -10 782.5 144.05 823.446 244.9 1.92699134797 0.64999917804 1.04999577112 8.16005449275 0.473881021033 28.7514140485 0.00692802392802 0.0043972
pedestrian -1 -1 -10 720.41 145.73 787.405 271.26 1.1209950462 0.684999001734 0.80299695801 6.79003395477 1.15711263216 31.8577444506 0.00692802392802 0.0035411
pedestrian -1 -1 -10 883.93 166.56 920.441 246.6 1.41499370933 0.593999460131 1.01399613137 8.35141310481 1.30653229429 19.8581353261 0.00692802392802 0.0032911
pedestrian -1 -1 -10 456.56 165.6 468.582 215.634 0.101999518275 0.18500124792 0.259999252574 -8.18743463771 -0.997601031815 44.9829199782 0.00692802392802 0.0030224
pedestrian -1 -1 -10 883.05 166.04 900.274 206.39 1.41499370933 0.593999460131 1.0919954303 8.18841728704 1.30698051852 19.8592651045 0.00692802392802 0.0026857
pedestrian -1 -1 -10 853.14 168.44 893.209 238.447 2.10899057537 0.790999830168 0.703997829481 13.3207608039 1.2969495 33.736135011 0.00692802392802 0.0023726
pedestrian -1 -1 -10 518.93 167.38 529.658 205.236 0.0999995529652 0.0 0.0 -7.3883893219 0.24340361128 71.905989442 0.0 0.0021388
pedestrian -1 -1 -10 677.56 144.1 694.99 185.931 0.332998521626 0.478999766945 0.204999630761 6.16293585892 -0.264428121662 48.7013087389 0.00692802392802 0.0016866
pedestrian -1 -1 -10 493.09 165.12 504.694 210.521 1.74699220508 0.674998779629 0.594997794369 -2.66881972949 1.29492214703 20.7327972389 0.00692802392802 0.0011939
pedestrian -1 -1 -10 757.06 176.09 779.617 267.817 1.79199200571 0.69000006646 0.539997934138 2.54744296866 1.42253046986 10.24802302 0.00692802392802 0.00095411
pedestrian -1 -1 -10 749.32 143.53 768.369 206.845 1.19099468142 0.586000045386 0.668997159824 6.91471085875 -0.27354846806 29.5066188473 0.00692802392802 0.00076591
pedestrian -1 -1 -10 158.09 144.51 176.603 198.426 2.03999087811 1.16100041866 0.625997100038 -17.8336050802 0.485545631597 29.6439666956 0.00692802392802 0.00041413
pedestrian -1 -1 -10 148.74 147.52 170.367 196.112 2.01999092698 1.17599979814 0.962995727783 -18.0361431192 0.479606520186 29.2048635011 0.00692802392802 0.00034424
pedestrian -1 -1 -10 761.83 146.11 788.589 220.843 1.68599241376 0.919999452831 0.82399702602 2.69008965289 1.31600665831 10.3619751041 0.00692802392802 0.00032494
pedestrian -1 -1 -10 761.45 179.94 794.717 266.355 1.79199200571 0.69000006646 0.539997934138 2.54744296866 1.42253046986 10.24802302 0.00692802392802 0.00030524
pedestrian -1 -1 -10 741.51 156.53 764.366 209.996 1.1209950462 0.582997880672 0.754997279394 6.81438654785 1.15698732352 31.9085774403 0.00692802392802 0.00029438
pedestrian -1 -1 -10 754.06 140.86 776.645 201.262 1.63899267763 1.12599964129 0.764997232307 2.66160991034 1.21488126788 10.5400865016 0.00692802392802 0.00012645
pedestrian -1 -1 -10 780.34 172.79 800.512 262.262 1.79199200571 0.914999341778 0.94299653721 2.74971682397 1.42184554259 10.3591233325 0.00692802392802 0.00011809
pedestrian -1 -1 -10 745.62 150.06 770.5 244.113 0.30599860251 0.233997186396 0.0969992809968 7.37633054587 0.760631074543 32.6152144689 0.00692802392802 9.7056e-05
pedestrian -1 -1 -10 617.35 168.46 645.288 205.315 0.467997938394 0.899001465962 1.03899607325 1.54197451175 -1.06762700177 32.9119226209 0.00692802392802 4.5619e-05
pedestrian -1 -1 -10 81.69 166.17 118.742 199.971 2.01599105597 1.1849986629 0.841995892225 -18.0894816748 0.582900876987 25.5797663149 0.00692802392802 4.0042e-05
pedestrian -1 -1 -10 76.395 145.95 137.477 197.517 2.02099102885 1.14400023182 0.841995892225 -18.08810644 0.582668861988 25.7792586161 0.00692802392802 2.0671e-06
pedestrian -1 -1 -10 268.82 158.22 305.53 194.317 0.10099953562 0.0999984063544 0.533998391542 -22.3400490965 -0.4402099194 50.7892594182 0.00692802392802 1.7115e-06
pedestrian -1 -1 -10 244.74 127.21 296.436 189.932 0.0999995529652 0.0 0.0 -30.3707821511 -2.7211972216 65.7596168878 0.0 1.5162e-07
pedestrian -1 -1 -10 1113.8 187.12 1159.49 239.921 0.771996480227 0.322000285328 1.00499538697 16.7727149696 1.72875063107 22.0977120118 0.00692802392803 3.8551e-08
pedestrian -1 -1 -10 260.84 136.16 311.313 191.84 0.0999995529652 0.0 0.0 -29.7717671605 -1.94864027887 67.3284027068 0.0 1.6281e-08
