pedestrian -1 -1 -10 160.81 160.77 187.158 223.854 1.6439925909 0.780000158057 0.928996412397 -11.4005744616 1.05365080028 19.2915341334 0.00692802392802 0.99058
pedestrian -1 -1 -10 991.32 171.19 1030.92 269.046 1.67199255228 0.463999433788 0.64099786387 7.17164046079 1.57347025449 12.2662815746 0.00692802392802 0.98195
pedestrian -1 -1 -10 185.81 165.06 204.659 227.365 1.552993007 0.593999460131 1.1829951687 -10.8599176542 1.12127099303 19.1949172429 0.00692802392802 0.97276
pedestrian -1 -1 -10 476.7 169.93 502.762 226.504 1.36899382919 0.706000803297 0.643997873585 -3.54874984381 1.30169084476 22.1836568052 0.00692802392802 0.96058
pedestrian -1 -1 -10 208.08 163.38 229.851 226.908 1.56899302751 0.735999562265 0.770997013321 -10.5311402654 1.13724112124 19.3026529762 0.00692802392802 0.94171
pedestrian -1 -1 -10 174.03 162.16 223.435 224.907 1.55199302435 0.593999460131 1.17199553044 -10.7524191849 1.12097538544 19.1941727167 0.00692802392802 0.62858
pedestrian -1 -1 -10 172.75 162.57 197.954 227.158 1.6349926874 0.61399990434 1.16299478604 -11.0561712096 1.04379873032 19.2061396054 0.00692802392802 0.50843
pedestrian -1 -1 -10 192.91 163.92 213.829 225.346 1.55199302435 0.775001000678 1.01099588323 -10.6512953599 1.1205937771 19.2839747379 0.00692802392802 0.33625
pedestrian -1 -1 -10 432.99 164.72 448.631 207.852 1.68099248558 0.572000115908 0.942996775627 -6.16806277818 0.3157363074 27.5796090408 0.00692802392802 0.26245
pedestrian -1 -1 -10 439.39 163.52 451.031 205.255 2.32198962271 0.946000411773 0.690997390017 -6.7600154767 1.18549240726 31.843454827 0.00692802392802 0.23057
pedestrian -1 -1 -10 999.48 173.52 1017.47 232.498 1.67199255228 0.463999433788 0.64099786387 7.17164046079 1.57347025449 12.2662815746 0.00692802392802 0.14733
pedestrian -1 -1 -10 567.64 164.62 581.151 223.498 1.75999212861 1.14199942446 0.58299781511 -0.946177332363 1.29508986415 22.5524004187 0.00692802392802 0.14382
pedestrian -1 -1 -10 154.24 158.47 174.117 226.405 2.00299104303 0.728999597526 0.888996600745 -14.7701863523 0.669993993991 24.489851921 0.00692802392802 0.13052
pedestrian -1 -1 -10 538.66 171.44 548.746 194.084 0.10399954319 0.125999365297 0.339998875878 -4.10431217143 0.783370736837 51.7803697229 0.00692802392802 0.097265
pedestrian -1 -1 -10 270.46 155.4 287.999 199.357 1.94599137604 0.519999151697 0.305998606822 -5.93177627825 1.07874813649 13.0143453485 0.00692802392802 0.049329
pedestrian -1 -1 -10 1009.8 168.48 1029.32 233.215 1.67199255228 0.463999433788 0.64099786387 7.17164046079 1.57347025449 12.2662815746 0.00692802392802 0.022976
pedestrian -1 -1 -10 152.36 164.41 200.993 229.313 1.6439925909 0.780000158057 1.00499634064 -11.3625754103 1.05354630622 19.2912707493 0.00692802392802 0.017727
pedestrian -1 -1 -10 223.63 168.5 240.21 198.297 2.26198982894 1.06999896971 0.706998077614 -17.8408701144 0.565065564625 34.4515989241 0.00692802392802 0.016849
pedestrian -1 -1 -10 572.88 167.43 593.213 218.34 1.63999264538 0.974999720734 0.439998285799 -0.641357766879 1.28544489776 27.6269723477 0.00692802392802 0.014536
pedestrian -1 -1 -10 999.85 172.37 1045.11 251.187 0.118999402225 0.0299987589674 0.642998188237 13.8863452658 1.20200803044 22.7124912339 0.00692802392802 0.011064
pedestrian -1 -1 -10 988.68 172.67 1012.62 245.398 1.67199255228 0.463999433788 0.64099786387 7.17164046079 1.57347025449 12.2662815746 0.00692802392802 0.009892
pedestrian -1 -1 -10 472.19 172.35 486.228 220.634 0.314998565614 0.0520019178845 0.0849997189695 -6.96729969606 0.794832971981 40.7938234396 0.00692802392802 0.0028527
pedestrian -1 -1 -10 208.87 159.45 224.058 207.298 1.56899302751 0.775001000678 0.812996672505 -10.5522746909 1.13732154655 19.2832982783 0.00692802392802 0.001819
pedestrian -1 -1 -10 1019.7 165.68 1034.26 207.419 0.346998457611 0.295001783726 1.12299688173 27.0841794011 -0.3123085322 44.4902013029 0.00692802392802 0.0015408
pedestrian -1 -1 -10 986.02 175.45 1002.93 233.051 2.37398937643 0.425999352728 0.185999171866 5.92957539373 1.54962523475 10.7514134804 0.00692802392802 0.0013823
pedestrian -1 -1 -10 557.67 166.4 568.535 215.085 1.75999212861 0.627999833818 0.58299781511 -0.944189002203 1.29475608757 22.8393939927 0.00692802392802 0.0011445
pedestrian -1 -1 -10 560.78 165.05 589.229 221.889 1.75999212861 1.06699871234 0.58299781511 -0.946437133649 1.29513347642 22.5149009626 0.00692802392802 0.0011014
pedestrian -1 -1 -10 491.04 167.47 512.445 224.28 0.101999548078 0.340999372184 0.394998497691 -7.3881629102 -0.480924516968 53.8312024967 0.00692802392802 0.0010447
pedestrian -1 -1 -10 579.67 169.29 598.894 214.738 0.954995705187 0.489999439056 0.439998285799 -0.640622289947 0.600165934088 27.8690748835 0.00692802392802 0.00073659
pedestrian -1 -1 -10 204.03 155.12 219.983 204.814 1.56899302751 0.775001000678 0.916996373535 -10.6042732923 1.13746453815 19.283658698 0.00692802392802 0.00029078
pedestrian -1 -1 -10 974.56 173.99 1001.77 253.083 2.37398937643 0.425999352728 0.185999171866 5.92957539373 1.54962523475 10.7514134804 0.00692802392802 0.00010741
pedestrian -1 -1 -10 966.12 171.88 1010.9 271.139 2.37398937643 0.425999352728 0.185999171866 5.92957539373 1.54962523475 10.7514134804 0.00692802392802 3.8126e-05
pedestrian -1 -1 -10 1103.2 150.54 1151.29 239.339 0.111999464035 0.724997982806 0.436996726369 26.8543348837 1.07006351212 35.9833278582 0.00692802392802 2.2287e-05
pedestrian -1 -1 -10 1012.6 162.45 1042.68 214.531 0.10299950093 0.0209998942161 0.15199985648 19.7047301615 0.643698103691 32.5572845294 0.00692802392811 1.8022e-05
pedestrian -1 -1 -10 1.7912 179.02 34.8202 233.372 2.02399091721 0.617000161707 1.17999587424 -16.5965139682 0.77615386179 20.0115061863 0.00692802392802 6.7259e-06
pedestrian -1 -1 -10 723.37 125.95 774.048 198.158 1.71899234056 1.11600037286 1.1119962898 7.90911602152 -0.0280272681307 37.142897171 0.00692802392802 1.4093e-06
pedestrian -1 -1 -10 4.2495 122.58 84.3645 227.4 1.9989909932 0.177999375834 1.18399652298 -15.7379811932 0.761536192843 20.2300609339 0.00692802392803 1.0728e-07
pedestrian -1 -1 -10 3.141 168.4 57.506 234.029 0.552997507155 0.103000571068 0.167998636736 -15.256845184 0.852555580772 19.0591454898 0.006928023928 9.0908e-08
