pedestrian -1 -1 -10 328.5 155.85 371.904 261.8 1.77699204236 0.688000212774 0.699997180746 -4.81230700903 1.3624275117 13.2200232632 0.00692802392802 0.99761
pedestrian -1 -1 -10 21.85 148.99 132.17 370.0 1.78599203527 0.566999528019 0.627997662823 -3.41022386141 1.50184765956 4.22774440505 0.00692802392802 0.99232
pedestrian -1 -1 -10 818.3 157.65 855.315 263.37 1.76599212885 0.642999213302 0.581998070158 4.13337435728 1.39269214095 12.4025690084 0.00692802392802 0.99035
pedestrian -1 -1 -10 352.4 156.26 387.288 255.932 1.72599230111 0.875999810712 0.448998195737 -4.53135045561 1.30807041264 13.7290554849 0.00692802392802 0.98636
pedestrian -1 -1 -10 397.72 172.14 435.709 255.333 1.49099334129 0.563000297483 0.595997956552 -3.82639053451 1.32562085963 14.1718397622 0.00692802392802 0.95986
pedestrian -1 -1 -10 221.75 156.22 234.589 198.371 1.19899467677 0.331998600085 0.397999222659 -16.0190036717 0.482993377286 31.0004144894 0.00692802392802 0.89625
pedestrian -1 -1 -10 672.44 165.96 685.78 211.977 1.24599442035 0.464999837468 0.786997224083 3.65634806968 1.0789440405 30.817265927 0.00692802392802 0.81117
pedestrian -1 -1 -10 683.17 161.5 704.6 210.56 1.45399348736 0.409000119558 0.905996496856 3.99812885138 1.08807776226 30.7497855556 0.00692802392802 0.31586
pedestrian -1 -1 -10 547.24 168.55 590.105 235.623 1.60099287108 1.10899945445 0.560997912741 -0.531939227498 1.39620601954 11.8369761624 0.00692802392802 0.27721
pedestrian -1 -1 -10 194.71 161.37 211.122 199.967 0.98499558717 0.749999491742 0.174998579934 -18.1763907345 -0.627039856352 31.8562154031 0.00692802392802 0.26744
pedestrian -1 -1 -10 403.61 171.12 428.373 235.861 1.49099334129 0.563000297483 0.595997956552 -3.82639053451 1.32562085963 14.1718397622 0.00692802392802 0.20828
pedestrian -1 -1 -10 358.31 160.85 416.233 252.398 2.35098953694 1.14799993919 1.11299573673 -7.05043414946 1.1327373443 23.5871835822 0.00692802392802 0.18445
pedestrian -1 -1 -10 362.71 157.74 384.205 236.449 1.72599230111 0.77599949701 0.448998195737 -4.53100405609 1.30801226332 13.7790544418 0.00692802392802 0.16789
pedestrian -1 -1 -10 212.05 159.05 224.767 197.778 0.558997522294 1.02900244598 0.165000295944 -18.1272407892 -0.19670986295 34.0751779611 0.00692802392802 0.14707
pedestrian -1 -1 -10 180.76 161.53 192.784 199.004 2.09299061447 1.13899916709 1.02899546469 -17.8464671571 0.499314502046 30.7510677111 0.00692802392802 0.138
pedestrian -1 -1 -10 366.49 154.08 394.417 243.487 1.72599230111 0.608999793288 0.448998195737 -4.53042557175 1.30791515443 13.8625522898 0.00692802392802 0.10694
pedestrian -1 -1 -10 347.16 156.22 361.967 203.621 1.5759929657 0.688000212774 0.662997140392 -4.79808467082 1.16138856268 13.2198078005 0.00692802392802 0.10557
pedestrian -1 -1 -10 834.41 162.55 857.158 254.43 1.76599212885 0.642999213302 0.581998070158 4.13337435728 1.39269214095 12.4025690084 0.00692802392802 0.084615
pedestrian -1 -1 -10 171.13 160.52 205.178 197.493 2.09299061447 1.13499945972 1.02899546469 -17.8456427264 0.499176106687 30.8700652094 0.00692802392802 0.056478
pedestrian -1 -1 -10 554.08 165.3 574.97 228.617 1.60099287108 1.1369993134 0.570997865654 -0.526232717198 1.39607364593 11.9389392263 0.00692802392802 0.046731
pedestrian -1 -1 -10 667.87 162.29 690.935 217.564 1.24599442035 0.464999837468 0.786997224083 3.65634806968 1.0789440405 30.817265927 0.00692802392802 0.038039
pedestrian -1 -1 -10 817.11 164.2 840.037 246.779 1.76599212885 0.642999213302 0.581998070158 4.13337435728 1.39269214095 12.4025690084 0.00692802392802 0.033067
pedestrian -1 -1 -10 374.77 160.99 392.511 226.361 2.35098953694 1.17500034814 1.0279964946 -7.09302627865 1.13286991224 23.5739782737 0.00692802392802 0.031914
pedestrian -1 -1 -10 411.81 173.25 432.861 225.797 1.49099334129 0.563000297483 0.595997956552 -3.82639053451 1.32562085963 14.1718397622 0.00692802392802 0.026276
pedestrian -1 -1 -10 565.77 169.33 587.843 228.416 1.60099287108 1.16000001498 0.570997865654 -0.52579971946 1.39600095956 12.001437684 0.00692802392802 0.024665
pedestrian -1 -1 -10 203.6 160.84 216.852 198.582 1.00399555564 1.09999772868 0.0629994887761 -18.1162448933 -0.629730368432 32.3147954861 0.00692802392802 0.02182
pedestrian -1 -1 -10 369.13 158.38 384.628 210.238 1.72599230111 0.723999486473 0.448998195737 -4.53082392888 1.30798202576 13.8050538231 0.00692802392802 0.019932
pedestrian -1 -1 -10 406.9 168.76 426.306 212.738 1.49099334129 0.563000297483 0.595997956552 -3.82639053451 1.32562085963 14.1718397622 0.00692802392802 0.010667
pedestrian -1 -1 -10 563.64 165.44 581.189 213.173 1.60099287108 1.16699902605 0.570997865654 -0.52633663573 1.39609109051 11.9239397299 0.00692802392802 0.0076876
pedestrian -1 -1 -10 380.98 159.85 393.898 211.942 2.35098953694 1.03099943864 0.862997152323 -7.00896287056 1.13238021709 23.79940071 0.00692802392802 0.0070964
pedestrian -1 -1 -10 841.33 159.78 879.348 251.731 1.99599104524 0.782996600728 1.01899622703 13.3069781993 1.15502455789 36.3261952069 0.00692802392802 0.0056072
pedestrian -1 -1 -10 343.31 156.71 362.966 227.377 1.77899203748 0.863999734921 0.810996824973 -4.75620161833 1.36217255351 13.3076350899 0.00692802392802 0.0053386
pedestrian -1 -1 -10 547.73 169.69 565.265 217.945 1.60099287108 1.16000001498 0.570997865654 -0.52579971946 1.39600095956 12.001437684 0.00692802392802 0.0048855
pedestrian -1 -1 -10 163.46 153.07 180.355 196.404 1.79899189919 1.1230003376 0.20899884899 -18.047218445 0.240765994076 29.9663101184 0.00692802392802 0.0039049
pedestrian -1 -1 -10 550.78 170.19 577.771 259.969 1.60099287108 1.0139992518 0.560997912741 -0.532268306704 1.39626126134 11.789477201 0.00692802392802 0.0033677
pedestrian -1 -1 -10 403.1 166.03 420.462 207.272 1.49099334129 0.563000297483 0.595997956552 -3.82639053451 1.32562085963 14.1718397622 0.00692802392802 0.0033294
pedestrian -1 -1 -10 374.79 153.64 389.828 196.99 0.0999995529652 0.0 0.0 -20.6973445015 -0.513026609462 67.6492090927 0.0 0.0026782
pedestrian -1 -1 -10 565.1 167.36 592.895 261.972 1.60099287108 1.10899945445 0.560997912741 -0.531939227498 1.39620601954 11.8369761624 0.00692802392802 0.0024456
pedestrian -1 -1 -10 661.54 167.99 680.281 218.277 0.10299950093 0.162002453691 0.301998911758 4.90740119492 0.707542759492 49.1357833046 0.00692802392802 0.0015285
pedestrian -1 -1 -10 332.82 158.66 360.468 214.993 1.77699204236 0.688000212774 0.813997073107 -4.86930558602 1.36258425279 13.2204183393 0.00692802392802 0.0015136
pedestrian -1 -1 -10 808.41 150.36 839.465 226.983 1.76599212885 0.642999213302 0.581998070158 4.13337435728 1.39269214095 12.4025690084 0.00692802392802 0.0014282
pedestrian -1 -1 -10 693.0 154.45 711.225 204.737 0.102999530733 0.180000183194 0.294998491725 6.2285990148 0.265334387151 41.7599326955 0.00692802392802 0.0013117
pedestrian -1 -1 -10 812.33 151.95 834.228 203.947 2.19099016637 0.251998730593 1.05099569489 11.4316377829 0.87856723845 36.0002435745 0.00692802392802 0.00087627
pedestrian -1 -1 -10 67.262 148.43 118.758 207.493 1.60299288481 0.566999528019 0.567997945345 -3.38047706459 1.3187660141 4.22743180427 0.00692802392802 0.00078714
pedestrian -1 -1 -10 370.3 179.2 389.333 251.582 2.20599014461 1.04299856076 1.12299592806 -7.27932564145 1.13354863838 23.4303510064 0.00692802392802 0.00077174
pedestrian -1 -1 -10 9.2524 157.64 81.5634 325.08 1.78599203527 0.566999528019 0.685997294352 -3.43922298057 1.5019274046 4.22794540762 0.00692802392802 0.00069597
pedestrian -1 -1 -10 377.19 184.77 395.995 250.963 2.08499069363 1.19099917763 0.961996280852 -7.01715350262 1.13274349549 23.5026062522 0.00692802392802 0.00069472
pedestrian -1 -1 -10 783.77 152.46 840.351 249.163 1.89999151826 0.393001290068 1.06799582941 11.0140488221 0.87979961021 35.9308053201 0.00692802392802 0.00065145
pedestrian -1 -1 -10 385.49 189.54 407.043 251.935 1.89599152803 1.13000030234 0.953996413889 -6.90086727337 1.13225456209 23.6504130938 0.00692802392802 0.00055684
pedestrian -1 -1 -10 845.74 159.87 869.847 231.861 1.99599104524 0.782996600728 1.01899622703 13.3069781993 1.15502455789 36.3261952069 0.00692802392802 0.00049344
pedestrian -1 -1 -10 399.58 198.24 414.578 255.08 1.49099334129 0.563000297483 0.595997956552 -3.82639053451 1.32562085963 14.1718397622 0.00692802392802 0.00019096
pedestrian -1 -1 -10 543.27 170.64 557.894 209.891 0.0999995529652 0.00799941474499 0.169999437939 -3.62630281098 0.44358773874 53.9337179741 0.00692802392802 0.00016193
pedestrian -1 -1 -10 735.22 162.42 751.463 209.501 1.12599498928 0.978997520759 1.1109958892 6.58115347031 1.16450512209 32.0182016128 0.00692802392802 0.00014899
pedestrian -1 -1 -10 804.98 124.89 827.427 166.049 0.102999560535 0.128002080004 0.205999554527 9.71913489397 -1.47719759486 32.054485439 0.00692802392802 0.00011218
pedestrian -1 -1 -10 805.82 139.18 827.188 190.589 1.94499133378 0.395000190081 1.18699581744 11.1333376634 0.46146897815 35.9304656555 0.00692802392802 0.00010207
pedestrian -1 -1 -10 234.11 145.87 247.276 196.763 0.560997457802 0.545001614307 0.6549982271 -18.0033782654 -1.18862854074 36.3242200417 0.00692802392802 9.792e-05
pedestrian -1 -1 -10 745.68 126.71 782.937 213.757 1.94699129909 0.551999671698 0.865996923621 6.97039273572 0.482439744032 29.3826690732 0.00692802392802 7.8609e-05
pedestrian -1 -1 -10 150.02 142.71 179.202 201.803 2.03499084562 1.18999972762 0.60799751858 -17.8452102231 0.483677617098 29.5565460552 0.00692802392802 7.8236e-05
pedestrian -1 -1 -10 800.46 136.84 838.778 204.92 2.36298944801 0.395000190081 1.1919959131 11.338408091 0.878904751667 35.929287314 0.00692802392802 2.8078e-05
pedestrian -1 -1 -10 807.74 158.89 824.355 215.53 2.36298944801 0.395000190081 1.14199591012 11.1114146364 0.879528963795 35.9308606814 0.00692802392802 2.5708e-05
pedestrian -1 -1 -10 784.2 139.15 819.261 219.41 2.1129906252 0.663999107518 1.08999558277 8.15236678795 0.654890574498 28.761570142 0.00692802392802 2.4818e-05
pedestrian -1 -1 -10 322.16 178.9 344.709 257.046 1.77699204236 1.19199958131 0.777997433354 -4.88542749597 1.36231858153 13.4915363203 0.00692802392802 2.4082e-05
pedestrian -1 -1 -10 831.98 157.28 860.795 215.313 1.76599212885 0.642999213302 0.581998070158 4.13337435728 1.39269214095 12.4025690084 0.00692802392802 1.8677e-05
pedestrian -1 -1 -10 446.22 164.23 460.223 208.993 1.14699486345 0.242999865842 0.80299695801 -6.96073319959 0.813284303781 33.3866329833 0.00692802392802 1.4438e-05
pedestrian -1 -1 -10 761.47 138.34 800.4 219.453 2.1219905287 1.0599987476 1.18899518814 7.49535970768 0.656286582068 29.1251264764 0.00692802392802 9.6838e-06
pedestrian -1 -1 -10 260.55 148.44 305.823 190.191 0.10099953562 0.00400161471983 0.194998962595 -23.1954349801 -0.842213378694 51.9787473424 0.00692802392847 5.0482e-06
pedestrian -1 -1 -10 75.343 146.72 118.302 270.72 1.78599203527 0.566999528019 0.685997294352 -3.43922298057 1.5019274046 4.22794540762 0.00692802392802 4.8224e-07
pedestrian -1 -1 -10 62.544 143.32 99.856 231.967 1.66099259406 0.566999528019 0.627997662823 -3.41039622572 1.37684821835 4.22767291136 0.00692802392802 1.0296e-07
pedestrian -1 -1 -10 53.999 138.58 97.496 276.74 1.73699222952 0.566999528019 0.685997294352 -3.43929054742 1.45292759885 4.22791738208 0.00692802392802 4.8002e-09
