pedestrian -1 -1 -10 849.59 140.49 953.64 314.52 1.77899205238 0.608999316451 1.07599593479 3.22425087717 1.46152528578 7.74682506158 0.00692802392802 0.99929
pedestrian -1 -1 -10 907.3 139.4 955.722 316.05 2.21199015975 1.00099877233 1.19199543627 5.44978202107 1.36187339857 11.6911365796 0.00692802392802 0.0016486
pedestrian -1 -1 -10 647.55 217.62 661.397 259.684 1.47499343604 1.0689995197 0.905996616065 1.12303218088 1.44130121419 13.0096657183 0.00692802392802 0.00066573
pedestrian -1 -1 -10 348.97 209.83 361.386 249.517 2.0129910484 0.52700007011 1.19699553193 -5.30516504217 1.07134506824 15.3525145394 0.00692802392802 0.00053037
pedestrian -1 -1 -10 588.23 133.3 609.293 181.575 0.756996636093 0.355001209008 1.17799554987 -0.0334982018779 0.745138828002 17.6884009717 0.00692802392802 0.00015377
pedestrian -1 -1 -10 838.77 143.6 888.022 309.36 0.688996936381 0.0739993547595 0.575997573891 6.39490744007 0.783406221044 17.6924494125 0.00692802392802 0.00014463
pedestrian -1 -1 -10 877.77 158.47 982.0 300.32 2.21199015975 1.17699924815 1.18699581744 5.41167325673 1.36207886057 11.6033983724 0.00692802392802 7.0106e-05
pedestrian -1 -1 -10 251.09 190.28 284.753 258.99 1.49199332744 1.03599859602 1.13099579503 -6.46677802935 1.343540044 13.6146387715 0.00692802392802 3.3835e-05
pedestrian -1 -1 -10 929.54 155.2 970.822 291.87 2.26198988855 1.1139995655 1.18599589367 5.73422438909 1.39918778578 11.6046778485 0.00692802392802 1.1911e-08
pedestrian -1 -1 -10 942.58 188.6 988.756 285.243 0.930995808542 1.16099946499 0.762997146358 5.78503185285 1.40196652535 10.8065837731 0.00692802392802 4.6072e-10
