pedestrian -1 -1 -10 272.58 242.2 314.518 311.258 1.11987707376 0.88590357809 0.489999859542 -3.69834829901 1.52104953165 8.5099063294 0.00753464155925 0.12473
pedestrian -1 -1 -10 543.19 174.17 555.559 209.06 0.250972435356 0.222975144716 0.348999870279 -2.70459319853 0.924232384328 29.0241532769 0.00753464155925 0.033697
pedestrian -1 -1 -10 389.02 186.75 406.773 225.138 1.05888372195 0.979892190166 0.394999860012 -6.24676390128 1.5006662727 22.0868281558 0.00753464155925 0.02113
pedestrian -1 -1 -10 544.99 173.24 559.501 220.8 1.15787290418 0.746917912023 0.919999794671 -2.01488927252 1.50097790519 24.7835463365 0.00753464155925 0.020327
pedestrian -1 -1 -10 530.22 173.09 562.61 214.411 1.29885733676 0.830908344242 1.10199966076 -2.10615957538 1.64140689054 24.7411930454 0.00753464155925 0.004165
pedestrian -1 -1 -10 918.88 178.43 934.805 211.007 0.102988712428 0.186979790091 0.117999994396 23.6955428938 1.70788701102 52.7168339139 0.00753464155925 0.0020916
pedestrian -1 -1 -10 922.1 179.22 947.515 216.577 0.547939847945 0.290968489164 0.577000441354 16.510246153 1.53260987914 36.1955740088 0.00753464155925 0.001542
pedestrian -1 -1 -10 414.75 188.98 427.275 221.556 2.1137678392 0.9139013424 0.852999902918 -6.97948116269 1.36048783643 26.5778506892 0.00753464155925 0.00050944
pedestrian -1 -1 -10 362.17 169.62 399.422 224.847 2.39573694277 1.17387118294 1.1149994298 -8.00785716103 1.47568105287 25.603845258 0.00753464155925 0.00031566
pedestrian -1 -1 -10 14.208 193.39 58.443 274.48 1.24586321223 1.0198877703 1.18199979839 -6.49356359707 1.34291394698 8.11647957167 0.00753464155925 0.00030578
pedestrian -1 -1 -10 195.91 195.54 296.88 327.07 1.0718823657 0.851906905866 0.485999673846 -3.71713977769 1.49073862632 7.47499872757 0.00753464155925 0.0001651
pedestrian -1 -1 -10 217.17 196.62 267.165 322.92 1.0718823657 0.851906905866 0.485999673846 -3.71713977769 1.49073862632 7.47499872757 0.00753464155925 9.6874e-05
pedestrian -1 -1 -10 409.8 188.2 422.576 223.079 2.1137678392 1.01288952119 1.0009996211 -7.05385184397 1.35980899773 26.5289147643 0.00753464155925 6.4298e-05
pedestrian -1 -1 -10 402.3 187.66 416.751 225.427 2.43073306668 1.16587263906 1.17999946713 -7.18381007413 1.52100549969 26.3353269864 0.00753464155925 3.838e-05
pedestrian -1 -1 -10 508.57 174.99 548.427 219.433 0.875903875107 0.388957326752 1.16899979093 -2.78253248129 1.43484179721 25.9563836536 0.00753464155925 1.9499e-05
pedestrian -1 -1 -10 26.235 116.0 179.005 293.51 1.74380851698 0.304966894533 1.01599852932 -16.8797477532 0.717839613283 24.1653788122 0.00753464155925 4.6688e-06
pedestrian -1 -1 -10 4.813 184.55 73.39 294.29 1.20786738181 1.14987459771 1.03099982173 -6.17580788637 1.34227714024 7.74876338812 0.00753464155925 4.6564e-06
pedestrian -1 -1 -10 84.723 113.24 149.203 287.33 2.03677639043 0.386957690781 0.502999628588 -6.24072098609 1.41055336839 9.25608481344 0.00753464155925 4.1292e-06
pedestrian -1 -1 -10 63.615 105.94 104.029 212.92 1.35185156374 0.304966894533 0.697999740557 -17.1068623492 0.32604793285 24.1699889941 0.00753464155925 3.8036e-06
pedestrian -1 -1 -10 5.9549 161.25 120.325 299.42 1.17187133586 1.16287223153 0.930999470869 -6.12463495001 1.36749559165 7.90025896821 0.00753464155925 3.5935e-06
pedestrian -1 -1 -10 168.92 292.48 188.009 347.053 0.256971848362 0.639929758993 0.75099969763 -3.26647465047 1.20811852981 5.4894814715 0.00753464155925 2.8489e-06
pedestrian -1 -1 -10 499.78 170.86 532.993 221.669 1.8367983607 0.548939647304 0.259999672456 -5.2807842978 1.43295930341 41.1974485077 0.00753464155925 2.7223e-06
pedestrian -1 -1 -10 78.784 110.57 115.041 195.082 1.35185156374 0.304966894533 1.08399930196 -16.9138680311 0.32590741482 24.1685369038 0.00753464155925 2.7973e-07
pedestrian -1 -1 -10 262.06 213.57 336.69 318.15 1.11987707376 1.1938694498 0.489999859542 -3.69950849426 1.51876995102 8.3559277644 0.00753464155925 5.758e-08
pedestrian -1 -1 -10 31.537 175.95 84.871 299.01 1.17187133586 1.16287223153 0.930999470869 -6.12463495001 1.36749559165 7.90025896821 0.00753464155925 1.0982e-08
