pedestrian -1 -1 -10 929.03 160.38 945.006 201.19 1.80380199146 1.12987537729 0.694000031699 10.3630219152 0.877107799648 23.0885764772 0.00753464155925 0.0018028
pedestrian -1 -1 -10 919.67 165.81 935.872 203.938 1.79680267132 1.18886892951 1.07499948019 10.1555220874 0.873312562236 22.8236080276 0.00753464155925 0.0008785
pedestrian -1 -1 -10 994.26 235.51 1012.85 268.994 0.568937510373 0.681925451887 1.18199979839 5.69285164737 1.45337020043 10.607368513 0.00753464155925 7.1407e-05
pedestrian -1 -1 -10 733.33 151.15 751.274 198.073 1.97378322435 0.75691799902 0.521999914596 2.78913503887 1.31424739487 13.5286047284 0.00753464155925 4.4641e-05
pedestrian -1 -1 -10 363.04 281.35 386.641 323.872 0.804911660547 0.728919757925 1.00799982686 -2.46844076426 1.52906180949 7.54655769685 0.00753464155925 4.4308e-05
pedestrian -1 -1 -10 704.77 157.15 722.636 205.721 0.351961327556 0.453952647597 0.547999691107 7.38606405859 1.68534125813 47.545668565 0.00753464155925 2.0255e-05
pedestrian -1 -1 -10 241.67 207.52 363.36 292.384 0.177980466126 0.62793051281 0.63699988893 -3.24746092667 0.822924644578 8.3158452197 0.00753464155925 5.0589e-06
pedestrian -1 -1 -10 256.36 232.22 340.495 297.026 0.922898616438 0.756917522235 1.10099949512 -3.20149361707 1.64638307952 7.47020654858 0.00753464155925 4.2752e-07
pedestrian -1 -1 -10 358.12 175.67 452.581 271.634 0.254972034093 0.480947256427 0.557999678509 -3.23596717306 0.70843270605 11.120909999 0.00753464155925 2.256e-07
pedestrian -1 -1 -10 282.72 197.13 371.418 256.675 0.627931062816 0.752917773507 0.781999587052 -3.37756889355 0.844804306909 9.31847041466 0.00753464155925 8.8858e-08
