pedestrian -1 -1 -10 824.19 132.61 844.833 183.112 1.6868148235 1.19786872174 0.742999803076 2.00493374622 1.16526818892 5.73001793414 0.00753464155925 0.026688
pedestrian -1 -1 -10 476.92 173.47 497.64 235.82 1.90179119205 1.14087575906 0.559999771357 -3.11799471571 1.61122164398 18.9509263311 0.00753464155925 0.005861
pedestrian -1 -1 -10 438.35 190.83 450.117 224.336 0.922898616438 0.894900509607 0.543999982248 -5.52776284055 1.58530380636 24.9270447315 0.00753464155925 0.00555
pedestrian -1 -1 -10 429.7 186.28 442.046 222.926 1.14287447596 0.646928484893 0.805000058755 -6.31095384697 1.57601047404 27.3750480709 0.00753464155925 0.0036351
pedestrian -1 -1 -10 518.01 199.51 529.304 246.263 1.84479749858 0.620932263695 0.962999764342 -1.7321492094 1.53667134935 16.3378081782 0.00753464155925 0.00045659
pedestrian -1 -1 -10 523.36 206.58 536.257 249.245 1.84679728305 0.711921898598 1.11199964816 -1.68830822085 1.53731318848 16.3829892265 0.00753464155925 0.00044237
pedestrian -1 -1 -10 434.2 151.89 462.254 221.844 0.277969482853 0.329963774531 0.857999538991 -6.23632581608 0.548887101489 28.1138906059 0.00753464155925 0.00018273
pedestrian -1 -1 -10 816.45 131.42 834.398 178.132 1.75380737973 1.19786872174 0.89599975338 1.94064108257 1.23660188367 6.01998217752 0.00753464155925 0.00016988
pedestrian -1 -1 -10 467.35 174.11 490.609 234.966 1.24886282188 0.767915520078 0.580999673376 -4.2757070592 1.53935647593 22.7569055029 0.00753464155925 0.00012552
pedestrian -1 -1 -10 457.76 175.36 472.978 228.037 1.25486220509 0.880902104237 0.76299977788 -4.36627703328 1.54625844689 22.8140374339 0.00753464155925 0.00012161
pedestrian -1 -1 -10 459.96 177.21 482.453 230.696 1.24886282188 0.767915520078 0.677999765753 -4.32420573264 1.53939178752 22.7572704072 0.00753464155925 0.00011107
pedestrian -1 -1 -10 514.43 200.89 537.145 246.163 1.84479749858 0.660926890263 1.01999966869 -1.73449840472 1.53696921195 16.3578237329 0.00753464155925 0.00010847
pedestrian -1 -1 -10 45.675 138.64 81.268 202.643 0.100988838561 0.0829910910181 0.0850028731495 -44.7645670584 -1.42776976226 60.1100155534 0.00753464155925 4.631e-05
pedestrian -1 -1 -10 440.79 171.76 453.15 222.004 1.13787502969 0.575937116843 0.656999863734 -6.23722483019 1.57043166817 27.3390336519 0.00753464155925 2.7409e-05
pedestrian -1 -1 -10 455.21 183.68 467.775 228.014 1.26286134297 1.10687908683 0.888999666831 -4.49883137405 1.55718242172 23.0059600294 0.00753464155925 1.5496e-05
pedestrian -1 -1 -10 31.52 162.43 47.59 211.161 0.0999890208244 0.118986445643 0.344997300398 -40.202689514 0.30067567063 51.4028555575 0.00753464155928 6.5555e-06
