pedestrian -1 -1 -10 332.36 157.68 402.388 302.92 1.70899232775 0.616999208033 0.816996844405 -2.90076116341 1.41514799463 8.85627321999 0.00692802392802 0.99826
pedestrian -1 -1 -10 362.84 164.62 420.919 302.19 0.995995515585 1.0589992976 0.504998218151 -3.28218259707 1.36960611673 11.1263330629 0.00692802392802 0.050213
pedestrian -1 -1 -10 312.19 161.83 378.213 302.32 1.92199143469 0.320999881648 1.1979954557 -5.52302969235 0.979984265895 15.3189694105 0.00692802392802 0.011185
pedestrian -1 -1 -10 328.82 198.93 362.51 299.13 0.961995688081 1.01099899443 0.731997125435 -3.9764011868 1.37830809042 10.4381556559 0.00692802392802 0.0041241
pedestrian -1 -1 -10 706.7 169.29 723.664 212.069 0.756996591389 0.363000623753 1.1459958436 2.88978494914 0.741041675071 17.7191451588 0.00692802392802 0.0037114
pedestrian -1 -1 -10 352.97 162.01 396.871 273.36 1.70899232775 0.616999208033 0.816996844405 -2.90076116341 1.41514799463 8.85627321999 0.00692802392802 0.001904
pedestrian -1 -1 -10 702.41 162.62 720.349 204.033 0.754996626079 0.321000835321 1.05799611492 2.84592887052 0.739138280114 17.7404483756 0.00692802392802 0.0012933
pedestrian -1 -1 -10 386.33 182.94 411.006 245.294 2.3449894622 0.654999289093 1.19799521728 -4.31289187231 1.41873281997 15.243848617 0.00692802392802 0.0011712
pedestrian -1 -1 -10 716.79 169.23 733.471 207.623 0.757996618748 0.142000102134 1.16899552073 3.10651747377 0.742572120616 17.6071417427 0.00692802392802 0.00045595
pedestrian -1 -1 -10 701.31 173.4 719.33 225.53 0.754996626079 0.321000835321 1.01599621732 2.82492942616 0.739196026748 17.7405939297 0.00692802392802 0.00041725
pedestrian -1 -1 -10 374.89 168.77 404.563 276.0 2.15899030417 0.654999289093 1.1909955125 -4.50664841412 1.23126578971 15.2450811218 0.00692802392802 0.00031147
pedestrian -1 -1 -10 366.17 164.01 396.206 242.505 1.69999242425 0.616999208033 0.803996881776 -2.90727339874 1.40616596508 8.85631312493 0.00692802392802 3.1108e-05
pedestrian -1 -1 -10 247.55 210.44 269.809 272.434 2.11999056339 0.965999902309 1.1949956844 -6.69012061434 1.21000505144 13.7436685736 0.00692802392802 1.3784e-05
pedestrian -1 -1 -10 587.84 131.12 608.166 181.152 0.103999602794 0.117000500545 0.159999365817 -0.179776311943 -2.06051563391 50.9503513904 0.00692802392802 2.1958e-06
pedestrian -1 -1 -10 364.9 156.43 383.243 218.388 1.69999242425 0.616999208033 0.803996881776 -2.90727339874 1.40616596508 8.85631312493 0.00692802392802 2.0871e-08
