pedestrian -1 -1 -10 119.54 145.86 153.84 228.655 2.26475134313 1.19686842697 0.681000501071 -9.85402346663 1.48405791899 14.9486906974 0.00753464155925 0.028207
pedestrian -1 -1 -10 24.216 231.84 44.869 289.788 2.53272192561 1.19586908577 0.311999225477 -9.67518835309 1.78802735327 12.1849463617 0.00753464155925 0.013762
pedestrian -1 -1 -10 79.108 121.78 151.903 273.48 2.34874205244 1.19786967531 0.676000388161 -9.85891533649 1.57029071102 14.6265284558 0.00753464155925 0.0089188
pedestrian -1 -1 -10 17.255 128.75 48.572 217.424 1.84479743898 1.19586908577 0.23699943917 -9.71256781364 1.10078147403 12.2343159038 0.00753464155925 0.0082525
pedestrian -1 -1 -10 163.05 112.44 210.045 263.46 1.90679060853 1.16887066266 0.702999853468 -9.51183921694 1.10306347088 16.7193473487 0.00753464155925 0.0048557
pedestrian -1 -1 -10 340.07 209.65 359.584 267.222 1.13487535298 0.996890526278 1.18399965282 -4.91016669295 1.97938070987 13.6785756833 0.00753464155925 0.0042789
pedestrian -1 -1 -10 384.62 170.25 401.908 210.715 2.52872235667 0.701922765171 0.282999905741 -9.39608017794 1.48580788827 31.5659614566 0.00753464155925 0.002895
pedestrian -1 -1 -10 716.75 176.16 735.069 230.302 0.876903782241 0.598935314439 0.0390000223939 5.2442831387 1.63147963703 31.4647684072 0.00753464155925 0.0023864
pedestrian -1 -1 -10 324.12 195.2 368.46 261.072 1.13687522685 1.09088104549 1.18399965282 -4.9105201654 1.98068486065 13.6315669494 0.00753464155925 0.0020542
pedestrian -1 -1 -10 724.83 174.06 739.085 224.233 1.9407869147 0.726919645169 0.338999644458 5.35847843457 1.15844087937 29.9925811262 0.00753464155925 0.0019401
pedestrian -1 -1 -10 25.999 231.82 61.869 289.26 2.53472168028 1.18186972683 0.311999225477 -9.67456367107 1.78925595562 12.2679494276 0.00753464155925 0.0011705
pedestrian -1 -1 -10 735.36 174.92 747.429 218.986 1.44584130155 1.1438756898 0.205999788168 5.10344537948 1.84009485285 26.7758060462 0.00753464155925 0.0011152
pedestrian -1 -1 -10 730.84 175.02 743.32 219.876 0.822909646272 0.402955732122 0.0239996836629 5.21684089348 1.27375378887 28.580473842 0.00753464155925 0.00108
pedestrian -1 -1 -10 320.09 200.32 350.69 270.694 1.96778388584 1.17687111368 0.210999424241 -9.50214905544 2.0102089644 25.2324728465 0.00753464155925 0.0010508
pedestrian -1 -1 -10 120.47 138.2 169.137 260.64 2.47372838807 1.18986922428 0.709999820807 -9.83809994107 1.69569625708 15.127509351 0.00753464155925 0.00091139
pedestrian -1 -1 -10 330.85 206.6 349.548 251.162 2.55971891165 0.452950445687 1.12199987398 -5.58752391666 1.85980494077 15.1762009916 0.00753464155925 0.00077843
pedestrian -1 -1 -10 318.2 176.66 344.591 246.674 2.72670063173 1.19086951905 0.210999424241 -9.50480852 1.96949102471 24.9196691367 0.00753464155925 0.00072723
pedestrian -1 -1 -10 1207.0 80.656 1240.54 200.746 1.59282510245 0.779913335906 1.13599933182 15.8625748479 0.624881823653 18.2376472011 0.00753464155925 0.00071657
pedestrian -1 -1 -10 1173.1 1.6882 1237.07 274.508 1.54483036459 0.974893577022 1.18799936168 14.9526005286 0.599645586793 17.8459675269 0.00753464155925 0.00066037
pedestrian -1 -1 -10 496.65 191.59 511.589 234.421 1.23886402618 0.547940306104 0.599000032169 -3.7981109207 2.11061700271 26.2342564543 0.00753464155925 0.00053701
pedestrian -1 -1 -10 89.282 123.88 135.241 229.89 0.738918892261 0.119985786844 0.314999483958 -11.5766316328 -0.087273292667 16.8133921539 0.00753464155925 0.00047769
pedestrian -1 -1 -10 125.16 167.76 156.383 264.097 2.60971349358 1.18886988308 0.694000031699 -9.84722164389 1.82940020222 14.9720839287 0.00753464155925 0.00042476
pedestrian -1 -1 -10 489.79 192.46 507.131 234.93 1.23886402618 0.547940306104 0.599000032169 -3.7981109207 2.11061700271 26.2342564543 0.00753464155925 0.00033635
pedestrian -1 -1 -10 429.92 222.58 444.213 266.994 1.23786408925 1.04288501433 1.17699968548 -4.75568870799 1.97473845689 20.1931415674 0.00753464155925 0.00032142
pedestrian -1 -1 -10 349.22 206.35 368.54 260.758 2.49672586477 0.452950445687 0.695999886128 -5.37454937447 1.79665681423 15.1750648614 0.00753464155925 0.00021983
pedestrian -1 -1 -10 52.911 144.55 120.841 270.14 2.51872340453 1.18487061114 0.589999018308 -9.80504332461 1.75705012734 13.8020021828 0.00753464155925 0.00021706
pedestrian -1 -1 -10 356.14 205.91 374.089 255.93 1.13087584364 0.969894010309 1.18799983852 -4.53298860157 1.97351471291 13.5682755791 0.00753464155925 0.00021603
pedestrian -1 -1 -10 1184.1 139.72 1216.97 243.77 2.66570727992 1.17487052414 1.18699895763 14.8130199076 1.72873418103 17.913610797 0.00753464155925 0.00017876
pedestrian -1 -1 -10 346.36 201.97 364.166 248.107 2.49672586477 0.452950445687 0.792999978505 -5.42304804791 1.79669212583 15.1754297657 0.00753464155925 0.00015295
pedestrian -1 -1 -10 422.83 220.08 441.111 269.396 0.926898244975 1.00888929568 0.588999806348 -3.74621809458 1.95628897338 14.1246707141 0.00753464155925 0.0001391
pedestrian -1 -1 -10 138.52 149.34 180.751 265.47 2.62371195507 1.19087047262 0.389999270265 -9.67433792307 1.83190031201 15.6209381563 0.00753464155925 0.00010347
pedestrian -1 -1 -10 32.017 210.56 80.442 289.185 2.53472168028 1.18987017785 0.312000179151 -9.6711454393 1.79400682848 12.5888977295 0.00753464155925 0.00010161
pedestrian -1 -1 -10 433.86 214.21 448.393 264.647 1.23786414885 1.01888747553 1.1979995875 -4.62973239915 1.97654997081 20.2531739829 0.00753464155925 6.4522e-05
pedestrian -1 -1 -10 131.8 182.27 166.714 259.209 2.60971349358 1.19686842697 0.709999820807 -9.83696938765 1.83382031917 15.270982286 0.00753464155925 4.6755e-05
pedestrian -1 -1 -10 345.4 194.82 391.547 260.618 0.604933630818 0.592933545815 0.588000117552 -6.07290405301 1.6893700286 19.4355000954 0.00753464155925 2.9509e-05
pedestrian -1 -1 -10 323.9 160.47 355.409 225.185 2.99067164528 1.17487243128 0.58899956793 -9.68650679163 2.03602497814 26.0301598612 0.00753464155925 1.8667e-05
pedestrian -1 -1 -10 1144.4 71.85 1191.52 238.64 1.95078574765 1.02088806507 1.13099921891 14.3411439364 1.03571514356 18.2301771267 0.00753464155925 1.0077e-05
pedestrian -1 -1 -10 345.28 176.92 435.438 264.02 0.963894183156 0.961894512853 1.15599930663 -5.81663217148 1.69191543975 19.6207147319 0.00753464155925 6.9375e-06
pedestrian -1 -1 -10 159.42 176.37 201.512 267.191 2.63971023082 1.19287010859 0.38100040217 -9.67525287456 1.84288849404 16.363003286 0.00753464155925 6.8033e-06
pedestrian -1 -1 -10 397.83 211.77 434.745 272.111 0.926898244975 1.0058903185 0.86299989032 -3.88363991517 1.9555523794 14.0692093087 0.00753464155925 5.6666e-06
pedestrian -1 -1 -10 384.93 177.82 444.184 269.373 1.21786624456 1.04788553461 1.18299972561 -5.28402746862 1.94951271773 19.8858043805 0.00753464155925 1.0908e-08
