pedestrian -1 -1 -10 1064.9 149.23 1084.99 191.116 1.5568290714 0.878903421835 0.580999196539 16.8044956077 1.07376924204 25.2891126543 0.00753464155925 0.059513
pedestrian -1 -1 -10 1055.3 146.79 1072.32 190.355 0.705922523018 0.198977605919 0.529001074028 19.0157362584 0.213197683044 30.2725821386 0.00753464155924 0.0056654
pedestrian -1 -1 -10 329.16 162.22 343.64 221.742 2.00278008425 0.19997885426 0.460999347713 -11.8440199781 0.933825079122 32.2757799066 0.00753464155925 0.0012089
pedestrian -1 -1 -10 1053.1 146.29 1090.41 195.599 1.39484685719 0.422952091836 0.192999780703 10.5102550486 0.587245668533 16.2822921056 0.00753464155925 0.00059281
pedestrian -1 -1 -10 332.76 159.1 351.715 226.535 2.02077811468 0.834908569754 0.577999891732 -5.30046860192 1.41607618203 14.8005656184 0.00753464155925 0.00015624
pedestrian -1 -1 -10 1046.0 148.61 1081.43 216.48 1.5568290714 0.490945436284 0.471999977585 16.7514590891 1.0766806085 25.4834961847 0.00753464155924 0.00015366
pedestrian -1 -1 -10 759.89 174.58 788.928 213.939 1.55282947266 0.686923111461 1.07399955298 7.51707247293 0.890813756246 31.9976861008 0.00753464155925 0.00014579
pedestrian -1 -1 -10 1067.0 150.93 1105.35 214.756 1.3808483957 0.853906541838 1.06099859184 17.0445284217 0.89779885722 25.3011080961 0.00753464155924 5.2554e-05
pedestrian -1 -1 -10 320.93 147.06 336.094 203.118 1.50083522546 0.207977398146 1.01699988705 -13.7411353818 1.07055906615 35.6858028033 0.00753464155925 3.5079e-05
pedestrian -1 -1 -10 320.57 154.52 364.192 242.721 2.02077811468 1.10287886132 0.799999469008 -5.19048147553 1.41401183491 14.6657491364 0.00753464155925 1.2089e-05
pedestrian -1 -1 -10 143.24 178.59 196.096 247.691 0.668926555037 1.09588013542 0.846999862793 -4.23819756394 0.88860776508 7.17581337347 0.00753464155925 5.9199e-06
pedestrian -1 -1 -10 94.719 170.89 179.676 241.038 0.282968897465 0.716920511742 0.824998603049 -19.8560912882 1.14014231125 30.5986262726 0.00753464155925 1.9226e-06
pedestrian -1 -1 -10 64.807 172.49 141.219 256.172 1.78580390144 1.18886988308 1.17399990384 -8.30693179228 1.43868536819 11.9457479067 0.00753464155925 1.1709e-06
pedestrian -1 -1 -10 87.479 203.69 143.339 272.291 0.390957080006 0.243973706341 0.112999881486 -9.13307273685 1.03534724797 13.1642870459 0.00753464155924 3.2631e-07
