pedestrian -1 -1 -10 1098.1 227.43 1134.38 286.468 0.507944277758 0.197978264719 0.218999795632 6.15239748579 1.31777190096 8.62818936141 0.00753464155925 0.039273
pedestrian -1 -1 -10 752.24 168.3 765.799 209.879 2.27874980461 0.396955870638 0.434999809621 6.99758399017 1.2491526812 32.001667796 0.00753464155925 0.018898
pedestrian -1 -1 -10 749.06 168.28 759.938 208.431 0.788913384794 0.178979339065 0.117000067182 5.89044332135 1.43336643725 28.175728661 0.00753464155925 0.011956
pedestrian -1 -1 -10 756.4 168.8 771.801 212.55 2.27874980461 0.396955870638 0.434999809621 6.99758399017 1.2491526812 32.001667796 0.00753464155925 0.01022
pedestrian -1 -1 -10 1032.4 125.92 1052.62 179.592 1.22486556097 0.930897771372 0.799000495467 14.001793562 0.264749129543 22.7433955839 0.00753464155925 0.0074128
pedestrian -1 -1 -10 764.12 166.48 780.633 208.662 0.101988805294 0.193978992776 0.310000324722 11.9222701689 0.893697417292 51.3418855754 0.00753464155925 0.00094216
pedestrian -1 -1 -10 688.41 160.21 700.164 194.668 0.0999890208244 0.216975283232 0.203999933738 6.99353888624 0.628870754639 55.6750224911 0.00753464155925 0.0004458
pedestrian -1 -1 -10 1092.8 215.25 1107.8 266.494 1.9347874719 0.812910666929 0.700000071824 7.58694855906 1.26439669855 10.5644996072 0.00753464155925 0.00021807
pedestrian -1 -1 -10 746.55 159.74 769.895 208.266 2.27874980461 0.396955870638 0.434999809621 6.99758399017 1.2491526812 32.001667796 0.00753464155925 5.7219e-05
pedestrian -1 -1 -10 124.11 200.56 153.581 247.215 0.408955110429 0.918898048404 0.26099959967 -14.5236711983 1.40308812042 22.3743584179 0.00753464155925 6.43e-06
pedestrian -1 -1 -10 1198.8 121.99 1242.04 304.56 1.89879153025 0.525941926493 0.406999463425 6.44070037866 1.28331860849 7.67468967365 0.00753464155925 3.124e-06
pedestrian -1 -1 -10 1212.7 170.43 1242.01 309.25 1.89879153025 0.525941926493 0.406999463425 6.44070037866 1.28331860849 7.67468967365 0.00753464155925 2.3957e-07
