pedestrian -1 -1 -10 265.72 258.3 277.818 288.476 1.13087578404 0.608933494296 0.758999592185 -5.52688065521 1.66922899603 11.821526404 0.00753464155925 0.039116
pedestrian -1 -1 -10 208.14 219.6 241.719 303.556 2.2697507894 0.94289654077 1.04199949793 -5.51855460829 1.63203567001 10.1292105827 0.00753464155925 0.0081675
pedestrian -1 -1 -10 719.54 185.81 740.335 242.451 0.506944281226 0.482946892398 0.294999509154 5.32599379054 1.99621168674 31.1069673307 0.00753464155925 0.0031335
pedestrian -1 -1 -10 261.31 173.79 281.28 220.108 1.3028569504 1.18586995234 1.14599955764 -6.27582071667 0.605962906602 13.6049265853 0.00753464155925 0.0030204
pedestrian -1 -1 -10 727.44 180.71 746.372 232.654 0.717921170235 0.388957326752 0.322999855349 3.80990933497 1.06510502612 20.0372058047 0.00753464155925 0.00046587
pedestrian -1 -1 -10 121.92 248.87 141.146 293.95 2.08577091623 1.19686842697 1.18599950725 -6.05766296811 1.44654229832 9.19552722572 0.00753464155925 0.00023326
pedestrian -1 -1 -10 722.22 196.03 747.936 251.698 0.523942493913 0.217976531573 0.189999760641 3.84797288377 1.83766602372 21.6227665393 0.00753464155925 0.00015058
pedestrian -1 -1 -10 247.67 167.28 274.427 237.196 1.3028569504 1.09787929461 0.911999423279 -6.39248598637 0.606699403031 13.6498009495 0.00753464155925 8.8016e-05
pedestrian -1 -1 -10 120.61 240.69 154.198 292.263 2.07877177488 1.18087038563 1.19499980586 -6.07486874898 1.43011874833 9.36887193105 0.00753464155925 3.0628e-05
pedestrian -1 -1 -10 109.73 245.07 141.061 311.193 1.09987916947 1.18686977033 1.13099969575 -5.02666905989 1.64737135231 7.46225086398 0.00753464155925 2.7874e-05
pedestrian -1 -1 -10 203.93 241.69 229.236 307.944 2.26875085247 0.912900094059 1.18499958004 -5.58994301176 1.62631037947 10.1448277736 0.00753464155925 3.3269e-06
pedestrian -1 -1 -10 235.47 166.86 264.507 256.261 1.30085713613 1.16687198026 0.896999561385 -6.4030626211 0.600658050398 13.2413991943 0.00753464155925 1.925e-06
pedestrian -1 -1 -10 729.5 177.74 757.838 239.118 1.37984850347 1.13387655637 0.64899996918 3.8406916743 1.69547863173 18.9158872832 0.00753464155925 1.8922e-06
pedestrian -1 -1 -10 911.38 180.21 964.787 252.304 0.540940602303 0.55693914476 0.969999493263 3.889530495 0.704435564857 8.51604513222 0.00753464155925 1.1063e-08
