pedestrian -1 -1 -10 408.37 160.85 424.644 208.877 1.18486992001 0.568936007019 0.665999685503 -6.37052638681 1.51977301554 24.1831999453 0.00753464155925 0.0023836
pedestrian -1 -1 -10 399.92 161.16 414.769 204.697 0.92989787698 0.303963739053 0.231000829556 -8.87148983191 -0.131659224628 33.5823961909 0.00753464155925 0.00048188
pedestrian -1 -1 -10 872.13 170.9 909.763 242.059 2.14376463604 1.19586908577 1.01199965493 2.25550143909 1.61394838956 5.58385067508 0.00753464155925 0.00045389
pedestrian -1 -1 -10 1179.1 146.9 1198.28 198.447 0.67392599386 0.955895604939 0.291000277132 8.30408896609 0.545489052736 10.1238456654 0.00753464155925 0.0003723
pedestrian -1 -1 -10 979.43 164.89 997.175 206.644 1.87979362249 1.18986970107 1.1979995875 2.70628603894 1.35250280953 5.16731324221 0.00753464155925 0.000211
pedestrian -1 -1 -10 753.43 164.67 775.816 204.808 0.0999890208244 0.0189989256531 0.117000067182 7.67628621355 1.05190059854 36.6579911042 0.00753464155925 0.00011343
pedestrian -1 -1 -10 3.6467 288.94 43.6867 374.009 0.55093947995 1.18986970107 0.220000199684 -6.43387275977 1.59654033505 7.88410040362 0.00753464155925 0.00010014
pedestrian -1 -1 -10 824.29 163.42 840.772 211.482 1.55282950246 0.939897563598 0.755999810541 2.65484078513 1.58213793998 9.32345512036 0.00753464155925 5.9235e-05
pedestrian -1 -1 -10 1094.6 161.77 1109.48 203.212 1.13887492192 0.810911507743 1.12399972841 3.51990186768 0.598778865906 5.01733635267 0.00753464155925 5.7336e-05
pedestrian -1 -1 -10 972.74 205.59 1010.65 273.753 1.5798265183 1.19886853972 1.19599973307 2.0441254918 1.69827970149 3.904289096 0.00753464155925 3.9963e-05
pedestrian -1 -1 -10 810.51 187.79 829.603 245.414 1.55282950246 1.09588061221 0.755999810541 2.65542841775 1.58329253525 9.40144443085 0.00753464155925 3.2666e-05
pedestrian -1 -1 -10 9.1156 310.74 32.3486 363.516 0.55093947995 1.17987056764 0.215000086774 -6.43686997252 1.59556519114 7.81812833184 0.00753464155925 2.3383e-05
pedestrian -1 -1 -10 818.65 160.0 833.844 205.128 0.702922816515 0.503946407593 0.0919999794671 8.89427154008 0.799554155526 29.1954845549 0.00753464155925 1.8363e-05
pedestrian -1 -1 -10 976.72 221.69 996.217 274.673 1.5798265183 1.19586884737 1.10799970088 1.99952234475 1.69908959741 3.95712055388 0.00753464155925 8.1613e-06
pedestrian -1 -1 -10 812.17 225.42 832.743 272.862 1.51083405841 0.788914081702 0.759999757818 2.65229056831 1.59002076353 9.24753634357 0.00753464155925 5.9417e-06
pedestrian -1 -1 -10 751.99 162.06 782.555 220.907 0.750917524579 0.41495545509 0.250999850687 8.07054596727 0.332302056205 37.589619538 0.00753464155925 4.1762e-06
pedestrian -1 -1 -10 812.5 158.63 828.653 208.476 1.87779380822 1.01688879313 0.472999785591 2.25617929986 1.52683721276 7.33090749068 0.00753464155925 2.3403e-06
pedestrian -1 -1 -10 991.43 230.92 1013.31 290.532 1.5798265183 1.19586908577 1.19299971301 2.06111650719 1.69726779391 3.83666686326 0.00753464155925 2.068e-06
