pedestrian -1 -1 -10 988.91 147.56 1027.85 226.456 1.67681584156 0.632930079523 0.607000165142 9.72335331078 1.24195498533 17.5777946826 0.00753464155925 0.98974
pedestrian -1 -1 -10 859.94 163.04 880.896 198.364 0.980892306446 0.551939578046 0.60099964818 8.51118673858 0.861183843845 23.1456805547 0.00753464155925 0.75976
pedestrian -1 -1 -10 987.1 151.78 1012.6 211.942 1.67681584156 0.632930079523 0.607000165142 9.72335331078 1.24195498533 17.5777946826 0.00753464155925 0.025215
pedestrian -1 -1 -10 871.18 163.1 884.425 199.582 0.980892306446 0.551939578046 0.60099964818 8.51118673858 0.861183843845 23.1456805547 0.00753464155925 0.0067431
pedestrian -1 -1 -10 853.98 161.49 888.687 208.301 0.980892306446 0.551939578046 0.60099964818 8.51118673858 0.861183843845 23.1456805547 0.00753464155925 0.001286
pedestrian -1 -1 -10 354.87 216.3 376.32 269.511 1.32285473549 0.931898066142 0.316999815224 -4.86107511351 1.90366247003 14.039267706 0.00753464155925 0.0012724
pedestrian -1 -1 -10 982.11 150.5 1002.76 197.779 1.34185271775 0.692922972945 0.700999045364 12.2317899933 0.408845200279 22.608444278 0.00753464155925 0.00090255
pedestrian -1 -1 -10 976.58 151.59 996.923 204.727 1.33485336781 0.343962179901 0.407999867477 9.62505004163 1.24416638534 17.7204910584 0.00753464155925 0.00050434
pedestrian -1 -1 -10 854.54 156.84 903.652 225.234 0.980892306446 0.551939578046 0.60099964818 8.51118673858 0.861183843845 23.1456805547 0.00753464155925 0.00046495
pedestrian -1 -1 -10 361.43 211.69 383.343 256.5 2.21375688386 0.602934586382 0.611999801215 -5.7158445044 1.81028609073 18.5778094319 0.00753464155925 0.0002583
pedestrian -1 -1 -10 971.2 141.49 1015.03 224.585 1.67681584156 0.632930079523 0.607000165142 9.72335331078 1.24195498533 17.5777946826 0.00753464155925 0.0001897
pedestrian -1 -1 -10 975.18 112.0 1033.96 233.78 1.67681584156 0.632930079523 0.607000165142 9.72335331078 1.24195498533 17.5777946826 0.00753464155925 7.2819e-05
pedestrian -1 -1 -10 71.8 126.26 124.227 228.34 2.11776746774 1.18686833997 0.853998876459 -15.801232906 1.13524758995 22.3465915527 0.00753464155925 1.9078e-05
pedestrian -1 -1 -10 1209.3 171.01 1242.01 276.7 0.577936555384 1.1938694498 1.18899976573 4.42183310834 0.758437333387 5.16154637348 0.00753464155925 1.1762e-06
pedestrian -1 -1 -10 467.01 180.64 500.512 219.388 0.837907999992 0.220976462315 1.1539994522 -7.06543257407 0.950692606115 42.0467569254 0.00753464155925 9.7785e-07
pedestrian -1 -1 -10 1111.2 266.08 1192.91 365.811 1.13087584364 0.899901506675 1.19799982592 3.36776461734 1.60633695661 4.63595650168 0.00753464155925 1.3096e-08
pedestrian -1 -1 -10 1085.0 252.96 1161.93 361.4 1.04488526046 1.00888929568 1.19699966029 3.22120164168 1.61924237024 4.62273140047 0.00753464155925 7.9334e-09
