pedestrian -1 -1 -10 775.55 231.3 810.077 293.255 0.854906182879 1.13287530803 0.318999908072 2.7071681941 1.5761560503 10.0645862107 0.00753464155925 0.22091
pedestrian -1 -1 -10 78.611 132.32 110.296 217.12 1.95778500819 1.10287981489 1.16099941954 -7.07137299354 1.28076126166 9.97877872736 0.00753464155925 0.0058979
pedestrian -1 -1 -10 0.0 112.92 35.002 188.273 1.60282402479 1.00089075179 1.19599925623 -7.93115636375 0.923071857073 9.82890305853 0.00753464155925 0.0049556
pedestrian -1 -1 -10 35.973 109.66 115.511 279.37 2.11876734507 1.18586995234 1.19199907054 -7.34861568597 1.44233790814 10.0061711406 0.00753464155925 0.0038671
pedestrian -1 -1 -10 794.22 231.46 809.685 291.873 0.854906182879 1.17287088817 0.318999908072 2.70701751935 1.57586000078 10.0445889882 0.00753464155925 0.0017688
pedestrian -1 -1 -10 54.025 122.4 109.612 236.78 2.11876734507 1.19686842697 1.16899979093 -7.28220428082 1.44211925736 9.99417203652 0.00753464155925 0.0014899
pedestrian -1 -1 -10 25.727 112.3 66.348 188.044 1.65881787073 0.989891323593 1.18699943447 -7.55069110646 0.97870725251 9.8201260847 0.00753464155925 0.0012271
pedestrian -1 -1 -10 58.031 126.58 78.042 181.411 1.64881897819 0.960894218083 0.998999289836 -7.31974574164 0.975443163444 9.81185960586 0.00753464155925 0.0010627
pedestrian -1 -1 -10 29.576 110.4 53.675 172.909 1.49483584225 1.169871911 1.19799911066 -7.77524839855 0.816828538552 9.95401937005 0.00753464155925 0.00093928
pedestrian -1 -1 -10 57.233 126.16 93.091 201.794 1.88979257464 1.05888400924 0.993999653763 -7.31680253832 1.21714026576 9.85904999237 0.00753464155925 0.00055123
pedestrian -1 -1 -10 76.032 129.79 96.082 198.422 1.89679177558 0.717921760083 1.19399987864 -7.55986331868 1.22308493686 10.2503986138 0.00753464155925 0.00047834
pedestrian -1 -1 -10 49.788 123.71 81.038 194.399 1.7818043325 1.05888400924 1.11099972094 -7.37533482925 1.10819473862 9.86030455029 0.00753464155925 0.00041234
pedestrian -1 -1 -10 42.812 120.65 65.155 182.963 1.74480839431 1.05788466804 1.16199982359 -7.49590667576 1.07116071052 9.85298617873 0.00753464155925 0.0003153
pedestrian -1 -1 -10 1043.8 185.17 1142.57 326.57 1.27086042869 1.17587081891 0.178999846024 8.75511893149 1.41079223972 12.8624349677 0.00753464155925 0.00015659
pedestrian -1 -1 -10 785.06 162.11 802.772 210.961 0.325964196504 0.182978611008 0.239999697651 9.23432428907 0.755790610354 35.3011218721 0.00753464155925 0.00014488
pedestrian -1 -1 -10 85.588 241.17 103.834 296.465 1.28385904264 1.18987017785 0.60599976109 -6.48562115882 1.65324868952 8.7451938632 0.00753464155925 0.00014063
pedestrian -1 -1 -10 83.878 226.91 118.228 297.196 2.11176808453 1.10987806401 1.07499948019 -7.02828100838 1.44179370978 9.98271092797 0.00753464155925 0.0001376
pedestrian -1 -1 -10 353.45 155.39 374.074 195.429 2.0387760855 1.12287808175 0.399000045708 -9.32898644459 1.07618082133 27.4738285693 0.00753464155925 0.00012345
pedestrian -1 -1 -10 90.361 132.9 115.326 189.711 1.79080340731 0.882903647348 0.959999744279 -7.29752442885 1.11668375746 10.1667012477 0.00753464155925 4.2455e-05
pedestrian -1 -1 -10 701.68 175.98 719.482 220.371 0.646929015273 0.311966097218 0.684999971511 4.01874257008 1.47681527732 29.2747864105 0.00753464155925 3.284e-05
pedestrian -1 -1 -10 707.89 174.72 727.582 223.432 1.23586430478 0.964894443595 0.345999850216 2.67314791323 1.57956330125 17.5896506955 0.00753464155925 1.9982e-05
pedestrian -1 -1 -10 942.14 306.61 969.876 356.661 2.15876297486 0.957894764126 1.19199954738 3.21389484207 1.59582370926 6.83118171681 0.00753464155925 1.716e-05
