pedestrian -1 -1 -10 413.11 170.85 428.374 214.37 2.04777516031 0.569937255359 0.635999484878 -9.00752737179 0.973494980507 33.8573732393 0.00753464155925 0.00026789
pedestrian -1 -1 -10 156.99 95.482 236.731 255.212 1.56782784128 0.943896835541 0.820999609445 -2.79709336647 1.304444295 4.66210721055 0.00753464155925 0.00016567
pedestrian -1 -1 -10 380.14 155.07 402.119 210.806 1.82379977655 1.04388626267 0.183000508556 -8.96674735878 1.01069473262 30.2913669126 0.00753464155925 0.00014489
pedestrian -1 -1 -10 987.23 196.33 1034.78 301.36 2.12276685441 1.19786872174 0.714999933718 5.92743289639 1.47338371477 10.2917623825 0.00753464155925 0.00010096
pedestrian -1 -1 -10 407.96 167.71 438.596 216.213 0.293967726945 0.375962076863 0.0679998189671 -8.97396380791 -0.117486552867 35.8135601715 0.00753464155925 5.3347e-05
pedestrian -1 -1 -10 453.71 157.99 489.764 217.279 0.879903414246 0.367959718698 0.688999441951 -5.50628717325 1.01057220543 30.8253865604 0.00753464155925 1.6518e-05
pedestrian -1 -1 -10 402.91 160.05 456.467 219.233 2.17876081955 0.291967830364 0.234999584741 -8.90944423718 1.06093377473 36.4576699402 0.00753464155925 1.5413e-05
pedestrian -1 -1 -10 439.48 163.94 462.398 216.066 0.846907015203 0.409954934807 0.363999255336 -8.9825286148 0.960753522067 42.1736323491 0.00753464155925 7.7091e-06
pedestrian -1 -1 -10 124.63 124.62 179.403 230.91 1.62282175029 0.816910415657 1.01699964863 -2.90055178275 1.3585732349 4.59898354545 0.00753464155925 5.7564e-06
pedestrian -1 -1 -10 425.26 161.19 473.203 217.896 0.846907015203 0.409954934807 0.363999255336 -8.9825286148 0.960753522067 42.1736323491 0.00753464155925 5.7073e-06
pedestrian -1 -1 -10 96.072 123.5 167.235 224.17 1.6058236568 0.834908569754 1.15999973074 -2.97198723698 1.34176042205 4.60864618239 0.00753464155925 3.0543e-06
pedestrian -1 -1 -10 926.66 183.98 984.14 259.877 2.09277017677 1.19786872174 0.819999920649 5.83839649621 1.41793279429 12.3513157157 0.00753464155925 2.3703e-06
pedestrian -1 -1 -10 472.06 163.19 529.405 224.37 2.23375478815 1.06388452952 0.969999493263 -4.32341939112 1.2724851379 28.783336115 0.00753464155925 1.0085e-06
pedestrian -1 -1 -10 494.21 160.08 540.06 225.242 0.859905569554 0.146983256383 1.08899989171 -3.76788129364 0.84141331764 30.8881541568 0.00753464155925 3.6592e-07
pedestrian -1 -1 -10 8.624 125.35 77.302 230.76 1.60982328534 0.508944543951 1.19899975313 -3.53930598892 1.34452943026 4.50189428049 0.00753464155925 5.0548e-08
pedestrian -1 -1 -10 745.53 204.8 781.045 274.656 1.36485016465 0.848906975124 0.694999720495 2.8152072849 1.57499275521 12.0878428303 0.00753464155925 2.1975e-08
pedestrian -1 -1 -10 49.95 130.87 126.577 218.343 1.60682359373 0.557938962746 1.19799982592 -3.23600023592 1.34094610903 4.47513650814 0.00753464155925 6.4893e-09
pedestrian -1 -1 -10 29.086 132.14 98.225 222.94 1.60782341147 0.531941787977 1.19299947459 -3.39939726246 1.34225739926 4.48935746262 0.00753464155925 5.3709e-09
