pedestrian -1 -1 -10 495.6 157.75 551.3 311.67 1.68199246079 0.447000200618 0.681997420474 -1.14030394185 1.42898083191 8.25509356424 0.00692802392802 0.99861
pedestrian -1 -1 -10 535.14 156.94 550.068 201.651 1.48799335957 0.868999845974 0.501998089227 -1.06250804528 1.38854551647 12.8197330631 0.00692802392802 0.0015995
pedestrian -1 -1 -10 515.54 153.92 556.542 288.97 1.52599317729 0.992999357584 0.501998089227 -1.0628851789 1.42661743885 12.7577565293 0.00692802392802 0.00087592
pedestrian -1 -1 -10 495.14 158.84 523.07 232.299 1.68199246079 0.447000200618 0.681997420474 -1.14030394185 1.42898083191 8.25509356424 0.00692802392802 0.00046961
pedestrian -1 -1 -10 692.06 150.69 712.297 190.051 1.95499127954 0.624999576452 1.19299547924 2.07081262708 1.0590389035 14.4474110194 0.00692802392802 0.00024318
pedestrian -1 -1 -10 514.11 196.03 547.505 297.91 1.68199246079 0.447000200618 0.632997579675 -1.11580460996 1.42891346089 8.2549237512 0.00692802392802 0.00022761
pedestrian -1 -1 -10 346.99 211.45 371.931 273.42 1.02099543959 1.19699969236 1.15699572028 -3.63111784345 1.38521770521 10.5587403933 0.00692802392802 0.00021542
pedestrian -1 -1 -10 528.84 158.47 543.766 213.61 1.52599317729 0.992999357584 0.501998089227 -1.0628851789 1.42661743885 12.7577565293 0.00692802392802 0.00016452
pedestrian -1 -1 -10 501.92 150.69 541.277 269.2 1.68199246079 0.447000200618 0.681997420474 -1.14030394185 1.42898083191 8.25509356424 0.00692802392802 0.00016234
pedestrian -1 -1 -10 525.5 154.79 553.618 212.993 1.62699273676 0.90699897336 1.19299547924 -1.51174168917 0.619402645031 17.5209858896 0.00692802392802 0.00012369
pedestrian -1 -1 -10 340.84 193.91 358.807 253.705 1.02099543959 1.07199977707 1.11499582268 -3.74572776478 1.38563411035 10.4710327041 0.00692802392802 4.9111e-05
pedestrian -1 -1 -10 756.23 167.55 776.597 227.638 2.40298923105 0.684999955407 1.02499624646 3.23383684144 1.50393299721 14.3586084838 0.00692802392802 3.2907e-05
pedestrian -1 -1 -10 509.93 152.36 531.378 225.248 1.62999276668 0.447000200618 0.681997420474 -1.1403756453 1.3769811378 8.25506382291 0.00692802392802 1.8966e-05
pedestrian -1 -1 -10 1050.9 279.59 1073.1 336.307 0.950995700062 0.327999846386 0.384998544778 3.23036456991 1.51426344622 5.34176647423 0.00692802392802 8.3054e-06
pedestrian -1 -1 -10 497.08 180.53 527.894 286.96 1.68199246079 0.447000200618 0.681997420474 -1.14030394185 1.42898083191 8.25509356424 0.00692802392802 6.4905e-06
pedestrian -1 -1 -10 520.56 149.59 537.343 238.662 1.52599317729 0.946998908106 0.501998089227 -1.06304452373 1.42664418771 12.7347568565 0.00692802392802 4.2889e-06
pedestrian -1 -1 -10 482.51 147.49 520.612 246.046 0.990995594859 0.754999602794 0.407998460319 -1.76386648266 0.801381596119 12.9052006248 0.00692802392802 3.4653e-06
pedestrian -1 -1 -10 467.55 161.33 526.517 302.58 2.29598977566 0.730999451212 0.771997175505 -2.41078156094 1.37463388525 15.115644183 0.00692802392802 1.0183e-06
pedestrian -1 -1 -10 1198.3 231.02 1223.39 312.75 0.974995581806 0.347999813759 0.787997147849 4.51796891841 1.47484254356 5.22778312573 0.00692802392802 2.0123e-07
