pedestrian -1 -1 -10 846.26 147.74 911.116 306.4 1.74999222755 0.657000096453 0.686997456535 3.31648485888 1.43832113021 8.57719652278 0.00692802392802 0.99942
pedestrian -1 -1 -10 845.33 224.14 872.57 295.895 0.879996052384 0.369000184812 1.03899589444 4.21836913005 0.122154455915 11.7920029599 0.00692802392802 0.0025614
pedestrian -1 -1 -10 840.88 205.14 886.992 297.632 0.552997536957 0.255999391639 0.4609982346 4.88384725902 1.27887843105 13.9314806593 0.00692802392802 0.00050742
pedestrian -1 -1 -10 704.85 150.25 726.741 198.304 2.0629908368 0.594999863811 1.19899561788 2.32965645864 1.16637626113 14.4026789411 0.00692802392802 0.0002321
pedestrian -1 -1 -10 874.11 204.59 909.24 293.508 1.75399215817 0.657000096453 0.686997456535 3.31649037447 1.44232106083 8.57719881054 0.00692802392802 0.0002192
pedestrian -1 -1 -10 855.37 152.43 874.158 213.154 2.12299057096 1.00699928706 1.16799559696 4.624936112 1.26443475555 12.3148049344 0.00692802392802 0.00018839
pedestrian -1 -1 -10 345.57 209.98 374.407 274.267 1.0229954049 1.18699851658 1.16899552073 -3.62115682182 1.3871971498 10.5526723311 0.00692802392802 0.00014327
pedestrian -1 -1 -10 697.26 151.17 717.909 196.738 2.05999082923 0.622999722765 1.19699541273 2.16889226772 1.16377943663 14.4377917435 0.00692802392802 6.6393e-05
pedestrian -1 -1 -10 1051.3 279.88 1073.36 337.289 0.921995845437 0.316999697438 0.373998429681 3.23979040957 1.48424271901 5.33718285816 0.00692802392802 1.8018e-05
pedestrian -1 -1 -10 862.58 147.18 878.791 213.821 1.64399263561 0.921999306517 0.533997914707 3.33875604119 1.33210832205 8.70948330184 0.00692802392802 1.6363e-05
pedestrian -1 -1 -10 691.46 156.88 720.13 224.548 2.3949892506 0.66799881489 1.19599560817 2.13107361477 1.49884709206 14.4697497569 0.00692802392802 6.3649e-06
pedestrian -1 -1 -10 857.03 142.86 895.563 222.307 1.67499251515 0.921999306517 0.53499807689 3.33829871848 1.36310957674 8.70950449843 0.00692802392802 4.2986e-06
pedestrian -1 -1 -10 835.43 151.82 876.533 294.57 0.942995809019 0.508000983254 0.511998161349 6.40079277277 1.03613592969 17.9145604636 0.00692802392802 1.1359e-06
