pedestrian -1 -1 -10 988.03 137.35 1045.15 268.58 1.83699177653 0.840999987019 0.826997035735 6.42399626454 1.24226041846 10.7534428396 0.00692802392802 0.99715
pedestrian -1 -1 -10 739.36 167.7 762.541 233.446 1.49499334246 0.52900087747 0.884996667264 3.40307157826 1.23654526827 16.9147158074 0.00692802392802 0.93836
pedestrian -1 -1 -10 717.48 168.7 734.646 230.568 1.50099323839 0.6160007117 0.768997165789 3.19438703141 1.24306929026 16.9596667206 0.00692802392802 0.67644
pedestrian -1 -1 -10 713.69 162.04 758.855 233.828 1.50099323839 0.676999586989 1.00299625469 3.31159506458 1.24271208917 16.989354483 0.00692802392802 0.42151
pedestrian -1 -1 -10 709.93 170.08 727.335 222.876 1.50099323839 0.676999586989 0.628997586589 3.12460022241 1.24322630861 16.9906506066 0.00692802392802 0.19041
pedestrian -1 -1 -10 711.94 161.94 738.334 242.732 1.50099323839 0.6160007117 0.716997315274 3.1683877307 1.24314078606 16.9598469305 0.00692802392802 0.16361
pedestrian -1 -1 -10 971.76 134.41 1021.52 267.39 1.77899206728 0.995998661276 0.131999473819 6.84979996676 1.22722911003 12.3770493216 0.00692802392802 0.14229
pedestrian -1 -1 -10 747.04 166.11 767.984 228.108 1.46799339354 0.457999872729 0.687997380301 3.50161129898 1.20926108575 16.925517722 0.00692802392802 0.037139
pedestrian -1 -1 -10 44.441 175.01 63.776 221.838 1.23199450672 1.14499872815 0.25699900444 -12.385158711 0.911119017274 16.0118486877 0.00692802392802 0.018811
pedestrian -1 -1 -10 703.56 166.83 719.867 209.56 2.30698970407 0.532998677495 0.67999727492 4.40824347095 0.938789931481 27.386192019 0.00692802392802 0.01472
pedestrian -1 -1 -10 604.63 163.44 631.707 218.497 1.3369940117 1.11799927287 0.869996708092 0.123566854547 1.35494727978 12.2320504873 0.00692802392802 0.0099847
pedestrian -1 -1 -10 47.451 173.9 73.075 243.933 0.837996274233 0.933999382308 0.139999817618 -12.3251507785 0.910795916229 16.1511652642 0.00692802392802 0.0096219
pedestrian -1 -1 -10 610.39 164.56 623.918 207.196 0.728996764123 0.593999460131 0.673997479006 0.2005525196 0.750436318617 12.4931741696 0.00692802392802 0.0066748
pedestrian -1 -1 -10 35.506 169.21 64.807 253.268 1.23199450672 1.15499895025 0.411998155383 -12.455433162 0.911440386629 15.9003327035 0.00692802392802 0.0056233
pedestrian -1 -1 -10 743.14 157.29 772.108 258.43 1.46799339354 0.457999872729 0.687997380301 3.50161129898 1.20926108575 16.925517722 0.00692802392802 0.0046303
pedestrian -1 -1 -10 694.49 159.37 723.124 210.904 2.30698970407 0.532998677495 0.67999727492 4.40824347095 0.938789931481 27.386192019 0.00692802392802 0.0038061
pedestrian -1 -1 -10 698.47 165.49 713.718 206.128 2.30698970407 0.532998677495 0.651997502131 4.39424392084 0.938828429018 27.3862890546 0.00692802392802 0.0034719
pedestrian -1 -1 -10 1158.4 169.91 1182.15 211.64 2.03999087811 0.70699929963 0.826997035735 4.59406822085 1.38591692782 5.84904871829 0.00692802392802 0.001717
pedestrian -1 -1 -10 961.55 125.31 979.462 165.657 1.73599221706 0.992999357584 0.602997422914 7.0792612725 0.80275899117 13.1075085971 0.00692802392802 0.0016066
pedestrian -1 -1 -10 962.24 129.07 1002.57 261.42 2.15199042559 1.194998885 0.602997422914 7.07716615899 1.22620837434 12.7197645752 0.00692802392802 0.001364
pedestrian -1 -1 -10 708.17 184.79 729.493 241.271 0.837996229529 0.145999809506 0.0869998049191 2.42964770299 1.317629916 14.8193843303 0.00692802392802 0.0012076
pedestrian -1 -1 -10 316.61 174.92 333.21 219.72 0.692996926606 0.108999178453 0.474997644159 -12.2410025881 0.787425594122 30.2593707526 0.00692802392801 0.00076758
pedestrian -1 -1 -10 710.88 198.44 724.625 244.718 0.837996229529 0.145999809506 0.0869998049191 2.42964770299 1.317629916 14.8193843303 0.00692802392802 0.00069427
pedestrian -1 -1 -10 310.67 175.03 327.613 220.527 2.162990354 0.846000098071 0.743997164298 -5.25504317375 1.39152693738 13.3249022585 0.00692802392802 0.00050652
pedestrian -1 -1 -10 722.77 160.54 739.309 207.429 1.50099323839 0.676999586989 0.879996571598 3.25009670031 1.24288120429 16.9897807486 0.00692802392802 0.00036376
pedestrian -1 -1 -10 518.15 186.33 557.165 261.268 1.33099405617 1.05199933286 0.65199762134 -0.827800230559 1.35262752776 12.1826413407 0.00692802392802 0.00036243
pedestrian -1 -1 -10 987.25 134.12 1006.67 182.599 1.92799139023 1.15899865763 0.255999080674 6.9093831545 1.04534606776 12.1298322479 0.00692802392802 0.00029144
pedestrian -1 -1 -10 527.02 186.34 546.599 230.539 2.23399001658 0.703999995937 0.666997550709 -1.57618690043 1.33914366759 14.4063401005 0.00692802392802 0.00026066
pedestrian -1 -1 -10 722.76 188.44 740.157 245.548 0.855996155739 0.189999451625 0.0879997286851 2.45839426458 1.40552659863 13.0922345561 0.00692802392802 0.0001684
pedestrian -1 -1 -10 317.6 172.22 344.593 238.615 1.12399499416 1.04299951443 0.994996149307 -5.38776953353 1.43019764927 13.936985883 0.00692802392802 0.00011481
pedestrian -1 -1 -10 731.5 156.1 753.794 198.273 2.28198978007 0.566999051182 0.670997484191 4.46789415151 1.1017876368 21.9998502824 0.00692802392802 0.00011423
pedestrian -1 -1 -10 319.43 181.26 335.847 235.596 1.12399499416 1.04299951443 1.04699599982 -5.41376883425 1.43026914507 13.9371660928 0.00692802392802 8.7093e-05
pedestrian -1 -1 -10 994.17 135.4 1014.01 181.454 1.93499132842 1.15599935393 0.255999080674 6.90893209597 1.05242334447 12.0633377056 0.00692802392802 8.5212e-05
pedestrian -1 -1 -10 726.18 182.55 759.949 252.035 1.85599168539 0.566999051182 0.661997216626 4.47298159476 1.10177526212 22.0000627417 0.00692802392802 8.1775e-05
pedestrian -1 -1 -10 533.31 173.13 553.034 223.212 0.979995554686 0.423000049036 0.713997424768 -1.63744731566 1.17636235284 17.8638897485 0.00692802392802 2.6851e-05
pedestrian -1 -1 -10 986.14 127.48 1022.78 198.991 1.7579921335 0.716999521735 0.69799781005 6.35895973113 1.16351024467 10.6918459684 0.00692802392802 1.2955e-05
pedestrian -1 -1 -10 734.27 191.06 751.731 247.55 1.85599168539 0.566999051182 0.661997216626 4.47298159476 1.10177526212 22.0000627417 0.00692802392802 1.1568e-05
pedestrian -1 -1 -10 1014.5 143.93 1068.97 263.21 2.10599062741 1.18999972762 1.05199609549 6.80381028085 1.24393642609 10.9941632024 0.00692802392802 8.6518e-06
pedestrian -1 -1 -10 939.83 78.485 1038.83 286.335 1.78099206239 1.15599840026 0.141999188314 6.84535170836 1.2271498204 12.4570807822 0.00692802392802 2.7965e-06
