pedestrian -1 -1 -10 1218.4 99.956 1240.69 177.649 1.72181100702 1.19786872174 0.170999951469 4.85896542617 1.146488918 5.59403485094 0.00753464155925 0.013343
pedestrian -1 -1 -10 1202.7 84.622 1234.19 188.092 1.69981331826 1.19786872174 0.16399998413 4.86330799086 1.12316169936 5.70720015468 0.00753464155925 0.0030728
pedestrian -1 -1 -10 1227.5 113.21 1241.47 185.48 1.83179885483 1.19686890375 0.15899987122 4.85074790762 1.25698661468 5.55977048233 0.00753464155925 0.0018701
pedestrian -1 -1 -10 1194.7 91.81 1224.77 157.644 1.59682464159 1.19786919852 0.157999944005 4.86723802411 1.01806598859 5.83598176876 0.00753464155925 0.0017452
pedestrian -1 -1 -10 331.45 121.25 361.55 184.248 1.44084181058 0.24297341157 0.611999801215 -6.72121268186 0.656232003223 18.8727857229 0.00753464155925 0.0014084
pedestrian -1 -1 -10 1213.3 66.597 1241.06 203.047 1.56182848787 1.19786872174 0.170999951469 4.85903663635 0.986743235653 5.61121704283 0.00753464155925 0.001039
pedestrian -1 -1 -10 672.06 192.51 683.889 227.333 1.16287236535 0.594934135357 0.711999913655 3.14147297151 1.84268794815 29.2983019051 0.00753464155925 0.00057829
pedestrian -1 -1 -10 676.69 193.76 688.302 228.9 0.773915045974 0.0649915065657 0.113000119905 2.39393282045 1.74962613753 22.5074958956 0.00753464155925 0.00052298
pedestrian -1 -1 -10 765.04 181.73 781.525 223.642 2.60571392464 0.583935660729 0.646000187536 6.43862219489 1.68451799619 26.5996102345 0.00753464155925 0.00047751
pedestrian -1 -1 -10 1228.9 95.201 1241.93 151.078 1.59782457852 1.19686890375 0.155000162361 4.8486081614 1.02288056754 5.55251895197 0.00753464155925 0.00012799
