pedestrian -1 -1 -10 1095.4 132.91 1164.0 295.89 1.81899182051 0.758999310167 0.844997094029 6.37712977474 1.31304459937 8.43280295902 0.00692802392802 0.99955
pedestrian -1 -1 -10 993.5 132.86 1056.15 296.06 1.78099206239 0.752999749108 0.624997653108 5.27693480407 1.35563912667 8.81750652769 0.00692802392802 0.99836
pedestrian -1 -1 -10 1133.4 132.36 1221.44 293.19 1.81899188012 0.905999523353 1.19599560817 6.84611507429 1.30767089081 8.50304948562 0.00692802392802 0.99363
pedestrian -1 -1 -10 704.45 161.77 717.114 208.044 1.36399390101 0.625999026458 0.568997869111 4.43776045207 0.995629757053 28.3331251625 0.00692802392802 0.94757
pedestrian -1 -1 -10 1078.9 125.93 1207.85 305.49 1.82299181074 0.79499953754 1.04999624795 6.47974607813 1.31274180745 8.45008991123 0.00692802392802 0.69123
pedestrian -1 -1 -10 273.74 168.01 292.943 235.801 1.39799372852 0.426000306402 0.946996947527 -7.82289037444 1.06205903246 17.3038525031 0.00692802392802 0.6641
pedestrian -1 -1 -10 243.4 168.42 283.574 234.094 1.39799372852 0.378000003237 0.980996739747 -8.05305003897 1.06271940591 17.2814470884 0.00692802392802 0.55121
pedestrian -1 -1 -10 732.4 161.57 749.406 205.008 1.48899337202 0.483998924324 0.59399810902 5.74564913039 0.979928603299 28.4149757865 0.00692802392802 0.49908
pedestrian -1 -1 -10 748.05 151.12 760.126 191.595 0.329998528957 0.4350010785 0.705997677013 10.5279283812 -0.275881437188 47.3160229284 0.00692802392802 0.40905
pedestrian -1 -1 -10 698.81 164.32 714.819 202.878 1.36399390101 0.625999026458 0.568997869111 4.43776045207 0.995629757053 28.3331251625 0.00692802392802 0.27855
pedestrian -1 -1 -10 896.73 119.32 931.274 233.12 1.94099128395 1.19299903131 1.19199567469 2.50651112854 1.32983612653 5.70749995613 0.00692802392802 0.26306
pedestrian -1 -1 -10 727.29 163.82 743.574 205.691 2.29398969114 1.1809999092 1.10899580325 2.65897241665 1.39612931541 13.8245158478 0.00692802392802 0.22346
pedestrian -1 -1 -10 254.54 165.52 300.97 250.512 1.39799372852 0.426000306402 1.04299630476 -7.87088890006 1.0621910242 17.3041851969 0.00692802392802 0.20901
pedestrian -1 -1 -10 741.78 153.57 758.57 199.454 0.329998528957 0.4350010785 0.527997895275 10.4389306282 -0.275636701159 47.3166398015 0.00692802392802 0.15564
pedestrian -1 -1 -10 280.8 172.65 299.943 232.628 1.27699427009 0.415000634291 0.788997548451 -7.7436876212 1.0618353992 17.308873853 0.00692802392802 0.055816
pedestrian -1 -1 -10 700.95 161.63 726.125 209.302 1.36399390101 0.625999026458 0.568997869111 4.43776045207 0.995629757053 28.3331251625 0.00692802392802 0.044991
pedestrian -1 -1 -10 1179.9 136.37 1223.99 287.45 2.15399033129 0.79299873018 0.346998819075 13.7350175528 0.999001805809 16.0804563256 0.00692802392802 0.038796
pedestrian -1 -1 -10 440.21 165.37 462.806 232.357 1.63499273956 1.08499834919 0.547998039519 -3.73434422353 1.4014003348 17.6392919538 0.00692802392802 0.030427
pedestrian -1 -1 -10 714.27 163.26 725.819 204.957 0.101999548078 0.220996706925 0.192999115063 8.10289872777 0.330213156696 46.963653278 0.00692802392802 0.020529
pedestrian -1 -1 -10 273.06 162.92 312.698 260.13 1.27699427009 0.405000412186 0.724997659073 -7.71165380456 1.06174158923 17.3136520471 0.00692802392802 0.016165
pedestrian -1 -1 -10 427.98 169.33 451.639 223.283 1.67399248034 1.16399876868 0.547998039519 -3.7357903521 1.44065186151 17.4228193199 0.00692802392802 0.011558
pedestrian -1 -1 -10 235.41 165.83 262.452 234.298 1.82899185568 0.779998250709 0.686997694953 -10.690484036 0.808875587245 20.8782615653 0.00692802392802 0.0088169
pedestrian -1 -1 -10 253.1 160.92 277.672 220.538 1.39799372852 0.426000306402 1.02599617023 -8.03038459189 1.06262962339 17.3052907148 0.00692802392802 0.0057038
pedestrian -1 -1 -10 719.08 151.3 756.787 256.82 2.28898971826 1.1039993434 1.10899580325 2.65871258247 1.39617409058 13.7860193486 0.00692802392802 0.0038524
pedestrian -1 -1 -10 288.21 172.41 309.705 226.761 1.77899200767 1.0499985255 0.930996259929 -10.7349889399 0.981891038303 25.3439105178 0.00692802392802 0.0031664
pedestrian -1 -1 -10 720.15 163.0 744.176 224.964 2.29398969114 1.09599992865 1.17999563582 2.60019113378 1.3961725621 13.928425586 0.00692802392802 0.0028321
pedestrian -1 -1 -10 269.59 163.72 285.228 217.429 1.39799372852 0.426000306402 1.04299630476 -7.87088890006 1.0621910242 17.3041851969 0.00692802392802 0.0020541
pedestrian -1 -1 -10 715.0 165.77 737.943 213.244 0.824996320903 0.319999477968 0.285999177831 5.59168643665 0.454259042426 28.4978190214 0.00692802392802 0.0016397
pedestrian -1 -1 -10 1085.9 140.77 1139.47 281.68 1.82699180096 0.758999310167 0.67899782799 6.29414316678 1.32127281606 8.43338281894 0.00692802392802 0.0015777
pedestrian -1 -1 -10 235.84 162.49 250.797 215.285 1.82899185568 0.897998201261 0.766997318257 -10.7308916368 0.809054196536 20.8195402513 0.00692802392802 0.0010855
pedestrian -1 -1 -10 916.03 145.04 1077.29 315.5 1.78399206996 0.750999895422 0.624997653108 5.27694586831 1.35863797134 8.8185081464 0.00692802392802 0.00062037
pedestrian -1 -1 -10 263.63 159.77 280.435 210.033 1.34799402952 0.707000253303 0.267999596372 -10.769160808 0.101267764277 23.3468244412 0.00692802392802 0.00061305
pedestrian -1 -1 -10 1214.4 123.13 1223.92 160.339 0.837996244431 0.70900010699 0.1809990762 13.5617683548 -0.291446636801 15.1418982498 0.00692802392802 0.00054908
pedestrian -1 -1 -10 227.14 159.45 275.881 243.05 1.16099479944 0.298000133745 0.654997750264 -8.21664953932 0.826215219636 17.2424423383 0.00692802392802 0.00051867
pedestrian -1 -1 -10 1165.9 129.16 1205.46 293.28 1.81899188012 0.746999234376 1.19599560817 6.90889481986 1.30753428567 8.47111374026 0.00692802392802 0.0004523
pedestrian -1 -1 -10 228.34 165.99 251.837 234.614 1.98699108213 0.779998250709 0.910996830939 -10.8026987821 0.809183568853 20.878947485 0.00692802392802 0.00039496
pedestrian -1 -1 -10 315.83 198.11 334.879 249.527 0.404998137057 0.809998917024 0.155999551544 -8.70367279545 1.23206201463 22.0518460323 0.00692802392802 0.00037881
pedestrian -1 -1 -10 902.35 121.49 941.038 199.865 1.80499197394 1.19599928868 1.18999558874 2.56019395012 1.1937098403 5.68854849457 0.00692802392802 0.00025323
pedestrian -1 -1 -10 242.07 160.85 263.258 214.55 1.2799942255 0.351999044295 0.711997696444 -8.18779910869 0.945104875254 17.2693116696 0.00692802392802 0.00011407
pedestrian -1 -1 -10 1135.9 128.62 1192.16 228.584 1.82299181074 0.930999124942 1.06499605812 6.68571135811 1.31209763386 8.51666372433 0.00692802392802 0.00011257
pedestrian -1 -1 -10 1022.4 130.32 1087.55 282.71 1.716992338 0.616999208033 0.624997653108 5.2763754498 1.29171848542 8.74947128429 0.00692802392802 9.4566e-05
pedestrian -1 -1 -10 317.53 177.7 335.343 229.676 2.10399060249 1.17500034814 0.32399818828 -10.7126435704 0.907105040086 27.7240383172 0.00692802392802 8.1747e-05
pedestrian -1 -1 -10 407.49 172.65 448.276 233.065 0.370998369157 0.929999674936 0.723997258472 -5.47863543363 -0.786420248121 21.6841668697 0.00692802392802 7.1386e-05
pedestrian -1 -1 -10 422.08 172.23 461.193 233.484 1.67399248034 1.15299909657 0.547998039519 -3.7345259995 1.44043961743 17.6053147021 0.00692802392802 4.9605e-05
pedestrian -1 -1 -10 1143.3 150.22 1167.77 216.654 1.82299181074 0.79499953754 1.17599570234 6.54274429202 1.31256856788 8.4496532496 0.00692802392802 3.7066e-05
pedestrian -1 -1 -10 1078.3 124.56 1128.42 208.995 0.101999637484 0.280998039554 0.213000451395 41.5091611688 -1.53204648281 57.5613109613 0.00692802392801 3.3716e-05
pedestrian -1 -1 -10 322.49 185.59 344.455 255.168 1.0569952324 0.914998388105 0.69399763815 -6.15647614118 1.41172428036 17.0784065969 0.00692802392802 1.8725e-05
pedestrian -1 -1 -10 912.83 121.53 934.047 176.05 1.75899217576 1.19399943499 1.18599553605 2.58937217649 1.14758959273 5.72332016566 0.00692802392802 1.8135e-05
pedestrian -1 -1 -10 1196.9 132.18 1223.95 250.41 1.86799165606 0.72699974384 1.16599551101 7.17984778321 1.29177753152 8.47918972133 0.00692802392802 1.3558e-05
pedestrian -1 -1 -10 211.81 162.07 254.619 248.946 1.98699108213 0.930999124942 0.910996830939 -10.8032218467 0.809271374559 20.8034488598 0.00692802392802 1.264e-05
pedestrian -1 -1 -10 1207.1 112.5 1223.44 173.856 1.65199260116 0.409999569564 0.314998397551 13.717001566 0.498270767158 15.8887862664 0.00692802392802 1.2202e-05
pedestrian -1 -1 -10 79.637 153.01 167.693 227.645 2.12499047667 1.07899974181 1.02999586529 -10.9186171693 1.09195059342 16.1173818773 0.00692802392802 1.0831e-05
pedestrian -1 -1 -10 1096.5 129.83 1135.93 238.09 1.82699180096 0.758999310167 0.757997527528 6.33364206773 1.32116419754 8.43310903889 0.00692802392802 1.0317e-05
pedestrian -1 -1 -10 1108.4 127.16 1133.4 198.386 1.65399259627 0.526999116436 0.888997077581 6.3984306168 1.14806396111 8.36455793995 0.00692802392802 2.1689e-06
pedestrian -1 -1 -10 65.578 170.34 135.354 247.863 1.93299136311 1.17899910184 0.234998774247 -10.869964686 1.05564453725 15.3940963415 0.00692802392802 2.3504e-08
pedestrian -1 -1 -10 440.64 169.93 479.562 241.845 1.63499273956 0.764998871226 0.512997846697 -3.74173537505 1.40123763109 17.7993467668 0.00692802392802 4.1832e-09
