pedestrian -1 -1 -10 219.66 154.26 340.95 335.08 1.8149919197 1.09099886393 0.779997042468 -3.50305263548 1.46074871005 7.16039513953 0.00692802392802 0.9148
pedestrian -1 -1 -10 171.77 158.66 225.411 279.51 1.63599266261 0.614999354347 0.594997555951 -5.7674561678 1.36566426575 10.0711486278 0.00692802392802 0.88366
pedestrian -1 -1 -10 171.83 152.16 267.554 321.54 1.63599266261 0.614999354347 0.594997555951 -5.7674561678 1.36566426575 10.0711486278 0.00692802392802 0.15948
pedestrian -1 -1 -10 234.74 145.2 295.069 337.62 1.8149919197 0.972998913374 0.873996552167 -3.54964251138 1.4608093362 7.21971946204 0.00692802392802 0.033256
pedestrian -1 -1 -10 818.69 139.3 839.599 210.183 2.03499090523 0.549999818012 0.820997016304 2.89803286073 1.28925824909 9.63928240765 0.00692802392802 0.032348
pedestrian -1 -1 -10 754.69 160.96 780.456 233.298 2.0649907425 0.820999542809 0.656997597796 2.57702739958 1.32198591497 9.77703029206 0.00692802392802 0.029073
pedestrian -1 -1 -10 813.36 133.07 842.395 242.65 2.03499090523 0.549999818012 0.845996779378 2.88553327945 1.28929262184 9.63936904641 0.00692802392802 0.01956
pedestrian -1 -1 -10 274.12 197.45 325.678 324.65 1.81099186987 0.926998940733 0.637997615736 -3.43149205018 1.45645805737 7.24189873453 0.00692802392802 0.016075
pedestrian -1 -1 -10 290.34 134.49 302.578 170.536 0.766996537149 0.416999534303 0.979996815981 -10.7215136208 -0.549114333671 25.3141247575 0.00692802392802 0.014519
pedestrian -1 -1 -10 763.36 213.44 779.006 259.13 2.07799069583 0.820999542809 0.682997523054 2.59004497584 1.33495012039 9.7769476225 0.00692802392802 0.013978
pedestrian -1 -1 -10 282.0 134.86 298.773 170.935 0.309998618811 0.456998515375 0.786996747248 -12.7039174771 -0.00659896180392 29.6468622004 0.00692802392802 0.0077772
pedestrian -1 -1 -10 157.42 161.35 201.048 246.437 0.524997635186 0.720998275434 0.3619981524 -17.4064752862 -0.363855783518 29.8419057695 0.00692802392802 0.0064107
pedestrian -1 -1 -10 201.7 153.85 216.096 202.631 0.272998772562 0.307002813191 0.279997727894 -17.7007006278 -0.198514949155 32.0033357488 0.00692802392802 0.0056158
pedestrian -1 -1 -10 763.25 172.87 783.381 241.454 2.07799069583 0.820999542809 0.710997534261 2.60404464515 1.33491162253 9.77685058612 0.00692802392802 0.0052634
pedestrian -1 -1 -10 773.59 175.53 785.867 216.006 2.07099075764 0.820999542809 0.77499718522 2.63603404961 1.32782368974 9.77662478636 0.00692802392802 0.0039999
pedestrian -1 -1 -10 764.99 160.13 779.473 207.605 2.07799069583 0.820999542809 0.710997534261 2.60404464515 1.33491162253 9.77685058612 0.00692802392802 0.0031997
pedestrian -1 -1 -10 777.34 174.11 793.094 211.391 2.07099075764 0.785999719115 0.831996892983 2.66441198007 1.32776567161 9.75892775724 0.00692802392802 0.0023161
pedestrian -1 -1 -10 188.23 155.8 221.79 224.972 1.63599266261 0.614999354347 0.594997555951 -5.7674561678 1.36566426575 10.0711486278 0.00692802392802 0.0021634
pedestrian -1 -1 -10 799.37 112.6 820.332 154.194 1.53799314797 0.686000359087 1.06099612463 2.77782197233 0.792511389034 9.70782852432 0.00692802392802 0.0013624
pedestrian -1 -1 -10 281.12 136.07 307.58 196.956 0.294998733699 0.333999407445 0.250999461844 -12.0556969784 -1.08427959231 26.9265601578 0.00692802392802 0.0012237
pedestrian -1 -1 -10 770.44 216.76 790.109 259.913 2.07099075764 0.820999542809 0.784997138133 2.64103390597 1.32780994057 9.77659013068 0.00692802392802 0.00077554
pedestrian -1 -1 -10 191.24 152.81 211.084 209.721 1.61399280578 0.614999354347 0.594997555951 -5.76748650386 1.34366440892 10.071136045 0.00692802392802 0.00074208
pedestrian -1 -1 -10 259.19 150.76 274.267 204.686 1.67899249047 1.01799943601 0.778997118702 -3.50273675099 1.324747324 7.16081431731 0.00692802392802 0.00050716
pedestrian -1 -1 -10 757.12 182.8 779.182 253.137 2.0649907425 0.820999542809 0.665997626943 2.58152730606 1.32197354062 9.77699910171 0.00692802392802 0.00047887
pedestrian -1 -1 -10 182.35 154.35 199.293 221.833 1.63599266261 0.614999354347 0.594997555951 -5.7674561678 1.36566426575 10.0711486278 0.00692802392802 0.00043579
pedestrian -1 -1 -10 744.72 145.63 776.33 216.299 1.36199396551 0.471999802206 0.293999044794 4.42690584162 0.990958643395 20.2039958092 0.00692802392802 0.00041855
pedestrian -1 -1 -10 277.79 205.2 308.881 287.739 1.81099186987 0.972998913374 0.691997552201 -3.45865071303 1.45655905173 7.21908644147 0.00692802392802 0.00041666
pedestrian -1 -1 -10 364.07 205.9 390.49 245.961 2.19399017394 0.594000413804 0.372998267497 -4.7947833367 1.28175655021 14.636600329 0.00692802392802 0.00040644
pedestrian -1 -1 -10 220.01 165.5 273.081 303.2 1.8149919197 0.972998913374 0.873996552167 -3.54964251138 1.4608093362 7.21971946204 0.00692802392802 0.00038691
pedestrian -1 -1 -10 174.79 155.79 210.893 244.272 1.63599266261 0.614999354347 0.594997555951 -5.7674561678 1.36566426575 10.0711486278 0.00692802392802 0.00027396
pedestrian -1 -1 -10 794.57 114.44 824.685 168.645 1.56599301994 0.686000359087 1.06099612463 2.77786058193 0.820511261003 9.70784453891 0.00692802392802 0.00012672
pedestrian -1 -1 -10 294.29 218.26 315.483 277.116 1.81099186987 0.795998987547 0.637997615736 -3.43103826841 1.45638188203 7.30739713921 0.00692802392802 0.0001256
pedestrian -1 -1 -10 207.29 163.08 255.036 291.34 1.81099186987 1.09099886393 0.794996852629 -3.58955567805 1.45698652085 7.16099239491 0.00692802392802 0.00012122
pedestrian -1 -1 -10 269.58 148.45 287.41 202.521 0.811996352673 0.278999139542 0.655998150866 -8.04811032113 0.146348879537 17.5921951588 0.00692802392802 9.309e-05
pedestrian -1 -1 -10 1103.3 235.26 1125.26 301.482 0.101999518275 0.0500001568509 0.0310000209227 6.76382980368 1.04948074894 8.87332679433 0.00692802392803 8.1786e-05
pedestrian -1 -1 -10 248.29 149.8 304.969 280.17 1.8149919197 1.05399870971 0.784997138133 -3.5054244553 1.46073406953 7.17891210091 0.00692802392802 7.9743e-05
pedestrian -1 -1 -10 226.66 161.59 292.917 258.878 1.8149919197 0.972998913374 0.873996552167 -3.54964251138 1.4608093362 7.21971946204 0.00692802392802 7.7693e-05
pedestrian -1 -1 -10 767.68 148.26 786.834 197.233 2.00699103326 0.820999542809 0.745997250247 2.62144617989 1.26386383803 9.77668868328 0.00692802392802 6.5914e-05
pedestrian -1 -1 -10 761.39 134.36 792.622 210.272 1.9809911266 0.820999542809 0.743997402715 2.62041042833 1.23786668101 9.77668074322 0.00692802392802 6.5424e-05
pedestrian -1 -1 -10 174.95 156.72 192.852 225.906 0.524997635186 0.646998920674 0.499998122486 -17.337220626 -0.364088552865 29.8784263085 0.00692802392802 5.9273e-05
pedestrian -1 -1 -10 266.28 140.16 312.127 226.277 0.811996352673 0.112998885825 0.499998599321 -7.97068744124 0.146230919851 17.5086563944 0.00692802392802 5.8061e-05
pedestrian -1 -1 -10 823.79 150.76 854.782 230.772 2.03499090523 0.549999818012 0.624997653108 2.99603018829 1.28898876502 9.63860315548 0.00692802392802 4.6331e-05
pedestrian -1 -1 -10 147.51 157.2 182.554 240.236 0.1059995085 0.268998917437 0.138999417016 -17.4844414245 0.639487812681 28.8608324223 0.00692802392802 4.1377e-05
pedestrian -1 -1 -10 780.11 110.72 796.663 156.196 1.49699332267 0.686000359087 0.875996876534 2.68527355028 0.753765888804 9.7084484925 0.00692802392802 2.1267e-05
pedestrian -1 -1 -10 772.43 109.71 792.848 162.898 1.52799320221 0.686000359087 0.814996996873 2.65481708945 0.784849638492 9.70867762313 0.00692802392802 1.6449e-05
pedestrian -1 -1 -10 811.8 108.78 829.717 158.114 1.5349931404 0.686000359087 0.961996280852 2.82731656841 0.789375264283 9.70748371624 0.00692802392802 4.0552e-06
pedestrian -1 -1 -10 281.52 148.44 322.804 258.2 0.898995946348 0.793000637528 0.85499728536 -10.4114294224 1.11600788495 25.3398369134 0.00692802392802 6.7986e-07
