pedestrian -1 -1 -10 967.73 139.85 983.698 194.67 0.463949079034 1.17987104443 0.175999825961 3.6361082624 1.31034124295 6.67066091305 0.00753464155925 0.12712
pedestrian -1 -1 -10 963.08 146.35 987.514 206.722 1.06788272226 0.247970117574 0.458000042906 19.0484798839 0.586787012495 36.9319030903 0.00753464155925 0.036634
pedestrian -1 -1 -10 191.78 182.87 206.63 218.81 1.22586538243 1.04588494507 0.432000027977 -15.7154592393 0.186247893702 27.4155916202 0.00753464155925 0.020445
pedestrian -1 -1 -10 186.18 183.97 210.786 227.54 0.490946079971 1.00588936493 0.923999980366 -6.28904835098 0.717394238661 11.3980637535 0.00753464155925 0.011632
pedestrian -1 -1 -10 195.72 182.7 214.49 222.25 0.521942709444 1.11287799475 0.96499985719 -6.26813699539 0.748167986268 11.451187603 0.00753464155925 0.0042919
pedestrian -1 -1 -10 972.08 140.97 991.867 193.339 0.463949079034 1.1818706804 0.177999918809 3.63378983748 1.30775153242 6.49569238338 0.00753464155925 0.0023753
pedestrian -1 -1 -10 173.1 180.56 217.876 231.357 1.2608615287 1.10087922535 0.355999837618 -15.4643916353 1.54047372245 27.1613780967 0.00753464155925 0.0022303
pedestrian -1 -1 -10 912.66 159.74 927.559 208.379 2.06577319073 1.18886988308 0.504999721436 3.53996564893 1.49857684687 7.84111589355 0.00753464155925 0.00087591
pedestrian -1 -1 -10 767.4 146.97 788.144 194.278 0.911899876355 1.11287799475 0.127000054584 3.84156349988 0.59310250749 16.0588404126 0.00753464155925 0.00050984
pedestrian -1 -1 -10 94.448 227.8 128.512 304.801 1.74280866944 0.272969858281 0.359999546477 -9.70541461617 1.52399415617 14.1360046534 0.00753464155924 0.00039639
pedestrian -1 -1 -10 912.6 151.22 941.177 214.502 2.05277460658 1.17787093167 0.478999944925 3.52700355689 1.48566914245 7.84680927077 0.00753464155925 0.00021968
pedestrian -1 -1 -10 862.87 215.05 884.594 268.497 0.648928769943 1.04688523984 0.488999693909 3.99784455264 1.52952387497 10.2770577307 0.00753464155925 0.00015335
pedestrian -1 -1 -10 188.44 179.81 229.885 260.215 0.551939416883 1.01588849836 1.1779996127 -6.07936061793 0.839577993605 11.0810829608 0.00753464155925 0.00010097
pedestrian -1 -1 -10 147.42 175.41 226.575 242.103 1.41984408856 1.1958681322 0.374999885208 -15.548673198 1.68898815523 26.6524210207 0.00753464155925 4.0385e-05
pedestrian -1 -1 -10 849.33 218.76 871.92 266.826 2.17776082302 1.17687111368 0.527000027506 3.89336671302 1.524236936 11.7504415992 0.00753464155925 3.9142e-05
pedestrian -1 -1 -10 687.8 140.33 704.054 182.316 0.334963234065 0.35695933693 0.686999587522 6.12448370628 -0.691184998621 49.2309592151 0.00753464155925 2.5567e-05
pedestrian -1 -1 -10 872.93 222.34 897.263 273.144 0.607933262823 1.18986922428 0.488999693909 3.99729325085 1.48746999239 10.2058713226 0.00753464155925 1.4991e-05
pedestrian -1 -1 -10 521.83 135.29 542.522 192.88 1.26886070382 0.773915381562 0.205999788168 -2.74481936449 0.870837452039 27.6530907998 0.00753464155925 3.6109e-06
pedestrian -1 -1 -10 200.87 182.4 262.586 268.695 0.524942341449 0.652928346377 0.720999497006 -6.05484496728 0.754528874517 11.754550441 0.00753464155925 7.6304e-07
