pedestrian -1 -1 -10 408.29 168.29 421.316 191.814 0.100988927959 0.304966894533 0.816999185331 -17.4469351207 0.499951945268 66.5495689925 0.00753464155925 0.0039961
pedestrian -1 -1 -10 1221.5 105.28 1242.01 206.59 1.73180981016 0.876904739434 0.718999642576 10.9790015766 0.954107418651 12.2402666625 0.00753464155925 0.0033
pedestrian -1 -1 -10 300.53 154.38 328.734 194.714 0.0999890208244 0.0 0.0 -26.755771776 -0.372391095695 67.0231692938 0.0 0.0025777
pedestrian -1 -1 -10 312.31 168.24 324.078 203.553 0.0999890208244 0.0429945573102 0.819999443812 -24.7776430493 0.775937416218 63.0672188008 0.00753464155925 0.0023587
pedestrian -1 -1 -10 349.09 165.79 377.731 203.631 0.103988530165 0.0289961519404 0.825000510397 -22.0386306549 -0.349234429131 66.6897679587 0.00753464155925 0.0017123
pedestrian -1 -1 -10 316.15 168.41 330.278 203.557 0.102988682629 0.0369985101055 1.03699843134 -24.594063359 1.20740115425 63.0354685821 0.00753464155925 0.0011115
pedestrian -1 -1 -10 1215.0 102.06 1241.17 264.26 2.25175269938 0.909900163317 0.820999847864 11.0313471191 1.47634457223 12.3935115292 0.00753464155925 0.00098623
pedestrian -1 -1 -10 335.35 161.72 349.125 197.532 0.0999890208244 0.0 0.0 -18.5704393025 0.565438707215 50.5973513008 0.0 0.00075625
pedestrian -1 -1 -10 304.69 166.85 337.385 204.672 0.102988682629 0.0369985101055 1.03699843134 -24.594063359 1.20740115425 63.0354685821 0.00753464155925 0.00071612
pedestrian -1 -1 -10 1096.3 141.45 1128.47 253.74 2.55971897125 0.882902693778 0.754999883326 10.7618056154 1.75866757606 14.8354790527 0.00753464155925 0.00051319
pedestrian -1 -1 -10 1197.0 171.36 1208.35 214.022 1.11087799895 0.287966651282 0.303998854086 27.3421188378 2.09947799025 32.720767121 0.00753464155925 0.00050368
pedestrian -1 -1 -10 1088.2 143.03 1107.94 202.924 0.319964865446 0.153982459068 0.128000220217 25.8732103093 0.349108740558 38.584697422 0.00753464155925 0.00043263
pedestrian -1 -1 -10 321.79 155.94 335.413 201.107 0.101988805294 0.089990293703 0.87899944101 -24.0888789825 1.20542594084 63.0581864185 0.00753464155925 0.00036862
pedestrian -1 -1 -10 1113.2 197.79 1136.25 249.208 2.57371737314 1.00788900091 0.90499945594 10.8363367361 1.77168621694 14.7723197378 0.00753464155925 0.00034499
pedestrian -1 -1 -10 1092.9 130.89 1164.87 259.16 2.57371737314 1.04088537836 0.989999468067 10.8787112325 1.77141103278 14.7555022562 0.00753464155925 0.00028008
pedestrian -1 -1 -10 326.53 157.07 341.748 198.569 0.100988927959 0.0779905707347 0.426000464689 -23.8623410071 1.20434997784 63.0624893782 0.00753464155925 0.00021961
pedestrian -1 -1 -10 1183.7 170.21 1202.94 212.089 0.632930553788 0.537943079816 0.229999471831 29.8298635634 1.77645089013 36.8058321643 0.00753464155925 0.00016064
pedestrian -1 -1 -10 1101.0 155.22 1119.45 219.231 2.57371737314 0.865904357666 0.728999868397 10.7488743297 1.77280126554 14.8439721365 0.00753464155925 0.00010912
pedestrian -1 -1 -10 1221.8 148.41 1242.01 282.65 1.25586206007 0.297966738279 0.350999724708 11.2305467757 1.82044912458 12.7365935848 0.00753464155924 7.3296e-05
pedestrian -1 -1 -10 1092.9 123.12 1117.95 183.355 1.78880359304 0.506944431195 0.56999952034 10.670486694 0.990602408905 15.0298571111 0.00753464155925 4.2742e-05
pedestrian -1 -1 -10 1107.9 174.73 1142.02 252.085 2.57371737314 1.01388886239 0.90499945594 10.8363141329 1.77164180563 14.7693198922 0.00753464155925 3.2785e-05
pedestrian -1 -1 -10 1018.2 132.8 1046.47 207.457 2.36574020553 0.709921309057 0.416000238868 19.0657803421 1.1834810396 32.3249100026 0.00753464155925 1.3255e-05
