pedestrian -1 -1 -10 295.07 164.54 324.463 237.683 1.80380196166 0.555940757129 1.06099954552 -7.47595626689 1.63827675471 18.3670523257 0.00753464155925 0.55925
pedestrian -1 -1 -10 308.14 164.54 331.048 232.598 1.80180220699 0.555940757129 0.856000161399 -7.37346009259 1.63620237272 18.3662959466 0.00753464155925 0.22936
pedestrian -1 -1 -10 315.79 161.35 338.374 211.064 1.79680276071 0.555940757129 0.694000031699 -7.29246386188 1.63114395245 18.3657235378 0.00753464155925 0.0060444
pedestrian -1 -1 -10 308.32 163.87 350.263 221.924 1.79480288685 0.555940757129 0.637999816144 -7.26446516325 1.62912369244 18.3655276791 0.00753464155925 0.0051807
pedestrian -1 -1 -10 310.51 160.01 329.796 203.69 1.67181648468 0.555940757129 0.876000136203 -7.38349987608 1.50622393115 18.3673336752 0.00753464155925 0.0050929
pedestrian -1 -1 -10 280.19 160.8 322.186 253.858 1.80380196166 0.555940757129 0.888999189994 -7.56195401049 1.63833936916 18.3676993731 0.00753464155925 0.0048308
pedestrian -1 -1 -10 1042.0 183.23 1069.83 241.823 1.13087587344 0.735919437395 1.16799986371 8.63232195331 1.46590815501 13.7416291119 0.00753464155925 0.0016533
pedestrian -1 -1 -10 297.85 162.54 317.925 209.88 1.80380196166 0.555940757129 1.00899951566 -7.50195554591 1.63829568463 18.3672479444 0.00753464155925 0.0011453
pedestrian -1 -1 -10 668.76 166.68 684.203 207.98 0.674925878645 0.549939942075 0.778999805408 1.49045812236 1.18019428927 13.3272322123 0.00753464155925 0.00065102
pedestrian -1 -1 -10 182.74 179.4 243.86 243.154 1.46183945811 1.194868791 1.16399967802 -3.72345131201 1.58340323108 6.77896452072 0.00753464155925 8.2296e-06
pedestrian -1 -1 -10 654.49 126.46 687.036 208.755 0.9968905375 0.608932540726 0.80799972119 2.41553048501 0.374291101858 28.7782071423 0.00753464155925 4.7766e-06
