pedestrian -1 -1 -10 459.63 136.21 542.225 323.44 1.85499170274 0.513999590639 0.659997488303 -1.12111430441 1.45585924129 7.44037132362 0.00692802392802 0.99896
pedestrian -1 -1 -10 652.39 192.78 666.057 239.818 2.16199037135 0.679999844355 0.537997967397 1.0738579361 1.33708381322 12.4409711596 0.00692802392802 0.0055073
pedestrian -1 -1 -10 649.42 191.88 661.279 232.443 2.28398980498 1.16099946499 0.745997131039 1.18026444467 1.45842103913 12.7638122726 0.00692802392802 0.0054855
pedestrian -1 -1 -10 659.1 193.69 671.702 238.992 2.28398980498 1.18399921289 0.909996549546 1.26200931701 1.45823800079 12.7267453193 0.00692802392802 0.0028409
pedestrian -1 -1 -10 644.21 193.26 655.977 233.284 1.87199164629 0.659999400145 1.18699545981 1.23888305887 0.850445504253 17.8455649927 0.00692802392802 0.0013666
pedestrian -1 -1 -10 668.42 190.07 681.44 234.482 1.17499476522 0.173000218455 0.833996859724 1.70888771235 0.285465661128 17.5695492511 0.00692802392802 0.0010947
pedestrian -1 -1 -10 645.9 195.86 673.831 255.587 2.16199037135 0.790999830168 0.650997578365 1.13074088661 1.3368639019 12.496078211 0.00692802392802 0.00046509
pedestrian -1 -1 -10 757.46 183.85 777.472 233.811 2.07099069804 0.515999444325 0.975996167247 3.20902412625 1.17214271338 14.2350846553 0.00692802392802 0.00041887
pedestrian -1 -1 -10 662.23 154.88 684.675 204.385 2.06999077499 0.554999929065 1.19499556519 1.4768907939 1.17068578452 14.4395883839 0.00692802392802 0.0003622
pedestrian -1 -1 -10 681.63 159.17 698.917 203.958 2.06099081188 0.544000256953 1.13199571879 1.85534623991 1.16665136042 14.4314669593 0.00692802392802 0.0001887
pedestrian -1 -1 -10 688.68 162.12 704.247 205.174 0.749996653199 0.0909995416031 0.650997578365 2.67653299765 0.734751679911 17.6126159322 0.00692802392802 0.00018017
pedestrian -1 -1 -10 582.72 163.19 604.251 221.913 1.1139949888 0.570998758555 1.19299553885 -0.179288200664 0.976446391068 17.7704747679 0.00692802392802 9.1264e-05
pedestrian -1 -1 -10 639.8 213.95 661.718 261.202 2.26598987877 1.18899932394 0.676997503622 1.14526260802 1.44059622815 12.69504256 0.00692802392802 8.9938e-05
pedestrian -1 -1 -10 984.38 203.75 1026.27 257.93 0.980995596945 1.15999906131 0.311999103088 5.5723420226 1.40606887297 10.3555219814 0.00692802392802 3.3877e-05
pedestrian -1 -1 -10 493.28 172.44 534.535 326.7 1.59199290797 0.876999260719 0.708997329102 -1.38003749579 1.40240691265 12.8318890704 0.00692802392802 1.5617e-05
pedestrian -1 -1 -10 507.08 143.96 530.692 205.266 0.870996078104 1.17399899078 0.361998748445 -1.97309052821 -0.13635851549 17.5502432366 0.00692802392802 1.2317e-05
pedestrian -1 -1 -10 471.02 157.25 493.675 224.483 2.42198919952 0.893999447562 0.671997407957 -2.7969048727 1.49757946209 15.2198920308 0.00692802392802 1.1223e-05
pedestrian -1 -1 -10 980.39 187.96 1020.23 243.082 0.980995596945 1.18999877395 0.311999103088 5.57244594113 1.40605142839 10.3705214778 0.00692802392802 4.6144e-06
pedestrian -1 -1 -10 477.27 146.14 516.219 247.28 1.85499170274 0.513999590639 0.659997488303 -1.12111430441 1.45585924129 7.44037132362 0.00692802392802 7.1393e-07
pedestrian -1 -1 -10 450.48 149.38 503.894 274.67 2.42498920709 0.819999139129 0.763997070124 -2.84315579796 1.50074899267 15.1832133129 0.00692802392802 1.5087e-08
