pedestrian -1 -1 -10 963.52 169.65 974.89 219.18 1.05288433874 1.17387118294 0.810000171666 9.91894682788 1.26218674711 19.2851403118 0.00753464155925 0.071554
pedestrian -1 -1 -10 234.1 167.69 251.398 203.962 1.82579953122 1.19287010859 0.2389992936 -10.4678509322 1.52009274744 20.7973394758 0.00753464155925 0.0018358
pedestrian -1 -1 -10 871.05 170.73 882.159 204.593 0.46494892657 0.411953617209 0.0960006419997 10.8097284988 1.19630431052 29.9965302695 0.00753464155925 0.00034864
pedestrian -1 -1 -10 1125.6 146.96 1141.97 191.25 1.75980673314 0.986893299991 0.893999779741 15.0101197294 0.808939035025 20.1643467705 0.00753464155925 0.00031563
pedestrian -1 -1 -10 865.65 172.5 877.304 205.165 0.479947324988 0.779915243046 0.0890006746601 10.7089958187 0.965452310577 29.058687576 0.00753464155925 0.00028151
pedestrian -1 -1 -10 1132.5 143.48 1149.17 186.806 1.75980673314 1.17987104443 0.893999779741 15.008209918 0.805186589827 19.9108807962 0.00753464155925 0.0002808
pedestrian -1 -1 -10 857.42 161.55 872.902 198.488 0.830908761799 0.359961174812 0.436000690509 13.6656257376 0.595315817262 37.8897087594 0.00753464155925 0.00019235
pedestrian -1 -1 -10 1116.0 141.28 1144.0 193.344 1.75980673314 0.850908518235 0.524999457821 14.826137084 0.810079931679 20.2337253723 0.00753464155925 8.5191e-05
pedestrian -1 -1 -10 1090.2 139.83 1142.58 209.24 0.307966173531 0.692924880085 0.522001106688 25.1959410119 0.301792908651 35.6315040375 0.00753464155925 7.1125e-06
pedestrian -1 -1 -10 1127.2 138.25 1173.3 215.213 1.75980673314 1.02488924416 1.01099937009 15.0659659888 0.803685962765 19.8119549434 0.00753464155925 4.7797e-06
pedestrian -1 -1 -10 1102.8 142.13 1162.78 220.968 1.75980673314 0.967894374338 0.565999811482 14.8461959615 0.809199070183 20.1750798655 0.00753464155925 1.9336e-06
pedestrian -1 -1 -10 1125.9 124.57 1202.49 217.362 1.76880574835 0.939897563598 1.09199967335 15.2361439761 0.811931728096 19.7681108671 0.00753464155925 1.8826e-06
pedestrian -1 -1 -10 1105.0 88.319 1190.92 222.869 1.62482153476 1.07088182507 1.00999991971 15.0991092732 0.670024122562 19.9036969801 0.00753464155925 1.684e-06
