pedestrian -1 -1 -10 889.27 120.98 909.391 178.66 1.23986384392 1.09787929461 1.1089996281 3.8712236954 0.63112565914 9.51307864997 0.00753464155925 0.022704
pedestrian -1 -1 -10 804.6 210.25 827.557 270.627 0.95589504528 1.06388357595 0.516999801686 3.40323374262 1.55162324932 11.274120193 0.00753464155925 0.0046224
pedestrian -1 -1 -10 876.39 120.84 899.675 174.406 1.26886064422 1.19686938054 1.08499970602 3.85858737486 0.664759158773 9.82543369575 0.00753464155925 0.0020482
pedestrian -1 -1 -10 893.11 251.19 914.896 300.635 1.16787175202 1.1878700651 0.717999715362 3.24112737278 1.4856800129 7.35634571873 0.00753464155925 0.0018911
pedestrian -1 -1 -10 958.82 139.21 975.764 178.134 1.66181750274 1.15887343637 1.14699948486 7.21108456872 0.934279237558 14.3907250924 0.00753464155925 0.0016197
pedestrian -1 -1 -10 918.46 253.19 939.732 312.559 1.14787399673 1.18586995234 0.709999820807 3.22770635733 1.48098232893 6.76828716783 0.00753464155925 0.0015402
pedestrian -1 -1 -10 966.9 140.05 980.051 175.235 0.98589172292 1.18386983958 0.885999885187 3.86640859282 0.623874690523 7.33304156833 0.00753464155925 0.0013798
pedestrian -1 -1 -10 980.01 276.71 1005.98 347.563 1.06588292289 1.19686890375 0.728999629978 3.16086431598 1.47360120534 5.52362151986 0.00753464155925 0.00092001
pedestrian -1 -1 -10 816.74 221.34 840.949 270.079 2.09277017677 1.17787045488 0.670999798413 3.3984671327 1.49610430874 10.3022577053 0.00753464155925 0.00071177
pedestrian -1 -1 -10 850.67 239.57 870.656 283.32 1.25886184108 1.19086951905 0.692999866065 3.32972229736 1.47352768556 8.83623581981 0.00753464155925 0.00061921
pedestrian -1 -1 -10 794.45 193.77 814.848 252.203 2.33774334216 0.696924152028 1.17599951985 4.56452489781 1.60489109059 16.7530656081 0.00753464155925 0.00059702
pedestrian -1 -1 -10 830.37 229.44 847.999 275.266 2.07077263701 1.18687024711 0.662999665441 3.39281033416 1.46693641954 9.81800252881 0.00753464155925 0.00052685
pedestrian -1 -1 -10 889.38 106.05 907.911 159.028 1.19986821413 1.08388088924 1.12599958284 3.90889321024 0.593427439498 9.6700781159 0.00753464155925 0.00045537
pedestrian -1 -1 -10 309.38 164.26 326.323 206.59 1.34985181093 1.06888314267 0.76499963231 -7.16177280811 0.580805793001 17.4073458049 0.00753464155925 0.00044986
pedestrian -1 -1 -10 882.78 251.77 904.463 297.91 1.25986162901 1.19286915503 0.70099976062 3.2550207769 1.49043063458 7.67839558551 0.00753464155925 0.00044257
pedestrian -1 -1 -10 982.9 268.55 1022.04 354.295 1.07388203097 1.19286963181 0.706999800745 3.14859657549 1.47112239243 5.35578646124 0.00753464155925 0.00040967
pedestrian -1 -1 -10 896.99 244.32 935.975 312.797 1.06488301576 1.19786872174 0.709999820807 3.22962168251 1.48269787908 7.01866757861 0.00753464155925 0.00031584
pedestrian -1 -1 -10 869.65 118.88 892.035 173.224 1.5308319031 1.18387031637 1.19399987864 3.74974768224 0.927942531234 9.90080714867 0.00753464155925 0.00026808
pedestrian -1 -1 -10 800.85 201.67 839.994 272.727 0.91489953816 1.18586995234 0.531999901998 3.39361181066 1.50648849532 10.9945181092 0.00753464155925 0.00023509
pedestrian -1 -1 -10 911.48 246.45 950.035 327.679 1.11687741196 1.17487100093 0.682999878663 3.21342151574 1.47943049543 6.66267379014 0.00753464155925 0.00022529
pedestrian -1 -1 -10 836.6 230.56 853.816 275.22 2.09177035903 1.18886988308 0.69899990619 3.36145200104 1.48330727889 9.50410889515 0.00753464155925 0.00019852
pedestrian -1 -1 -10 953.73 134.85 983.942 184.379 1.66181750274 1.15887343637 1.15999949232 7.25958300374 0.934243926133 14.3903601899 0.00753464155925 0.00018314
pedestrian -1 -1 -10 885.36 242.98 918.165 309.643 1.25986162901 1.18287049838 0.70099976062 3.25316747886 1.48678922825 7.43242994037 0.00753464155925 0.00015588
pedestrian -1 -1 -10 841.49 234.97 861.656 282.071 1.38184831774 1.1938694498 0.701999687834 3.33686993744 1.47880149225 9.19356312928 0.00753464155925 0.00015062
pedestrian -1 -1 -10 821.15 222.94 851.894 280.769 2.0877707305 1.19386849623 0.670999798413 3.39628833865 1.48682694224 10.0133345502 0.00753464155925 0.00013597
pedestrian -1 -1 -10 964.25 262.88 1012.03 362.804 1.0488847698 1.19686890375 0.703999780682 3.14862613298 1.47411358969 5.55758493283 0.00753464155925 7.7452e-05
pedestrian -1 -1 -10 843.08 232.54 874.804 293.425 1.31685545658 1.19886901651 0.701999687834 3.33493497 1.4749602456 8.93361764879 0.00753464155925 7.0648e-05
pedestrian -1 -1 -10 755.16 167.18 785.871 241.031 1.34285253828 0.455949422859 0.449999671515 5.56348181923 1.52475410311 24.5449381036 0.00753464155925 5.296e-05
pedestrian -1 -1 -10 897.17 236.28 921.201 291.047 1.78380410207 1.19486926778 0.742999803076 3.25295122396 1.48471615347 7.29632143744 0.00753464155925 5.2613e-05
pedestrian -1 -1 -10 829.25 228.4 861.187 286.619 2.09177035903 1.194868791 0.695999886128 3.35997463306 1.48335277526 9.50711954973 0.00753464155925 3.3062e-05
pedestrian -1 -1 -10 410.49 201.46 432.226 245.434 1.38984741091 1.09288068147 1.14099944473 -4.45195967877 1.74902994542 17.5269512014 0.00753464155925 2.605e-05
pedestrian -1 -1 -10 303.88 163.17 330.052 224.721 1.60682359001 0.753917114708 0.330999749904 -5.03281698002 1.61618917318 12.653727326 0.00753464155925 2.1905e-05
pedestrian -1 -1 -10 942.51 125.14 978.36 189.978 1.76480623901 1.19186981382 1.17599975827 7.05542872833 1.03700372833 14.3656361484 0.00753464155925 1.6682e-05
