pedestrian -1 -1 -10 742.07 136.65 752.741 174.089 0.861905324225 0.659927549062 0.275999938401 5.99700557174 0.0707216761708 30.5784668455 0.00753464155925 0.0038056
pedestrian -1 -1 -10 811.73 214.78 828.88 262.042 1.45184058046 1.19186981382 0.258999983659 3.54665290596 1.50458731811 11.8894909834 0.00753464155925 0.00076292
pedestrian -1 -1 -10 725.66 135.4 751.861 197.029 0.101988775495 0.0979888375887 0.432000027977 11.792798697 -0.332615836289 64.2907975505 0.00753464155925 0.00021354
pedestrian -1 -1 -10 820.47 213.65 838.013 261.904 1.45683998949 1.19186981382 0.288999707447 3.54945113692 1.49033784891 11.3326408457 0.00753464155925 0.00015931
pedestrian -1 -1 -10 1153.5 85.616 1241.99 365.806 1.3778487041 1.19486974457 0.995999031355 9.51947033089 1.00687115055 11.6877854459 0.00753464155925 0.00010159
pedestrian -1 -1 -10 291.9 217.85 329.158 296.836 0.593934860936 0.823910095127 0.215000086774 -4.5659111361 1.68833096752 11.1214338788 0.00753464155925 9.6691e-05
pedestrian -1 -1 -10 277.53 250.75 297.175 309.016 1.61882222605 0.902900960632 0.871000023293 -4.70278429511 1.70646184215 10.3891811068 0.00753464155925 5.4251e-05
pedestrian -1 -1 -10 809.18 203.29 842.629 260.113 1.45184053577 1.18387031637 0.282999905741 3.55440373658 1.49416951422 11.5915458349 0.00753464155925 3.3482e-05
pedestrian -1 -1 -10 904.1 155.47 968.839 287.12 1.39884641868 0.614932402211 1.1179999267 3.99935934935 1.41544480609 9.1301272542 0.00753464155925 2.8212e-05
pedestrian -1 -1 -10 803.95 201.51 825.031 251.284 1.49383598727 1.16687198026 0.36099971211 3.65329939451 1.49370021611 12.5097451714 0.00753464155925 2.5997e-05
pedestrian -1 -1 -10 277.66 229.04 310.335 307.973 1.61882222605 0.973893282252 0.809999694829 -4.67201754584 1.70696512493 10.4244467831 0.00753464155925 1.2723e-05
pedestrian -1 -1 -10 194.06 184.07 276.112 278.122 1.95678519046 0.28496862768 1.15899908827 -9.70378152159 1.26052106018 19.2401803461 0.00753464155925 1.1212e-05
pedestrian -1 -1 -10 230.59 191.93 276.607 264.856 0.30796618843 0.409955888377 0.702999853468 -5.93851725835 1.06449035572 12.0230168232 0.00753464155925 1.0874e-05
pedestrian -1 -1 -10 270.54 233.32 295.174 293.203 1.61882222605 0.890902191234 0.931999874921 -4.73332856044 1.70639523277 10.3834113675 0.00753464155925 5.0173e-06
pedestrian -1 -1 -10 854.66 208.7 892.987 284.308 1.44184168047 0.932898360913 0.654999770886 3.64308815619 1.46106875034 9.29247642691 0.00753464155925 2.8501e-06
pedestrian -1 -1 -10 120.04 204.63 195.314 293.867 1.53883104098 0.990890664794 1.17099964536 -6.81778285725 0.871816097726 11.0059626073 0.00753464155925 1.3323e-08
