pedestrian -1 -1 -10 890.44 166.95 951.156 344.01 1.6479958711 0.685998164844 0.42100001085 2.94022501354 1.48858357025 6.61351177085 0.00702763010872 0.99849
pedestrian -1 -1 -10 770.48 191.79 835.933 345.06 1.33999659538 0.600998338015 0.476000078526 1.93599214774 1.45382108083 6.94034682208 0.00702763010872 0.99779
pedestrian -1 -1 -10 630.56 182.54 685.914 314.07 1.42099649715 0.595998236004 0.579999993003 0.768730685711 1.45265686212 8.32999404032 0.00702763010872 0.99542
pedestrian -1 -1 -10 560.06 175.04 604.043 302.55 1.49399624628 0.942997495402 0.579999981827 -0.288986761337 1.39496402337 9.51174658247 0.00702763010872 0.98083
pedestrian -1 -1 -10 508.0 167.76 522.393 214.006 1.48999631524 0.815997956093 0.605999956721 -3.67221074127 1.08650682633 31.4039290743 0.00702763010872 0.93889
pedestrian -1 -1 -10 588.82 182.27 622.902 307.56 1.56099611002 0.675997960823 0.827999993095 -0.112298540583 1.46303231965 9.04006997702 0.00702763010872 0.77988
pedestrian -1 -1 -10 611.77 174.74 661.801 306.57 1.55799612263 0.711998123094 0.760000031104 0.415753443241 1.37678822631 10.0411958925 0.00702763010872 0.77152
pedestrian -1 -1 -10 567.69 176.0 649.812 309.09 1.56099611002 0.716998225104 0.798000021203 -0.0971548588731 1.46298672273 9.06046419085 0.00702763010872 0.70506
pedestrian -1 -1 -10 598.83 179.79 638.829 307.24 1.56099611002 0.675997960823 0.671000015028 -0.0338004899531 1.46303560433 9.03951832001 0.00702763010872 0.53764
pedestrian -1 -1 -10 565.29 198.19 590.537 302.32 1.56099611002 0.993997963702 0.883999988308 -0.139180462786 1.46267262807 9.19926282155 0.00702763010872 0.30626
pedestrian -1 -1 -10 593.64 225.05 616.915 303.932 1.56099611002 0.675997960823 0.850000008244 -0.123298276535 1.46303185938 9.04014727934 0.00702763010872 0.26371
pedestrian -1 -1 -10 1115.3 165.56 1226.02 370.0 1.56199608719 0.745998435294 0.680000078121 2.82958029687 1.57468465686 3.46349444159 0.00702763010872 0.23252
pedestrian -1 -1 -10 580.93 210.84 615.746 297.588 1.56099611002 0.716998225104 0.883999988308 -0.140153780625 1.46298492347 9.06076637233 0.00702763010872 0.20121
pedestrian -1 -1 -10 612.54 197.92 643.007 297.218 1.55799612263 0.695997415192 0.760000031104 0.415697220176 1.37680626584 10.0331957361 0.00702763010872 0.19531
pedestrian -1 -1 -10 345.48 167.22 363.193 207.675 1.37699656284 0.936997945193 0.686999809302 -7.93206682413 0.867373882382 22.5447576927 0.00702763010872 0.18321
pedestrian -1 -1 -10 597.18 202.32 624.078 282.144 1.56099611002 0.716998225104 0.781000001369 -0.0886550588469 1.46298707839 9.06040445721 0.00702763010872 0.13838
pedestrian -1 -1 -10 620.08 171.04 644.319 270.394 1.54199613026 0.975997405731 0.760000031104 0.417116991854 1.36035079716 10.2351718695 0.00702763010872 0.11048
pedestrian -1 -1 -10 794.21 273.86 826.419 338.03 1.33999659538 0.600998338015 0.476000078526 1.93599214774 1.45382108083 6.94034682208 0.00702763010872 0.1012
pedestrian -1 -1 -10 1214.4 204.39 1225.95 261.488 1.76599561366 0.364998863696 0.830999865114 3.688444648 1.52831467682 4.08064088912 0.00702763010872 0.080951
pedestrian -1 -1 -10 335.82 169.23 354.967 215.343 1.37699656284 0.857997668572 0.814000143303 -8.02757277507 0.867693498058 22.4019253604 0.00702763010872 0.071678
pedestrian -1 -1 -10 589.87 201.14 609.408 271.738 1.56099611002 0.675997960823 0.883999988308 -0.140297846785 1.46303114804 9.04026674641 0.00702763010872 0.07067
pedestrian -1 -1 -10 380.46 168.24 390.941 200.452 0.810997965217 0.672998662555 0.844999327476 -8.05832189958 0.274582455219 27.7720883729 0.00702763010872 0.069442
pedestrian -1 -1 -10 1199.1 165.07 1225.95 306.24 1.56199608719 0.745998435294 0.680000078121 2.82958029687 1.57468465686 3.46349444159 0.00702763010872 0.052737
pedestrian -1 -1 -10 576.09 179.23 606.633 271.481 1.42799640441 0.771997439872 0.453999988871 -0.29538659 1.39477094137 9.59736810877 0.00702763010872 0.048992
pedestrian -1 -1 -10 661.46 190.9 695.189 267.702 1.42099649715 0.595998236004 0.579999993003 0.768730685711 1.45265686212 8.32999404032 0.00702763010872 0.045076
pedestrian -1 -1 -10 646.29 187.71 674.107 300.01 1.42099649715 0.595998236004 0.579999993003 0.768730685711 1.45265686212 8.32999404032 0.00702763010872 0.041864
pedestrian -1 -1 -10 401.16 168.0 411.127 204.426 0.813997948885 0.715997823233 0.727999699361 -7.81471419609 0.276235208043 27.9288817014 0.00702763010872 0.040399
pedestrian -1 -1 -10 585.1 230.78 606.868 296.533 1.4319964025 0.870997170861 0.542999980732 -0.27023502975 1.39488362277 9.54768575473 0.00702763010872 0.038772
pedestrian -1 -1 -10 383.81 167.81 394.35 201.844 0.811997949839 0.721998327114 0.919999614831 -8.02065049455 0.274528781078 27.7963229412 0.00702763010872 0.0365
pedestrian -1 -1 -10 595.09 176.62 626.315 249.049 1.56099611002 0.716998225104 0.776999993196 -0.0866551041465 1.46298716208 9.06039040223 0.00702763010872 0.034893
pedestrian -1 -1 -10 902.19 173.93 943.734 289.24 1.6479958711 0.685998164844 0.42100001085 2.94022501354 1.48858357025 6.61351177085 0.00702763010872 0.034163
pedestrian -1 -1 -10 375.63 168.76 387.817 198.887 0.810997965217 0.611997990234 0.574999818874 -8.19353266364 0.274645579865 27.7425374978 0.00702763010872 0.027635
pedestrian -1 -1 -10 566.23 178.45 619.453 251.586 1.55299613991 0.730998129264 0.435000007791 0.253324271152 1.37176002307 10.0518319887 0.00702763010872 0.022603
pedestrian -1 -1 -10 613.11 182.22 630.734 254.413 1.54199613026 0.94599679367 0.760000031104 0.417222407589 1.36031697384 10.2501718051 0.00702763010872 0.020264
pedestrian -1 -1 -10 628.12 174.48 647.759 229.997 1.54199613026 0.934997141451 0.760000031104 0.417261058014 1.36030457259 10.2556714954 0.00702763010872 0.017962
pedestrian -1 -1 -10 1207.4 210.71 1226.0 277.94 1.56199608719 0.745998435294 0.680000078121 2.82958029687 1.57468465686 3.46349444159 0.00702763010872 0.016895
pedestrian -1 -1 -10 603.96 192.11 621.164 259.027 1.56099611002 0.716998225104 0.743000013132 -0.0696555338958 1.46298787341 9.06027093516 0.00702763010872 0.012511
pedestrian -1 -1 -10 920.17 177.58 945.211 233.613 1.6479958711 0.685998164844 0.42100001085 2.94022501354 1.48858357025 6.61351177085 0.00702763010872 0.0087478
pedestrian -1 -1 -10 1162.3 139.29 1226.02 350.41 1.56199608719 0.745998435294 0.680000078121 2.82958029687 1.57468465686 3.46349444159 0.00702763010872 0.0079224
pedestrian -1 -1 -10 776.86 207.33 808.538 320.0 1.33999659538 0.600998338015 0.476000078526 1.93599214774 1.45382108083 6.94034682208 0.00702763010872 0.0078706
pedestrian -1 -1 -10 550.35 177.59 585.853 297.93 1.56099611002 0.974997957532 0.753999983454 -0.204245622124 1.46269132928 9.19021983919 0.00702763010872 0.0075804
pedestrian -1 -1 -10 908.53 176.87 957.696 238.013 1.6479958711 0.685998164844 0.42100001085 2.94022501354 1.48858357025 6.61351177085 0.00702763010872 0.007559
pedestrian -1 -1 -10 385.2 169.6 406.088 204.817 0.813997948885 0.787998147773 1.02899934581 -7.96546329676 0.276310085359 27.8939400624 0.00702763010872 0.0073277
pedestrian -1 -1 -10 606.11 173.38 638.022 253.115 1.54199613026 0.937997393391 0.760000031104 0.417250515771 1.36030795514 10.2541714065 0.00702763010872 0.0070099
pedestrian -1 -1 -10 648.32 177.55 711.202 310.45 1.42099649715 0.595998236004 0.579999993003 0.768730685711 1.45265686212 8.32999404032 0.00702763010872 0.0064217
pedestrian -1 -1 -10 578.62 225.71 600.301 299.296 1.42999640346 0.844997212611 0.523999986614 -0.260643934978 1.39485470738 9.56062090689 0.00702763010872 0.0053147
pedestrian -1 -1 -10 793.6 198.15 830.089 316.27 1.33999659538 0.600998338015 0.476000078526 1.93599214774 1.45382108083 6.94034682208 0.00702763010872 0.0051565
pedestrian -1 -1 -10 349.68 166.53 372.563 216.62 0.958997566819 0.653999610057 0.53599978389 -7.85556884693 0.449058987173 22.6852514806 0.00702763010872 0.0050842
pedestrian -1 -1 -10 618.34 172.47 636.58 238.777 1.55799612263 0.98899690802 0.760000031104 0.417071106414 1.37636544545 10.2286903195 0.00702763010872 0.0049334
pedestrian -1 -1 -10 559.14 175.02 602.378 238.675 1.56099611002 1.13899710731 0.883999988308 -0.138670966806 1.46250915295 9.27176060307 0.00702763010872 0.0038877
pedestrian -1 -1 -10 394.45 166.71 413.966 209.331 0.644998357296 1.14599801306 1.18100001401 -3.20832810647 0.636005361085 11.6770675407 0.00702763010872 0.0038194
pedestrian -1 -1 -10 637.22 175.64 654.706 242.752 1.55799612263 0.787997194102 0.563000032773 0.514518054624 1.37670666488 10.078502283 0.00702763010872 0.0031585
pedestrian -1 -1 -10 337.26 164.0 377.808 223.3 0.453998835802 0.533999069156 0.901999965483 -3.71541792761 0.512461566527 11.0255499166 0.00702763010872 0.0029371
pedestrian -1 -1 -10 389.81 170.17 399.473 204.375 0.813997948885 0.787998147773 1.02899934581 -7.96546329676 0.276310085359 27.8939400624 0.00702763010872 0.0029125
pedestrian -1 -1 -10 323.26 164.45 349.256 220.603 1.37699656284 0.788997595972 0.717999947149 -8.07581413938 0.867769281735 22.3677634957 0.00702763010872 0.0028298
pedestrian -1 -1 -10 563.8 176.97 587.963 261.897 1.56099611002 1.08999744275 0.859999983973 -0.150842846999 1.4625638941 9.24734570555 0.00702763010872 0.0024694
pedestrian -1 -1 -10 355.7 165.92 368.852 201.235 0.0999997496605 0.116996474272 0.423000342762 -20.8107205814 -0.638901499988 63.7584298823 0.00702763010872 0.002367
pedestrian -1 -1 -10 376.65 166.24 399.128 209.678 0.534998677969 1.15699766528 1.18199970313 -3.44752706043 0.52622231353 11.5781221901 0.00702763010872 0.0023309
pedestrian -1 -1 -10 501.28 170.12 514.875 210.971 1.48999631524 0.974997957532 0.605999956721 -3.67276943327 1.08668608631 31.3244310367 0.00702763010872 0.0019956
pedestrian -1 -1 -10 885.53 180.78 930.991 309.64 1.65999580577 0.54999834655 0.42100001085 2.93974698329 1.50073683401 6.54552707129 0.00702763010872 0.0018814
pedestrian -1 -1 -10 0.083459 187.06 12.6985 230.486 1.81699545896 0.597999993418 0.205000880806 -13.558995231 0.905601641655 16.1702166165 0.00702763010873 0.0018001
pedestrian -1 -1 -10 660.37 184.11 673.487 237.516 1.42099649715 0.595998236004 0.579999993003 0.768730685711 1.45265686212 8.32999404032 0.00702763010872 0.0017164
pedestrian -1 -1 -10 550.98 222.76 575.699 287.996 1.56099611002 0.997997663842 0.700999983194 -0.230664151839 1.46266429008 9.20190563656 0.00702763010872 0.0014435
pedestrian -1 -1 -10 350.31 166.83 394.948 216.349 0.574998539686 0.547998973316 0.944000021498 -3.62745351627 0.565550510597 11.8739381627 0.00702763010872 0.0013811
pedestrian -1 -1 -10 1097.2 207.99 1174.09 370.0 1.56199608719 0.745998435294 0.680000078121 2.82958029687 1.57468465686 3.46349444159 0.00702763010872 0.0012359
pedestrian -1 -1 -10 634.81 174.79 650.524 214.652 1.54199613026 0.864997620652 0.573000023404 0.511004716411 1.36022956598 10.2900133222 0.00702763010872 0.0011981
pedestrian -1 -1 -10 644.35 182.8 661.999 243.824 1.55799612263 0.824997758243 0.563000032773 0.514648066694 1.37666494966 10.0970021082 0.00702763010872 0.0010569
pedestrian -1 -1 -10 655.36 185.43 681.443 248.386 1.42099649715 0.595998236004 0.579999993003 0.768730685711 1.45265686212 8.32999404032 0.00702763010872 0.00089629
pedestrian -1 -1 -10 570.54 238.76 594.597 298.605 1.56099611002 0.979997105871 0.883999988308 -0.139229658806 1.46268841294 9.1922625655 0.00702763010872 0.00069401
pedestrian -1 -1 -10 571.16 176.54 592.226 239.557 1.56099611002 1.14399720932 0.883999988308 -0.138653397517 1.46250351573 9.27426059234 0.00702763010872 0.00067672
pedestrian -1 -1 -10 359.91 167.87 382.863 210.316 0.574998539686 0.547998973316 0.944000021498 -3.62745351627 0.565550510597 11.8739381627 0.00702763010872 0.00061302
pedestrian -1 -1 -10 800.58 193.33 832.147 276.13 1.33999659538 0.600998338015 0.476000078526 1.93599214774 1.45382108083 6.94034682208 0.00702763010872 0.00057227
pedestrian -1 -1 -10 456.8 162.32 484.044 208.231 1.51999625623 0.394000027559 0.721000206598 -5.95983147705 1.11618425277 31.9640535086 0.00702763010872 0.00054231
pedestrian -1 -1 -10 1108.6 240.11 1148.89 365.84 1.56199608719 0.745998435294 0.598999987122 2.78908125144 1.57468296222 3.4637790548 0.00702763010872 0.00047072
pedestrian -1 -1 -10 365.14 164.27 405.425 220.756 0.623998441815 1.17799752152 1.19199993218 -3.39095767803 0.616003592273 11.2323173178 0.00702763010872 0.00046115
pedestrian -1 -1 -10 1179.7 147.42 1225.99 280.23 1.76599561366 0.364998863696 0.830999865114 3.688444648 1.52831467682 4.08064088912 0.00702763010872 0.00039952
pedestrian -1 -1 -10 1208.2 145.14 1225.97 249.31 0.390999029756 0.424998180475 0.975000397763 30.7874161348 0.297616845 34.8568169772 0.00702763010873 0.00036516
pedestrian -1 -1 -10 392.32 167.98 428.633 217.866 1.29199675238 1.16699691563 1.0990002339 -3.03910617098 1.28389823119 11.2830991756 0.00702763010872 0.00032731
pedestrian -1 -1 -10 373.8 161.57 415.625 236.689 0.623998441815 1.17499631591 1.18200017997 -3.23227440698 0.616110585287 11.1867012846 0.00702763010872 0.00018434
pedestrian -1 -1 -10 766.78 174.57 823.074 288.07 1.33999659538 0.600998338015 0.476000078526 1.93599214774 1.45382108083 6.94034682208 0.00702763010872 0.0001429
pedestrian -1 -1 -10 553.9 175.26 580.734 246.771 1.56099611002 1.04899717847 0.751999986818 -0.204985578313 1.46260785914 9.22722556347 0.00702763010872 0.00011467
pedestrian -1 -1 -10 407.83 195.18 428.6 256.537 1.32799663091 1.18899717374 0.891000047315 -2.93803426547 1.38584029333 10.8665669056 0.00702763010872 0.00010328
pedestrian -1 -1 -10 470.58 171.38 487.706 208.987 0.369999069572 0.199000817521 0.879000201609 -6.83189352557 0.231753998748 42.3442678245 0.00702763010872 9.4505e-05
pedestrian -1 -1 -10 297.41 172.56 315.058 199.051 0.0999997496605 0.1030003848 0.477001198157 -21.2342356095 -0.312119996469 51.8778179742 0.00702763010871 5.7218e-05
pedestrian -1 -1 -10 889.84 173.99 922.437 250.322 1.6479958711 0.685998164844 0.42100001085 2.94022501354 1.48858357025 6.61351177085 0.00702763010872 2.7531e-05
pedestrian -1 -1 -10 905.89 167.28 933.832 251.499 1.6479958711 0.685998164844 0.42100001085 2.94022501354 1.48858357025 6.61351177085 0.00702763010872 1.7442e-05
pedestrian -1 -1 -10 297.02 163.29 327.18 200.118 0.0999997496605 0.117999737159 0.351999288719 -21.1623543175 -0.585446013119 53.3532382508 0.00702763010874 1.3736e-05
pedestrian -1 -1 -10 0.93516 174.55 29.3152 224.192 0.558998621821 0.297999594838 0.446000106635 -15.7262089331 0.657374073916 19.3513921877 0.00702763010872 1.3428e-05
pedestrian -1 -1 -10 290.27 162.21 316.507 195.195 0.0999997496605 0.1030003848 0.477001198157 -21.2342356095 -0.312119996469 51.8778179742 0.00702763010871 8.6008e-06
pedestrian -1 -1 -10 129.89 162.46 168.851 204.895 0.838997888535 0.425999536018 0.696000110813 -15.9068069786 0.640120839776 25.6694795922 0.00702763010873 7.5361e-06
pedestrian -1 -1 -10 0.66698 125.59 37.18 220.33 1.43099646258 0.778999299296 0.427999503612 -17.1769856188 0.058412337354 21.0898015992 0.00702763010873 5.1458e-06
pedestrian -1 -1 -10 299.73 148.17 317.078 196.68 0.100999764085 0.199000817521 0.312999730572 -22.0314398322 -0.590533404877 54.2688583093 0.00702763010873 3.1002e-06
pedestrian -1 -1 -10 779.81 121.28 816.165 236.44 2.02999492526 0.81499660055 1.07999994175 7.96986718798 0.588227574956 27.6697791812 0.00702763010872 1.9844e-07
