pedestrian -1 -1 -10 315.29 173.86 331.804 272.188 1.70381287975 1.1588724828 0.832999928114 -4.7457259709 1.70018699742 12.3955029778 0.00753464155925 0.046854
pedestrian -1 -1 -10 916.57 155.98 933.443 203.99 1.26886070382 1.04088633193 0.518000444156 8.90308976899 1.10639309447 19.7322590248 0.00753464155925 0.023518
pedestrian -1 -1 -10 308.33 171.23 342.938 274.71 1.70381287975 1.18087038563 0.832999928114 -4.74611772239 1.69941727431 12.3435105809 0.00753464155925 0.022638
pedestrian -1 -1 -10 747.65 168.08 758.87 197.036 0.37895838809 0.325964502588 0.409999721906 8.72199723738 0.697782544331 42.8437740517 0.00753464155925 0.020576
pedestrian -1 -1 -10 771.12 166.09 779.452 190.17 1.09387987566 0.328962526191 0.407999867477 9.41607478143 0.883391029877 39.8111714429 0.00753464155925 0.0017726
pedestrian -1 -1 -10 915.25 153.62 944.632 209.162 1.15887276661 0.924899817027 0.518000444156 8.90450986743 0.999262035525 19.9260466604 0.00753464155925 0.00050908
pedestrian -1 -1 -10 322.23 174.21 354.383 272.538 1.70381287975 1.17487147771 0.832999928114 -4.746720425 1.69823306915 12.2635212144 0.00753464155925 0.00039438
pedestrian -1 -1 -10 310.93 170.01 333.359 224.092 1.67781571145 1.05188480656 0.832999928114 -4.74719176669 1.67132554662 12.2022221227 0.00753464155925 0.00015964
pedestrian -1 -1 -10 985.85 153.01 1011.47 211.543 1.02488747165 0.863905675265 0.202000556146 8.80430179159 1.02473033909 16.0353965131 0.00753464155925 9.2186e-05
pedestrian -1 -1 -10 318.99 172.35 338.054 216.57 1.70381287975 1.11487763072 0.832999928114 -4.74694643893 1.69778899133 12.2335251424 0.00753464155925 6.6778e-05
pedestrian -1 -1 -10 817.77 171.8 833.333 208.274 1.8827932545 0.938896315257 0.959999744279 6.174870312 1.07817462028 19.8787948087 0.00753464155925 3.2765e-05
pedestrian -1 -1 -10 903.21 134.33 939.5 210.543 1.15887276661 0.74291864008 0.518000444156 8.90519544241 1.00060907039 20.0170346661 0.00753464155925 2.5735e-06
pedestrian -1 -1 -10 986.77 125.98 1057.83 227.57 1.69881350052 0.881903352577 0.911999900116 5.51869980694 1.06767085888 9.48359782255 0.00753464155925 1.5281e-06
pedestrian -1 -1 -10 926.45 132.99 962.416 207.138 0.100988898159 0.140983394899 0.211999828293 18.0470259214 0.142247368277 38.2005462976 0.00753464155925 1.453e-06
pedestrian -1 -1 -10 1000.5 141.35 1043.5 239.199 1.71181208467 1.03988603716 0.983999904779 5.55528994823 1.06881404491 9.56241231527 0.00753464155925 8.2504e-07
pedestrian -1 -1 -10 301.81 201.66 336.618 280.731 1.72081109243 1.15487321086 0.832999928114 -4.74848561133 1.71175270168 12.0284281053 0.00753464155925 3.7799e-07
pedestrian -1 -1 -10 919.46 104.55 1011.34 209.63 0.755916970852 0.533941900734 0.621999550199 12.0156749493 0.104571581779 23.5918751376 0.00753464155925 1.7999e-08
