pedestrian -1 -1 -10 976.63 137.81 995.276 187.472 2.09476999104 1.16087402591 0.097999542755 8.92750889646 1.28916256949 16.8860897219 0.00753464155925 0.032226
pedestrian -1 -1 -10 1175.6 30.541 1237.17 264.901 1.65881781114 1.00388972896 0.635999484878 9.05003815538 0.941847998007 10.5887126755 0.00753464155925 0.0062171
pedestrian -1 -1 -10 984.28 137.78 1004.38 188.706 2.10076937425 1.10587783849 0.170000024255 8.88919983162 1.2986355373 16.578740223 0.00753464155925 0.0032388
pedestrian -1 -1 -10 969.75 134.02 1003.57 204.287 2.13176598882 1.16087402591 0.097999542755 8.92752030362 1.32615856727 16.8858157818 0.00753464155925 0.0022144
pedestrian -1 -1 -10 262.07 146.13 280.202 188.12 0.765915893198 0.105987381474 0.282999905741 -7.80116462953 0.00303462607612 16.7207992786 0.00753464155925 0.0019808
pedestrian -1 -1 -10 484.78 172.43 500.358 209.632 1.99178125477 0.668929248428 0.312999629529 -5.93972168333 1.58391473054 39.1410402388 0.00753464155925 0.0017826
pedestrian -1 -1 -10 479.37 166.8 495.181 207.762 0.847906907438 0.320967796584 0.0359997639129 -6.0699393979 1.08890180294 37.5766675912 0.00753464155925 0.00092167
pedestrian -1 -1 -10 286.78 126.58 308.71 174.712 0.754917108416 0.115988422041 0.47999987214 -6.97970789838 0.00139221027133 16.7115520052 0.00753464155925 0.00053293
pedestrian -1 -1 -10 1115.4 20.16 1242.0 278.77 1.68181528783 1.19286915503 0.199999748043 8.84131520164 0.954403054343 11.157847663 0.00753464155925 0.00042293
pedestrian -1 -1 -10 864.01 170.74 888.182 211.931 1.188869407 0.638929941007 0.846999862793 5.06307022729 1.13917012001 14.2213511171 0.00753464155925 0.00023866
pedestrian -1 -1 -10 1179.1 116.66 1231.19 230.57 2.06577319073 1.03288683447 0.635999484878 9.05027164105 1.34701820154 10.6002270953 0.00753464155925 0.00019528
pedestrian -1 -1 -10 492.41 179.07 507.87 221.106 1.99178125477 0.394957188236 0.247999592206 -5.90619045368 1.58591902468 39.2777778571 0.00753464155925 0.00011591
pedestrian -1 -1 -10 474.12 170.47 494.462 222.966 1.86479522407 0.696923198458 0.21599977557 -2.72334993753 1.74778743888 15.8302280074 0.00753464155925 0.00010726
pedestrian -1 -1 -10 903.51 96.058 948.948 193.138 1.43884199631 1.14687562054 0.0829992040241 8.81376214282 0.589611199103 19.6808327614 0.00753464155925 6.5693e-05
pedestrian -1 -1 -10 870.36 168.48 907.256 234.649 1.96178451753 1.18786958831 1.17499959263 4.61905087418 1.30825015481 11.8490866997 0.00753464155925 1.9172e-05
pedestrian -1 -1 -10 856.01 156.0 894.4 215.671 1.18786951477 0.865905311236 0.797999614579 5.08842504718 1.14083236653 14.3346438432 0.00753464155925 5.4891e-06
pedestrian -1 -1 -10 235.78 155.22 295.789 234.944 1.43784211898 1.19586908577 0.227000167024 -6.20999315946 0.73556931068 13.2434616921 0.00753464155925 5.1279e-06
pedestrian -1 -1 -10 1203.8 96.135 1241.18 242.135 2.07877177488 1.16387204951 0.707999966378 9.08414521863 1.36579295851 10.3162508197 0.00753464155925 3.0352e-06
pedestrian -1 -1 -10 1218.7 128.58 1241.96 228.74 2.05577429819 1.17987009086 0.811999072421 9.1361964781 1.34287604072 10.3240286663 0.00753464155925 2.4676e-06
pedestrian -1 -1 -10 433.27 220.25 451.311 276.585 1.35585107494 0.737919073367 0.534999922061 -2.8845251879 1.82198949526 12.2535833858 0.00753464155925 1.4749e-06
pedestrian -1 -1 -10 441.0 221.41 457.658 277.453 1.35585107494 0.79991255633 0.534999922061 -2.88429164077 1.82244837449 12.2845792474 0.00753464155925 4.2264e-07
pedestrian -1 -1 -10 998.99 51.487 1093.2 252.947 1.59782457852 1.17887074966 0.0909995754154 8.9082170496 0.827469116974 14.5420682212 0.00753464155925 2.8233e-08
pedestrian -1 -1 -10 769.27 169.71 810.969 230.995 1.14287446013 0.841907772439 1.19499980586 3.55860965947 1.18518691873 14.1591554234 0.00753464155925 1.1568e-08
pedestrian -1 -1 -10 1079.2 106.73 1197.41 309.16 2.13176592922 1.19586908577 0.121000252877 8.9055257809 1.39425913714 12.0288035832 0.00753464155925 3.4819e-09
pedestrian -1 -1 -10 1087.5 141.15 1172.45 269.16 2.12976605536 1.19086951905 0.121000252877 8.90716067236 1.39047936176 12.2463626402 0.00753464155925 2.6433e-09
pedestrian -1 -1 -10 1047.2 149.17 1133.77 263.31 2.14976395964 1.19786872174 0.211999828293 8.85503353806 1.40205243567 13.0933483491 0.00753464155925 3.3062e-10
pedestrian -1 -1 -10 1031.9 174.93 1090.38 266.752 2.18975958943 1.19786872174 0.126000365788 8.90091819901 1.4225372303 14.1411403514 0.00753464155925 8.6455e-11
