pedestrian -1 -1 -10 438.95 178.54 459.692 222.291 1.3808483957 1.01288952119 1.04800001489 -6.16872298462 1.83889438281 28.5210047767 0.00753464155925 0.36589
pedestrian -1 -1 -10 431.27 171.68 455.646 224.59 1.73680928624 1.10287981489 0.892999852527 -6.39998105096 1.82782059444 28.3065160343 0.00753464155925 0.28184
pedestrian -1 -1 -10 857.28 180.41 870.898 224.314 1.86279549734 0.616932991752 0.909000118472 9.54641425002 2.10293405086 26.8160338385 0.00753464155925 0.25489
pedestrian -1 -1 -10 862.61 179.01 875.17 220.836 0.477947480921 0.301968870931 0.6350000345 11.7935223451 1.28962639826 32.017111522 0.00753464155925 0.043793
pedestrian -1 -1 -10 333.7 174.38 351.783 215.816 1.98878156317 0.307964918136 0.142000154896 -11.6870819607 1.74353401166 32.1214862283 0.00753464155925 0.036415
pedestrian -1 -1 -10 341.66 168.03 364.876 214.348 0.388957280637 0.0469919221134 0.140000300467 -15.2672101155 1.04573995582 44.2031138186 0.00753464155925 0.0084941
pedestrian -1 -1 -10 847.5 171.98 869.089 221.67 0.515943356036 0.333963046474 0.643999856269 10.9456963116 1.09277517258 32.2637274676 0.00753464155925 0.0063978
pedestrian -1 -1 -10 852.85 184.73 866.709 226.396 1.86279549734 0.616932991752 0.909000118472 9.54641425002 2.10293405086 26.8160338385 0.00753464155925 0.0053555
pedestrian -1 -1 -10 699.95 263.57 720.039 312.208 0.651928461547 1.15087393892 1.1729996786 1.36003799179 1.75248162447 9.89259909977 0.00753464155925 0.0023528
pedestrian -1 -1 -10 475.65 179.69 498.058 228.646 1.89379211377 0.576936458044 0.834999544125 -3.56008419472 1.77823973356 22.579225867 0.00753464155925 0.0022151
pedestrian -1 -1 -10 323.66 174.68 344.519 224.886 0.63093073952 0.867904947208 1.17100012219 -10.2891227146 -0.16562038154 27.3785104448 0.00753464155925 0.0019893
pedestrian -1 -1 -10 1078.9 189.6 1098.65 230.856 0.634930129664 0.471944603491 0.171001381981 25.492355445 2.58792810441 38.2047060168 0.00753464155925 0.0011933
pedestrian -1 -1 -10 344.7 153.42 379.789 210.575 1.67081648815 0.354960654529 1.11299957537 -7.36585366138 1.38376777647 22.120024406 0.00753464155925 0.00088365
pedestrian -1 -1 -10 321.3 178.66 335.747 225.1 1.93978697777 0.174980067123 0.203000006524 -13.6482443124 1.97731775482 35.7374385219 0.00753464155925 0.00085546
pedestrian -1 -1 -10 713.01 257.6 729.825 309.335 0.66092741716 1.19286915503 1.17399954621 1.58509377958 1.76438196799 10.097822128 0.00753464155925 0.00076688
pedestrian -1 -1 -10 691.6 255.76 724.304 320.208 0.651928461547 1.1328762616 1.1979995875 1.33847078331 1.75236405825 9.88376227819 0.00753464155925 0.00074609
pedestrian -1 -1 -10 1059.9 184.68 1094.25 234.371 1.19186913586 0.50094647685 0.347000015849 10.8165765999 1.94465770303 16.5814302202 0.00753464155925 0.00063491
pedestrian -1 -1 -10 842.62 161.06 861.187 214.656 0.772915109041 0.681924498318 0.843999604312 11.0473601509 0.922362889442 32.5134226407 0.00753464155925 0.00042847
pedestrian -1 -1 -10 222.38 174.58 295.594 249.161 1.52883210373 1.02188835985 1.04199949793 -4.34481362921 1.65857066694 8.72279690536 0.00753464155925 0.00034578
pedestrian -1 -1 -10 756.53 167.68 777.668 217.071 0.314965389374 0.418952819894 0.444000108227 9.00080002585 1.3621179236 39.2933759673 0.00753464155925 0.00027987
pedestrian -1 -1 -10 454.63 181.17 469.031 219.658 0.106988221768 0.241974070369 0.131999929076 -7.4404360256 1.48603097128 36.7770199597 0.00753464155925 0.00017073
pedestrian -1 -1 -10 26.53 212.18 64.069 308.65 0.428952895523 0.578937047585 0.473000381637 -11.4583308829 1.79107665075 14.5295878563 0.00753464155925 8.0542e-05
pedestrian -1 -1 -10 830.38 161.74 853.742 215.643 0.772915109041 0.807913960925 1.16799986371 10.684895881 0.921693870907 32.4531533094 0.00753464155925 7.5227e-05
pedestrian -1 -1 -10 833.12 183.19 852.644 224.355 1.06188347315 0.70092533111 1.01400058224 10.3432517596 1.85971773003 31.7603858944 0.00753464155925 6.4514e-05
pedestrian -1 -1 -10 834.62 180.38 865.771 227.489 1.86279549734 0.516943564622 0.674999984109 9.42979418311 2.10375936285 26.8669074172 0.00753464155925 6.1968e-05
pedestrian -1 -1 -10 1109.1 175.08 1129.63 221.387 1.76680599368 0.438952993887 0.713998575992 19.5646012899 2.26305314158 27.7796124819 0.00753464155924 6.0187e-05
pedestrian -1 -1 -10 1107.0 163.4 1139.82 223.243 0.628930925252 0.550938329706 0.432000981651 27.9757371401 1.79410336136 38.123190748 0.00753464155925 4.2455e-05
pedestrian -1 -1 -10 19.539 243.14 40.122 294.164 0.446950925946 0.578937047585 0.676999838538 -11.5603221749 1.80914894448 14.5302220131 0.00753464155925 3.2008e-05
pedestrian -1 -1 -10 1055.4 183.96 1076.91 237.396 1.04488532006 0.50094647685 0.32100000092 10.8105314093 1.7976782557 16.5825637179 0.00753464155925 3.1936e-05
pedestrian -1 -1 -10 904.96 144.36 920.639 179.397 0.590935169333 1.08588147878 0.949000068081 10.086408422 -0.331130312548 23.3986111793 0.00753464155925 2.7771e-05
pedestrian -1 -1 -10 534.15 272.51 546.355 309.875 0.527942003253 1.17487147771 1.15599963445 -0.927201304987 1.70761327538 9.53552822728 0.00753464155925 2.0242e-05
pedestrian -1 -1 -10 549.31 268.09 561.555 305.296 0.492945879339 1.14287539503 1.16899961211 -0.674284409703 1.68739675187 9.05859687468 0.00753464155925 6.97e-06
pedestrian -1 -1 -10 171.45 162.75 230.699 238.543 1.53783117854 1.19586860898 1.1979995875 -4.664411775 1.60977422819 8.2509283449 0.00753464155925 4.1904e-06
pedestrian -1 -1 -10 170.35 186.21 306.3 253.549 1.44084178078 0.867904947208 1.11799968828 -4.58225130071 1.57589297326 8.80216938963 0.00753464155925 3.0215e-06
pedestrian -1 -1 -10 186.57 166.46 267.639 239.839 1.53183178044 1.18686929354 1.1979995875 -4.48968272336 1.65499636458 8.47542942373 0.00753464155925 1.0787e-06
pedestrian -1 -1 -10 81.904 154.0 155.683 239.492 1.37884861123 1.134874944 1.16699945966 -6.03824171642 1.46897938299 8.88277337286 0.00753464155925 4.5641e-07
pedestrian -1 -1 -10 68.981 168.31 127.676 246.466 0.0999890208244 0.0 0.0 -19.1384415855 1.05746203121 28.48829831 0.0 2.2706e-07
pedestrian -1 -1 -10 179.17 178.8 248.975 273.771 0.733919431088 0.935897338085 1.17699968548 -4.84725190308 0.813665961863 8.77621308665 0.00753464155925 1.7084e-08
