pedestrian -1 -1 -10 667.99 156.47 680.434 194.035 2.14976395964 0.889901896463 0.719999689 2.22376304524 1.27115646026 25.5889685805 0.00753464155925 0.47254
pedestrian -1 -1 -10 657.43 155.88 674.843 197.809 2.14976395964 0.889901896463 0.760999685033 2.20326362745 1.27117138577 25.5891228182 0.00753464155925 0.2946
pedestrian -1 -1 -10 650.03 154.94 661.729 191.893 1.60982325554 0.444950948232 0.270000017485 2.21697723212 0.618841806966 30.9709215955 0.00753464155925 0.046789
pedestrian -1 -1 -10 710.73 164.88 728.885 207.396 2.30174722171 0.62793146638 1.06399956558 2.09179350265 1.64689889461 13.0707981919 0.00753464155925 0.024301
pedestrian -1 -1 -10 715.36 164.22 735.06 219.86 2.28874875676 0.678925521145 1.11699952265 2.14809572719 1.6334818327 13.0449730428 0.00753464155925 0.017661
pedestrian -1 -1 -10 703.97 169.92 718.356 204.453 2.30174722171 0.574936822073 0.894999706956 2.00749561097 1.6473526861 13.0979305219 0.00753464155925 0.012737
pedestrian -1 -1 -10 650.35 162.14 665.67 205.624 1.60982325554 0.444950948232 0.270000017485 2.21697723212 0.618841806966 30.9709215955 0.00753464155925 0.0030854
pedestrian -1 -1 -10 722.13 156.96 741.85 210.924 2.15976285219 0.540941103419 0.520999868172 2.1185767295 1.50553913866 13.1151440938 0.00753464155925 0.0011904
pedestrian -1 -1 -10 702.22 157.18 733.37 212.11 2.23575448323 0.540941103419 0.520999868172 2.11860016037 1.58153076969 13.1145814071 0.00753464155925 0.00059573
pedestrian -1 -1 -10 927.93 151.33 962.734 220.988 1.45683999694 0.640930530549 0.426999915066 10.4601056851 1.43746208658 22.1643545939 0.00753464155925 0.00040854
pedestrian -1 -1 -10 716.85 159.1 746.795 231.968 2.15976285219 0.540941103419 0.520999868172 2.1185767295 1.50553913866 13.1151440938 0.00753464155925 0.00025939
pedestrian -1 -1 -10 913.97 157.33 952.043 226.399 1.34085272122 1.01988872387 0.218999795632 10.328002649 1.33029322895 22.6876505239 0.00753464155925 0.0001482
