pedestrian -1 -1 -10 494.76 169.59 507.652 204.532 0.373958986515 0.293966512766 0.305999662189 -7.75906846539 -0.0365556297241 52.405091495 0.00753464155925 0.438
pedestrian -1 -1 -10 1128.2 164.88 1143.68 219.904 2.01677854574 1.18586995234 0.798999780212 3.72842276609 1.47907959362 4.8437084676 0.00753464155925 0.03736
pedestrian -1 -1 -10 1115.9 166.04 1135.89 214.501 1.17987040017 0.31396477962 0.85499928051 14.7677912032 1.29141788985 20.2462498567 0.00753464155925 0.0040386
pedestrian -1 -1 -10 488.62 169.6 516.578 213.001 1.11787725949 0.2289750062 0.705999635112 -4.61858187131 1.69713662092 32.7880670458 0.00753464155925 0.0029528
pedestrian -1 -1 -10 499.57 170.29 513.658 207.717 0.389957262269 0.136982215816 0.163999507293 -7.75898124553 -0.021128935091 55.4729033026 0.00753464155925 0.002454
pedestrian -1 -1 -10 1150.6 118.17 1200.82 211.435 1.69381399465 0.632930079523 1.17999899029 16.2510050436 0.703881925126 20.5501182117 0.00753464155925 0.0019163
pedestrian -1 -1 -10 730.15 172.46 747.176 216.13 1.1468740598 0.58493500193 0.220999650062 5.25263935919 1.79092496533 28.1868916765 0.00753464155925 0.0013443
pedestrian -1 -1 -10 688.94 143.39 715.189 212.953 0.261971235037 0.265973516306 0.288999945866 4.50041452403 0.269189064924 33.5807790235 0.00753464155925 0.001288
pedestrian -1 -1 -10 740.84 162.73 762.794 213.583 0.0999890208244 0.0 0.0 6.17308337145 1.75103964128 30.5216208457 0.0 0.00095116
pedestrian -1 -1 -10 812.55 216.89 830.042 257.674 2.08577097583 1.06388357595 0.583999931857 3.7289030029 1.58325334188 11.8786443471 0.00753464155925 0.00068766
pedestrian -1 -1 -10 477.88 165.51 493.192 206.701 0.365959789041 0.152983117867 0.309999371048 -7.81100720857 1.81359401207 50.3732551031 0.00753464155925 0.00048605
pedestrian -1 -1 -10 1127.7 156.9 1155.34 219.802 2.0157786386 1.13887516952 0.797999852997 3.7277460822 1.47873209962 4.82020810089 0.00753464155925 0.00044981
pedestrian -1 -1 -10 1137.1 157.1 1156.82 205.862 2.012778947 1.16187241354 0.848999955641 3.75323318526 1.47569163644 4.81853853249 0.00753464155925 0.00040343
pedestrian -1 -1 -10 680.91 148.8 706.989 211.63 0.783913908722 0.149981279985 0.183999958934 4.62761605052 1.48926120503 37.4351548919 0.00753464155925 0.00037746
pedestrian -1 -1 -10 748.28 167.11 769.635 213.838 0.651928416848 0.146983256383 0.511999927194 9.08653416249 0.971397915811 42.9005062296 0.00753464155925 0.00036059
pedestrian -1 -1 -10 698.95 175.75 715.077 210.694 1.77080562221 0.424954588517 0.307999755037 4.30580843372 1.74377746623 30.5736695159 0.00753464155925 0.00034259
pedestrian -1 -1 -10 1103.1 155.13 1141.77 233.391 1.17987040017 0.31396477962 0.742999803076 14.7117930495 1.29145866178 20.2466711871 0.00753464155925 0.00025031
pedestrian -1 -1 -10 1128.3 131.96 1163.69 212.228 1.92278891408 1.0128890444 0.670999798413 3.69231013246 1.38794560391 4.83313232123 0.00753464155925 0.00022141
pedestrian -1 -1 -10 1137.8 126.18 1179.17 207.159 1.83779817844 0.529942628791 1.18600046093 15.8684515657 0.853906726067 20.6033519049 0.00753464155925 0.00014747
pedestrian -1 -1 -10 723.46 160.6 739.84 200.173 0.100988927959 0.0609903274832 0.730999722826 13.5797571597 0.592084610704 75.818735189 0.00753464155925 0.00013149
pedestrian -1 -1 -10 738.28 160.2 779.401 218.106 0.651928416848 0.146983256383 0.511999927194 9.08653416249 0.971397915811 42.9005062296 0.00753464155925 9.0117e-05
pedestrian -1 -1 -10 822.3 218.41 840.082 263.565 1.38284818017 0.858906108551 0.480999799354 4.65110734364 1.54200930123 14.5969795581 0.00753464155925 8.6419e-05
pedestrian -1 -1 -10 758.83 167.97 777.401 213.753 1.88079347003 0.517944812962 0.52499969624 4.37266656122 1.57859401482 18.6802843486 0.00753464155925 8.4321e-05
pedestrian -1 -1 -10 831.42 214.4 852.457 265.136 1.38284818017 0.764916542905 0.508999668713 4.66391655042 1.53966031489 14.4388960253 0.00753464155925 6.5733e-05
pedestrian -1 -1 -10 1073.7 162.33 1089.05 215.031 1.44784105529 1.14987555128 0.997000389081 13.882275909 1.56763687738 20.831895864 0.00753464155925 5.6871e-05
pedestrian -1 -1 -10 841.14 211.34 862.071 261.401 1.42084399569 0.748917547994 0.584999859071 4.62586897346 1.57756537181 14.4309013164 0.00753464155925 3.2589e-05
pedestrian -1 -1 -10 1079.2 162.19 1093.89 210.959 1.44784105529 0.981892779707 1.05899969109 13.9126418436 1.56637088947 20.7476736274 0.00753464155925 1.0846e-05
pedestrian -1 -1 -10 444.43 175.2 480.213 221.409 0.314965419173 0.416954137492 0.383999706977 -9.00963774468 0.453395542659 44.3092064987 0.00753464155925 6.0374e-06
pedestrian -1 -1 -10 761.65 143.56 792.163 211.543 0.979892399312 1.15987277757 0.178999846024 3.98489200173 0.664408150667 16.8958233609 0.00753464155925 6.0271e-06
pedestrian -1 -1 -10 1072.3 160.78 1102.7 212.468 1.44784105529 0.981892779707 1.05899969109 13.9126418436 1.56637088947 20.7476736274 0.00753464155925 4.1028e-06
pedestrian -1 -1 -10 1010.1 177.61 1050.83 226.622 0.102988712428 0.172981384721 0.135000187557 16.317528674 1.36931679508 27.5889634424 0.00753464155923 3.6725e-06
pedestrian -1 -1 -10 497.7 170.03 530.543 222.363 0.374958834051 0.316966617502 0.210999424241 -7.58625947273 0.670724639971 57.6935566233 0.00753464155925 4.1352e-07
pedestrian -1 -1 -10 8.1322 0.0 138.282 242.25 1.52983199597 1.18886988308 0.314999722377 -3.63749896903 0.995533254313 4.90526367046 0.00753464155925 1.6021e-12
