pedestrian -1 -1 -10 425.55 142.91 498.667 365.4 1.7579921037 0.712999814362 0.612997614245 -1.29235806064 1.4751350778 5.86409775746 0.00692802392802 0.99584
pedestrian -1 -1 -10 647.4 217.2 660.681 261.014 1.79599196613 1.00900009442 0.743997223902 1.18239124691 1.43016414784 12.9850540957 0.00692802392802 0.0041888
pedestrian -1 -1 -10 426.89 252.98 494.935 368.88 1.7579921037 0.712999814362 0.612997614245 -1.29235806064 1.4751350778 5.86409775746 0.00692802392802 0.0032118
pedestrian -1 -1 -10 652.01 217.94 667.503 261.589 2.25398984849 0.737999415951 0.612997673849 1.11272201605 1.42993792269 12.474757155 0.00692802392802 0.0020195
pedestrian -1 -1 -10 638.81 217.6 656.459 260.142 2.06799075007 0.662998703838 1.18099555959 0.943361846376 1.17391384884 14.6522949295 0.00692802392802 0.00067825
pedestrian -1 -1 -10 324.18 202.37 348.521 261.328 0.222999028861 0.112998885825 0.0709998325748 -6.88169270809 1.46407581616 18.5230124899 0.00692802392802 0.000581
pedestrian -1 -1 -10 422.25 297.7 488.533 363.386 1.7579921037 0.712999814362 0.612997614245 -1.29235806064 1.4751350778 5.86409775746 0.00692802392802 0.00035252
pedestrian -1 -1 -10 642.98 212.13 670.348 259.795 2.25698985606 1.16799942973 0.759997196247 1.18827482911 1.43239157399 12.7702426082 0.00692802392802 0.00020999
pedestrian -1 -1 -10 428.61 146.06 486.331 278.6 1.7579921037 0.712999814362 0.612997614245 -1.29235806064 1.4751350778 5.86409775746 0.00692802392802 0.00019033
pedestrian -1 -1 -10 326.89 231.66 348.751 279.357 1.05399528444 1.16599862237 1.15399571057 -4.00613208044 1.37599314655 10.7848139144 0.00692802392802 3.2782e-05
pedestrian -1 -1 -10 252.72 194.05 273.818 249.147 2.12799042463 1.17699924815 1.18799574121 -6.49097464586 1.32456573702 13.6479150502 0.00692802392802 2.6509e-05
pedestrian -1 -1 -10 409.28 165.39 454.944 254.809 2.3359895587 0.593999460131 1.19299536004 -3.59095450753 1.41783972596 15.1583490198 0.00692802392802 9.6886e-07
