pedestrian -1 -1 -10 1163.1 223.23 1222.78 371.02 1.39584671962 1.11787756146 1.19699942187 3.53997186986 1.48203396988 4.35542130876 0.00753464155925 0.34938
pedestrian -1 -1 -10 1174.9 249.11 1214.19 336.787 1.39584671962 1.11787756146 1.19399940181 3.54147183744 1.48203287777 4.355410023 0.00753464155925 0.0099516
pedestrian -1 -1 -10 735.37 195.16 748.97 243.563 1.51083411056 0.89990102989 0.753999717693 2.58826745527 1.60613586959 12.8317750184 0.00753464155925 0.0068726
pedestrian -1 -1 -10 1119.8 152.0 1230.9 365.91 0.961894339089 1.18586995234 0.360999950529 7.22515081856 1.15296205111 9.02796200721 0.00753464155925 0.0036146
pedestrian -1 -1 -10 395.24 180.84 406.866 209.132 0.100988913059 0.144984573981 0.124999961736 -13.8113804653 0.833654464742 47.8366549883 0.00753464155925 0.0022558
pedestrian -1 -1 -10 726.16 191.75 750.457 250.08 1.51083411056 0.896902052718 0.672999891261 2.54779505277 1.60621715794 12.8355787566 0.00753464155925 0.0012879
pedestrian -1 -1 -10 1186.6 191.42 1238.78 371.66 1.38184821344 1.19786872174 1.19399940181 3.68793972983 1.47186030954 4.41736229365 0.00753464155925 0.0008351
pedestrian -1 -1 -10 745.21 196.57 759.786 239.327 1.48883657079 0.72792089351 0.902999839929 2.66204291734 1.58267784777 12.736390214 0.00753464155925 0.00066423
pedestrian -1 -1 -10 100.43 199.73 122.286 239.838 1.45084073293 0.904901550173 0.153999281472 -21.3562276233 1.43099815275 31.4783869739 0.00753464155925 0.0006261
pedestrian -1 -1 -10 1033.4 153.09 1085.12 228.44 0.684924763742 1.14187414669 0.157999944005 10.0638101431 0.688153985572 15.9813658565 0.00753464155925 0.00024261
pedestrian -1 -1 -10 1115.3 148.91 1166.49 236.921 0.689924217465 1.15587350563 0.20799916576 10.1016627505 0.953065705026 13.5438599565 0.00753464155925 0.00011006
pedestrian -1 -1 -10 1164.2 240.77 1185.55 307.538 1.41484461248 1.15587350563 1.19499956744 3.40383609262 1.49685007851 4.3373656693 0.00753464155925 8.7429e-05
pedestrian -1 -1 -10 1141.7 216.66 1196.33 346.82 1.41484461248 1.14187462347 1.19899975313 3.37488961623 1.49697481317 4.34458310193 0.00753464155925 7.1503e-05
pedestrian -1 -1 -10 751.15 194.64 767.233 236.464 1.40784537429 0.774915676332 1.03299967616 2.72719306603 1.50198718456 12.759997599 0.00753464155925 7.0027e-05
pedestrian -1 -1 -10 1019.5 160.41 1036.65 194.326 0.402955747709 0.735919437395 0.163999507293 11.4266763793 0.482278002941 19.2875160687 0.00753464155925 3.6353e-05
pedestrian -1 -1 -10 1163.3 226.74 1191.71 330.01 1.40984516621 1.11787756146 1.19499980586 3.44597642715 1.49210130131 4.35608412226 0.00753464155925 3.3349e-05
pedestrian -1 -1 -10 98.538 197.41 134.586 248.135 0.502944771886 0.469947828229 1.05800024071 -18.2317602716 2.1872627692 27.1565425113 0.00753464155925 2.9799e-05
pedestrian -1 -1 -10 999.13 153.43 1072.99 228.69 0.104988467098 0.211976670088 0.102000205288 8.65850517466 0.487732521814 14.6084386435 0.00753464155924 2.6922e-05
pedestrian -1 -1 -10 1093.8 160.89 1183.44 268.6 0.601933879617 1.17687111368 0.20799916576 10.1020311471 0.86585250865 13.5970049723 0.00753464155925 1.8042e-05
pedestrian -1 -1 -10 1080.2 157.37 1151.94 248.748 0.430952679992 1.14987459771 0.170999474632 10.1251014152 0.718922729507 14.21032495 0.00753464155925 1.2015e-05
pedestrian -1 -1 -10 966.54 249.81 1013.6 347.555 1.5538294096 1.19486926778 0.848999717223 2.51898535102 1.63860410728 4.48648291972 0.00753464155925 5.152e-06
pedestrian -1 -1 -10 993.39 155.79 1042.92 223.511 0.146983866453 0.51494392865 0.439999922531 3.23207718598 0.127275806734 5.30518266708 0.00753464155925 4.5909e-06
pedestrian -1 -1 -10 978.26 151.04 1028.95 245.827 0.484946748913 0.754918363048 0.135000187557 10.0428725168 0.656717534457 18.0432937973 0.00753464155925 4.2581e-06
pedestrian -1 -1 -10 1122.3 179.62 1186.21 290.6 0.909900106786 1.16587263906 0.360999950529 7.22767982777 1.11595517099 9.3651528167 0.00753464155925 3.273e-06
pedestrian -1 -1 -10 862.04 166.81 930.244 235.842 0.586935525897 1.10587783849 0.672999652843 7.3432792765 0.863218150536 17.6937814394 0.00753464155925 2.9977e-06
pedestrian -1 -1 -10 985.67 236.54 1046.46 330.714 1.53983088851 1.194868791 0.875999659366 2.64819849391 1.6239636095 4.44861740521 0.00753464155925 2.8517e-06
pedestrian -1 -1 -10 899.44 236.58 960.776 324.95 1.49783559346 1.19386897301 0.793999667301 2.41372493161 1.61701355453 5.04975880715 0.00753464155925 2.615e-06
pedestrian -1 -1 -10 1065.6 173.05 1127.58 257.665 0.100988898159 0.0569939162499 0.0790004488394 8.69101564045 0.505184000985 12.6141304137 0.00753464155923 1.9599e-06
pedestrian -1 -1 -10 1006.3 239.38 1045.3 311.964 1.53783113384 1.1938694498 0.923999741948 2.67208046574 1.62171694142 4.43295371042 0.00753464155925 1.7512e-06
pedestrian -1 -1 -10 1210.7 209.74 1241.57 353.52 1.02688723004 1.19786872174 0.302999880545 7.25094357067 1.18669135761 8.33565401534 0.00753464155925 3.5444e-07
pedestrian -1 -1 -10 1039.3 169.32 1097.17 257.698 0.188979236008 0.21397725963 0.140000300467 8.26407369865 0.627269602876 13.4798105044 0.00753464155925 2.6785e-07
pedestrian -1 -1 -10 1155.1 190.59 1213.21 301.08 0.974892923239 1.17287184174 0.351999651923 7.21973637501 1.15916596968 8.90649087333 0.00753464155925 9.0508e-08
