pedestrian -1 -1 -10 815.01 142.47 906.093 317.59 1.83399181366 0.481000097468 0.846996941561 2.81175109687 1.46281384586 7.61464934881 0.00692802392802 0.99943
pedestrian -1 -1 -10 649.0 217.36 661.114 259.573 2.26598987877 1.18999877395 0.858996742006 1.12203152628 1.44153375671 12.8057076606 0.00692802392802 0.0013428
pedestrian -1 -1 -10 652.35 118.97 668.841 157.515 1.47299338132 0.982999135479 0.852996782179 1.2425940653 0.648424066493 12.6109063072 0.00692802392802 0.0012468
pedestrian -1 -1 -10 349.26 209.25 361.628 249.829 1.06899523288 1.18799892026 1.11499558426 -3.7336983258 1.39342358061 10.625934067 0.00692802392802 0.00067154
pedestrian -1 -1 -10 646.64 198.82 661.567 240.769 1.47699343115 1.05399918655 0.863996718463 1.12705350491 1.44128614512 13.0131362717 0.00692802392802 0.00028174
pedestrian -1 -1 -10 808.54 229.11 843.319 310.946 0.0999995529652 0.0289993089611 0.0959995956485 3.9839017076 -0.48713909183 11.7403710581 0.00692802392802 0.00027202
pedestrian -1 -1 -10 250.3 190.83 287.087 264.084 2.14499042779 0.928999271256 1.19599560817 -6.53104948801 1.33652499679 13.7802004206 0.00692802392802 0.00024427
pedestrian -1 -1 -10 247.59 195.61 270.614 257.052 0.954995749891 1.14399927814 0.593997632185 -4.75806020131 1.39841477625 10.48109938 0.00692802392802 9.5721e-05
pedestrian -1 -1 -10 860.34 161.63 915.982 307.56 0.945995786786 0.982999135479 0.627997662823 4.24155209489 1.39703222323 10.0992450974 0.00692802392802 6.8993e-05
pedestrian -1 -1 -10 588.37 134.8 608.7 180.666 1.62499271184 0.550998314345 1.1979955153 -0.0403703525159 0.614040735518 17.7867937898 0.00692802392802 4.8898e-05
pedestrian -1 -1 -10 207.79 202.55 226.346 244.981 2.07499068826 1.10499974708 1.17999587424 -7.19306339747 1.34986732751 13.3288315856 0.00692802392802 1.568e-05
pedestrian -1 -1 -10 226.81 217.86 246.469 263.805 2.24898999482 1.18399921289 1.19299583687 -6.95456075541 1.34100097336 13.5105720546 0.00692802392802 9.1236e-06
pedestrian -1 -1 -10 233.29 218.79 252.461 269.048 1.28299429268 0.350000144282 1.11299621357 -7.42972912738 0.464498640286 14.2214240878 0.00692802392802 4.6098e-06
pedestrian -1 -1 -10 240.63 222.87 257.119 269.693 0.954995749891 0.81399957807 0.62699750064 -4.74337579052 1.39867410533 10.2189913975 0.00692802392802 2.8768e-06
pedestrian -1 -1 -10 233.15 204.97 266.887 270.069 0.954995749891 0.879999518085 0.62699750064 -4.74314716777 1.39863572694 10.2519905756 0.00692802392802 1.9379e-06
pedestrian -1 -1 -10 797.16 182.67 856.356 311.98 2.18499021083 0.972998913374 1.19399552222 3.92132048762 1.33349077928 12.2137213764 0.00692802392802 2.2147e-07
pedestrian -1 -1 -10 882.19 185.63 929.36 290.02 0.945995786786 1.1499988392 0.627997662823 4.24213057924 1.39693511434 10.1827429454 0.00692802392802 9.0269e-09
