pedestrian -1 -1 -10 755.96 159.78 785.667 234.106 1.70699236244 1.10199853604 0.609997604529 4.30936791767 1.24854492735 17.3518390026 0.00692802392802 0.98901
pedestrian -1 -1 -10 68.951 143.79 169.111 362.75 1.82799182832 1.1529995734 0.750997345913 -3.48834570089 1.51133481003 4.86428810342 0.00692802392802 0.72709
pedestrian -1 -1 -10 32.766 153.8 101.835 306.2 1.64999265075 0.454000165357 0.477998369128 -5.58469647318 1.36408499341 7.51430938096 0.00692802392802 0.68185
pedestrian -1 -1 -10 15.988 152.44 143.418 321.71 1.82799182832 1.1529995734 1.07999586828 -3.65284101066 1.51178715773 4.86542827528 0.00692802392802 0.45653
pedestrian -1 -1 -10 879.8 141.38 906.707 237.736 2.10999061763 0.574999896438 0.836996988648 2.92138872824 1.42749178277 7.63068880754 0.00692802392802 0.16442
pedestrian -1 -1 -10 841.97 110.12 881.774 159.985 1.58599291146 0.733999231741 1.0509959333 2.80022025756 0.903734350163 7.71072553415 0.00692802392802 0.040428
pedestrian -1 -1 -10 65.352 159.22 112.124 312.93 1.82799182832 1.1529995734 1.01499605513 -3.62034188476 1.51169778798 4.865203013 0.00692802392802 0.039228
pedestrian -1 -1 -10 886.26 144.95 900.267 197.11 1.98499117643 0.574999896438 0.827996959501 2.92571627041 1.30247996722 7.63058612349 0.00692802392802 0.033297
pedestrian -1 -1 -10 115.08 165.3 169.674 358.3 1.82999179363 1.04099966075 0.678997589572 -3.4527318956 1.51330090819 4.80804111373 0.00692802392802 0.01717
pedestrian -1 -1 -10 80.353 152.85 147.107 313.52 1.82799182832 1.1529995734 0.84099692213 -3.53334440806 1.51145855254 4.86460000447 0.00692802392802 0.015991
pedestrian -1 -1 -10 764.09 161.93 800.413 220.306 0.710996823013 0.763999421219 0.227999307885 6.9606107618 0.857344487647 25.1247866883 0.00692802392802 0.010676
pedestrian -1 -1 -10 265.98 126.09 281.242 169.197 0.905995944142 0.546998606972 1.0149955783 -10.6142773641 -0.347160142159 23.3474867899 0.00692802392802 0.0065511
pedestrian -1 -1 -10 24.023 150.09 66.239 284.48 0.319998538494 0.149000066873 0.101998899827 -20.7408932829 1.06906856396 26.5887120237 0.006928023928 0.0032973
pedestrian -1 -1 -10 108.27 159.35 155.662 271.17 1.82999179363 1.1529995734 0.740997393 -3.48334308674 1.51332102618 4.86425459163 0.00692802392802 0.0026996
pedestrian -1 -1 -10 806.62 230.81 835.49 304.556 2.12299057096 0.915999268621 0.730997201669 2.64159565747 1.4410661519 7.80313948797 0.00692802392802 0.0024478
pedestrian -1 -1 -10 92.34 251.56 123.759 347.087 1.83099183589 1.1529995734 0.750997345913 -3.48911749598 1.51446507157 4.75229259447 0.00692802392802 0.0021922
pedestrian -1 -1 -10 774.65 164.57 791.584 221.7 0.710996823013 0.763999421219 0.227999307885 6.9606107618 0.857344487647 25.1247866883 0.00692802392802 0.0017178
pedestrian -1 -1 -10 816.68 232.27 835.935 283.748 2.12299057096 0.915999268621 0.746997174013 2.64959545147 1.44104415316 7.80308403873 0.00692802392802 0.0015216
pedestrian -1 -1 -10 888.02 146.69 912.097 201.998 2.02299099416 0.462999506945 0.718997401224 2.97987917157 1.34039504619 7.57423125968 0.00692802392802 0.0010989
pedestrian -1 -1 -10 40.926 155.26 85.26 241.977 1.67899244577 0.513000140632 0.477998369128 -5.58445210978 1.39305048045 7.54382524713 0.00692802392802 0.00064654
pedestrian -1 -1 -10 114.63 227.45 136.057 287.862 1.82999179363 1.10799952761 0.750997345913 -3.48896299551 1.51343886217 4.77479150543 0.00692802392802 0.00061127
pedestrian -1 -1 -10 750.44 157.96 773.693 226.989 1.67099251002 0.726998790166 0.649997654599 4.2889897626 1.21215999135 17.7374682694 0.00692802392802 0.00046696
pedestrian -1 -1 -10 127.36 225.95 173.303 349.06 1.82999179363 0.94299967757 0.692997475967 -3.45939220026 1.51326317082 4.85708844716 0.00692802392802 0.00032708
pedestrian -1 -1 -10 892.03 146.29 908.837 186.447 1.96099123508 0.429999536937 0.687997380301 2.98117921706 1.27841035185 7.5576858138 0.00692802392802 0.00029657
pedestrian -1 -1 -10 858.97 118.87 904.459 247.84 2.03199089766 0.734999635421 0.979996339146 2.85033745163 1.34959563745 7.71113772123 0.00692802392802 0.00028865
pedestrian -1 -1 -10 849.78 105.06 891.907 180.766 1.63799272478 0.704998969107 1.0509959333 2.80019150472 0.955751026884 7.69625549221 0.00692802392802 0.00021964
pedestrian -1 -1 -10 4.0267 197.7 119.927 365.04 1.82799182832 1.10799952761 1.1109958892 -3.66896070122 1.51193386721 4.77603796656 0.00692802392802 0.00020831
pedestrian -1 -1 -10 110.28 168.06 129.314 226.32 1.80199192166 1.1529995734 0.750997345913 -3.48838155269 1.48533490337 4.86427323272 0.00692802392802 0.00018282
pedestrian -1 -1 -10 780.98 173.85 795.87 212.029 2.16999029219 0.558000186431 0.723997258472 6.00834203989 1.0839224339 23.4137568618 0.00692802392802 0.00014095
pedestrian -1 -1 -10 810.0 181.2 835.168 258.617 2.12299057096 0.915999268621 0.734997135151 2.64359557617 1.44106065229 7.80312562586 0.00692802392802 0.00012717
pedestrian -1 -1 -10 63.158 153.13 94.544 234.495 1.64999265075 0.454000165357 0.477998369128 -5.58469647318 1.36408499341 7.51430938096 0.00692802392802 0.00012382
pedestrian -1 -1 -10 79.606 155.35 107.447 234.4 1.64999265075 0.454000165357 0.477998369128 -5.58469647318 1.36408499341 7.51430938096 0.00692802392802 0.00011147
pedestrian -1 -1 -10 805.42 221.85 825.349 293.222 2.12299057096 0.915999268621 0.693997399733 2.62309620088 1.44111702378 7.80326771387 0.00692802392802 0.00011007
pedestrian -1 -1 -10 79.127 145.68 96.828 197.2 1.03099532574 0.989999100218 1.11899718667 -17.1804238365 -0.341744378784 23.952425098 0.00692802392802 9.2454e-05
pedestrian -1 -1 -10 127.19 173.07 162.444 250.932 1.82999179363 0.988999650211 0.682997523054 -3.45455168709 1.51327617024 4.83405435714 0.00692802392802 8.0822e-05
pedestrian -1 -1 -10 112.42 219.7 153.304 324.74 1.82999179363 1.1529995734 0.723997258472 -3.47484322365 1.5132976523 4.86419567625 0.00692802392802 7.6702e-05
pedestrian -1 -1 -10 124.22 189.87 148.474 286.598 1.82999179363 1.04099966075 0.697997333214 -3.46223153923 1.51332703138 4.80810695893 0.00692802392802 5.3121e-05
pedestrian -1 -1 -10 760.69 144.55 793.85 251.68 1.70699236244 1.04899907549 0.652997425897 4.28904280912 1.24840692406 17.5214832367 0.00692802392802 5.0241e-05
pedestrian -1 -1 -10 117.41 186.15 138.078 285.087 1.82999179363 1.1529995734 0.750997345913 -3.48834294309 1.51333477534 4.86428924731 0.00692802392802 4.1926e-05
pedestrian -1 -1 -10 77.545 155.81 95.018 217.589 0.0999995529652 0.130000980016 0.146998807144 -17.9643137248 -0.198808779766 25.0285906579 0.00692802392804 2.1486e-05
pedestrian -1 -1 -10 59.531 155.98 79.742 233.714 1.64999265075 0.454000165357 0.477998369128 -5.58469647318 1.36408499341 7.51430938096 0.00692802392802 1.8935e-05
pedestrian -1 -1 -10 84.113 151.96 101.242 209.226 0.10499952957 0.716998568061 0.117000140494 -17.3524245518 -0.00438729851259 24.9340725027 0.00692802392802 1.2462e-05
pedestrian -1 -1 -10 131.2 204.93 153.673 317.54 1.82999179363 0.992999357584 0.708997448311 -3.46756519237 1.51331424393 4.83214465636 0.00692802392802 5.4019e-06
pedestrian -1 -1 -10 100.31 206.67 127.458 294.395 1.82799182832 1.17799917499 0.84099692213 -3.53356956543 1.51149634921 4.83210101625 0.00692802392802 1.2759e-06
