pedestrian -1 -1 -10 523.62 138.46 634.76 370.0 1.89199152291 0.421999645356 0.668997476472 -0.259519375857 1.49862791346 5.56538422822 0.00692802392802 0.99684
pedestrian -1 -1 -10 570.05 153.82 629.125 367.64 1.89199152291 0.421999645356 0.668997476472 -0.259519375857 1.49862791346 5.56538422822 0.00692802392802 0.48917
pedestrian -1 -1 -10 582.5 156.98 624.577 306.95 1.89199152291 0.421999645356 0.668997476472 -0.259519375857 1.49862791346 5.56538422822 0.00692802392802 0.033863
pedestrian -1 -1 -10 513.97 153.34 595.792 330.58 1.89199152291 0.421999645356 0.668997476472 -0.259519375857 1.49862791346 5.56538422822 0.00692802392802 0.02318
pedestrian -1 -1 -10 707.65 165.94 724.547 211.334 1.00799551606 0.532001134836 1.16399566348 2.90179933304 0.991898124332 17.8157095371 0.00692802392802 0.0024407
pedestrian -1 -1 -10 522.84 164.92 564.105 303.83 1.89199152291 0.421999645356 0.668997476472 -0.259519375857 1.49862791346 5.56538422822 0.00692802392802 0.0022268
pedestrian -1 -1 -10 702.68 162.86 720.83 203.433 1.00399546623 0.506000175894 1.05599602897 2.84786457838 0.98803493562 17.8260815132 0.00692802392802 0.0012646
pedestrian -1 -1 -10 579.44 139.52 598.359 194.194 1.29799421132 0.337999114818 0.115999590881 -0.266293972588 0.398092667646 14.789724165 0.00692802392802 0.0007906
pedestrian -1 -1 -10 579.67 252.01 608.697 325.222 1.99299114197 1.17999950552 1.19599548896 -0.101662795296 1.59915721787 5.59634961573 0.00692802392802 0.00040022
pedestrian -1 -1 -10 261.06 215.4 280.283 268.467 0.956995774805 0.905999523353 0.698997733816 -4.74024666301 1.3944767829 10.3839681839 0.00692802392802 0.00039096
pedestrian -1 -1 -10 571.7 220.24 619.913 340.37 1.99299114197 1.18599954341 1.18299552633 -0.0911838571508 1.59913183352 5.5932768917 0.00692802392802 0.00021429
pedestrian -1 -1 -10 699.39 169.0 715.059 221.275 2.06099075228 0.625999980132 1.19499544598 2.14599480283 1.16482574179 14.4524519914 0.00692802392802 0.00015006
pedestrian -1 -1 -10 598.93 161.1 638.112 256.915 1.99399107993 0.640000863283 1.18699554922 0.424979660568 0.975699629486 17.8372773161 0.00692802392802 0.00014507
pedestrian -1 -1 -10 1052.0 276.12 1073.47 331.474 0.931995910406 0.3259999927 0.37799860158 3.23783950734 1.49324184516 5.34270123917 0.00692802392802 2.0825e-05
pedestrian -1 -1 -10 249.87 206.25 275.122 273.184 2.07899067849 1.11599941919 1.18699581744 -6.49100714 1.27664309957 13.5803867313 0.00692802392802 1.6372e-05
pedestrian -1 -1 -10 569.98 130.58 603.555 188.479 1.29799421132 0.337999114818 0.115999590881 -0.266293972588 0.398092667646 14.789724165 0.00692802392802 9.8069e-06
pedestrian -1 -1 -10 539.66 240.14 564.582 306.312 1.99299114197 1.17999950552 1.18799551769 -0.431062395776 1.60013052986 5.53963140169 0.00692802392802 3.1519e-06
pedestrian -1 -1 -10 593.69 234.67 617.463 323.919 1.99299114197 0.999999322323 1.19399552222 0.00095788746853 1.59877206604 5.68564057107 0.00692802392802 1.4419e-06
pedestrian -1 -1 -10 513.22 143.26 570.237 255.69 1.54599310979 0.858998670195 0.842996829266 -1.25727754609 1.35609795931 12.8060107519 0.00692802392802 7.3042e-07
