pedestrian -1 -1 -10 167.56 242.93 187.246 283.945 2.2377542379 1.1958681322 0.399999972922 -6.62608740397 1.57859229623 10.8637096978 0.00753464155925 0.061725
pedestrian -1 -1 -10 161.72 226.77 195.112 288.133 2.2377542379 1.19786967531 0.399999972922 -6.62568811569 1.57937682783 10.9167023611 0.00753464155925 0.012002
pedestrian -1 -1 -10 160.13 240.14 181.536 285.566 2.2377542379 1.19286915503 0.385000111029 -6.63474355308 1.57632557328 10.7102872171 0.00753464155925 0.0046649
pedestrian -1 -1 -10 413.6 196.11 428.888 232.404 1.33185379541 0.697923493229 0.0929999066817 -6.1740840199 1.67238300747 24.3000641844 0.00753464155925 0.0017829
pedestrian -1 -1 -10 916.46 206.76 934.036 240.538 1.80280202472 0.868905241978 1.18599950725 6.43743179258 1.38888735263 14.7349155507 0.00753464155925 0.0012034
pedestrian -1 -1 -10 177.72 240.69 195.756 285.981 2.26275146926 1.18987017785 0.45599971164 -6.65197720498 1.58277218402 11.1450668375 0.00753464155925 0.00090848
pedestrian -1 -1 -10 172.81 205.44 213.617 286.099 2.26575116087 1.19786872174 0.458000042906 -6.65196120992 1.5847712518 11.280078183 0.00753464155925 0.00083733
pedestrian -1 -1 -10 146.36 213.85 188.972 284.94 2.2377542379 1.18886988308 0.385000111029 -6.63490176104 1.57601472233 10.6892902051 0.00753464155925 0.00073487
pedestrian -1 -1 -10 89.309 110.27 133.47 199.276 1.64481940925 1.19686842697 0.220999650062 -6.58431597768 0.998824698362 9.5979136589 0.00753464155925 0.00037636
pedestrian -1 -1 -10 871.21 141.12 913.158 222.978 1.86079562533 0.982892120908 1.16399967802 5.83089634898 1.44816663108 14.796044895 0.00753464155925 0.00037179
pedestrian -1 -1 -10 150.18 213.7 173.828 268.51 2.22875528228 1.19686842697 0.385000111029 -6.63604213138 1.56478059034 10.5383776425 0.00753464155925 0.00028755
pedestrian -1 -1 -10 39.86 235.29 65.747 286.155 2.19275928103 1.19886806294 0.166000315396 -6.57575469669 1.55379295507 8.51554076509 0.00753464155925 8.2975e-05
pedestrian -1 -1 -10 101.4 146.38 130.581 211.614 1.96478426874 1.1938694498 0.226999690187 -6.58654298671 1.32011656424 9.68505462856 0.00753464155925 5.3912e-05
pedestrian -1 -1 -10 115.89 194.91 136.337 235.786 2.21575675773 1.19586908577 0.293999581939 -6.61253540336 1.57195209854 9.74038843623 0.00753464155925 3.5479e-05
pedestrian -1 -1 -10 34.82 224.87 59.869 275.858 2.19075952636 1.19786872174 0.360000023314 -6.67320698121 1.55296802528 8.45576396402 0.00753464155925 3.2037e-05
pedestrian -1 -1 -10 130.92 198.22 176.699 268.072 2.22875528228 1.19386849623 0.384000183814 -6.63779645005 1.56231633835 10.3719042771 0.00753464155925 2.3942e-05
pedestrian -1 -1 -10 21.582 221.03 60.755 294.201 2.18775983476 1.19286963181 0.386999965458 -6.68747785204 1.55146060309 8.35335773737 0.00753464155925 2.0076e-05
pedestrian -1 -1 -10 881.38 144.83 907.075 193.29 1.75280756199 1.01388886239 1.1779996127 5.91997750481 1.34034320866 14.811672814 0.00753464155925 1.5706e-05
