pedestrian -1 -1 -10 1006.4 110.6 1028.75 165.977 1.53683122671 0.920898637945 0.756999737755 6.55826636989 0.862860479995 11.2283392644 0.00753464155925 0.69103
pedestrian -1 -1 -10 998.27 110.39 1018.17 167.747 1.55482925713 0.939896610028 0.687999514737 6.52384435508 0.88102425309 11.2379642845 0.00753464155925 0.20488
pedestrian -1 -1 -10 86.043 92.857 158.267 310.477 1.72281079495 1.19486926778 1.19699942187 -3.53008932286 1.18506967646 5.21611999725 0.00753464155925 0.12709
pedestrian -1 -1 -10 279.35 205.56 367.109 348.98 1.77880467256 1.1578731416 1.09699954785 -3.21865158738 1.75732863756 8.01160274371 0.00753464155925 0.093152
pedestrian -1 -1 -10 997.05 92.156 1037.55 181.015 1.53683122671 0.939896610028 0.756999737755 6.55833794067 0.863001104049 11.2378379809 0.00753464155925 0.028604
pedestrian -1 -1 -10 51.045 89.702 130.692 286.872 1.76680599368 1.19286915503 1.1879996001 -3.83373090444 1.23092964738 5.3290697387 0.00753464155925 0.014586
pedestrian -1 -1 -10 246.72 198.23 313.214 358.31 1.49883544285 0.907900527346 1.18599974567 -3.51157820291 1.47492199698 7.83689377378 0.00753464155925 0.010443
pedestrian -1 -1 -10 388.67 167.25 411.098 236.009 1.34485232368 0.811910372159 0.117000067182 -3.26239927171 1.37932577846 11.2507628744 0.00753464155925 0.0082471
pedestrian -1 -1 -10 111.23 200.83 150.53 290.187 2.20975731493 1.19786872174 1.18299972561 -3.42936777661 1.67110631745 5.15526205277 0.00753464155925 0.0063394
pedestrian -1 -1 -10 397.62 181.31 415.456 235.775 0.452950249554 0.603933927583 0.0609998516275 -7.28355503621 1.18976570855 26.5053659664 0.00753464155925 0.0061073
pedestrian -1 -1 -10 990.84 99.791 1024.58 168.769 1.48083738077 0.939896610028 0.695999886128 6.52782161328 0.807029464297 11.2384820673 0.00753464155925 0.0055719
pedestrian -1 -1 -10 92.023 193.94 134.627 293.724 2.20775753046 1.19586908577 1.1979995875 -3.48367920937 1.6695466033 5.04766486173 0.00753464155925 0.0031668
pedestrian -1 -1 -10 387.17 177.52 417.14 271.198 1.43184273205 0.769915156049 0.0900001250377 -3.27571136414 1.47063642823 11.271158099 0.00753464155925 0.0031503
pedestrian -1 -1 -10 313.05 239.43 332.052 292.612 1.77880467256 1.19586860898 1.06799951285 -3.20470947832 1.75622269441 7.93750373491 0.00753464155925 0.002426
pedestrian -1 -1 -10 85.213 168.36 103.347 233.152 1.71581156421 1.19586908577 1.17099940694 -3.51951147452 1.17730151831 4.89455906443 0.00753464155925 0.0013815
pedestrian -1 -1 -10 1018.4 105.25 1039.04 169.488 1.47683787143 0.804912123043 0.863999579116 6.61131179036 0.805969143498 11.1703301275 0.00753464155925 0.0011217
pedestrian -1 -1 -10 253.01 264.03 292.857 359.582 1.60382393193 0.846907339153 0.731999650041 -3.15000574438 1.58117493321 6.04562698028 0.00753464155925 0.00039365
pedestrian -1 -1 -10 982.53 105.18 1001.63 164.403 1.39584673452 0.678925521145 0.370999699512 6.36628306632 0.724088852687 11.3708158456 0.00753464155925 0.00014384
pedestrian -1 -1 -10 80.749 208.01 122.333 297.645 2.20575777579 1.19586908577 1.19199954738 -3.46769617649 1.6675358865 4.91254054129 0.00753464155925 9.1965e-05
pedestrian -1 -1 -10 1014.0 98.337 1058.21 173.833 1.52683239376 0.769915156049 0.949999518459 6.65419411446 0.85567330918 11.152138429 0.00753464155925 6.4975e-05
pedestrian -1 -1 -10 118.08 110.34 198.797 293.81 1.90779054546 1.19786872174 1.19899951472 -3.44196664879 1.37405009815 5.48856552295 0.00753464155925 5.0192e-05
pedestrian -1 -1 -10 984.27 99.204 1014.21 189.71 1.55482925713 0.878903421835 0.644999783484 6.50257487672 0.881491381569 11.2686217735 0.00753464155925 4.3737e-05
pedestrian -1 -1 -10 233.61 205.76 261.713 256.041 0.776914692879 1.16387204951 0.679000169805 -4.67108531085 0.895537873926 9.85514090834 0.00753464155925 2.4845e-05
pedestrian -1 -1 -10 106.25 154.62 159.321 298.82 2.18675983823 1.19686890375 1.18399965282 -3.42868280714 1.64848594112 5.18092512001 0.00753464155925 9.4522e-06
pedestrian -1 -1 -10 79.28 113.05 122.244 247.97 1.43984187365 1.19886901651 1.16099965796 -3.84620877859 0.906180929872 5.48057196128 0.00753464155925 9.083e-06
pedestrian -1 -1 -10 672.87 164.01 693.407 241.15 1.39184716559 1.08988075072 0.598999674541 1.87707682599 1.62758018352 15.1272509741 0.00753464155925 8.8636e-06
pedestrian -1 -1 -10 276.34 174.88 322.003 292.64 0.649928662178 0.74291864008 0.585999786286 -4.87958556356 0.777406119029 11.3232229069 0.00753464155925 5.5554e-06
pedestrian -1 -1 -10 76.25 140.58 107.155 239.546 1.72081101048 1.19686890375 1.19099985858 -3.54529573469 1.18074200847 4.92324318987 0.00753464155925 3.004e-06
pedestrian -1 -1 -10 679.99 170.58 699.664 224.836 1.20986713648 0.612932766239 0.668999824775 1.89793675453 1.16292225588 14.6130547923 0.00753464155925 9.8418e-07
pedestrian -1 -1 -10 0.0 119.54 78.383 279.2 1.42784322643 1.19886853972 1.01699941021 -3.86851942433 0.889758225289 4.77579693964 0.00753464155925 3.1847e-07
pedestrian -1 -1 -10 90.213 128.18 117.984 223.169 1.43984187365 1.19086951905 1.19299971301 -3.83031467589 0.905962046714 5.46645357238 0.00753464155925 5.6494e-08
