pedestrian -1 -1 -10 854.65 150.13 932.943 312.72 1.66099261641 0.70900010699 0.751997269679 3.33150674268 1.40269299243 8.21609379859 0.00692802392802 0.9999
pedestrian -1 -1 -10 667.38 227.26 678.931 261.277 2.25998986363 1.19299903131 1.15999567039 1.28891550638 1.44201244997 12.8590564825 0.00692802392802 0.0034299
pedestrian -1 -1 -10 842.79 165.99 888.887 304.93 0.969995608926 0.959999387577 0.520997952078 4.20512214276 1.38495456387 11.1289944193 0.00692802392802 0.002179
pedestrian -1 -1 -10 664.19 211.31 683.194 259.912 2.25998986363 1.19699873869 1.12799578531 1.30501898642 1.44195100746 12.8739455574 0.00692802392802 0.0011215
pedestrian -1 -1 -10 894.55 153.05 944.437 295.26 2.22199010551 1.14599913183 1.19299536004 5.2469819361 1.37348430758 11.6460479413 0.00692802392802 0.00023023
pedestrian -1 -1 -10 830.68 208.4 877.988 310.66 2.07399070561 1.18999877395 1.18999558874 4.24337940231 1.37196777638 11.8950914084 0.00692802392802 0.00019239
pedestrian -1 -1 -10 346.71 211.77 373.282 273.146 0.99999550581 1.14799898552 0.972996395949 -3.6966932697 1.38049590707 10.4736990788 0.00692802392802 0.00013851
pedestrian -1 -1 -10 848.65 194.97 868.189 255.792 0.552997536957 0.267000017424 0.619997557442 4.89916306615 1.27886662834 13.9048736566 0.00692802392802 1.6284e-05
pedestrian -1 -1 -10 367.73 194.32 383.76 263.809 1.04899528176 1.07599948444 1.1529957868 -3.59612438022 1.37345038311 11.1449826255 0.00692802392802 1.2906e-05
pedestrian -1 -1 -10 339.17 185.91 359.646 246.614 1.05099527687 1.13199920235 1.16499582566 -3.96254668326 1.37452892879 11.0855195357 0.00692802392802 1.1636e-05
pedestrian -1 -1 -10 1050.6 275.04 1073.36 331.58 0.937995806336 0.373999819028 0.390998325791 3.24151681606 1.50020424715 5.36668089226 0.00692802392802 1.1013e-05
pedestrian -1 -1 -10 855.67 200.59 873.436 262.427 0.969995608926 0.959999387577 0.520997952078 4.20512214276 1.38495456387 11.1289944193 0.00692802392802 4.2257e-06
pedestrian -1 -1 -10 757.08 160.91 787.84 234.318 0.763996574283 0.0990008636954 0.759996898224 4.0852971197 0.749833087897 17.641866696 0.00692802392802 3.6839e-06
pedestrian -1 -1 -10 850.16 204.33 909.213 303.285 1.66099261641 0.70900010699 0.751997269679 3.33150674268 1.40269299243 8.21609379859 0.00692802392802 1.4742e-06
pedestrian -1 -1 -10 915.95 164.6 963.698 276.04 2.22799012065 1.14599913183 1.1949956844 5.58396443373 1.37255761246 11.6437087142 0.00692802392802 9.159e-08
