pedestrian -1 -1 -10 354.5 150.59 383.111 214.863 1.14187461352 1.01788813433 0.0969996155404 -6.48952066974 0.324456858559 19.978391888 0.00753464155925 0.0030333
pedestrian -1 -1 -10 346.81 148.24 371.806 217.258 1.31585550475 1.13687648712 0.582000077427 -6.56910825748 0.527461881546 18.7596062937 0.00753464155925 0.00095811
pedestrian -1 -1 -10 319.8 234.99 333.992 284.462 1.0718823657 0.97089335151 0.823999629508 -3.76924166788 1.64370094723 10.2380078896 0.00753464155925 0.0009526
pedestrian -1 -1 -10 314.58 236.17 330.463 291.386 0.957894859548 0.740919004109 0.85799977741 -3.75307330772 1.64198628693 10.1220520443 0.00753464155925 0.00055691
pedestrian -1 -1 -10 457.03 166.03 473.652 209.493 1.34885191869 0.48594682314 0.357999692048 -6.76487323882 0.284728709592 34.1015344125 0.00753464155925 0.00036661
pedestrian -1 -1 -10 348.02 121.86 382.562 188.463 1.21186693585 1.17886979609 0.219999722847 -6.40057826865 0.426430631124 18.9670903558 0.00753464155925 4.7451e-05
pedestrian -1 -1 -10 747.88 183.23 779.659 249.287 2.10976838946 0.750917183966 0.763999705095 4.29465012182 1.30880695356 19.978239487 0.00753464155925 7.9217e-07
pedestrian -1 -1 -10 994.08 128.39 1048.49 218.686 1.00388976824 0.872904513921 1.18399965282 5.27753163814 0.724566420199 9.32882852899 0.00753464155925 3.6097e-07
pedestrian -1 -1 -10 864.71 153.27 922.016 229.768 1.40184605813 0.949895743455 1.18999969295 3.58363107329 1.17358107072 9.19137018322 0.00753464155925 9.3456e-10
pedestrian -1 -1 -10 992.07 170.38 1055.24 257.888 1.05088459897 0.680925157117 1.19699966029 5.19632530296 0.770198818792 9.23309926217 0.00753464155925 5.0025e-10
pedestrian -1 -1 -10 1083.3 164.19 1140.94 238.82 1.35985070348 1.16587216227 1.1979995875 4.5001973019 1.44436502916 6.443766541 0.00753464155925 2.7812e-10
pedestrian -1 -1 -10 886.56 136.66 948.423 216.251 1.24286353552 1.0068896597 1.1979995875 3.91775563546 0.963782844218 9.21928577269 0.00753464155925 1.7094e-10
pedestrian -1 -1 -10 1062.4 161.94 1118.36 244.553 1.35985070348 1.01388886239 1.1969998987 4.31527514778 1.44562507568 6.52115169713 0.00753464155925 2.0023e-11
