pedestrian -1 -1 -10 579.6 168.26 592.798 207.218 1.55782900088 0.425952022578 0.86499974475 -1.05368821543 0.510934479099 34.6907881587 0.00753464155925 0.17227
pedestrian -1 -1 -10 563.62 170.06 578.474 206.574 0.89990116954 0.493945367026 0.464999771827 -1.62724973027 1.27418907568 32.9176954629 0.00753464155925 0.090969
pedestrian -1 -1 -10 385.26 188.72 397.302 223.944 0.629930802587 0.352960064987 0.149000122236 -8.09404132994 1.57276211836 27.2127107315 0.00753464155925 0.0090509
pedestrian -1 -1 -10 568.11 169.74 591.777 209.636 0.100988913059 0.138984712497 0.31400003358 -1.71549395484 0.874552967945 50.6293083326 0.00753464155925 0.0066454
pedestrian -1 -1 -10 731.52 160.62 743.513 206.366 1.68481497944 0.761915658594 0.852999902918 5.9820383864 1.67280893966 31.9961512933 0.00753464155925 0.0061194
pedestrian -1 -1 -10 735.37 160.62 747.722 205.309 1.68481497944 0.761915658594 1.03099982173 6.07103582674 1.67274414114 31.9954816761 0.00753464155925 0.0056919
pedestrian -1 -1 -10 610.86 169.26 622.015 209.522 1.46483917951 0.686925018601 0.942999729933 0.436958382331 1.59654097301 31.2058182806 0.00753464155925 0.0030386
pedestrian -1 -1 -10 685.55 164.84 701.359 197.206 1.44184172517 0.918901862683 0.966999711619 4.38979351454 0.563537942026 36.9829568421 0.00753464155925 0.0028063
pedestrian -1 -1 -10 721.31 161.92 742.92 213.051 1.25286242807 0.439952335088 0.642999929055 5.87569525773 1.23854964544 31.8391626299 0.00753464155925 0.0018803
pedestrian -1 -1 -10 380.49 190.0 391.554 224.312 1.65081876266 0.550940236846 0.624000358302 -9.41830680238 1.62789581357 30.4828785619 0.00753464155925 0.0017266
pedestrian -1 -1 -10 712.3 164.42 723.268 204.412 0.933897438468 0.517944812962 0.669999871199 5.24117478871 0.521925130429 35.0826380144 0.00753464155925 0.0016411
pedestrian -1 -1 -10 544.98 182.52 556.09 220.843 1.05588403035 0.344963428241 0.494999734034 -1.87235400073 1.50732752164 22.9213671055 0.00753464155925 0.0014172
pedestrian -1 -1 -10 390.19 187.1 402.843 226.746 1.43084284912 0.695924810827 0.469999646319 -7.25588345345 1.65818561661 25.998392377 0.00753464155925 0.00111
pedestrian -1 -1 -10 673.48 168.29 690.601 206.368 0.571937172177 0.692921065806 0.58899956793 4.09587362949 1.01099727717 35.9789707277 0.00753464155925 0.00096162
pedestrian -1 -1 -10 592.1 165.85 603.621 201.565 0.369959357979 0.58593815741 1.04199967674 -0.447792517741 -0.0386437880521 51.2178458404 0.00753464155925 0.00083002
pedestrian -1 -1 -10 525.3 150.02 552.144 221.224 2.32574469494 0.735919437395 0.470999811952 -2.29250397815 1.48382940507 24.162950448 0.00753464155925 0.00068874
pedestrian -1 -1 -10 666.84 162.46 700.389 203.932 1.65981770337 1.16087211877 1.07999935469 3.91850707596 0.552581871766 36.3601985935 0.00753464155925 0.00065825
pedestrian -1 -1 -10 600.35 167.19 612.779 199.854 1.12187676883 1.07688359369 0.556999795998 -0.260216867614 1.67210176971 32.224555487 0.00753464155925 0.00053523
pedestrian -1 -1 -10 720.05 161.5 731.679 213.178 2.73469982921 0.690926197683 0.666999612718 5.69505604264 1.70047771002 32.712273085 0.00753464155925 0.00051542
pedestrian -1 -1 -10 542.76 176.19 564.735 216.188 1.05288433874 0.265971609166 0.390999912735 -1.8200589021 1.50487467215 22.9604928689 0.00753464155925 0.00028148
pedestrian -1 -1 -10 1231.5 201.66 1241.96 254.813 1.96278451407 0.348961746614 0.858000015828 5.76202627978 1.36165501979 6.45344832828 0.00753464155925 0.00019723
pedestrian -1 -1 -10 541.53 177.33 552.936 222.127 1.05588403035 0.344963428241 0.494999734034 -1.87235400073 1.50732752164 22.9213671055 0.00753464155925 0.00012301
pedestrian -1 -1 -10 394.89 185.68 407.1 228.373 1.43084284912 0.703923354713 0.79399990572 -7.09385777622 1.65812687428 26.0011726801 0.00753464155925 4.731e-05
pedestrian -1 -1 -10 518.88 151.52 538.342 220.275 2.34574248003 0.598933407299 0.406999940262 -2.84420515963 1.45033460327 26.3355499234 0.00753464155925 4.188e-05
pedestrian -1 -1 -10 168.8 162.94 199.242 206.926 0.361960257351 0.248973273054 0.580999196539 -27.5968027108 0.537583207968 48.1398656637 0.00753464155925 2.4584e-05
pedestrian -1 -1 -10 625.51 134.97 641.814 192.223 1.95878488553 0.543941034161 0.730999812233 0.975116266935 0.978798002479 30.5109682224 0.00753464155925 1.6722e-05
pedestrian -1 -1 -10 634.01 172.24 649.611 212.224 0.108988036036 0.407956252405 0.187999906211 1.50151738531 0.88780092023 32.2759013192 0.00753464155925 6.0136e-06
pedestrian -1 -1 -10 508.25 144.13 543.239 218.038 2.34574248003 0.598933407299 0.406999940262 -2.84420515963 1.45033460327 26.3355499234 0.00753464155925 4.0611e-06
pedestrian -1 -1 -10 182.3 170.77 214.829 223.858 0.578936462518 0.81491316361 1.04100004755 -21.0949523437 1.6710992203 37.3632240866 0.00753464155925 8.4193e-07
