pedestrian -1 -1 -10 764.0 182.5 781.219 225.123 2.24175386643 0.561938711473 0.681999951449 4.7906935256 1.45048269407 19.8418630666 0.00753464155925 0.0036137
pedestrian -1 -1 -10 724.49 191.57 739.261 224.574 2.12176709627 0.584936909069 0.616999914126 4.71699508833 1.39683253156 25.2645727458 0.00753464155925 0.0014894
pedestrian -1 -1 -10 334.91 196.28 351.127 241.353 1.45883978141 1.10387915609 0.577999891732 -4.80553418258 1.62647385807 12.748780219 0.00753464155925 0.0013712
pedestrian -1 -1 -10 732.03 185.85 744.383 220.958 2.28374925089 0.584936909069 0.712000152074 4.76344401919 1.396798676 25.2654222991 0.00753464155925 0.00071748
pedestrian -1 -1 -10 497.71 211.66 531.063 273.148 2.18775977516 0.824909436328 0.752999790478 -1.59911580522 1.55385379488 12.1035046706 0.00753464155925 0.00068408
pedestrian -1 -1 -10 735.83 181.8 748.827 223.105 2.28374925089 0.584936909069 0.712000152074 4.76344401919 1.396798676 25.2654222991 0.00753464155925 0.00046009
pedestrian -1 -1 -10 767.65 178.09 796.304 231.419 2.24175386643 0.561938711473 0.705999635112 4.80269302779 1.4504739573 19.8417727823 0.00753464155925 0.00041486
pedestrian -1 -1 -10 510.85 175.55 539.26 236.553 2.18775977516 0.824909436328 0.752999790478 -1.59911580522 1.55385379488 12.1035046706 0.00753464155925 0.00038195
pedestrian -1 -1 -10 815.39 196.01 834.985 237.586 1.26686088955 0.391957257494 0.124000034521 7.10401563102 0.850964836034 23.2095590207 0.00753464155925 0.00017265
pedestrian -1 -1 -10 148.04 137.47 179.16 200.765 2.02277792894 1.19186886025 1.17499983105 -12.6047323423 1.12447091054 20.6032257535 0.00753464155925 0.0001695
pedestrian -1 -1 -10 509.0 194.42 531.378 241.507 2.18775977516 0.824909436328 0.752999790478 -1.59911580522 1.55385379488 12.1035046706 0.00753464155925 5.6195e-05
pedestrian -1 -1 -10 280.72 189.51 300.961 265.423 1.17087147343 1.10088017892 1.1539994522 -5.10770715849 1.61942645404 11.6503783928 0.00753464155925 8.5902e-06
