pedestrian -1 -1 -10 0.0 102.6 39.785 179.625 1.49283608758 1.05688437327 0.373000030779 -8.92323132838 0.792394582503 11.0926718695 0.00753464155925 2.7667e-05
pedestrian -1 -1 -10 744.53 82.735 788.355 217.695 1.62282180989 1.19386754266 0.478999944925 4.41725978793 0.81426723936 20.1495557668 0.00753464155925 1.9102e-06
pedestrian -1 -1 -10 757.34 76.251 800.717 230.531 1.59782457852 1.13787582832 0.332000153955 4.65275633113 0.802293825756 19.3506636713 0.00753464155925 1.0276e-06
pedestrian -1 -1 -10 859.37 194.54 883.111 244.136 1.53283171737 0.975892918223 0.821999775079 2.88773164292 0.965856647758 8.17051615503 0.00753464155925 1.0226e-06
pedestrian -1 -1 -10 76.65 168.27 148.636 248.181 1.5568290118 1.18687024711 0.375999335586 -9.74888531327 0.798911859459 14.2677070789 0.00753464155925 8.977e-07
pedestrian -1 -1 -10 130.23 189.46 231.02 313.68 0.301966864822 0.325964502588 0.606999688305 -5.65159057202 0.874102696358 9.10622629084 0.00753464155925 4.8124e-07
pedestrian -1 -1 -10 189.48 157.39 244.874 247.271 0.36595981884 0.581936024757 0.490999548338 -6.89740865223 0.497942381726 12.8961772268 0.00753464155925 1.2057e-07
pedestrian -1 -1 -10 824.43 115.91 868.409 245.87 1.91378980947 0.689924949343 0.837999564187 6.06345243303 1.12570219634 18.4914688778 0.00753464155925 1.141e-07
pedestrian -1 -1 -10 806.47 120.87 844.602 226.68 2.00777947093 0.929898430171 1.17299949979 5.49668793086 1.22055793443 18.1879882466 0.00753464155925 7.9504e-10
pedestrian -1 -1 -10 1161.2 193.75 1210.79 273.753 1.51583350468 1.19686842697 0.400999900137 7.20760653967 0.856599165243 9.14409702669 0.00753464155925 7.6181e-10
