pedestrian -1 -1 -10 1011.2 138.73 1075.51 275.44 1.73799224198 0.878999114405 0.571997878827 6.17832444974 1.30300614391 9.8202500908 0.00692802392802 0.99888
pedestrian -1 -1 -10 1072.1 135.25 1126.29 268.87 1.8309918806 0.412000376924 0.857996579823 7.15351961926 1.30110164528 10.0079422805 0.00692802392802 0.99262
pedestrian -1 -1 -10 1106.7 137.06 1163.99 265.63 1.79299194366 0.625999980132 0.988996129875 7.43412122024 1.26246834981 9.88497260222 0.00692802392802 0.98847
pedestrian -1 -1 -10 719.62 163.69 732.497 203.437 1.32899401635 0.624999576452 0.833996978933 5.52754510418 0.959447872101 31.9841442012 0.00692802392802 0.9158
pedestrian -1 -1 -10 1026.6 133.15 1117.98 279.83 2.19999018908 1.10900040812 0.244998965578 13.5275431635 0.918817779942 20.2378764151 0.00692802392802 0.69497
pedestrian -1 -1 -10 1191.3 129.89 1223.95 267.41 1.66899255961 0.752999749108 0.544998029803 8.36085716814 1.22646772223 9.40007059139 0.00692802392802 0.46581
pedestrian -1 -1 -10 1112.9 130.16 1212.98 272.17 2.2129900828 1.17900005551 0.649997177764 13.7149314324 1.03116464557 16.8606185145 0.00692802392802 0.46003
pedestrian -1 -1 -10 301.95 174.28 323.663 222.811 0.986995571107 0.282998846914 0.815996443803 -7.85605712592 0.782246862133 18.9685362128 0.00692802392802 0.39228
pedestrian -1 -1 -10 937.63 141.84 1009.69 271.48 2.00899096876 0.384000041133 0.230999198392 1.90773971251 1.47889255988 3.60523025126 0.00692802392802 0.14357
pedestrian -1 -1 -10 929.59 150.88 964.923 225.027 1.2509943746 0.426999756408 0.671997407957 5.18017832723 1.02126685534 10.2511311565 0.00692802392802 0.14083
pedestrian -1 -1 -10 712.63 166.3 727.612 207.857 1.32899401635 0.624999576452 0.907996582805 5.49054619101 0.959549615873 31.984400653 0.00692802392802 0.10505
pedestrian -1 -1 -10 306.6 172.45 335.062 225.815 0.986995571107 0.282998846914 0.657997044727 -7.77705932402 0.782029625093 18.9679886527 0.00692802392802 0.049377
pedestrian -1 -1 -10 691.25 164.81 712.909 209.492 1.47299347073 0.88899933651 0.594997555951 4.37099756644 0.954769656666 31.8680641329 0.00692802392802 0.040962
pedestrian -1 -1 -10 708.74 162.46 729.602 234.028 1.32899401635 0.624999576452 0.907996582805 5.49054619101 0.959549615873 31.984400653 0.00692802392802 0.022261
pedestrian -1 -1 -10 947.46 146.29 970.3 206.976 0.0999995529652 0.0 0.0 25.0837635271 -0.307366682052 49.3648281903 0.0 0.020149
pedestrian -1 -1 -10 1134.5 138.43 1181.09 271.77 1.79299194366 0.625999980132 0.581998070158 7.63761536189 1.26190875874 9.88356211645 0.00692802392802 0.010365
pedestrian -1 -1 -10 477.36 170.33 494.86 223.931 1.54299305379 0.945998504426 0.554997982716 -3.8329649168 1.34758192065 22.9635971504 0.00692802392802 0.0093127
pedestrian -1 -1 -10 1101.1 146.76 1124.38 236.476 1.82199185789 0.639999909609 1.11899575616 7.28321387561 1.29187534851 9.89303558798 0.00692802392802 0.0091642
pedestrian -1 -1 -10 443.87 169.8 467.38 214.642 0.102999530733 0.234001001091 0.537998086606 -8.55234340355 0.0523450240282 42.4171033557 0.00692802392802 0.0091353
pedestrian -1 -1 -10 724.22 164.37 737.273 201.493 1.32899401635 0.624999576452 0.58899753652 5.65004188284 0.959111016684 31.9832951352 0.00692802392802 0.0082889
pedestrian -1 -1 -10 282.77 171.68 325.664 229.84 1.11799497902 0.282998846914 1.02299639893 -7.95973525511 0.782531471173 18.9691786631 0.00692802392802 0.0071065
pedestrian -1 -1 -10 426.91 169.93 444.136 206.305 0.324998541176 0.344001536897 0.335998227143 -10.3302121205 -0.218413179436 46.490077708 0.00692802392802 0.007063
pedestrian -1 -1 -10 707.61 167.96 719.094 212.468 1.32899401635 0.501998561174 0.678997351154 5.37647539914 0.9597929482 32.0466933007 0.00692802392802 0.0043187
pedestrian -1 -1 -10 1206.2 156.08 1223.96 266.21 1.70699237734 0.752999749108 0.544998029803 8.36090956688 1.26446753996 9.40009232546 0.00692802392802 0.0041574
pedestrian -1 -1 -10 298.68 172.08 314.519 214.729 1.11799497902 0.282998846914 0.92699608803 -7.91173625267 0.782399478118 18.968845966 0.00692802392802 0.0037831
pedestrian -1 -1 -10 294.46 170.68 337.869 242.803 0.986995571107 0.282998846914 0.788997071615 -7.8425577641 0.782209740069 18.9684426442 0.00692802392802 0.0035257
pedestrian -1 -1 -10 702.83 154.47 736.186 244.285 2.35198945999 1.01299789445 1.07699585856 2.65142618904 1.38441588104 16.2145796167 0.00692802392802 0.0028286
pedestrian -1 -1 -10 702.45 166.09 723.465 224.858 1.32899401635 0.501998561174 0.620997481208 5.34747616077 0.959872693566 32.0468943041 0.00692802392802 0.0020221
pedestrian -1 -1 -10 982.13 145.5 1054.97 281.12 1.73799224198 0.762999017539 0.571997878827 6.17872627225 1.30293869085 9.87824874731 0.00692802392802 0.0017087
pedestrian -1 -1 -10 467.3 171.53 485.649 221.509 0.487997829914 0.731002312233 0.471998349697 -5.68465001503 -1.04220768244 32.4839951516 0.00692802392802 0.0014812
pedestrian -1 -1 -10 1064.1 129.37 1107.66 251.76 1.82899182588 0.412000376924 0.728997354137 7.08902155571 1.30027896705 10.0083893381 0.00692802392802 0.0014581
pedestrian -1 -1 -10 456.32 171.11 471.987 212.339 0.32399854362 0.289001268994 0.479998693495 -9.18458561005 -0.222342202214 46.2886313713 0.00692802392802 0.0014369
pedestrian -1 -1 -10 276.35 166.55 303.157 238.447 1.35699390322 1.19099917763 0.861996751722 -5.53860902842 1.52047180625 12.3119603715 0.00692802392802 0.0012748
pedestrian -1 -1 -10 1145.5 152.0 1202.51 268.68 2.2039901197 1.1859981129 0.649997177764 13.7127927089 1.03152575163 16.550131179 0.00692802392802 0.0011126
pedestrian -1 -1 -10 452.48 168.87 465.795 207.884 0.102999530733 0.234001001091 0.537998086606 -8.55234340355 0.0523450240282 42.4171033557 0.00692802392802 0.0010493
pedestrian -1 -1 -10 1101.2 140.19 1116.84 207.992 1.82999183834 0.639999909609 1.01899622703 7.23322634342 1.30001282064 9.89338672031 0.00692802392802 0.0010194
pedestrian -1 -1 -10 266.36 166.95 280.734 217.973 1.50799325109 0.720998275434 0.867996771153 -10.8984173353 0.419609853313 23.3599975229 0.00692802392802 0.00074201
pedestrian -1 -1 -10 283.05 168.8 298.004 204.837 1.11099504083 0.257999245326 0.871996466217 -8.1113268075 0.775962668853 18.9577252231 0.00692802392802 0.00051227
pedestrian -1 -1 -10 885.12 146.84 915.132 187.891 1.45399353951 0.854998962822 0.855996732291 14.9096077075 -0.0495252854645 34.6889642399 0.00692802392802 0.00044076
pedestrian -1 -1 -10 428.74 168.97 456.101 216.692 0.324998541176 0.344001536897 0.556998068666 -10.2197148541 -0.218717037245 46.4893118146 0.00692802392802 0.00042393
pedestrian -1 -1 -10 266.49 166.17 295.601 225.832 0.74199667275 0.170999411095 0.590997384052 -8.2525569538 0.40738845015 18.9259885345 0.00692802392802 0.00028287
pedestrian -1 -1 -10 1038.7 140.35 1069.63 241.82 1.73799224198 0.878999114405 0.571997878827 6.17832444974 1.30300614391 9.8202500908 0.00692802392802 0.00027235
pedestrian -1 -1 -10 1090.4 136.78 1118.01 235.491 1.8309918806 0.50800002958 0.951996089521 7.20018570385 1.30102822615 9.95961784296 0.00692802392802 0.00024689
pedestrian -1 -1 -10 452.79 173.02 492.616 220.218 1.66899253726 1.01500060915 0.554997982716 -3.83331423155 1.47366920872 22.8881715445 0.00692802392802 0.00024594
pedestrian -1 -1 -10 266.17 169.93 316.378 251.993 1.35699390322 1.16099946499 0.861996751722 -5.53826955637 1.52041481983 12.3609594256 0.00692802392802 0.00024486
pedestrian -1 -1 -10 269.45 161.3 283.188 206.827 1.50799325109 0.895999301248 0.829996807033 -10.8800240104 0.419659367868 23.2723674178 0.00692802392802 0.00018446
pedestrian -1 -1 -10 1051.0 137.22 1085.12 238.34 2.19999018908 1.09799882866 0.291999674098 13.5515660179 0.918665351871 20.3132121554 0.00692802392802 0.00015774
pedestrian -1 -1 -10 292.23 170.38 302.991 206.195 1.11799497902 0.282998846914 1.02799554093 -8.03323289317 0.782733583243 18.9696880997 0.00692802392802 0.00013742
pedestrian -1 -1 -10 290.62 171.57 313.512 241.19 1.27799423039 1.19099917763 0.505998141917 -5.35730193145 1.44240930764 12.8036715975 0.00692802392802 0.0001324
pedestrian -1 -1 -10 608.29 140.57 629.436 198.034 1.90899148136 0.371999488505 1.18799553259 0.591458470554 0.730705901807 22.6750085257 0.00692802392802 0.00011534
pedestrian -1 -1 -10 261.27 166.09 284.072 234.313 1.35699390322 1.19099917763 1.11899575616 -5.66792986807 1.5209635544 12.1938544783 0.00692802392802 9.4792e-05
pedestrian -1 -1 -10 801.64 208.78 833.051 318.39 2.19099022597 1.18899932394 1.19799533649 2.51154995489 1.48886025047 8.29656824699 0.00692802392802 5.8563e-05
pedestrian -1 -1 -10 617.66 142.68 636.991 201.245 2.04099092036 0.371000038498 0.964996394875 0.775138866774 0.862200164678 22.6743118716 0.00692802392802 5.1494e-05
pedestrian -1 -1 -10 1026.5 138.97 1057.22 200.58 1.63399273455 0.864999184927 0.571997878827 6.17813254714 1.19901477732 9.81319081132 0.00692802392802 4.1155e-05
pedestrian -1 -1 -10 1116.0 134.98 1135.28 222.668 1.79299194366 0.639999909609 1.12599569936 7.36567157646 1.26264857286 9.89244718242 0.00692802392802 3.6425e-05
pedestrian -1 -1 -10 465.67 170.85 500.191 228.733 1.54299305379 0.702998638584 0.554997982716 -3.83212316909 1.34744061833 23.0850941675 0.00692802392802 5.6707e-06
pedestrian -1 -1 -10 594.55 139.12 632.905 210.282 2.04099092036 0.237998801116 1.19599551876 0.451180213943 0.863168238063 22.6090556469 0.00692802392802 1.7126e-06
pedestrian -1 -1 -10 794.18 259.46 828.611 337.62 0.806996409595 0.1290000995 0.0909997384008 1.95577667693 1.52009035931 6.81822368546 0.00692802392802 6.0022e-07
