pedestrian -1 -1 -10 369.69 182.22 382.133 217.219 2.5497200191 0.38495614767 0.779999494204 -12.1312770276 2.12868448022 38.7326947793 0.00753464155925 0.026856
pedestrian -1 -1 -10 1008.0 158.43 1020.68 189.911 0.0999890208244 0.0 0.0 16.7555826647 0.200241700853 29.5017106074 0.0 0.025042
pedestrian -1 -1 -10 1096.7 213.24 1151.48 344.05 1.35885082614 0.684924905845 1.04299942514 4.37675844763 1.53145281105 6.44390020233 0.00753464155925 0.006933
pedestrian -1 -1 -10 1068.9 209.17 1183.69 355.39 1.39984633326 0.745918094037 1.01299946293 4.39202034534 1.53198218052 6.48058584328 0.00753464155925 0.0050617
pedestrian -1 -1 -10 1009.4 161.94 1027.26 208.558 0.611932787063 0.396955870638 1.00900046933 10.6546079367 0.949378971209 18.3823397747 0.00753464155925 0.0042016
pedestrian -1 -1 -10 1000.4 156.13 1014.08 189.292 0.100988898159 0.566935417477 0.684999256256 29.7548931048 -0.124286138854 53.7814372951 0.00753464155925 0.00099376
pedestrian -1 -1 -10 375.38 183.33 390.011 215.952 0.365959789041 0.297967691849 0.196000039184 -15.2125193722 1.81878098602 49.4023066756 0.00753464155925 0.00080832
pedestrian -1 -1 -10 1010.7 170.42 1036.92 218.235 1.17387110543 1.19786872174 1.17299973821 3.9700979337 1.27752247223 6.90491709109 0.00753464155925 0.00073133
pedestrian -1 -1 -10 1019.5 174.64 1044.38 219.194 1.48583688664 1.19086951905 1.19499956744 3.95809082589 1.5873276957 6.75620996948 0.00753464155925 0.00041827
pedestrian -1 -1 -10 1006.5 161.57 1071.7 230.939 1.45883978141 1.17487147771 1.17999970554 4.10430905782 1.56166049922 6.85230190421 0.00753464155925 0.00032391
pedestrian -1 -1 -10 813.94 166.6 834.158 205.201 0.715921378316 0.649928415635 0.432000027977 9.77900038935 1.06444511979 31.7893513943 0.00753464155925 0.00030118
pedestrian -1 -1 -10 329.22 177.95 342.249 229.114 0.63093073952 1.13187596683 0.93399972935 -16.2453052598 1.89433218364 43.7251455678 0.00753464155925 0.0001944
pedestrian -1 -1 -10 360.04 177.57 376.544 218.074 0.609933077091 0.181979269808 0.812999476473 -14.3376396187 1.84055903181 43.2123448788 0.00753464155925 0.0001712
pedestrian -1 -1 -10 352.98 193.49 367.949 228.253 0.609933077091 0.185976634611 0.719999092954 -14.4521213294 1.84067198495 43.2152049787 0.00753464155925 0.00016415
pedestrian -1 -1 -10 338.3 181.09 352.532 227.694 0.350961509819 0.939895656458 0.513000331246 -16.2014809301 1.61906953053 44.0468619383 0.00753464155925 0.00015355
pedestrian -1 -1 -10 343.71 184.4 357.264 224.289 0.593934801338 0.152983117867 0.131999929076 -14.8540689702 1.78442950647 41.8992657483 0.00753464155925 0.00014331
pedestrian -1 -1 -10 359.06 148.53 384.61 215.744 1.79080334771 0.38495614767 0.592999276789 -12.2250084904 1.36983588378 38.7390177201 0.00753464155925 0.00012427
pedestrian -1 -1 -10 46.225 173.7 81.548 224.891 0.105988344433 0.654930843058 0.365999109765 -29.0331173721 1.33396938981 38.6436946747 0.00753464155925 9.45e-05
pedestrian -1 -1 -10 998.56 163.7 1021.45 217.315 0.347961788416 1.17387118294 1.14899957771 4.01334319507 0.45649772781 7.24267812244 0.00753464155925 6.4273e-05
pedestrian -1 -1 -10 183.35 125.25 209.445 203.121 0.601933879617 0.815908690532 0.801000349897 -21.7267029869 -0.702023679508 38.426929062 0.00753464155925 4.5336e-05
pedestrian -1 -1 -10 172.27 175.11 190.483 223.444 0.865904922962 0.250971955456 0.555999585661 -22.0794878457 0.924693841827 38.1129174283 0.00753464155925 3.1412e-05
pedestrian -1 -1 -10 799.05 170.36 850.845 237.6 1.18187021351 1.12287712818 0.212000066711 3.82938863704 1.52738006159 13.1006924 0.00753464155925 2.9175e-05
pedestrian -1 -1 -10 156.96 163.74 193.67 220.983 0.103988574863 0.215979756311 0.687999514737 -23.413531197 0.686040250942 39.4275421619 0.00753464155925 1.1619e-05
pedestrian -1 -1 -10 782.06 158.99 825.65 235.765 2.01777842307 0.361959857213 0.966999234782 5.44103971613 1.34561798768 20.3499286695 0.00753464155925 2.3698e-06
pedestrian -1 -1 -10 873.13 178.61 912.908 252.794 1.46583898235 0.644928848922 1.01699964863 4.18939703698 1.61979456983 10.6463756722 0.00753464155925 1.4076e-06
pedestrian -1 -1 -10 1113.6 292.47 1177.01 367.854 0.147983728888 0.983891938894 0.597999866536 5.38109296564 1.49866427694 6.76140094427 0.00753464155925 6.4976e-09
