pedestrian -1 -1 -10 1135.6 121.49 1178.31 223.76 1.82379971695 1.19686890375 0.704999707897 5.67480999238 1.22920342103 7.16213513733 0.00753464155925 0.14213
pedestrian -1 -1 -10 981.91 142.09 1012.26 209.399 2.14076488484 1.194868791 0.318000219276 5.51060711021 1.50505578376 9.98202429101 0.00753464155925 0.011961
pedestrian -1 -1 -10 1130.3 125.38 1164.0 195.15 1.85279657686 1.19586908577 0.704999707897 5.67582804154 1.24120805387 7.29768327553 0.00753464155925 0.0061601
pedestrian -1 -1 -10 1021.9 81.223 1222.15 351.323 2.11076826679 1.19686938054 0.704999707897 5.67904243964 1.48836169033 7.71346726451 0.00753464155925 0.004953
pedestrian -1 -1 -10 1134.6 123.12 1149.44 166.106 1.74780808592 1.19686890375 0.704999707897 5.67899079375 1.12551992432 7.72415339037 0.00753464155925 0.0028283
pedestrian -1 -1 -10 101.45 147.92 113.534 184.57 0.398956217882 0.076991229534 0.958999340228 -32.2812277906 -0.139895663444 46.9722986882 0.00753464155925 0.00056775
pedestrian -1 -1 -10 562.21 178.6 577.496 225.902 0.0999890208244 0.0359915403459 0.225000074176 -3.44448502777 2.30768465362 71.9635566002 0.00753464155925 0.00046325
pedestrian -1 -1 -10 557.73 176.45 570.962 221.946 0.5639380641 0.514942975081 0.157999944005 -1.42264859809 1.87104363775 25.4132977337 0.00753464155925 0.00031979
pedestrian -1 -1 -10 555.34 161.98 582.443 226.244 0.0999890208244 0.0359915403459 0.225000074176 -3.44448502777 2.30768465362 71.9635566002 0.00753464155925 0.00025746
pedestrian -1 -1 -10 575.98 178.11 590.844 226.473 0.352961204891 0.430952542862 0.708999774383 -1.05534010779 1.67076009356 41.2121137459 0.00753464155925 7.9841e-05
pedestrian -1 -1 -10 967.32 128.15 1016.44 217.885 1.98078242529 1.19086951905 0.65400008209 5.68523962624 1.31614463932 10.8734437184 0.00753464155925 6.4367e-05
pedestrian -1 -1 -10 99.212 135.96 129.763 227.715 0.394956648944 0.0829910910181 0.726997152945 -31.9630986407 -0.138860874364 46.987858861 0.00753464155925 3.64e-05
pedestrian -1 -1 -10 744.6 162.6 757.738 217.901 0.516943233371 0.393957847036 0.751999863264 2.89681063828 0.879717223624 15.5832269107 0.00753464155925 3.0037e-05
pedestrian -1 -1 -10 892.12 157.28 950.333 224.927 1.79080340731 1.1688725698 0.236999916007 5.52779784594 1.10707986782 12.7535776897 0.00753464155925 2.1233e-05
pedestrian -1 -1 -10 714.36 165.56 776.507 215.407 0.516943233371 0.407956252405 0.907999714421 2.8188656564 0.879877630285 15.5908127699 0.00753464155925 1.7419e-05
pedestrian -1 -1 -10 887.51 166.03 908.693 236.723 1.55282950246 1.15387386966 0.492999879604 5.61766441533 0.844704329683 13.8126696455 0.00753464155925 1.1534e-06
