pedestrian -1 -1 -10 316.87 172.13 336.138 224.439 1.68481497944 1.194868791 1.14399970321 -6.56457084987 0.918669602012 16.95026264 0.00753464155925 0.0025633
pedestrian -1 -1 -10 791.49 130.79 803.553 167.907 0.0999890208244 0.0 0.0 11.6122451722 -0.891930895403 43.803600068 0.0 0.0023347
pedestrian -1 -1 -10 324.49 174.8 343.566 221.573 1.68881454837 1.09487936387 1.17199957257 -6.49961491514 0.922472370012 17.2097816697 0.00753464155925 0.0012298
pedestrian -1 -1 -10 332.82 172.26 347.224 220.012 1.80580168653 1.09487936387 1.18399965282 -6.37558231911 1.03936922702 17.2079824776 0.00753464155925 0.00035806
pedestrian -1 -1 -10 691.06 197.81 703.211 245.261 1.36585008668 0.821910459155 0.680999666606 2.42517859083 1.62385856357 17.3972977484 0.00753464155925 7.6234e-05
pedestrian -1 -1 -10 310.5 163.31 344.523 232.359 1.68481497944 1.194868791 1.14399970321 -6.56457084987 0.918669602012 16.95026264 0.00753464155925 4.4136e-05
pedestrian -1 -1 -10 643.34 170.76 655.08 226.588 0.396956403614 0.100986861191 0.604999833876 2.73332286147 1.23692532236 42.127444937 0.00753464155925 3.58e-05
pedestrian -1 -1 -10 836.58 261.56 854.442 328.639 1.21286679828 0.695923857257 1.12999964932 2.4994864342 1.45485812351 7.81078472465 0.00753464155925 1.2936e-05
pedestrian -1 -1 -10 575.14 147.9 643.83 218.3 0.465948833704 0.952894720627 1.09999965732 0.0790387120456 0.397870778232 18.9911800024 0.00753464155925 9.7248e-06
pedestrian -1 -1 -10 325.12 168.54 356.623 232.088 1.81680051601 1.11187769998 1.19399987864 -6.33264445119 1.0502109269 17.199078588 0.00753464155925 3.5683e-06
pedestrian -1 -1 -10 606.86 180.0 622.866 229.421 0.885902737854 0.457950012401 1.17499965224 0.209301620164 1.3754055377 18.3532491329 0.00753464155925 3.5334e-06
pedestrian -1 -1 -10 636.6 166.54 649.742 230.435 1.61782231892 0.800912851101 0.744999791616 0.699455716712 1.54256998624 18.5240228693 0.00753464155925 2.7134e-06
pedestrian -1 -1 -10 832.18 265.99 882.002 344.009 0.878903417715 0.917899183988 0.307999755037 2.11141608286 1.63798249298 5.90826356916 0.00753464155925 3.8518e-07
pedestrian -1 -1 -10 615.57 172.66 635.608 232.769 1.49083629194 0.765916837676 1.18999963334 0.45486570622 1.53548975676 18.5075282991 0.00753464155925 3.1947e-07
