pedestrian -1 -1 -10 886.49 204.75 904.931 249.367 1.04188556886 1.18586899877 1.01699988705 6.65317545238 1.48821428022 16.4479244343 0.00753464155925 0.00096125
pedestrian -1 -1 -10 869.21 181.44 891.489 226.024 1.11787719989 0.703923354713 0.882999626706 6.53375415586 1.48831950488 17.1934873416 0.00753464155925 0.00052381
pedestrian -1 -1 -10 884.43 192.51 914.931 248.392 0.978892521977 1.18886892951 1.09299960057 6.69170805943 1.41329776927 16.5227872757 0.00753464155925 0.00022359
pedestrian -1 -1 -10 871.11 197.63 900.22 248.445 1.0488848592 1.19086951905 0.829999669633 6.55539998868 1.50868279187 16.5429225627 0.00753464155925 0.00020499
pedestrian -1 -1 -10 670.68 156.8 689.129 206.277 0.601933879617 0.358958019332 0.965999784404 4.58990769782 1.83950044255 44.8744340153 0.00753464155925 0.00016379
pedestrian -1 -1 -10 878.12 181.57 907.989 240.227 1.05688390768 1.12587801249 0.946999736815 6.61721667111 1.50134337906 16.3200941061 0.00753464155925 0.0001611
pedestrian -1 -1 -10 882.26 179.27 898.483 224.166 0.9708933841 0.586935591471 0.604999833876 6.61114702321 1.34214557766 17.2524885881 0.00753464155925 0.00014877
pedestrian -1 -1 -10 878.78 204.9 895.068 249.788 1.94878605258 0.792912400075 1.09899916386 7.79083757037 1.5253918681 20.1605271312 0.00753464155925 0.00014613
pedestrian -1 -1 -10 676.94 153.51 694.612 204.794 2.46272949899 1.0318865397 0.720999973843 3.71965244947 1.44643862635 31.6142521828 0.00753464155925 0.00011555
pedestrian -1 -1 -10 863.11 185.34 882.32 233.396 0.243973204613 0.0549942802785 0.0690002230188 6.9726732496 0.429321524467 18.9691332203 0.00753464155925 0.00010918
pedestrian -1 -1 -10 887.26 178.03 905.876 224.92 0.9708933841 1.13687457998 0.808999767614 6.68207335033 1.33802174897 16.9769776608 0.00753464155925 0.00010458
pedestrian -1 -1 -10 883.53 159.11 917.996 222.89 2.08377122116 0.626930218039 1.19299947459 8.28912533229 1.24111229081 20.0979724548 0.00753464155925 2.3561e-05
pedestrian -1 -1 -10 666.06 142.56 697.445 201.711 1.66881670368 0.819913683893 0.638999743359 3.62537575947 0.652398949014 32.1479133596 0.00753464155925 4.158e-06
