pedestrian -1 -1 -10 78.133 188.62 109.665 272.503 2.80969146371 0.886901965721 0.654999532468 -11.916845669 1.97415861125 16.2881949445 0.00753464155925 0.022163
pedestrian -1 -1 -10 79.788 124.94 119.055 273.58 0.657927844753 0.192979651575 0.606000714764 -28.184486148 1.93473491668 40.5537565667 0.00753464155925 0.0067756
pedestrian -1 -1 -10 76.442 196.16 100.58 255.816 2.80969146371 0.924897909888 0.654999532468 -11.9169888105 1.97387736314 16.2691975117 0.00753464155925 0.0023214
pedestrian -1 -1 -10 77.81 94.278 109.194 201.428 1.4558401494 0.480946302857 0.639999193737 -11.9232337149 0.623317664175 16.5012481554 0.00753464155925 0.00057425
pedestrian -1 -1 -10 63.51 148.51 103.264 277.07 2.80969146371 0.957894287341 0.654999532468 -11.9171131173 1.97363312211 16.2526997913 0.00753464155925 0.00032924
pedestrian -1 -1 -10 879.99 148.48 897.981 192.872 0.102988712428 0.130986168612 0.244001313858 21.04806444 -0.377641845827 53.3967457765 0.00753464155925 0.00027143
pedestrian -1 -1 -10 416.49 151.78 437.468 202.563 1.87479417622 0.84190681887 0.901999197459 -10.36236456 1.45519767879 41.2721932053 0.00753464155925 0.000216
pedestrian -1 -1 -10 277.08 139.17 295.39 181.163 0.327964033122 0.0289961519404 0.0720004814998 -19.3762925268 -0.716235964736 43.8436508375 0.00753464155925 0.00019584
pedestrian -1 -1 -10 427.04 147.28 443.998 194.963 0.308966080665 0.0519924423967 0.0589999971982 -10.0383725758 0.431968905577 42.9545414488 0.00753464155925 0.00017524
pedestrian -1 -1 -10 67.552 148.79 87.981 205.61 2.21275700653 1.15487321086 0.645999710699 -11.9225390323 1.37524389216 16.1586670353 0.00753464155925 8.7405e-05
pedestrian -1 -1 -10 76.621 68.57 122.812 238.19 1.59382500958 0.673925954432 0.639999193737 -11.9239181787 0.759874078163 16.4037393474 0.00753464155925 4.5528e-05
pedestrian -1 -1 -10 510.0 162.37 535.168 222.342 0.859905569554 0.306965576935 0.560999698571 -5.10712034427 0.988617868309 43.4737993317 0.00753464155925 4.3573e-05
pedestrian -1 -1 -10 85.159 110.63 114.544 222.33 1.59382500958 0.659927549062 0.639999193737 -11.9238654427 0.759977695144 16.4107383514 0.00753464155925 4.2359e-05
pedestrian -1 -1 -10 3.369 144.96 39.264 220.37 0.371959231845 0.230973688602 0.949001021755 -32.8857347701 -0.188003835653 40.9295306242 0.00753464155923 6.9743e-06
pedestrian -1 -1 -10 100.02 99.108 129.493 227.208 1.57782676363 0.51494488222 0.287000568274 -19.6054806466 0.440333670059 28.9484528157 0.00753464155924 2.1238e-06
