pedestrian -1 -1 -10 864.65 148.54 912.475 267.06 1.84679716385 0.646929438463 0.700000071824 4.75635325666 1.60028083148 11.9213887148 0.00753464155925 0.9771
pedestrian -1 -1 -10 989.92 176.22 1009.85 223.035 2.10176925158 0.781913925447 1.19599973307 9.74011952536 1.27068753881 17.6308954828 0.00753464155925 0.12099
pedestrian -1 -1 -10 920.28 176.51 951.515 227.418 1.98778168583 0.763916248135 1.015999483 7.98498164451 1.3343795564 17.8733651926 0.00753464155925 0.097867
pedestrian -1 -1 -10 881.73 166.43 918.186 267.83 1.84679716385 0.646929438463 0.700000071824 4.75635325666 1.60028083148 11.9213887148 0.00753464155925 0.068843
pedestrian -1 -1 -10 898.56 171.2 939.459 267.043 2.11776752733 0.669926682489 1.1849991032 7.64688462085 1.33460603685 17.4028061359 0.00753464155925 0.056496
pedestrian -1 -1 -10 997.72 172.23 1013.04 216.1 2.10376906585 0.673925954432 1.19599973307 9.8597085396 1.26980083709 17.5760149838 0.00753464155925 0.0347
pedestrian -1 -1 -10 1015.1 171.2 1035.52 229.922 2.12976617455 0.773915381562 1.19099962016 10.3723529595 1.29369076009 17.7250130203 0.00753464155925 0.029555
pedestrian -1 -1 -10 899.4 189.28 921.555 256.95 1.84679716385 0.646929438463 0.700000071824 4.75635325666 1.60028083148 11.9213887148 0.00753464155925 0.028988
pedestrian -1 -1 -10 927.5 174.9 961.03 237.397 2.15476346552 0.995891185077 0.74099947181 8.21030190809 1.34293251561 17.9887930554 0.00753464155925 0.022706
pedestrian -1 -1 -10 911.31 174.12 944.654 248.286 2.09277023637 0.717920806513 0.747999915986 6.34899516899 1.36735569801 14.4275041001 0.00753464155925 0.022024
pedestrian -1 -1 -10 996.84 172.03 1033.37 229.294 2.28174937702 0.946896766283 0.885999885187 6.24723830706 1.61941797611 11.3880189956 0.00753464155925 0.01373
pedestrian -1 -1 -10 975.66 161.4 1010.11 226.615 2.17576112794 1.12587610535 1.19200002421 9.54644711041 1.35236686285 17.8037169107 0.00753464155925 0.013127
pedestrian -1 -1 -10 1004.1 172.3 1021.4 227.271 2.28174937702 0.945896471512 0.943999478334 6.2182355629 1.61943168585 11.3877370508 0.00753464155925 0.0055637
pedestrian -1 -1 -10 956.93 128.95 969.568 165.954 1.59382494998 0.687924359802 0.784999607114 9.26342606266 0.773879564836 18.0291360811 0.00753464155925 0.0054766
pedestrian -1 -1 -10 1004.0 174.22 1046.8 249.414 2.12976617455 0.773915381562 1.19899999155 10.3913519925 1.293676927 17.7248700714 0.00753464155925 0.0045695
pedestrian -1 -1 -10 1027.7 165.63 1048.02 228.543 2.119767282 0.595933476557 1.19599973307 10.3791783713 1.28236897553 17.6360422089 0.00753464155925 0.0038579
pedestrian -1 -1 -10 1017.1 155.93 1053.28 235.251 2.119767282 0.595933476557 1.19399892497 10.3491794967 1.28239081753 17.6362679206 0.00753464155925 0.0031186
pedestrian -1 -1 -10 862.19 152.6 897.392 241.275 1.84679716385 0.646929438463 0.660000122215 4.73635384794 1.60029539294 11.9215391904 0.00753464155925 0.0022897
pedestrian -1 -1 -10 946.79 126.05 964.012 175.423 1.63282070243 0.77191574559 0.305999662189 6.11929950986 0.941807930667 12.7598995332 0.00753464155925 0.0018979
pedestrian -1 -1 -10 982.79 153.25 1058.13 237.913 2.12976617455 0.773915381562 1.18899976573 10.2663555688 1.29376793617 17.7258105452 0.00753464155925 0.0018931
pedestrian -1 -1 -10 942.46 154.17 976.03 224.028 2.07077263701 0.637928692667 0.890000070883 9.12126514662 1.25130107333 18.051673747 0.00753464155925 0.0018237
pedestrian -1 -1 -10 869.21 156.17 888.358 205.869 1.79280319178 0.646929438463 0.660000122215 4.73633719971 1.54630142086 11.9219389936 0.00753464155925 0.0018148
pedestrian -1 -1 -10 895.87 150.47 911.203 196.637 2.09776962304 0.775914063963 1.14799941207 7.06373970433 1.31374442016 17.320348926 0.00753464155925 0.0012893
pedestrian -1 -1 -10 944.63 176.32 961.557 221.258 2.21975626707 1.18087038563 1.0009996211 6.07246787549 1.52973284425 12.820402332 0.00753464155925 0.0012213
pedestrian -1 -1 -10 950.34 129.2 974.707 198.82 1.8337986095 0.649928415635 0.973999678958 9.17914482441 1.01419599523 18.046992374 0.00753464155925 0.0011497
pedestrian -1 -1 -10 961.72 130.58 975.518 184.088 1.9607846998 0.878903421835 1.07399907614 9.1453227931 1.13951122577 17.9318161224 0.00753464155925 0.00098644
pedestrian -1 -1 -10 21.141 179.48 77.201 262.315 1.28885848892 0.467949145828 1.094999455 -8.2551553841 1.59800025744 10.61363777 0.00753464155925 0.00076193
pedestrian -1 -1 -10 890.3 148.41 902.791 191.554 1.62182196235 0.500945523281 0.700000071824 4.75624621938 1.37523161584 11.9180551387 0.00753464155925 0.00075417
pedestrian -1 -1 -10 884.65 151.73 897.952 191.008 1.62182196235 0.500945523281 0.700000071824 4.75624621938 1.37523161584 11.9180551387 0.00753464155925 0.0007046
pedestrian -1 -1 -10 221.82 206.45 243.794 261.088 1.47483807206 1.10987806401 0.736999762951 -5.92725044316 1.67616115541 10.99237207 0.00753464155925 0.00054423
pedestrian -1 -1 -10 889.97 175.73 911.168 255.851 1.84679716385 0.646929438463 0.700000071824 4.75635325666 1.60028083148 11.9213887148 0.00753464155925 0.00052926
pedestrian -1 -1 -10 881.59 154.69 895.243 202.052 1.73480947197 0.543941034161 0.700000071824 4.75644303371 1.48853738064 11.9387156579 0.00753464155925 0.000381
pedestrian -1 -1 -10 896.16 175.28 919.162 233.674 1.84679716385 0.646929438463 0.700000071824 4.75635325666 1.60028083148 11.9213887148 0.00753464155925 0.00037924
pedestrian -1 -1 -10 887.73 153.41 904.923 207.568 1.79280319178 0.646929438463 0.700000071824 4.75633660844 1.54628685941 11.9217885179 0.00753464155925 0.00033994
pedestrian -1 -1 -10 846.32 141.69 889.682 251.53 2.15076377738 0.957895240911 1.19399987864 6.33339711322 1.38446807837 17.406208651 0.00753464155925 8.8129e-05
pedestrian -1 -1 -10 430.23 174.27 444.773 206.995 1.04688507473 0.435953063145 1.1010004488 -8.76592854923 1.54317664617 37.8862679314 0.00753464155925 6.9539e-05
pedestrian -1 -1 -10 898.65 161.7 915.042 207.17 2.09776962304 0.748918501564 1.19299947459 7.1131365767 1.31350855788 17.3064791004 0.00753464155925 5.7165e-05
pedestrian -1 -1 -10 441.67 169.85 453.004 204.116 1.04688507473 0.435953063145 0.615000536533 -8.52293547099 1.54299972434 37.8844396502 0.00753464155925 4.3957e-05
pedestrian -1 -1 -10 435.0 171.35 448.602 206.723 0.0999890208244 0.0 0.0 -8.30295882404 1.57697988659 38.6953846871 0.0 2.9938e-05
pedestrian -1 -1 -10 897.1 109.22 919.722 177.259 1.49183621025 0.775914063963 0.923999503529 7.17354986032 0.707730919204 17.3240079954 0.00753464155925 2.1518e-05
pedestrian -1 -1 -10 894.4 132.1 912.216 179.003 1.85779602313 0.74291864008 1.14799941207 7.06354140893 1.07352658627 17.305628588 0.00753464155925 2.0631e-05
pedestrian -1 -1 -10 891.56 138.76 906.687 184.319 1.73180986976 0.729919575911 1.18899976573 6.9409571538 0.947533402039 17.3009837798 0.00753464155925 1.9187e-05
pedestrian -1 -1 -10 621.39 172.86 637.609 225.706 0.965893997425 0.449951468515 0.35099987372 0.57491840403 1.54774744961 20.2818022524 0.00753464155925 1.5166e-05
pedestrian -1 -1 -10 892.18 96.024 929.639 190.773 1.38284818017 0.698922834429 0.761999850666 7.25480383723 0.599253808694 17.3627001031 0.00753464155925 1.0895e-05
pedestrian -1 -1 -10 197.1 165.24 263.983 229.144 1.32285473549 1.19686842697 1.00799958844 -6.05938417306 1.45807142909 11.4540345382 0.00753464155925 9.8553e-06
pedestrian -1 -1 -10 875.9 146.2 904.56 202.878 1.66081759561 0.500945523281 0.700000071824 4.75625824309 1.41422724909 11.9177663921 0.00753464155925 9.2981e-06
pedestrian -1 -1 -10 874.59 141.59 895.162 189.408 1.52383267236 0.403956026893 0.700000071824 4.75585061877 1.27652440416 11.8702873374 0.00753464155925 3.3405e-06
pedestrian -1 -1 -10 882.37 136.62 900.838 187.564 1.80980131507 0.566937324617 1.13799966309 6.72780979965 1.04332303852 17.2102360841 0.00753464155925 7.1359e-07
pedestrian -1 -1 -10 1055.8 49.776 1134.73 231.176 1.58582587171 0.345962769442 1.19099962016 12.3429440842 0.701918663465 18.092951022 0.00753464155925 4.2357e-07
pedestrian -1 -1 -10 231.61 169.36 284.922 235.487 1.38884745908 0.97089335151 1.05199972375 -6.5815402282 1.6303537814 13.8142319755 0.00753464155925 4.1097e-07
pedestrian -1 -1 -10 880.48 105.6 917.402 179.412 1.49183621025 0.729919575911 1.18899976573 6.94088316155 0.707559742524 17.3027606859 0.00753464155925 8.7731e-08
pedestrian -1 -1 -10 1213.1 56.198 1241.95 221.548 1.63282073223 1.17987104443 0.933000278972 16.2418357306 0.657976481851 18.8676824234 0.00753464155925 2.4719e-09
pedestrian -1 -1 -10 758.18 45.159 793.006 260.319 1.55882882607 0.901901619431 0.804999581918 4.63378035948 0.781437536879 19.021780892 0.00753464155925 6.5929e-11
