pedestrian -1 -1 -10 70.003 44.113 213.033 356.453 0.365959848639 0.189981627973 0.846999862793 -26.7316933227 1.64737879703 41.2655033974 0.00753464155925 0.0034195
pedestrian -1 -1 -10 107.53 112.66 137.215 179.304 1.22986498117 0.538940513877 0.615999986911 -11.4179260996 0.407667994047 16.8160047654 0.00753464155925 0.0023251
pedestrian -1 -1 -10 441.3 154.2 459.229 198.526 1.87879368556 0.677923319235 0.732999577256 -9.18159831764 1.46485373231 41.5682254287 0.00753464155925 0.0010313
pedestrian -1 -1 -10 496.18 142.8 513.36 184.963 1.49883545589 0.346958296363 1.09799971348 -5.38750536741 0.358434528335 38.6643064408 0.00753464155925 0.00094487
pedestrian -1 -1 -10 478.04 132.78 500.718 188.914 0.544940215939 0.143985232781 0.735999835737 -6.05172649273 -0.599896006876 38.816956353 0.00753464155925 0.00092132
pedestrian -1 -1 -10 454.11 144.31 472.451 188.636 0.338962743406 0.423953340177 1.12200035082 -9.39805847638 -0.678520511093 47.9540667743 0.00753464155925 0.00072442
pedestrian -1 -1 -10 442.32 151.14 471.747 206.695 0.100988913059 0.122987624726 0.295999436368 -9.00328419861 0.712932404035 42.9915510846 0.00753464155925 0.00047897
pedestrian -1 -1 -10 453.34 137.9 482.762 205.159 0.343962189679 0.683926994998 1.05999914146 -9.0940893186 -0.676816777724 48.0818072227 0.00753464155925 0.00041911
pedestrian -1 -1 -10 462.77 132.97 497.153 204.698 0.376958678119 0.32796318499 0.512999377571 -9.43780697219 -0.740823130135 56.0366866288 0.00753464155925 0.00033741
pedestrian -1 -1 -10 448.13 148.54 464.658 190.502 0.599934124947 0.200978195461 0.258000294863 -8.80994100849 0.736494154226 44.1215946946 0.00753464155925 0.00028118
pedestrian -1 -1 -10 434.19 150.07 451.162 196.749 1.35985067368 0.903900301833 1.09599938221 -9.3901036899 0.944389101339 41.4606438901 0.00753464155925 0.00026099
pedestrian -1 -1 -10 880.68 164.06 901.429 210.532 1.76980568528 0.45594751572 1.13800013993 14.7697618158 1.31761384168 37.2145544232 0.00753464155925 0.00019052
pedestrian -1 -1 -10 887.69 158.74 905.123 214.172 1.76980568528 0.555938849989 1.1629997508 15.040876986 1.31667602859 37.1625174689 0.00753464155925 0.00014592
pedestrian -1 -1 -10 502.25 142.89 519.753 183.566 1.74180877721 0.346958296363 0.721999901057 -5.19943278222 0.606270418173 38.6610188135 0.00753464155925 0.00010845
pedestrian -1 -1 -10 483.08 133.15 513.291 187.11 1.75080773282 0.338959752478 1.11499990664 -5.66495248799 0.606550130708 38.6605886138 0.00753464155925 0.00010322
pedestrian -1 -1 -10 82.032 111.76 151.889 198.669 1.22986498117 0.893903075546 0.637999339307 -11.4302627097 0.405048549852 16.6386112817 0.00753464155925 6.9698e-05
pedestrian -1 -1 -10 1106.3 181.21 1192.96 301.03 2.32074524867 1.07188211984 1.1979995875 6.41175800313 1.69395689299 8.52707008848 0.00753464155925 2.9236e-05
pedestrian -1 -1 -10 65.9 121.91 120.829 185.416 1.08588078248 0.75691704545 0.531999425161 -11.4853811038 0.257024862647 16.3646148405 0.00753464155925 1.5395e-05
pedestrian -1 -1 -10 926.62 101.78 969.159 189.511 1.66981664062 0.734920096194 0.495000210871 4.83844710336 1.03248493178 10.1856255789 0.00753464155925 3.0447e-06
pedestrian -1 -1 -10 55.965 120.36 134.631 220.45 1.08588078248 0.739918709338 0.531999425161 -11.4854451413 0.25689904001 16.3561159137 0.00753464155925 2.0881e-06
