pedestrian -1 -1 -10 447.46 184.01 458.02 213.507 0.601933879617 0.275970742593 0.517999490482 -9.24335689445 1.84044390711 44.227045935 0.00753464155925 0.092394
pedestrian -1 -1 -10 882.01 150.99 907.61 212.341 2.47772795701 0.761915658594 1.03200022578 9.63841981824 1.56065923434 24.0410361437 0.00753464155925 0.059092
pedestrian -1 -1 -10 867.22 156.06 908.543 227.622 2.62871140134 0.904901550173 0.876000136203 9.56100720326 1.71275785802 24.111995946 0.00753464155925 0.016647
pedestrian -1 -1 -10 328.44 192.94 344.202 223.422 0.756916892886 0.402955732122 0.309999371048 -12.6082963026 2.03627785562 33.337643389 0.00753464155925 0.014913
pedestrian -1 -1 -10 894.74 150.83 917.39 213.562 2.48672691262 0.500944569711 1.18299924877 9.88892805846 1.56054415586 23.9086990878 0.00753464155925 0.0053517
pedestrian -1 -1 -10 324.69 195.91 339.461 221.853 0.756916892886 0.402955732122 0.309999371048 -12.6082963026 2.03627785562 33.337643389 0.00753464155925 0.0025808
pedestrian -1 -1 -10 781.0 163.13 807.77 237.383 2.73369977308 0.637930599807 0.740999948647 5.4152227588 1.90855737874 20.886162512 0.00753464155925 0.0022817
pedestrian -1 -1 -10 792.97 192.8 805.96 237.82 2.72470081747 0.637930599807 0.740999948647 5.41521998411 1.89955842312 20.8862291455 0.00753464155925 0.0012822
pedestrian -1 -1 -10 854.98 175.34 868.989 211.294 2.26575122046 1.16287461545 1.13199962296 11.7028672059 1.57290118909 32.8534486183 0.00753464155925 0.0012293
pedestrian -1 -1 -10 857.93 178.69 872.744 217.769 1.82879922282 0.973892328682 1.0559994326 11.8177109425 1.57421704597 32.9438439155 0.00753464155925 0.00085653
pedestrian -1 -1 -10 863.82 171.05 875.331 210.563 1.82879922282 1.15087489249 0.853999830133 11.9856439348 1.57593837198 33.0670705469 0.00753464155925 0.00071972
pedestrian -1 -1 -10 66.652 173.03 90.742 236.873 0.0999890208244 0.0 0.0 -28.3480814583 1.57322900165 38.7554637339 0.0 0.00070509
pedestrian -1 -1 -10 903.02 155.24 921.135 217.838 2.48672691262 0.344961521102 0.975999533388 9.99183735406 1.55931420509 23.8299310659 0.00753464155925 0.00045885
pedestrian -1 -1 -10 862.36 164.39 892.405 225.181 2.62871140134 0.98589205165 0.643999856269 9.44619691341 1.71517371083 24.2703472508 0.00753464155925 0.00036596
pedestrian -1 -1 -10 109.81 109.28 137.657 190.331 0.386957511067 0.181979269808 0.452999929996 -13.7346447876 -0.532429558938 20.8331896825 0.00753464155925 0.00036064
pedestrian -1 -1 -10 217.93 191.6 239.418 252.429 0.623931538577 0.271969563511 0.436000690509 -22.0098863093 1.85468791072 41.2807732815 0.00753464155925 4.6592e-05
pedestrian -1 -1 -10 905.3 170.19 926.863 228.12 2.48672691262 0.344961521102 0.822999702293 10.0683351043 1.55925850753 23.8293554964 0.00753464155925 4.3946e-05
pedestrian -1 -1 -10 433.87 180.59 449.729 225.446 0.105988284835 0.137985371297 0.218999795632 -12.6547973574 2.41692157328 56.1301856429 0.00753464155925 8.5487e-06
pedestrian -1 -1 -10 199.59 191.86 236.393 258.236 1.30985621094 1.15287357489 0.718999642576 -9.4372465654 1.94657363544 17.2189504075 0.00753464155925 4.8784e-06
pedestrian -1 -1 -10 326.24 175.31 355.131 226.46 1.00188993908 0.572935278961 0.525000411495 -12.4705426032 2.10249039492 34.439591803 0.00753464155925 4.3011e-06
pedestrian -1 -1 -10 225.34 202.63 251.293 256.478 0.344962126612 0.581936978327 0.31599988801 -18.6906098275 2.41301514217 37.3828981584 0.00753464155925 1.4817e-06
