pedestrian -1 -1 -10 404.11 130.91 472.696 326.0 1.95899129957 0.472999252213 0.485998236091 -1.84109989613 1.46381878622 7.46280861747 0.00692802392802 0.99861
pedestrian -1 -1 -10 747.83 148.96 767.359 212.376 2.1879902184 0.421000195349 1.13899566199 3.11739768799 1.28844212506 14.1942855618 0.00692802392802 0.0007087
pedestrian -1 -1 -10 346.68 204.7 372.268 267.434 1.02499537021 1.19799914237 1.01999638922 -3.70459300653 1.38941684192 10.5617516389 0.00692802392802 0.00058494
pedestrian -1 -1 -10 432.9 191.8 475.644 284.726 2.31198961735 0.764998871226 1.18899566497 -3.12096804044 1.39054100005 15.1605750728 0.00692802392802 0.00047791
pedestrian -1 -1 -10 739.75 148.84 760.284 206.311 2.06799075007 0.515999444325 1.19699553193 2.99582796714 1.168678702 14.2805601806 0.00692802392802 0.00029861
pedestrian -1 -1 -10 673.08 164.65 689.9 202.219 1.2209945336 0.349998236935 0.108999677486 2.06977197946 0.194861361931 18.1014301835 0.00692802392802 0.0001453
pedestrian -1 -1 -10 362.63 198.56 381.205 255.262 1.04699531645 1.18599906657 1.18899566497 -3.64282105166 1.37152848885 11.1893063086 0.00692802392802 5.1465e-05
pedestrian -1 -1 -10 326.61 195.44 350.49 275.285 0.973995599151 0.860999477555 1.18799550279 -3.78989541954 1.38987867934 10.3638682419 0.00692802392802 3.8863e-05
pedestrian -1 -1 -10 693.38 148.15 714.839 193.504 1.95899121016 0.424999902722 1.18999546953 2.09238681483 1.06296808313 14.457263793 0.00692802392802 1.7422e-05
pedestrian -1 -1 -10 757.76 158.74 784.156 238.152 0.762996576726 0.0960006063292 0.807996815258 4.0622886235 0.749898079084 17.6405265923 0.00692802392802 1.1469e-05
pedestrian -1 -1 -10 1050.7 275.8 1074.09 332.667 0.948995794356 0.411999900088 0.411998632219 3.2315306498 1.51031405116 5.29475363579 0.00692802392802 8.7597e-06
pedestrian -1 -1 -10 385.09 129.66 438.605 277.09 2.25098996013 0.521999959057 1.19599536975 -4.01754174129 1.32800716235 15.1662491864 0.00692802392802 2.1834e-06
