pedestrian -1 -1 -10 547.87 166.68 570.298 204.176 0.100988898159 0.0669901889673 0.37299979236 -3.46843658634 1.05867107151 58.6668971232 0.00753464155925 0.007458
pedestrian -1 -1 -10 68.556 127.58 89.884 165.009 1.33585331964 1.1708712522 1.1779996127 -6.7864260987 0.690044477764 9.26667502634 0.00753464155925 0.0011312
pedestrian -1 -1 -10 240.52 114.97 262.542 158.265 1.5828261503 1.19586908577 1.19299971301 -3.31108861888 1.03268957324 6.68539218027 0.00753464155925 0.0010901
pedestrian -1 -1 -10 16.354 107.44 39.385 163.804 0.75791678512 0.648928597649 0.426999915066 -5.39947377499 0.185924767295 6.81707274821 0.00753464155925 0.00084766
pedestrian -1 -1 -10 210.47 115.77 228.911 165.082 1.64981879592 1.01088940843 1.18899976573 -3.16762844749 1.10064077557 5.9451993696 0.00753464155925 0.00078907
pedestrian -1 -1 -10 251.44 115.51 273.812 164.21 1.64881900799 1.17887074966 1.17999970554 -2.96075718751 1.1002004376 6.12666485792 0.00753464155925 0.00022929
pedestrian -1 -1 -10 252.9 180.54 273.91 229.396 2.09177035903 1.19686890375 1.1979995875 -3.04707162966 1.53726618798 6.3301520233 0.00753464155925 0.00020944
pedestrian -1 -1 -10 195.09 166.95 231.344 241.002 2.07877177488 1.1458743722 1.1979995875 -3.29548766742 1.52468715459 6.01056936751 0.00753464155925 0.00015924
pedestrian -1 -1 -10 712.03 154.25 744.098 221.071 1.81180106974 0.81391000813 0.813999880524 6.18608106859 1.39738373912 35.4231050094 0.00753464155925 0.00014256
pedestrian -1 -1 -10 261.2 179.48 283.24 231.635 2.09277026617 1.19686890375 1.19099962016 -3.06393667562 1.54049179793 6.54726869586 0.00753464155925 6.147e-05
pedestrian -1 -1 -10 65.713 121.45 100.567 169.233 1.33585331964 1.0678828479 1.15299952498 -6.82518289451 0.691531278627 9.36545840537 0.00753464155925 5.7763e-05
pedestrian -1 -1 -10 722.63 157.26 741.149 207.97 1.13987485885 0.820909210815 0.15700001679 3.66945424376 1.53162376595 21.2816527324 0.00753464155925 5.7441e-05
pedestrian -1 -1 -10 710.04 171.41 729.992 215.642 0.949895706772 1.03088529136 0.521999676177 5.93056316469 0.543016383872 35.9278672611 0.00753464155925 2.6907e-05
