pedestrian -1 -1 -10 31.489 157.26 104.787 315.75 1.67299246788 0.730000001206 0.779997280886 -6.45693856625 1.39938191631 8.4834036503 0.00692802392802 0.9994
pedestrian -1 -1 -10 1092.5 120.4 1169.88 346.39 1.90099148601 0.90399919283 0.855997209126 5.19345848165 1.48237091217 6.63060826004 0.00692802392802 0.99167
pedestrian -1 -1 -10 1083.8 144.63 1137.67 325.99 1.90099148601 0.90399919283 0.663997540994 5.09746095358 1.48263489697 6.63127365093 0.00692802392802 0.0096968
pedestrian -1 -1 -10 1126.0 122.48 1183.32 340.51 1.90099148601 0.90399919283 1.06499605812 5.29795539598 1.4820835548 6.62988395707 0.00692802392802 0.0031231
pedestrian -1 -1 -10 43.818 152.27 82.017 311.46 1.67299246788 0.730000001206 0.779997280886 -6.45693856625 1.39938191631 8.4834036503 0.00692802392802 0.0013193
pedestrian -1 -1 -10 664.05 211.77 683.035 260.162 2.25898994058 1.17699924815 1.10599591274 1.31699651623 1.440921575 12.8708621031 0.00692802392802 0.00077232
pedestrian -1 -1 -10 23.39 171.87 70.011 311.39 1.22199458331 0.816998881763 0.8269965589 -11.3761644398 1.13026006309 14.3310773496 0.00692802392802 0.0003819
pedestrian -1 -1 -10 692.44 150.82 712.686 191.178 1.95899121016 0.542999853273 1.19299536004 2.06907450027 1.06300130334 14.4844264359 0.00692802392802 0.00019736
pedestrian -1 -1 -10 1104.9 198.99 1156.52 327.53 1.90099148601 0.90399919283 0.87899688625 5.20495804398 1.48233928938 6.63052855274 0.00692802392802 0.00014979
pedestrian -1 -1 -10 346.42 204.08 372.62 267.309 0.9979955405 1.15599840026 1.03399603719 -3.68794951393 1.37743065798 10.509637239 0.00692802392802 0.00014235
pedestrian -1 -1 -10 48.251 157.58 70.221 210.613 1.24899440557 0.204999784782 1.1899951119 -12.3907141354 0.180804773944 16.2970347592 0.00692802392802 0.00013838
pedestrian -1 -1 -10 753.1 159.38 771.652 210.089 2.30198973119 0.508999479586 1.03799620909 3.18352694416 1.4031824236 14.2618960799 0.00692802392802 0.00010136
pedestrian -1 -1 -10 758.53 164.91 777.729 212.952 2.40298923105 0.678999440675 0.985996358577 3.26225299379 1.50386858255 14.3464111579 0.00692802392802 4.8419e-05
pedestrian -1 -1 -10 339.71 186.64 359.603 243.588 1.03699534088 1.13999957077 1.18599565526 -3.96797836926 1.35952901503 11.0985481953 0.00692802392802 3.6805e-05
pedestrian -1 -1 -10 1138.2 153.08 1213.78 320.46 2.16399033666 1.16299931867 0.689997943086 10.2613453579 1.19997482815 12.240655608 0.00692802392802 2.816e-05
pedestrian -1 -1 -10 1095.2 186.69 1140.53 301.26 1.90099148601 0.90399919283 0.707997524545 5.1194604169 1.48257440037 6.63112116531 0.00692802392802 2.4759e-05
pedestrian -1 -1 -10 54.32 155.65 76.242 220.854 1.60299284756 0.730000001206 0.758997451294 -6.46753475274 1.32941116914 8.48343639054 0.00692802392802 1.6626e-05
pedestrian -1 -1 -10 1139.8 196.64 1171.76 328.93 2.05999082923 0.696999077525 0.466998254031 10.1506012584 1.20017909339 12.329485564 0.00692802392802 1.353e-05
pedestrian -1 -1 -10 62.2 153.45 91.514 240.803 1.67299246788 0.730000001206 0.779997280886 -6.45693856625 1.39938191631 8.4834036503 0.00692802392802 1.1034e-05
pedestrian -1 -1 -10 1137.8 219.71 1160.86 317.061 1.87099164873 0.846999071241 1.118996233 5.32511091499 1.45197632635 6.65817903332 0.00692802392802 9.7507e-06
pedestrian -1 -1 -10 1092.5 126.79 1154.43 222.574 1.76799206436 0.860999477555 0.803997358611 5.16712683495 1.34946799028 6.6092130589 0.00692802392802 6.1485e-06
pedestrian -1 -1 -10 757.31 159.8 788.208 234.516 0.762996591628 0.0939997989693 0.743997164298 4.08625753125 0.748836752929 17.6363585357 0.00692802392802 4.2096e-06
pedestrian -1 -1 -10 1121.8 161.81 1163.37 336.56 1.90099148601 0.90399919283 0.925996641099 5.22845735691 1.48227466832 6.63036567116 0.00692802392802 1.024e-06
pedestrian -1 -1 -10 33.71 118.19 87.148 249.07 1.24899440557 0.194999562677 1.18099532117 -12.3862489887 0.180798214966 16.2920035787 0.00692802392802 3.7065e-07
pedestrian -1 -1 -10 1198.1 230.85 1223.41 313.8 0.944995804131 0.515999921162 0.835996826465 4.49611830161 1.41585805152 5.26688435181 0.00692802392802 2.5785e-07
pedestrian -1 -1 -10 1170.3 226.25 1213.55 321.931 1.01999539733 0.515999921162 0.835996826465 4.49622172009 1.49085764472 5.26692724798 0.00692802392802 2.2497e-07
pedestrian -1 -1 -10 16.649 136.03 66.444 236.028 1.13099493235 0.215999456893 1.1899951119 -12.8505251467 0.0500069073608 16.3546378611 0.00692802392803 1.2058e-07
pedestrian -1 -1 -10 27.239 87.771 76.118 224.121 1.25399437845 0.212999199527 1.1899951119 -12.5725775725 0.181281984378 16.3182933325 0.00692802392802 8.6873e-09
