pedestrian -1 -1 -10 1063.7 124.68 1082.8 173.485 1.58682574904 1.18586995234 1.19099914332 7.71319209909 0.868800549822 11.8805104688 0.00753464155925 0.00067895
pedestrian -1 -1 -10 1079.6 140.08 1098.23 196.954 1.4818373177 1.14387473623 1.13499940461 7.63165027656 0.779938813359 11.4135982844 0.00753464155925 0.00045482
pedestrian -1 -1 -10 1011.9 135.47 1030.35 174.584 1.5018351028 1.04588494507 0.93899984226 5.95154189083 0.996772487818 10.5880806693 0.00753464155925 0.00030679
pedestrian -1 -1 -10 1002.4 122.57 1019.14 163.891 1.53683122671 1.19286915503 1.18299972561 6.98545486675 0.834694241256 12.4507064141 0.00753464155925 0.00020605
pedestrian -1 -1 -10 1020.3 142.45 1039.28 181.673 1.57382722449 1.07088182507 1.1539994522 7.27299538409 0.87258510647 12.3202353115 0.00753464155925 0.00019023
pedestrian -1 -1 -10 683.75 152.77 707.259 206.715 0.319964865446 0.116987763242 0.957999413013 5.77680345222 0.473845507254 46.1707980154 0.00753464155925 0.00013011
pedestrian -1 -1 -10 1007.3 141.55 1037.58 195.918 1.88279331409 1.1818706804 1.13999951752 5.84807352261 1.37173484454 10.1760721957 0.00753464155925 7.6112e-05
pedestrian -1 -1 -10 691.3 135.35 712.103 182.112 0.100988957758 0.105991195754 0.237999843222 10.96144824 -0.333158384874 78.469019444 0.00753464155925 7.5888e-05
pedestrian -1 -1 -10 1044.0 111.17 1078.26 182.198 1.59482488692 1.15187328012 1.17299997662 7.69733737635 0.873032362553 12.1656656653 0.00753464155925 5.0707e-05
pedestrian -1 -1 -10 1005.0 127.18 1037.29 177.177 1.5018351028 1.04588494507 0.93899984226 5.95154189083 0.996772487818 10.5880806693 0.00753464155925 2.9108e-05
pedestrian -1 -1 -10 701.55 137.28 719.897 186.014 0.0999890208244 0.00299802360236 0.16399998413 7.92172496729 -1.28670494792 51.0967524876 0.00753464155925 1.8727e-05
pedestrian -1 -1 -10 562.18 166.69 577.827 222.693 0.301966805224 0.153982459068 0.314999960795 -1.25759657019 1.30169911956 33.5031591007 0.00753464155925 3.7072e-06
pedestrian -1 -1 -10 803.76 201.3 829.845 234.118 1.38484794974 0.823909141557 1.19499956744 2.97586324566 1.51967551299 10.4528737355 0.00753464155925 3.5585e-06
pedestrian -1 -1 -10 566.84 169.69 582.612 217.868 0.301966805224 0.153982459068 0.584999859071 -1.12260044211 1.30160082967 33.5021433892 0.00753464155925 3.5139e-06
pedestrian -1 -1 -10 171.78 185.97 246.064 278.62 0.439951699161 1.15487321086 0.608999542734 -5.0305884308 0.400526994499 8.62501333182 0.00753464155925 7.4312e-07
