pedestrian -1 -1 -10 897.07 152.43 976.66 305.7 1.69299247861 0.618999061719 0.780997204652 3.96171184498 1.44152187313 8.59476354983 0.00692802392802 0.99849
pedestrian -1 -1 -10 634.62 169.29 655.863 215.75 2.06899079233 0.427999206414 1.18899554576 0.923903048404 1.17504347649 14.5859286472 0.00692802392802 0.0018188
pedestrian -1 -1 -10 658.32 199.42 670.537 244.6 2.26698980182 1.18599906657 1.04899608577 1.21705800486 1.44226779367 12.8090493853 0.00692802392802 0.00066068
pedestrian -1 -1 -10 928.07 171.58 995.628 292.71 0.879996097088 0.70599889595 0.238998946146 5.53377615535 1.35285487011 10.635792656 0.00692802392802 0.00023384
pedestrian -1 -1 -10 652.53 191.88 666.657 242.762 2.26698980182 0.815999431756 0.879996690807 1.13055815535 1.44283625668 12.520642164 0.00692802392802 0.00020759
pedestrian -1 -1 -10 344.61 209.71 366.016 274.67 1.01199547648 1.13999957077 1.08799573524 -3.70703641442 1.39050030347 10.4947758213 0.00692802392802 0.0001605
pedestrian -1 -1 -10 739.25 144.15 761.589 209.47 2.06599072516 0.586000045386 1.1979954557 3.01943812929 1.16759543066 14.296397175 0.00692802392802 0.00013492
pedestrian -1 -1 -10 704.42 141.22 725.749 190.767 1.96399118304 0.415999130623 1.19099539329 2.3224127932 1.06241158393 14.3891652362 0.00692802392802 7.2007e-05
pedestrian -1 -1 -10 920.02 162.36 955.557 283.07 1.69299247861 0.618999061719 0.780997204652 3.96171184498 1.44152187313 8.59476354983 0.00692802392802 4.7254e-05
pedestrian -1 -1 -10 887.21 155.81 933.724 289.53 2.22599009573 0.754998649121 1.17599570234 5.1110424485 1.37360015762 11.872493228 0.00692802392802 2.6992e-05
pedestrian -1 -1 -10 1051.4 275.9 1073.9 332.735 0.926995818317 0.385999894819 0.396998345223 3.22110732749 1.48932554596 5.30981446982 0.00692802392802 1.0749e-05
pedestrian -1 -1 -10 915.64 206.32 939.326 274.528 1.68899242878 0.618999061719 0.780997204652 3.96170632923 1.4375218233 8.594761262 0.00692802392802 8.3489e-06
pedestrian -1 -1 -10 703.55 174.68 721.939 226.882 0.754996626079 0.327998892713 1.06099612463 2.86034881564 0.73911178214 17.7288477991 0.00692802392802 3.8242e-06
pedestrian -1 -1 -10 1197.4 230.97 1223.36 311.155 0.933995756507 0.436999501676 0.861996751722 4.53624804355 1.41372762157 5.2841106019 0.00692802392802 2.6285e-07
pedestrian -1 -1 -10 959.4 191.33 1003.85 288.42 2.26098984629 0.943999604413 1.19599513133 6.34613310331 1.39335058311 11.7354358148 0.00692802392802 2.1757e-07
