pedestrian -1 -1 -10 875.83 111.6 909.19 201.347 1.82179996228 0.549939942075 0.47999987214 6.21241388238 1.09128086432 15.2947341135 0.00753464155925 0.0080868
pedestrian -1 -1 -10 881.46 105.58 896.326 184.544 1.51783337855 0.549939942075 0.446999889871 6.19582063476 0.787326293791 15.2971090034 0.00753464155925 0.0024128
pedestrian -1 -1 -10 870.94 135.59 900.935 197.038 0.968893625705 0.868906195548 0.598999793751 6.19821215969 0.215232415648 16.5741723129 0.00753464155925 0.0020877
pedestrian -1 -1 -10 876.93 156.68 896.395 199.547 1.15787285203 1.1208774922 0.217999868418 5.57526730859 1.1072527397 14.1807300918 0.00753464155925 0.0013565
pedestrian -1 -1 -10 871.73 157.48 888.16 197.161 1.28285918766 1.1578731416 0.293999581939 5.45569378933 1.23701289122 14.4971790553 0.00753464155925 0.00027014
pedestrian -1 -1 -10 884.92 112.71 905.105 177.165 1.51783337855 0.549939942075 0.446999889871 6.19582063476 0.787326293791 15.2971090034 0.00753464155925 0.00024487
pedestrian -1 -1 -10 883.19 152.75 903.683 204.155 1.82179996228 0.549939942075 0.47999987214 6.21241388238 1.09128086432 15.2947341135 0.00753464155925 0.00015402
pedestrian -1 -1 -10 1229.9 270.89 1241.11 322.437 1.98778168583 1.19786872174 1.17299949979 5.81622974369 1.38695229868 6.67838166043 0.00753464155925 9.4882e-05
pedestrian -1 -1 -10 401.54 98.774 434.226 199.204 1.42584341216 0.462948625544 0.664999758288 -6.20068160445 0.573055331533 23.0025550756 0.00753464155925 3.9129e-05
pedestrian -1 -1 -10 859.7 146.37 893.121 196.102 1.16787174458 1.17187154697 0.177999918809 5.5143872988 1.12341906337 14.5945808546 0.00753464155925 2.1191e-05
pedestrian -1 -1 -10 860.38 142.52 923.064 240.406 1.82179996228 0.549939942075 0.47999987214 6.21241388238 1.09128086432 15.2947341135 0.00753464155925 6.3553e-06
pedestrian -1 -1 -10 29.875 145.38 105.613 224.327 1.52183288789 1.18687024711 0.310000324722 -10.8195223326 0.746362960895 14.4563181515 0.00753464155925 1.3237e-06
pedestrian -1 -1 -10 69.949 155.07 128.148 236.804 1.40684550441 1.18487061114 0.501000250996 -11.0471559999 0.596094562485 15.6445702617 0.00753464155925 5.2424e-08
pedestrian -1 -1 -10 826.61 193.9 878.75 268.278 1.56482816458 1.15987373114 0.331000226741 5.38973635878 1.5475980563 15.7493379139 0.00753464155925 1.2299e-08
pedestrian -1 -1 -10 912.27 254.71 962.355 342.946 1.45384036493 1.19786919852 0.696999932552 2.24469138097 1.63016055394 4.44442857419 0.00753464155925 1.6192e-09
pedestrian -1 -1 -10 1162.6 240.93 1232.86 343.87 1.92578851629 1.19586860898 1.17499983105 6.08621189061 1.30761210928 7.47717344694 0.00753464155925 7.2243e-10
