pedestrian -1 -1 -10 1030.0 185.33 1047.25 225.186 1.19086931812 0.315965369161 0.407998913803 18.4111858423 2.18113313985 30.3671080749 0.00753464155925 0.93363
pedestrian -1 -1 -10 1036.2 188.53 1053.49 227.744 1.19086931812 0.315965369161 0.407998913803 18.4111858423 2.18113313985 30.3671080749 0.00753464155925 0.13574
pedestrian -1 -1 -10 1017.0 185.25 1035.29 227.573 1.00988907695 0.663928728145 1.1719986189 18.4294308553 2.24615149864 31.4478189462 0.00753464155925 0.012166
pedestrian -1 -1 -10 153.64 130.43 189.881 227.251 0.973893045904 1.04088633193 0.553998777558 -18.4055607032 0.94393740304 30.5167045886 0.00753464155925 0.0048966
pedestrian -1 -1 -10 705.3 161.88 730.137 223.794 0.949895721671 0.914898776461 0.525999623455 3.89198584827 1.85558859622 27.092576212 0.00753464155925 0.0011705
pedestrian -1 -1 -10 169.32 149.86 188.535 204.768 0.973893045904 0.731920165452 0.457998135558 -18.3563977771 0.946189440151 30.6708221423 0.00753464155925 0.0011601
pedestrian -1 -1 -10 1117.2 102.86 1215.48 333.99 2.00078026998 0.519943018579 0.276999865616 4.22008619297 1.45395066595 5.46334335869 0.00753464155925 0.0010415
pedestrian -1 -1 -10 1025.6 182.39 1053.67 234.507 0.580936217188 0.293966512766 0.587999163878 18.9073129532 1.84780136137 31.7139755039 0.00753464155925 0.00065561
pedestrian -1 -1 -10 729.82 182.19 745.935 234.069 2.31274602139 0.997891774618 1.07899966589 4.75714695616 2.22899109357 25.7449318904 0.00753464155925 0.00052906
pedestrian -1 -1 -10 179.13 136.93 196.914 200.468 1.88679279363 0.660926890263 0.848999717223 -15.9466522402 0.832393755022 28.0912538814 0.00753464155925 0.00034358
pedestrian -1 -1 -10 730.35 168.73 756.472 232.505 2.33174398875 0.965895691936 1.18799936168 4.92252746615 2.24763172805 25.7275484444 0.00753464155925 0.00018538
pedestrian -1 -1 -10 1098.2 91.422 1135.2 206.152 0.360960402365 0.190977154894 0.35700024167 31.821325296 -0.892513024722 45.0129559713 0.00753464155923 0.00017294
pedestrian -1 -1 -10 714.47 157.29 747.382 230.077 2.18176048135 1.14287444146 0.994999819396 4.59739555164 2.10064660921 25.9175903546 0.00753464155925 0.00014135
pedestrian -1 -1 -10 954.74 167.49 973.636 200.861 0.732919479256 0.234974867684 0.506000363906 15.4420650669 1.87411614358 29.9710778544 0.00753464155925 5.5986e-05
pedestrian -1 -1 -10 1017.1 167.94 1038.9 218.497 0.291967912677 0.0579923038808 0.111999477434 19.1119755329 1.18151368399 32.516269741 0.00753464155925 3.1295e-05
pedestrian -1 -1 -10 1058.6 112.45 1089.98 182.786 1.44984082579 0.596934724898 0.423999656585 10.82590676 0.625156237095 16.9648545085 0.00753464155925 1.5882e-06
pedestrian -1 -1 -10 1070.1 106.71 1100.65 173.057 1.42484350503 0.686925018601 0.697999740557 13.3957573643 0.509601534013 19.7364013292 0.00753464155925 9.0043e-07
