pedestrian -1 -1 -10 793.52 138.76 857.926 325.99 1.88799159229 0.647999801191 0.559997839964 2.47697343736 1.51746389915 7.85350651299 0.00692802392802 0.99696
pedestrian -1 -1 -10 1120.5 144.32 1189.67 329.66 1.72699224651 0.802999429122 0.776997032752 5.92531407552 1.47150733546 7.37014494256 0.00692802392802 0.99443
pedestrian -1 -1 -10 916.71 147.56 994.805 345.83 1.80599187464 0.672999879616 0.471998111279 3.29605626762 1.52770401365 6.54335933696 0.00692802392802 0.99349
pedestrian -1 -1 -10 1071.3 138.87 1139.14 341.05 1.8329918161 0.545999633803 0.650997578365 4.6765011671 1.50989810284 6.54225908924 0.00692802392802 0.98761
pedestrian -1 -1 -10 969.78 154.14 1039.8 352.82 1.6329927016 0.662000207505 0.624997653108 4.49752875416 1.43991512834 7.83356597384 0.00692802392802 0.93922
pedestrian -1 -1 -10 1013.0 160.09 1058.52 304.07 1.71799231321 0.535998934861 0.463998482733 5.22736074478 1.47018496292 8.46051093894 0.00692802392802 0.86769
pedestrian -1 -1 -10 895.39 155.67 963.011 327.07 1.80599187464 0.672999879616 0.471998111279 3.29605626762 1.52770401365 6.54335933696 0.00692802392802 0.7999
pedestrian -1 -1 -10 970.72 155.08 1109.06 334.03 1.71799231321 0.535998934861 0.463998482733 5.22736074478 1.47018496292 8.46051093894 0.00692802392802 0.69062
pedestrian -1 -1 -10 1037.5 147.55 1180.24 332.48 1.8329918161 0.545999633803 0.650997578365 4.6765011671 1.50989810284 6.54225908924 0.00692802392802 0.66296
pedestrian -1 -1 -10 903.36 164.58 942.033 307.85 1.68199243471 0.700999738571 0.565997859396 3.72069218839 1.49146158674 8.35449224637 0.00692802392802 0.13397
pedestrian -1 -1 -10 1144.9 143.83 1208.76 340.49 1.72699224651 1.17999902868 1.00099616874 6.03688488291 1.47127087733 7.30787009996 0.00692802392802 0.10091
pedestrian -1 -1 -10 978.33 176.6 1015.65 318.0 1.6329927016 0.662000207505 0.624997653108 4.49752875416 1.43991512834 7.83356597384 0.00692802392802 0.07019
pedestrian -1 -1 -10 899.32 227.14 929.732 309.31 1.68199243471 0.890999190196 0.565997859396 3.7213503435 1.4913511037 8.44948969231 0.00692802392802 0.053973
pedestrian -1 -1 -10 293.58 180.88 311.072 230.755 1.0639952749 1.18200031288 0.544997552968 -6.93460707446 1.07480509956 16.2598816834 0.00692802392802 0.047464
pedestrian -1 -1 -10 303.65 176.96 323.316 223.609 0.870996133983 1.0949985713 0.351998437905 -7.00983245826 1.11671044601 17.3990921265 0.00692802392802 0.038377
pedestrian -1 -1 -10 616.01 165.1 629.979 195.184 0.38499827534 0.229999386371 0.433998385577 1.50935227452 0.323791328308 45.7436318864 0.00692802392802 0.033713
pedestrian -1 -1 -10 1034.9 149.58 1094.31 291.35 0.313998582959 0.315999770595 0.144999913283 9.00354630903 1.14774575936 13.731921074 0.00692802392802 0.030292
pedestrian -1 -1 -10 918.43 231.2 941.483 301.524 1.80599187464 0.672999879616 0.471998111279 3.29605626762 1.52770401365 6.54335933696 0.00692802392802 0.02723
pedestrian -1 -1 -10 787.75 150.1 832.927 278.6 1.88799159229 0.647999801191 0.559997839964 2.47697343736 1.51746389915 7.85350651299 0.00692802392802 0.024623
pedestrian -1 -1 -10 810.17 193.1 855.612 309.21 1.90499147624 0.663000134348 0.573997726359 2.48404861482 1.53443581177 7.86096770492 0.00692802392802 0.024103
pedestrian -1 -1 -10 1010.4 151.12 1033.74 259.46 1.6329927016 0.662000207505 0.624997653108 4.49752875416 1.43991512834 7.83356597384 0.00692802392802 0.022131
pedestrian -1 -1 -10 920.15 231.62 952.989 324.795 1.68199243471 0.700999738571 0.565997859396 3.72069218839 1.49146158674 8.35449224637 0.00692802392802 0.021919
pedestrian -1 -1 -10 875.69 156.73 933.435 316.58 1.68199243471 0.890999190196 0.565997859396 3.7213503435 1.4913511037 8.44948969231 0.00692802392802 0.01974
pedestrian -1 -1 -10 780.17 177.78 798.894 227.628 1.59799283743 0.535998934861 0.494998026821 5.78956658058 1.36681263302 21.417884748 0.00692802392802 0.019252
pedestrian -1 -1 -10 983.53 158.99 1042.47 272.95 1.6329927016 0.662000207505 0.624997653108 4.49752875416 1.43991512834 7.83356597384 0.00692802392802 0.0158
pedestrian -1 -1 -10 612.64 168.63 622.807 196.357 0.0999995529652 0.228999936365 0.562997909284 1.29595895847 -0.25077747521 51.1252413552 0.00692802392802 0.015172
pedestrian -1 -1 -10 927.19 186.27 970.995 324.54 1.80599187464 0.672999879616 0.471998111279 3.29605626762 1.52770401365 6.54335933696 0.00692802392802 0.014578
pedestrian -1 -1 -10 812.97 147.72 862.1 285.22 1.88799159229 0.647999801191 0.559997839964 2.47697343736 1.51746389915 7.85350651299 0.00692802392802 0.014032
pedestrian -1 -1 -10 759.89 179.95 776.0 218.734 0.606997255981 0.302999291124 0.722997334706 6.48522570594 1.24618620799 26.4111248353 0.00692802392802 0.011209
pedestrian -1 -1 -10 241.6 177.79 255.681 220.157 1.01099549383 0.585998138038 0.194998962595 -13.3641735237 0.549664333497 27.5111229668 0.00692802392802 0.010318
pedestrian -1 -1 -10 775.18 173.72 792.348 217.976 1.59799283743 0.535998934861 0.494998026821 5.78956658058 1.36681263302 21.417884748 0.00692802392802 0.010067
pedestrian -1 -1 -10 895.83 176.83 925.632 274.975 1.68199243471 0.700999738571 0.565997859396 3.72069218839 1.49146158674 8.35449224637 0.00692802392802 0.0095224
pedestrian -1 -1 -10 361.88 174.52 377.395 212.701 0.875996091962 1.01900031653 0.815996920639 -8.28640782677 0.0986004875723 24.9399352955 0.00692802392802 0.0092887
pedestrian -1 -1 -10 356.33 179.67 372.914 220.698 0.603997308016 0.210002756856 0.646997883301 -12.2466984201 0.531858057034 36.0138071163 0.00692802392802 0.0090073
pedestrian -1 -1 -10 769.17 178.26 784.771 215.724 0.420998127758 0.374999745871 0.463998482733 6.81296738697 0.604002531444 27.5282430101 0.00692802392802 0.0073997
pedestrian -1 -1 -10 312.66 174.37 334.405 223.597 1.86199170053 0.846000098071 0.623998206177 -12.6949710133 0.669457591778 33.0692680906 0.00692802392802 0.0071914
pedestrian -1 -1 -10 993.09 151.88 1018.79 256.91 1.6329927016 0.662000207505 0.624997653108 4.49752875416 1.43991512834 7.83356597384 0.00692802392802 0.006683
pedestrian -1 -1 -10 1060.7 144.83 1104.92 285.86 1.8329918161 0.545999633803 0.58899753652 4.64550189082 1.50998334814 6.54247395557 0.00692802392802 0.006585
pedestrian -1 -1 -10 1015.7 204.86 1042.84 302.821 1.6329927016 0.662000207505 0.624997653108 4.49752875416 1.43991512834 7.83356597384 0.00692802392802 0.0062118
pedestrian -1 -1 -10 284.44 181.3 306.515 235.129 0.47599785924 0.309999255863 0.815997397474 -7.71749774778 -0.569912990255 17.8967744676 0.00692802392802 0.0054412
pedestrian -1 -1 -10 778.07 156.21 810.565 232.353 1.59799283743 0.535998934861 0.494998026821 5.78956658058 1.36681263302 21.417884748 0.00692802392802 0.0052279
pedestrian -1 -1 -10 297.11 166.79 333.769 223.646 0.570997455716 0.956996269189 0.103000254099 -12.9187489303 0.477495343387 32.7058374054 0.00692802392802 0.0048101
pedestrian -1 -1 -10 111.84 194.04 132.764 255.121 1.17699476033 1.17599884447 0.547997801101 -7.40197999773 1.16619302936 10.9280281302 0.00692802392802 0.0038666
pedestrian -1 -1 -10 784.11 163.4 803.03 216.922 1.59799283743 0.535998934861 0.494998026821 5.78956658058 1.36681263302 21.417884748 0.00692802392802 0.0036746
pedestrian -1 -1 -10 381.09 173.56 400.936 219.312 0.802996359766 0.551999671698 0.3659983243 -6.39247451044 1.03214242756 21.6523609207 0.00692802392802 0.0032029
pedestrian -1 -1 -10 1000.1 155.36 1026.14 240.606 1.6329927016 0.662000207505 0.624997653108 4.49752875416 1.43991512834 7.83356597384 0.00692802392802 0.0025742
pedestrian -1 -1 -10 350.03 177.19 382.624 221.884 0.875996091962 1.01900031653 0.941996851861 -8.34940627907 0.0987737278008 24.9403719588 0.00692802392802 0.0025423
pedestrian -1 -1 -10 76.656 72.577 110.846 211.467 0.30599860251 0.209000445828 0.207999402059 -10.5378640419 -0.682798976077 14.980709816 0.00692802392802 0.0024429
pedestrian -1 -1 -10 906.56 159.69 951.57 250.893 1.68199243471 0.700999738571 0.565997859396 3.72069218839 1.49146158674 8.35449224637 0.00692802392802 0.0023809
pedestrian -1 -1 -10 826.84 211.44 855.407 292.324 1.88799159229 0.647999801191 0.559997839964 2.47697343736 1.51746389915 7.85350651299 0.00692802392802 0.0022789
pedestrian -1 -1 -10 371.11 176.19 386.695 215.052 1.36299391836 0.209998942161 0.690997390017 -11.7293122364 0.572737467383 38.3658878099 0.00692802392802 0.0022423
pedestrian -1 -1 -10 360.41 184.36 377.823 232.587 0.528997655213 0.942998247059 0.306998530588 -6.9518886743 1.02505876015 21.3268793826 0.00692802392802 0.0021118
pedestrian -1 -1 -10 374.86 175.8 394.229 219.27 1.56599301994 0.209998942161 0.963996128384 -11.5930960657 0.572362115085 38.3648256042 0.00692802392802 0.0020311
pedestrian -1 -1 -10 786.22 144.11 823.158 226.053 1.79799196124 0.647999801191 0.559997839964 2.47684933501 1.4274642681 7.85345503751 0.00692802392802 0.0018536
pedestrian -1 -1 -10 297.63 168.89 317.6 211.991 1.09699511975 1.17599979814 0.544997552968 -6.93318290962 1.10757351169 16.458895052 0.00692802392802 0.0017736
pedestrian -1 -1 -10 799.86 141.51 819.746 188.08 0.985995569825 0.388000225342 0.426998442379 8.25747482421 -0.412582104983 27.1732158061 0.00692802392802 0.0015969
pedestrian -1 -1 -10 1006.1 192.82 1036.88 288.726 1.6329927016 0.662000207505 0.624997653108 4.49752875416 1.43991512834 7.83356597384 0.00692802392802 0.0013964
pedestrian -1 -1 -10 146.72 187.21 168.307 239.398 1.12799492478 0.374999745871 0.325998035812 -9.04124484885 0.508994329759 14.1772293688 0.00692802392802 0.0013947
pedestrian -1 -1 -10 798.21 187.48 839.899 288.9 1.88799159229 0.647999801191 0.559997839964 2.47697343736 1.51746389915 7.85350651299 0.00692802392802 0.0013933
pedestrian -1 -1 -10 1114.4 146.74 1129.94 202.516 1.63099272698 0.784999315435 0.906997135875 13.5998234072 0.565853001126 18.2852481929 0.00692802392802 0.0012225
pedestrian -1 -1 -10 802.04 142.74 842.6 225.574 1.73799228668 0.647999801191 0.559997839964 2.47676660022 1.36746459355 7.85342072057 0.00692802392802 0.0010926
pedestrian -1 -1 -10 51.249 88.48 101.94 239.45 1.88599158227 1.19299807764 1.17099608351 -14.2194685104 0.700341615918 19.3620137779 0.00692802392802 0.0010428
pedestrian -1 -1 -10 897.95 208.67 921.455 287.352 1.68199243471 0.890999190196 0.565997859396 3.7213503435 1.4913511037 8.44948969231 0.00692802392802 0.00097835
pedestrian -1 -1 -10 929.43 237.59 966.29 337.02 1.80599187464 0.672999879616 0.471998111279 3.29605626762 1.52770401365 6.54335933696 0.00692802392802 0.00094392
pedestrian -1 -1 -10 916.96 157.75 940.985 218.143 1.68199243471 0.700999738571 0.565997859396 3.72069218839 1.49146158674 8.35449224637 0.00692802392802 0.0007026
pedestrian -1 -1 -10 803.37 142.49 828.272 197.169 1.62299279124 0.647999801191 0.555997906482 2.47860794374 1.2524595985 7.85334108427 0.00692802392802 0.00070008
pedestrian -1 -1 -10 107.35 190.77 124.468 251.281 0.654997049272 0.489999439056 0.773997261454 -8.2967725959 -0.236384981896 12.7129438352 0.00692802392802 0.000627
pedestrian -1 -1 -10 279.8 163.77 316.394 222.574 0.474997876585 0.395999640087 0.801997034244 -7.66920797441 -0.573094998705 17.9394380725 0.00692802392802 0.00061142
pedestrian -1 -1 -10 1054.0 176.18 1070.86 225.064 0.77599658966 0.317998670608 0.377998839998 11.9918842797 1.22186078413 18.6641572857 0.00692802392802 0.00060722
pedestrian -1 -1 -10 325.84 170.83 343.067 220.751 0.382998280227 0.436000528507 0.211999097123 -8.27466997869 0.937915800406 22.0185440674 0.00692802392803 0.00060071
pedestrian -1 -1 -10 390.87 170.15 407.249 215.207 0.0999995529652 0.0760001621194 0.324998112046 -7.79760987955 0.131934564999 27.8436104292 0.00692802392802 0.00059898
pedestrian -1 -1 -10 1012.0 211.56 1033.66 276.992 1.6329927016 0.662000207505 0.624997653108 4.49752875416 1.43991512834 7.83356597384 0.00692802392802 0.00053231
pedestrian -1 -1 -10 350.76 166.89 367.949 212.143 0.605997303128 0.570003123243 0.766997318257 -12.3079464897 0.53223238415 35.8342259771 0.00692802392802 0.00051796
pedestrian -1 -1 -10 757.38 173.39 788.556 222.853 0.606997255981 0.302999291124 0.722997334706 6.48522570594 1.24618620799 26.4111248353 0.00692802392802 0.00047847
pedestrian -1 -1 -10 236.22 175.55 268.363 225.739 1.00799554586 1.04399991811 0.331998532079 -8.14294412305 1.04444396784 16.8662647877 0.00692802392802 0.00040106
pedestrian -1 -1 -10 888.51 189.64 909.126 244.881 0.65799702704 0.72599934016 0.658997922164 11.5439968228 1.00434812049 27.1852857816 0.00692802392802 0.00038378
pedestrian -1 -1 -10 796.55 190.79 821.816 265.959 1.88799159229 0.647999801191 0.559997839964 2.47697343736 1.51746389915 7.85350651299 0.00692802392802 0.00036119
pedestrian -1 -1 -10 1120.5 190.32 1142.41 263.37 1.8329918161 0.545999633803 0.650997578365 4.6765011671 1.50989810284 6.54225908924 0.00692802392802 0.0003524
pedestrian -1 -1 -10 346.88 179.7 364.508 219.494 0.63799713552 0.690999516466 0.250999461844 -7.69582579357 0.884676961906 21.704815225 0.00692802392802 0.00034525
pedestrian -1 -1 -10 744.08 174.15 759.473 215.487 0.0999995529652 0.0 0.0 7.28846438586 0.456550761855 36.3936843625 0.0 0.00031364
pedestrian -1 -1 -10 259.74 177.02 273.865 224.751 1.78699198812 0.79499953754 0.898996792076 -13.147144709 0.94473347022 27.8001344403 0.00692802392802 0.00030867
pedestrian -1 -1 -10 868.06 177.24 897.806 224.639 0.852996207774 0.854998962822 0.668998113494 11.2943896116 1.22503646247 28.0596803118 0.00692802392802 0.00026471
pedestrian -1 -1 -10 792.23 193.62 814.214 252.382 1.88799159229 0.647999801191 0.559997839964 2.47697343736 1.51746389915 7.85350651299 0.00692802392802 0.00023758
pedestrian -1 -1 -10 1048.5 176.8 1064.9 225.619 0.0999995529652 0.0 0.0 22.2468543197 0.962184444461 34.7465980398 0.0 0.00023198
pedestrian -1 -1 -10 738.51 174.42 754.419 215.497 0.101999518275 0.0719985473996 0.992996301775 14.2676685522 0.595138888813 68.0092709635 0.00692802392802 0.00021425
pedestrian -1 -1 -10 914.93 170.81 953.767 297.85 1.80599187464 0.672999879616 0.471998111279 3.29605626762 1.52770401365 6.54335933696 0.00692802392802 0.00017487
pedestrian -1 -1 -10 406.56 168.66 423.896 210.274 0.100999565422 0.0480003031646 0.12299968309 -8.05103671955 0.199627211226 33.0945744142 0.00692802392802 0.00013501
pedestrian -1 -1 -10 318.26 151.94 347.634 219.408 1.86199170053 0.769999935952 0.860996827956 -12.5762112855 0.669087543436 33.1064459212 0.00692802392802 0.00012743
pedestrian -1 -1 -10 938.75 153.76 955.783 197.523 0.385998272896 0.547999964326 0.611997213644 26.6988326641 -0.309172938648 54.0425871425 0.00692802392802 0.00011198
pedestrian -1 -1 -10 1001.4 155.26 1017.6 199.607 1.54799304344 0.662000207505 0.624997653108 4.49741154638 1.35491547018 7.8335173581 0.00692802392802 0.00011069
pedestrian -1 -1 -10 988.66 151.24 1008.02 201.731 0.363998356462 0.299999033758 0.742997240532 27.4517053231 -0.311866939151 48.4632419529 0.00692802392802 0.00010791
pedestrian -1 -1 -10 922.08 151.23 955.028 231.717 1.61899275258 0.700999738571 0.565997859396 3.72060531683 1.42846190461 8.35445621357 0.00692802392802 9.9579e-05
pedestrian -1 -1 -10 152.35 182.83 184.216 239.401 0.931995791197 1.14299982814 0.599997651616 -7.60352537236 1.13339418375 12.1130582784 0.00692802392802 9.5441e-05
pedestrian -1 -1 -10 401.0 168.07 417.978 211.097 0.757996633649 0.674998779629 0.152999780246 -7.14602785751 0.966595135109 26.570152215 0.00692802392802 8.515e-05
pedestrian -1 -1 -10 877.93 176.46 907.737 236.84 0.863996195793 1.16399876868 0.514998409482 11.4753796557 1.21002542399 27.6328921188 0.00692802392802 7.0257e-05
pedestrian -1 -1 -10 123.6 182.33 181.525 248.099 1.05399525464 1.18599906657 0.58399791769 -7.50746409343 1.13358656121 11.7128122828 0.00692802392802 4.4308e-05
pedestrian -1 -1 -10 1164.9 188.48 1205.12 273.681 1.72099235058 1.09199879077 0.896996944544 6.13448118592 1.46473718558 7.53919542829 0.00692802392802 7.3567e-06
