pedestrian -1 -1 -10 879.6 139.63 946.693 305.41 1.81699189991 0.685999405414 0.494998026821 3.67516299603 1.3985179873 8.41412276699 0.00692802392802 0.99966
pedestrian -1 -1 -10 492.15 134.88 514.629 194.247 1.52899312526 1.17099873342 0.333998618029 -2.27516076347 0.551638014814 16.5332286046 0.00692802392802 0.0059728
pedestrian -1 -1 -10 681.06 156.72 700.384 198.974 2.19399017394 0.61299950066 1.13599565227 1.86645386273 1.29863270333 14.42096547 0.00692802392802 0.00061755
pedestrian -1 -1 -10 230.03 202.2 251.598 248.946 2.24698996991 1.19199862763 1.19299583687 -6.8883533517 1.33778342405 13.5411116839 0.00692802392802 0.0003592
pedestrian -1 -1 -10 672.03 162.55 688.796 200.57 1.88499154001 0.353999851655 0.871996585426 2.08638248827 0.856782055021 18.1306988509 0.00692802392802 0.00023954
pedestrian -1 -1 -10 341.57 211.63 359.468 277.768 0.980995596945 0.980999281793 1.06999591536 -3.74252399411 1.38768434467 10.4195350382 0.00692802392802 0.00021815
pedestrian -1 -1 -10 498.55 133.03 521.346 187.667 0.955995751172 1.19299998499 0.300998987992 -2.17591785549 -0.0320577767567 16.9022044079 0.00692802392802 0.00013708
pedestrian -1 -1 -10 680.69 152.93 713.577 204.56 2.19399017394 0.61299950066 1.18899566497 1.96595115913 1.29835909447 14.420275821 0.00692802392802 0.00010884
pedestrian -1 -1 -10 327.86 197.68 350.971 277.515 0.987995535135 0.875998857039 1.18999535032 -3.8028763378 1.39491032971 10.3674559574 0.00692802392802 4.7532e-05
pedestrian -1 -1 -10 1051.5 276.45 1074.0 333.15 0.926995877921 0.368999707975 0.400998517122 3.22608557474 1.4903159098 5.30628106052 0.00692802392802 7.2327e-06
