pedestrian -1 -1 -10 209.02 181.25 226.193 224.438 1.39984634071 0.446951537773 0.499000396566 -16.5356372584 1.76658734446 30.9056457441 0.00753464155925 0.70678
pedestrian -1 -1 -10 215.7 180.44 234.143 220.799 1.39984634071 0.446951537773 0.499000396566 -16.5356372584 1.76658734446 30.9056457441 0.00753464155925 0.079443
pedestrian -1 -1 -10 516.64 170.54 536.847 201.905 0.104988467098 0.250971955456 0.521999676177 -5.01858337855 1.45943368763 48.0482086546 0.00753464155925 0.0089535
pedestrian -1 -1 -10 449.14 178.57 460.982 210.689 0.0999890208244 0.0 0.0 -9.62329813561 1.41456355778 46.3797975655 0.0 0.0030519
pedestrian -1 -1 -10 444.37 176.31 459.058 219.337 0.0999890208244 0.0 0.0 -10.304996828 0.553829632044 50.3602214569 0.0 0.0023668
pedestrian -1 -1 -10 439.31 169.75 450.459 206.57 1.54383051705 0.490945436284 0.493999806819 -6.70999560734 1.50706880364 29.3243117502 0.00753464155925 0.0019384
pedestrian -1 -1 -10 199.79 176.5 231.636 220.625 2.89468222915 0.557939439531 0.646999161076 -14.6728057377 1.86972877001 26.9511038236 0.00753464155925 0.0015896
pedestrian -1 -1 -10 137.72 147.81 172.126 209.01 0.0999890208244 0.317965958702 0.343002214339 -38.2865095564 0.776558020085 62.0063371288 0.00753464155925 0.0014889
pedestrian -1 -1 -10 72.348 172.5 92.401 239.19 0.119986805918 0.649930322775 0.187000217415 -23.1356052547 1.74015556869 31.672893287 0.00753464155925 0.0011012
pedestrian -1 -1 -10 872.47 160.49 892.799 208.224 1.54683017885 1.05888400924 0.279000196882 7.90701961511 1.12189803726 20.4696923984 0.00753464155925 0.001091
pedestrian -1 -1 -10 451.7 160.12 462.722 198.617 0.0999890208244 0.0 0.0 -10.304996828 0.553829632044 50.3602214569 0.0 0.00044245
pedestrian -1 -1 -10 437.38 165.45 463.003 212.174 1.55882879627 0.575937116843 0.694999958913 -7.47534943186 0.507118719744 33.9631298303 0.00753464155925 0.00018517
pedestrian -1 -1 -10 71.322 156.17 105.208 258.35 2.49672586477 0.616932038182 0.91699953619 -10.7426674579 1.69312429368 15.3890688884 0.00753464155925 6.2696e-05
pedestrian -1 -1 -10 970.17 178.87 1007.99 261.217 1.81880033028 1.18487061114 0.368999845083 6.151373488 1.31382394882 11.6128694407 0.00753464155925 1.6551e-05
pedestrian -1 -1 -10 462.51 168.78 479.139 219.624 1.48583681773 0.544940375361 0.774999619712 -3.93012128332 1.61354554623 21.9073406098 0.00753464155925 4.9238e-06
pedestrian -1 -1 -10 796.61 121.12 826.106 199.575 0.114987240448 0.665931224826 0.356998334322 18.3243877638 -1.16955895545 63.6949968696 0.00753464155925 4.3353e-06
pedestrian -1 -1 -10 949.26 146.18 986.13 222.224 1.69881341112 1.18787054188 0.275999938401 6.46645369673 1.27644372699 12.8828362236 0.00753464155925 4.1231e-06
pedestrian -1 -1 -10 1109.8 150.34 1160.1 222.478 1.97378328395 1.19287010859 1.02800004008 6.42260449732 1.33787619603 8.65720931556 0.00753464155925 1.2102e-06
pedestrian -1 -1 -10 949.58 185.79 997.073 252.123 1.72181100702 1.18486965757 0.43199955114 6.38578049086 1.29922046873 12.5267277741 0.00753464155925 1.1744e-06
