pedestrian -1 -1 -10 954.86 172.44 974.44 213.338 1.37884862008 0.991890959564 1.12999976853 6.23199259557 1.38541932838 12.5305723649 0.00753464155925 0.015486
pedestrian -1 -1 -10 964.2 168.3 977.305 212.153 0.316965203642 0.234974867684 0.534999683642 18.2916160286 1.32720764651 36.5125306963 0.00753464155925 0.009038
pedestrian -1 -1 -10 948.9 167.91 998.998 244.487 0.495945570943 0.491946684624 0.163999507293 14.2524505427 1.49576541502 26.9949755442 0.00753464155925 0.006085
pedestrian -1 -1 -10 959.44 169.36 989.956 224.283 0.495945570943 0.491946684624 0.163999507293 14.2524505427 1.49576541502 26.9949755442 0.00753464155925 0.0041294
pedestrian -1 -1 -10 791.32 135.82 802.943 178.49 0.444951111678 0.611932471468 0.570999924392 7.83383511318 -0.535805414371 28.5272385052 0.00753464155925 0.0017367
pedestrian -1 -1 -10 946.07 170.18 985.114 210.148 1.37884862008 0.861905085723 1.06499973121 6.2649813882 1.3863578287 12.5953189336 0.00753464155925 0.0016658
pedestrian -1 -1 -10 979.2 198.54 1009.57 251.711 1.3708494822 0.895901757947 0.79399990572 6.39916412932 1.37568440676 12.4203829033 0.00753464155925 0.0014395
pedestrian -1 -1 -10 930.22 173.47 968.906 210.214 1.37884862008 1.1458743722 1.16499960523 6.04453018835 1.38758451962 12.6689722637 0.00753464155925 0.0010079
pedestrian -1 -1 -10 967.01 176.03 1010.49 253.752 1.3708494822 1.05288414776 0.79399990572 6.39975552674 1.3768463992 12.4988718702 0.00753464155925 0.00094781
pedestrian -1 -1 -10 943.44 172.7 960.924 206.724 1.37884862008 1.1458743722 1.17699968548 6.07352916411 1.38756340564 12.6687540752 0.00753464155925 0.00071448
pedestrian -1 -1 -10 933.95 170.36 945.213 205.432 1.37884862008 0.887903214062 1.14600003448 5.98700366146 1.38953662891 12.7983943236 0.00753464155925 0.00059213
pedestrian -1 -1 -10 918.54 169.65 960.307 224.186 1.37884862008 0.887903214062 1.14600003448 5.98700366146 1.38953662891 12.7983943236 0.00753464155925 0.00033895
pedestrian -1 -1 -10 924.48 166.76 952.311 210.062 0.272970034718 0.0279968107396 0.33800019408 13.8371339273 1.0390931321 30.3106725866 0.00753464155925 0.00020868
pedestrian -1 -1 -10 907.28 171.43 939.829 240.269 0.29696735895 0.366960377497 0.59599953527 11.745430854 1.46127489281 27.2614382366 0.00753464155925 8.7987e-06
pedestrian -1 -1 -10 923.32 151.82 984.838 235.093 1.37884862008 1.10587879206 1.19399987864 6.13517815182 1.3878146786 12.688288584 0.00753464155925 5.8859e-06
pedestrian -1 -1 -10 934.68 160.5 982.461 197.375 1.37884862008 0.98589205165 1.13599980866 6.23044667557 1.38827839794 12.7235686334 0.00753464155925 1.5416e-06
pedestrian -1 -1 -10 898.01 169.69 930.685 232.046 0.275969726321 0.0689926856483 0.835999232921 12.8515077649 1.03449999354 30.3646949394 0.00753464155925 5.3149e-07
pedestrian -1 -1 -10 818.53 170.08 851.504 245.14 2.22975521922 0.557939439531 0.418000093297 5.15108774822 1.61474888881 15.8890827007 0.00753464155925 2.7452e-07
