pedestrian -1 -1 -10 897.02 155.57 915.857 198.396 1.61082310307 1.19486974457 0.703999780682 2.94339526865 1.03321100026 7.72411553618 0.00753464155925 0.05862
pedestrian -1 -1 -10 892.41 156.22 909.395 203.824 1.35285147273 1.19286963181 0.86999985766 3.07946155528 0.7713761827 8.0110965498 0.00753464155925 0.0057852
pedestrian -1 -1 -10 903.01 153.85 924.692 196.049 1.96478426874 1.19086951905 1.05499974381 3.03297487002 1.42316584534 7.0491949984 0.00753464155925 0.0039803
pedestrian -1 -1 -10 896.27 157.7 927.003 214.05 1.87079460728 1.19386897301 0.932999563717 2.99694833881 1.29715196293 7.45219167762 0.00753464155925 0.0021527
pedestrian -1 -1 -10 100.29 225.19 119.54 273.291 1.92578857588 1.19686890375 0.223999908543 -5.66078333586 1.30937770598 8.1202349995 0.00753464155925 0.0016919
pedestrian -1 -1 -10 692.63 173.54 708.76 228.268 2.36873989713 0.857905813781 0.636999769721 2.30577489091 1.64391764195 16.5932118026 0.00753464155925 0.00070817
pedestrian -1 -1 -10 1045.9 225.62 1071.66 278.693 2.1137679286 1.19886853972 0.83899972982 2.70898509601 1.59890016667 4.38376935111 0.00753464155925 0.00014812
pedestrian -1 -1 -10 1088.8 226.05 1122.47 301.925 2.12076718914 1.19886853972 1.04599968362 2.8097186658 1.6113755246 4.01482665536 0.00753464155925 8.0388e-05
pedestrian -1 -1 -10 977.35 246.36 1013.78 328.062 2.11476780593 1.19786872174 0.658999718163 2.80402375678 1.59276143468 5.05374409596 0.00753464155925 7.0417e-05
pedestrian -1 -1 -10 98.509 202.66 138.847 269.347 1.92978808522 1.19486926778 0.219999722847 -5.66167022586 1.3105699974 8.26827429812 0.00753464155925 5.8181e-05
pedestrian -1 -1 -10 117.89 219.43 155.977 283.771 1.9377871635 1.19786872174 0.207000192219 -5.66042858388 1.31296689582 8.63283829452 0.00753464155925 2.476e-05
pedestrian -1 -1 -10 1104.9 282.75 1145.17 365.371 2.12276691401 1.19886877812 1.01599972141 2.79320099403 1.61539554678 3.81287874418 0.00753464155925 1.1172e-05
