pedestrian -1 -1 -10 673.23 165.64 685.51 194.174 0.32296454215 0.325964502588 0.658999718163 4.81061594045 0.485936668723 46.879517965 0.00753464155925 0.66599
pedestrian -1 -1 -10 86.147 198.37 107.049 243.198 2.4947259909 0.476947030914 0.520999748963 -15.0424741333 1.71390248283 21.5429890021 0.00753464155925 0.62476
pedestrian -1 -1 -10 610.87 166.32 623.414 204.371 2.53072205175 0.838908795267 1.14599967685 0.573598826487 1.45728013086 36.6054834857 0.00753464155925 0.23624
pedestrian -1 -1 -10 100.49 197.53 116.866 242.207 2.65670826471 0.854905883039 0.58899956793 -14.892060848 1.87453139932 21.4566644924 0.00753464155925 0.053626
pedestrian -1 -1 -10 110.96 193.12 129.873 235.829 2.82768955373 0.675926543973 0.664999758288 -14.89398559 1.87974626018 21.6073889157 0.00753464155925 0.047043
pedestrian -1 -1 -10 94.252 188.45 114.327 238.811 2.82468986213 0.846907339153 0.706000111949 -14.9506413916 1.87451478615 21.4543493124 0.00753464155925 0.023237
pedestrian -1 -1 -10 108.54 196.37 140.444 246.742 2.65970795631 0.597935973238 0.623999404628 -14.8731403861 1.88030862512 21.6449850205 0.00753464155925 0.009574
pedestrian -1 -1 -10 79.489 197.75 101.302 248.62 0.100988898159 0.202980692142 0.47000107683 -36.7949781308 1.01375869906 51.7476809127 0.00753464155925 0.0039374
pedestrian -1 -1 -10 670.08 146.21 688.398 194.237 0.32296454215 0.325964502588 0.658999718163 4.81061594045 0.485936668723 46.879517965 0.00753464155925 0.0018749
pedestrian -1 -1 -10 100.69 183.02 124.092 229.195 2.82768955373 0.9149006836 0.664999758288 -14.8948858737 1.87797736021 21.4879052375 0.00753464155925 0.0018594
pedestrian -1 -1 -10 218.17 177.03 228.123 206.505 0.347961788416 0.558936873592 0.805999509133 -24.4754325113 0.504678512915 46.3854924876 0.00753464155925 0.00059001
pedestrian -1 -1 -10 973.12 186.74 991.201 234.539 1.86679497874 0.95689494614 0.932999802135 5.32321127412 1.23557721554 10.0094007865 0.00753464155925 0.0001861
pedestrian -1 -1 -10 974.86 187.63 1003.13 251.478 1.86979467035 1.01588849836 1.06999984412 5.39193252672 1.23896370767 10.0383591339 0.00753464155925 0.00013479
pedestrian -1 -1 -10 566.51 170.2 589.379 208.849 1.04588513035 0.593934794156 0.589999852772 -1.32417042896 1.35281163958 30.0689360477 0.00753464155925 0.0001227
pedestrian -1 -1 -10 671.23 116.94 689.904 186.483 0.0999890208244 0.192979651575 0.658999718163 4.81004619748 0.26197678608 46.8146784688 0.00753464155925 8.9442e-05
pedestrian -1 -1 -10 74.401 201.08 90.765 244.147 0.0999890208244 0.0 0.0 -36.9358777955 2.97143260709 51.7052510534 0.0 8.6284e-05
pedestrian -1 -1 -10 975.44 172.24 995.462 228.884 1.86979467035 1.01588849836 1.01699988705 5.36543329824 1.2389830016 10.0385585142 0.00753464155925 7.6977e-05
pedestrian -1 -1 -10 736.04 149.29 764.467 184.402 0.378958432789 0.0549942802785 0.181000654127 10.566878676 -0.0492079728029 53.3268777813 0.00753464155925 1.4085e-05
pedestrian -1 -1 -10 967.38 173.15 986.119 229.287 1.91678956067 1.15287357489 0.875999659366 5.29494590161 1.28602181696 10.0382408314 0.00753464155925 1.1855e-05
pedestrian -1 -1 -10 969.91 163.86 1002.83 236.944 1.86979467035 1.01588849836 1.04299990198 5.37843293775 1.23897353664 10.0384607049 0.00753464155925 8.7122e-06
pedestrian -1 -1 -10 959.55 176.65 981.112 228.891 1.91678956067 1.08388088924 0.775999785345 5.24520729493 1.28656890831 10.0731123842 0.00753464155925 4.7484e-06
pedestrian -1 -1 -10 791.65 155.45 802.74 198.912 2.4687288822 0.34196159036 0.307000066241 8.42536143285 1.43877734117 31.2929137959 0.00753464155925 2.977e-06
