pedestrian -1 -1 -10 424.1 170.73 438.664 216.846 1.23786408925 0.679925815916 0.947999664029 -9.06560663457 0.827186062119 37.543489911 0.00753464155925 0.0099343
pedestrian -1 -1 -10 215.16 140.46 246.432 211.029 1.43984190345 0.744919229621 0.190999926274 -10.9437066541 0.558638279151 21.2913690063 0.00753464155925 0.0030534
pedestrian -1 -1 -10 227.83 150.4 250.1 203.041 1.61082310307 1.15087489249 0.265999712581 -10.993620601 0.708603172622 21.8948730656 0.00753464155925 0.0024263
pedestrian -1 -1 -10 411.12 172.35 426.496 219.083 2.15076383698 0.639929282208 0.671999725628 -8.52838143568 1.31832134916 32.7832751673 0.00753464155925 0.00072515
pedestrian -1 -1 -10 430.54 169.62 447.922 214.338 1.68981448531 1.07588043821 0.491999475553 -6.18749231836 1.61644887922 26.0628865033 0.00753464155925 0.00035735
pedestrian -1 -1 -10 187.2 138.14 217.438 215.681 0.921898739103 1.16587263906 0.280000600934 -10.8743075875 0.0531632396823 19.5737580734 0.00753464155925 0.00017182
pedestrian -1 -1 -10 204.85 132.91 239.097 205.575 1.9607847594 1.17787140845 0.779999494204 -7.26986613114 1.2701267098 13.3044127208 0.00753464155925 8.5669e-05
pedestrian -1 -1 -10 227.85 150.19 258.057 229.092 1.61582254935 1.09287877433 0.165999361722 -11.0425511095 0.710741532993 22.0372668883 0.00753464155925 5.4555e-05
pedestrian -1 -1 -10 224.72 177.56 244.645 240.933 1.39884645593 0.780914584247 0.525999861873 -7.54491795496 1.59312222204 14.5692193213 0.00753464155925 3.4944e-05
pedestrian -1 -1 -10 213.28 152.47 240.664 249.129 2.31774555706 1.1818706804 0.716999788147 -7.23827217263 1.62703497043 13.2995329955 0.00753464155925 3.0052e-05
pedestrian -1 -1 -10 97.626 176.93 113.004 222.142 0.649928617479 1.13587523878 1.19000016978 -8.20109687513 0.761527803782 11.8010476302 0.00753464155925 2.3516e-05
pedestrian -1 -1 -10 437.35 169.33 452.022 210.251 0.781914154052 0.874904149893 0.60599976109 -8.34162053606 0.852170705539 38.3118973189 0.00753464155925 2.1043e-05
pedestrian -1 -1 -10 79.868 58.193 184.408 247.333 0.832908553718 1.14887430294 0.156000089576 -10.8845541671 0.00836072839725 16.7499495995 0.00753464155925 1.9277e-05
pedestrian -1 -1 -10 101.47 176.74 120.859 224.268 0.719920937011 1.18486965757 1.18499958004 -8.22422963451 0.736309376823 11.9886387087 0.00753464155925 2.142e-06
pedestrian -1 -1 -10 100.92 87.549 171.073 227.159 0.836908122657 1.19186886025 0.156000089576 -10.8842427492 0.00897503310244 16.7914735823 0.00753464155925 7.2159e-08
pedestrian -1 -1 -10 26.638 140.72 89.993 218.849 0.214976404308 0.71392248814 0.197999893613 -14.2822452868 0.0512474212093 19.1621709624 0.00753464155925 2.9723e-08
