pedestrian -1 -1 -10 497.02 168.2 519.23 216.88 1.76399211884 0.930999124942 0.582997755506 -3.25297524202 1.12351270644 24.2467219458 0.00692802392802 0.80031
pedestrian -1 -1 -10 439.09 170.16 452.703 205.878 1.48099336177 0.622001226433 0.423998671081 -5.98406725044 1.00701590401 27.7692588296 0.00692802392802 0.74828
pedestrian -1 -1 -10 443.74 170.12 457.933 212.185 1.48099336177 0.622001226433 0.423998671081 -5.98406725044 1.00701590401 27.7692588296 0.00692802392802 0.17797
pedestrian -1 -1 -10 492.39 164.94 508.743 216.131 1.76399211884 0.930999124942 0.582997755506 -3.25297524202 1.12351270644 24.2467219458 0.00692802392802 0.059984
pedestrian -1 -1 -10 503.15 161.77 525.579 220.577 1.76399211884 0.683999551727 0.582997755506 -3.25211963938 1.12336907832 24.3702187685 0.00692802392802 0.032466
pedestrian -1 -1 -10 749.09 159.2 760.909 191.456 0.776996542513 0.284000204268 0.467998177797 7.9261502575 -0.0350398749417 36.2422955675 0.00692802392802 0.011719
pedestrian -1 -1 -10 1092.7 143.36 1125.42 234.421 1.79699193388 0.655999692773 0.884996905681 22.5732654913 0.446457575301 31.089660954 0.00692802392802 0.011468
pedestrian -1 -1 -10 1206.2 125.78 1220.31 167.332 1.71499228328 0.631000091184 1.0239963227 19.0867526876 0.272560464297 21.9209344945 0.00692802392802 0.00133
pedestrian -1 -1 -10 449.85 171.73 464.24 205.515 0.586997379363 0.70399808859 0.69399763815 -8.47520314982 0.0548336529911 42.6762970087 0.00692802392802 0.00093006
pedestrian -1 -1 -10 441.68 167.15 467.714 213.833 0.323998528719 0.780997700716 0.659996892259 -7.98256702192 0.800085246863 40.3983481401 0.00692802392802 0.0004352
pedestrian -1 -1 -10 1213.2 127.95 1223.59 174.513 1.86299162358 0.631000091184 1.0239963227 19.0869567669 0.420559804593 21.9210191431 0.00692802392802 0.00040662
pedestrian -1 -1 -10 899.84 176.24 914.783 213.541 0.723996776342 0.322999735334 0.186999572467 8.2884244099 0.753518003268 19.1488116043 0.00692802392802 0.00020575
pedestrian -1 -1 -10 1183.4 139.67 1219.45 235.195 1.86599163115 0.760999163853 0.993995748705 18.9064174436 0.423981935858 21.9872733636 0.00692802392802 0.00017163
pedestrian -1 -1 -10 876.69 196.31 892.281 231.909 0.81799633801 0.853999512816 0.989996053641 7.13694307684 1.05612237363 17.9005562003 0.00692802392802 0.00013725
pedestrian -1 -1 -10 1194.9 143.25 1209.12 190.591 1.86599163115 0.760999163853 1.08099722255 18.778920451 0.424332541426 21.9881570878 0.00692802392802 1.548e-05
pedestrian -1 -1 -10 1171.4 150.28 1208.29 239.935 1.87099160403 0.912999488092 1.08099722255 18.779980399 0.429155740551 22.1401566239 0.00692802392802 1.0496e-05
pedestrian -1 -1 -10 774.88 155.0 826.42 216.322 1.35299390554 0.546001064313 1.15299554838 5.21224097339 1.10118669542 18.111636943 0.00692802392802 8.7394e-07
