pedestrian -1 -1 -10 1031.6 178.84 1048.71 223.228 0.585935663462 0.104988040274 0.0310001278396 13.3744674737 1.20998705889 22.1813230685 0.00753464155925 0.082084
pedestrian -1 -1 -10 1013.6 191.52 1028.63 230.957 0.879903354648 1.10487849729 0.334999935599 9.17757078919 1.32157520914 15.8345894759 0.00753464155925 0.03515
pedestrian -1 -1 -10 1005.4 186.81 1034.81 229.719 0.879903354648 1.10487849729 0.334999935599 9.17757078919 1.32157520914 15.8345894759 0.00753464155925 0.0073131
pedestrian -1 -1 -10 732.53 168.92 765.684 235.048 0.114987359645 0.25797306528 0.510999523142 4.45027573105 1.60686633937 21.862651153 0.00753464155925 0.0046502
pedestrian -1 -1 -10 1029.3 174.76 1063.34 218.026 0.870904399034 1.07288241461 0.61299972843 9.38244824042 1.30434191962 15.2871584666 0.00753464155925 0.0030756
pedestrian -1 -1 -10 938.6 139.53 956.414 193.101 1.98078254449 0.761915658594 0.895999634171 9.50653063394 1.13621578916 19.9530709689 0.00753464155925 0.0016088
pedestrian -1 -1 -10 926.31 141.91 956.32 207.552 2.25275269591 0.900900371091 0.805999509133 9.46155809938 1.39412402265 19.9451036712 0.00753464155925 0.00063273
pedestrian -1 -1 -10 999.28 178.85 1026.16 232.077 0.879903354648 0.762915953364 0.334999935599 9.1788590596 1.32410643505 16.0055658945 0.00753464155925 0.00019341
pedestrian -1 -1 -10 987.87 172.71 1036.42 230.404 0.879903354648 0.762915953364 0.334999935599 9.1788590596 1.32410643505 16.0055658945 0.00753464155925 2.5644e-05
pedestrian -1 -1 -10 1114.6 170.87 1162.45 231.369 0.91689929283 1.07688168655 0.846999862793 10.9686356084 1.24281699331 15.0484270533 0.00753464155925 1.3774e-05
pedestrian -1 -1 -10 1158.2 170.35 1196.42 233.141 0.609933017493 0.554939508788 0.31400003358 12.9209366828 1.2596475213 16.0613382822 0.00753464155925 9.6924e-06
pedestrian -1 -1 -10 948.76 172.87 982.958 221.29 1.01788827443 0.632930079523 0.867999764812 9.51765759731 1.20703549384 18.853160187 0.00753464155925 5.1877e-06
pedestrian -1 -1 -10 1095.3 169.05 1147.66 229.274 0.780914246917 0.662928433374 0.242999956132 11.147772566 1.13396368096 15.3357225429 0.00753464155925 3.5878e-06
pedestrian -1 -1 -10 1166.6 158.5 1208.01 227.075 1.38784762645 1.15687284683 1.15599978346 16.769772727 1.21914325463 20.7183416366 0.00753464155925 1.6403e-06
pedestrian -1 -1 -10 0.0 285.59 64.492 375.005 1.3778486445 1.19786872174 0.739000094218 -4.82378583838 1.6905316037 5.72740179315 0.00753464155925 1.5717e-06
pedestrian -1 -1 -10 944.6 152.8 1020.23 224.058 0.220975727917 0.0829910910181 0.139999346793 10.7866270319 0.639941606017 20.7213540964 0.00753464155925 1.3983e-06
pedestrian -1 -1 -10 1059.0 163.9 1110.29 212.813 0.597934340477 0.281970604077 1.06399885032 21.9229125715 0.750224111144 32.6867656361 0.00753464155925 4.5044e-07
pedestrian -1 -1 -10 1194.8 159.08 1234.63 213.467 1.06388319802 0.369960308239 1.16500055891 17.6731212148 0.895438777447 20.8434466269 0.00753464155924 1.1446e-07
pedestrian -1 -1 -10 71.749 111.64 126.156 193.745 0.246972836619 0.0599928934221 1.063999804 -12.8267338739 -0.612572025984 18.2271404402 0.00753464155925 9.0501e-10
