pedestrian -1 -1 -10 97.446 181.34 132.5 253.749 1.66381731701 1.1938694498 1.15799963789 -6.9451234457 1.00530566693 10.223262783 0.00753464155925 0.28454
pedestrian -1 -1 -10 78.919 181.77 152.831 257.943 1.66381731701 1.1828700216 1.16399967802 -6.94208207257 1.00538490108 10.2287397694 0.00753464155925 0.078486
pedestrian -1 -1 -10 105.65 182.09 129.979 228.947 1.71681147134 1.11187865355 1.15299952498 -6.71302419695 1.06637607847 9.8999582081 0.00753464155925 0.031201
pedestrian -1 -1 -10 736.99 216.55 756.832 278.984 1.42084393609 1.1938694498 0.632999703234 2.3030848045 1.69432325237 10.6026444467 0.00753464155925 0.028706
pedestrian -1 -1 -10 89.557 175.27 124.684 274.685 1.72281085455 1.18987017785 1.13099969575 -6.62613435695 1.06816596275 9.61928257719 0.00753464155925 0.005725
pedestrian -1 -1 -10 977.8 151.48 996.028 184.224 1.75680716073 1.18687024711 0.971999347692 6.57018451321 1.40677046487 12.5710115698 0.00753464155925 0.0033002
pedestrian -1 -1 -10 745.81 220.07 765.824 278.932 1.42084393609 1.0198877703 0.676999838538 2.32240976987 1.68905235035 10.2475278671 0.00753464155925 0.00091864
pedestrian -1 -1 -10 982.21 151.1 1000.01 194.426 1.61782230402 1.1958681322 0.837999564187 6.52090757238 1.43426553509 11.9933675199 0.00753464155925 0.00084305
pedestrian -1 -1 -10 976.45 141.13 1007.12 190.034 1.66881676328 1.17887074966 0.783999679899 6.66599278946 1.32232343566 12.8149221715 0.00753464155925 0.00034668
pedestrian -1 -1 -10 761.56 221.21 774.661 270.182 1.49783550406 0.877903127065 0.837999802606 2.4023059104 1.764756699 10.1633633758 0.00753464155925 0.00018137
pedestrian -1 -1 -10 126.2 196.44 162.449 267.723 1.72681042349 1.18786958831 1.19499980586 -6.38038515997 1.07340675499 9.983433606 0.00753464155925 8.615e-05
pedestrian -1 -1 -10 739.59 206.89 771.056 283.65 1.42084393609 1.0198877703 0.676999838538 2.32240976987 1.68905235035 10.2475278671 0.00753464155925 5.4242e-05
pedestrian -1 -1 -10 726.29 219.39 741.026 260.494 1.26386125755 1.15287452846 0.596999820112 2.2802971297 1.51667286631 11.5709173168 0.00753464155925 2.9511e-05
pedestrian -1 -1 -10 755.22 217.15 782.905 283.294 1.44084184038 0.752916819937 0.805999747551 2.38584935025 1.75784392854 10.1006592065 0.00753464155925 8.5062e-06
pedestrian -1 -1 -10 701.36 211.17 717.009 266.049 1.40984525561 0.645929143692 0.713999768084 2.47864608324 1.8148198844 16.180226193 0.00753464155925 5.1058e-06
