pedestrian -1 -1 -10 572.98 157.13 631.971 263.24 1.81799192727 1.0359995497 0.985996328775 -0.0781160496796 1.39136546214 13.2252350053 0.00692802392802 0.99742
pedestrian -1 -1 -10 916.68 149.94 1020.95 315.18 1.9079914242 0.717999448578 0.796997176996 3.69761693394 1.49222827427 7.73900618825 0.00692802392802 0.99734
pedestrian -1 -1 -10 541.18 161.23 569.997 239.64 1.75299219042 0.889998786516 0.837996912414 -1.04689652032 1.31235426445 17.3189930138 0.00692802392802 0.99129
pedestrian -1 -1 -10 997.25 147.63 1055.81 305.33 1.86799159646 0.785000269109 0.771996937087 5.4570662956 1.49108087636 8.87136666727 0.00692802392802 0.98856
pedestrian -1 -1 -10 565.68 159.47 599.565 262.7 1.7419921875 0.84999885177 0.951996432247 -0.251311965564 1.38021711199 12.8984579969 0.00692802392802 0.96603
pedestrian -1 -1 -10 182.55 151.63 196.517 196.332 1.37699385434 0.857999220189 0.654996319758 -17.3594930415 0.486632978262 30.1755820946 0.00692802392802 0.9393
pedestrian -1 -1 -10 193.14 153.98 220.93 197.925 1.67299259454 0.563998793816 0.832997055167 -17.2038537315 0.50421327018 31.0403736689 0.00692802392802 0.93541
pedestrian -1 -1 -10 187.54 151.6 201.58 197.477 1.37699385434 0.857999220189 0.654996319758 -17.3594930415 0.486632978262 30.1755820946 0.00692802392802 0.76384
pedestrian -1 -1 -10 202.81 154.77 216.608 198.581 1.66999258697 0.533998127501 0.619998511113 -17.0974650763 0.500937851099 31.0246338156 0.00692802392802 0.70987
pedestrian -1 -1 -10 551.29 159.33 578.846 241.013 1.75299219042 0.796998437553 0.837996912414 -1.04657436857 1.31230018555 17.3654920723 0.00692802392802 0.46332
pedestrian -1 -1 -10 374.28 158.88 384.969 189.929 0.334998501837 0.291999619013 0.406999013389 -14.6524659665 -0.204539758981 47.4050533457 0.00692802392802 0.41822
pedestrian -1 -1 -10 177.02 153.66 210.083 196.076 1.37699385434 0.857999220189 0.654996319758 -17.3594930415 0.486632978262 30.1755820946 0.00692802392802 0.37619
pedestrian -1 -1 -10 177.38 152.48 191.321 195.738 1.62199271172 1.0599987476 0.387997123987 -18.1984085736 0.0322511923597 30.7807384818 0.00692802392802 0.30019
pedestrian -1 -1 -10 1008.8 152.5 1047.4 249.165 1.86799159646 0.785000269109 0.803996881776 5.47306588361 1.4910368789 8.87125576879 0.00692802392802 0.28034
pedestrian -1 -1 -10 1131.0 176.59 1153.28 229.188 1.62499268204 0.66999962225 0.967996777119 15.0333975516 1.85017316419 19.799350969 0.00692802392802 0.2182
pedestrian -1 -1 -10 907.54 154.91 972.466 308.52 1.9079914242 0.673999806459 0.796997176996 3.69746451988 1.49225385968 7.71700689515 0.00692802392802 0.19032
pedestrian -1 -1 -10 964.29 156.11 1010.29 300.85 1.71199232787 0.931999528622 0.787997147849 4.63598255836 1.45887180029 8.41159713774 0.00692802392802 0.14737
pedestrian -1 -1 -10 590.85 155.84 617.291 260.64 1.81799192727 1.0230000239 0.977996342603 -0.074071122524 1.39134690366 13.2317068876 0.00692802392802 0.14693
pedestrian -1 -1 -10 216.56 159.96 231.186 197.28 0.782996498048 0.790996015473 0.162000047811 -18.1394565818 0.299792508291 34.5407214009 0.00692802392802 0.10408
pedestrian -1 -1 -10 368.76 158.8 383.645 201.577 0.334998501837 0.291999619013 0.406999013389 -14.6524659665 -0.204539758981 47.4050533457 0.00692802392802 0.10235
pedestrian -1 -1 -10 579.43 161.71 607.971 261.707 1.81799192727 1.0049984797 1.13999573477 -0.156849359414 1.39186852672 12.9752746824 0.00692802392802 0.079862
pedestrian -1 -1 -10 602.23 155.65 620.354 264.47 1.81799192727 1.0589992976 0.821996910268 0.0038020191088 1.39115334969 13.2131670537 0.00692802392802 0.079445
pedestrian -1 -1 -10 559.12 165.19 589.379 244.084 1.7419921875 0.840999033345 0.836996861989 -0.30884154473 1.38038046088 12.8943567363 0.00692802392802 0.078393
pedestrian -1 -1 -10 930.54 152.01 985.002 243.329 1.90999150872 0.648999251197 0.796997176996 3.6973806763 1.49426848181 7.70450806146 0.00692802392802 0.071882
pedestrian -1 -1 -10 529.82 161.32 558.78 235.55 1.75299219042 0.839000133332 0.665997567339 -1.1330707856 1.31262040561 17.2940903772 0.00692802392802 0.03517
pedestrian -1 -1 -10 171.28 155.19 185.5 192.519 1.80399199128 1.05799794024 0.210997742851 -18.074575249 0.2404036508 30.3490054537 0.00692802392802 0.033776
pedestrian -1 -1 -10 551.74 160.17 569.556 213.585 1.75299219042 0.889998786516 0.837996912414 -1.04689652032 1.31235426445 17.3189930138 0.00692802392802 0.030457
pedestrian -1 -1 -10 558.32 159.96 576.503 220.851 1.75299219042 0.889998786516 0.782997052184 -1.01939725077 1.31227864386 17.3188024072 0.00692802392802 0.027813
pedestrian -1 -1 -10 979.56 156.3 1034.29 269.0 1.74499217272 0.931999528622 0.787997147849 4.63602806253 1.49187164514 8.41161601207 0.00692802392802 0.026088
pedestrian -1 -1 -10 380.77 155.36 395.026 194.721 2.20499016196 0.943000154407 1.16599551101 -7.0230039273 0.979802125702 23.4643971338 0.00692802392802 0.022907
pedestrian -1 -1 -10 541.22 160.35 559.987 218.651 1.75299219042 0.889998786516 0.837996912414 -1.04689652032 1.31235426445 17.3189930138 0.00692802392802 0.012622
pedestrian -1 -1 -10 1121.8 182.45 1162.51 237.061 1.62499268204 0.847998998084 0.852997437828 15.0915124271 1.84991154383 19.8879499812 0.00692802392802 0.012369
pedestrian -1 -1 -10 161.27 153.22 187.629 198.07 2.05199090838 1.16699902605 0.73199760227 -17.7482747758 0.487924316641 29.9813799415 0.00692802392802 0.010461
pedestrian -1 -1 -10 1013.8 152.7 1038.74 224.787 1.86799159646 0.785000269109 0.803996881776 5.47306588361 1.4910368789 8.87125576879 0.00692802392802 0.0094233
pedestrian -1 -1 -10 566.03 160.75 584.556 218.79 1.7419921875 0.896998751255 0.857996780988 -0.298147855307 1.38031902425 12.9222831463 0.00692802392802 0.0082456
pedestrian -1 -1 -10 604.45 162.82 631.852 257.09 1.81799192727 0.919000002824 0.699997389362 0.0652852696496 1.39090420134 13.2827422216 0.00692802392802 0.0060794
pedestrian -1 -1 -10 1003.4 159.0 1027.43 210.682 1.86799159646 0.785000269109 0.646997406466 5.39456803159 1.49125274112 8.87179986358 0.00692802392802 0.0041215
pedestrian -1 -1 -10 592.39 158.43 611.055 213.139 1.80599189699 0.737999415951 0.923996525347 -0.0551009252833 1.37913165092 13.3740721477 0.00692802392802 0.0037317
pedestrian -1 -1 -10 915.09 188.52 929.898 229.589 1.90599145889 0.739999746474 0.733997211385 3.66619115869 1.49030213609 7.75022326096 0.00692802392802 0.002542
pedestrian -1 -1 -10 436.74 163.13 447.666 199.922 0.529997637868 0.204002242123 0.636997215135 -7.08784714301 0.196678331954 33.3486545316 0.00692802392802 0.0018092
pedestrian -1 -1 -10 579.7 158.95 592.042 198.469 1.80599189699 0.979998878113 1.03799610478 -0.207951094662 1.38002327515 12.9631218063 0.00692802392802 0.0018083
pedestrian -1 -1 -10 450.09 166.77 461.679 201.152 1.37299386412 0.204002242123 0.801996557408 -6.95818830258 1.03932120431 33.3482460335 0.00692802392802 0.0011277
pedestrian -1 -1 -10 986.51 160.79 1009.58 213.168 1.73099229634 0.931999528622 0.787997147849 4.63600875781 1.47787176876 8.41160800481 0.00692802392802 0.0010465
pedestrian -1 -1 -10 574.94 155.92 588.679 197.314 1.66099256426 0.946998908106 0.963996381703 -0.244613093735 1.23503555541 13.04079328 0.00692802392802 0.0010359
pedestrian -1 -1 -10 990.8 184.17 1012.08 280.278 1.73099229634 0.645000020661 0.787997147849 4.63501459603 1.47803865649 8.26811169463 0.00692802392802 0.00092779
pedestrian -1 -1 -10 942.87 141.63 961.517 194.477 1.63899269253 0.619999942236 0.744997326481 3.67090723658 1.22335802426 7.69003396645 0.00692802392802 0.00085652
pedestrian -1 -1 -10 944.55 139.39 965.992 233.944 1.8489917919 0.739999746474 0.796997176996 3.69761178682 1.43321584899 7.74997232824 0.00692802392802 0.00074358
pedestrian -1 -1 -10 1021.1 155.43 1049.33 211.594 1.81599190235 0.756999456481 0.827996482666 5.48489669799 1.43902046941 8.85714278451 0.00692802392802 0.00066991
pedestrian -1 -1 -10 221.98 163.8 238.329 196.84 0.566997472942 1.03599859602 0.248997706971 -18.2433431258 -1.15864106577 35.1653857304 0.00692802392802 0.00057466
pedestrian -1 -1 -10 974.84 152.39 1010.3 227.583 1.71199232787 0.931999528622 0.787997147849 4.63598255836 1.45887180029 8.41159713774 0.00692802392802 0.00053162
pedestrian -1 -1 -10 943.37 147.65 978.375 216.228 1.81999187767 0.739999746474 0.796997176996 3.69757179824 1.40421593476 7.74995574168 0.00692802392802 0.00052042
pedestrian -1 -1 -10 1022.5 153.99 1038.12 199.885 1.72799223661 0.785000269109 0.803996881776 5.47287283561 1.35103751905 8.87117569586 0.00692802392802 0.00049357
pedestrian -1 -1 -10 18.38 162.7 54.083 212.468 0.904995946586 0.313998963235 0.525998047743 -15.9953124576 0.597817375897 20.6082991988 0.00692802392802 0.000428
pedestrian -1 -1 -10 563.55 185.52 580.18 255.129 1.80599189699 1.00299862602 0.772997101133 -0.340367742975 1.38037425427 12.9755397805 0.00692802392802 0.00038353
pedestrian -1 -1 -10 382.54 155.23 409.787 204.852 0.0999995529652 0.134998230048 0.13399836768 -15.8485465568 -0.198170664677 55.2121784039 0.00692802392802 0.00036433
pedestrian -1 -1 -10 150.37 149.53 169.972 197.746 2.00699103326 1.12999839499 0.919996621668 -18.0380534103 0.476846357597 28.9998761033 0.00692802392802 0.00033089
pedestrian -1 -1 -10 921.18 186.09 936.036 235.614 1.9079914242 0.739999746474 0.770997251739 3.68469349227 1.49225122919 7.75009617812 0.00692802392802 0.00031197
pedestrian -1 -1 -10 999.63 178.08 1031.55 276.314 1.86799159646 0.785000269109 0.676997026787 5.40956748144 1.49121149394 8.87169589739 0.00692802392802 0.00015644
pedestrian -1 -1 -10 913.61 189.55 939.438 242.09 1.66799256206 0.257999245326 0.2759989865 11.7890678694 1.28245354233 25.6252859648 0.00692802392802 0.00013881
pedestrian -1 -1 -10 933.51 143.58 949.389 192.474 0.63099719733 0.556998829077 0.24699976678 12.9650287313 -0.646824817667 27.4010416239 0.00692802392802 0.00010325
pedestrian -1 -1 -10 608.03 160.62 625.251 221.611 1.81799192727 0.921999306517 0.714997318731 0.0577750955795 1.39092656916 13.2812945893 0.00692802392802 7.5802e-05
pedestrian -1 -1 -10 78.189 151.52 126.555 200.718 2.01399097145 1.17699924815 0.787997147849 -18.0819914304 0.582964937244 25.5057144282 0.00692802392802 2.8297e-05
pedestrian -1 -1 -10 900.74 180.9 936.798 266.08 0.130999432504 0.0589999752758 0.862996675488 6.28089104425 0.993661608596 14.250223811 0.00692802392801 2.5589e-05
pedestrian -1 -1 -10 309.86 158.23 320.643 193.255 0.35999840349 0.277999689535 0.410997754782 -20.2655376949 -0.18503149598 50.8770367954 0.00692802392802 2.2912e-05
pedestrian -1 -1 -10 266.19 155.69 304.183 193.625 0.335998514295 0.507999075906 0.66499841843 -20.0644063773 -0.187165920018 45.2645143893 0.00692802392802 2.0719e-05
pedestrian -1 -1 -10 1091.3 179.63 1130.9 240.942 1.08799511194 0.641000313289 0.736996744265 16.1719480406 1.73012866115 22.340198534 0.00692802392802 1.3032e-05
pedestrian -1 -1 -10 76.823 167.54 113.507 203.318 2.01499101371 1.18200031288 0.816996367569 -18.0927158368 0.583196328761 25.3292837405 0.00692802392802 1.193e-05
pedestrian -1 -1 -10 1130.1 172.04 1180.35 246.405 0.112999506295 0.0809993194982 0.375998038795 19.6625342917 1.07095201937 24.5708704165 0.00692802392803 9.8799e-06
pedestrian -1 -1 -10 1097.6 172.77 1153.98 250.008 0.930995868146 0.61399990434 0.650996624694 16.214637049 1.57302687429 22.3263108169 0.00692802392803 5.981e-06
pedestrian -1 -1 -10 13.303 143.13 78.208 223.345 1.34199405909 1.12799758763 0.594998986457 -18.1163254388 -0.00894801411011 22.8900896823 0.00692802392802 1.0531e-06
pedestrian -1 -1 -10 1076.0 185.03 1118.58 241.132 1.13299492747 0.956000633878 0.666998265962 16.1187246189 1.60007712263 22.512893767 0.00692802392802 3.4634e-07
pedestrian -1 -1 -10 289.63 149.88 323.682 187.959 0.0999995529652 0.0 0.0 -23.476685368 -1.21542726658 57.2133913341 0.0 3.097e-07
pedestrian -1 -1 -10 251.6 133.99 302.571 188.736 0.101999399067 0.124000465284 0.191998714462 -29.7740752793 -2.69828673516 65.2734903379 0.00692802392802 1.5443e-07
