pedestrian -1 -1 -10 446.11 158.39 489.455 259.47 1.76199212372 0.561999893803 0.766997079839 -2.487052121 1.40692480586 13.2989761902 0.00692802392802 0.99825
pedestrian -1 -1 -10 299.08 162.14 329.827 243.377 1.71599238515 0.536000842208 0.587997612754 -6.60892254869 1.29099121344 16.1844958284 0.00692802392802 0.99026
pedestrian -1 -1 -10 421.49 166.21 445.843 240.791 1.55299299955 0.558000186431 0.617997948328 -3.89588409553 1.31390319103 16.7148342951 0.00692802392802 0.98873
pedestrian -1 -1 -10 513.44 156.71 548.813 248.899 1.75299213082 0.756000006474 0.766997199048 -1.61629437537 1.32238517042 15.1678966396 0.00692802392802 0.98631
pedestrian -1 -1 -10 342.03 158.97 367.331 241.325 1.71999225616 0.570998758555 0.570997955061 -5.83828753426 1.29118614447 16.77866916 0.00692802392802 0.98624
pedestrian -1 -1 -10 363.22 153.73 396.503 247.141 1.75999215841 0.931998574948 1.07799602074 -4.89915451076 1.33482710941 15.7026638556 0.00692802392802 0.98286
pedestrian -1 -1 -10 388.92 161.69 415.211 245.513 1.71199239492 0.887999886503 0.711997219609 -4.71551210914 1.28620433779 15.8043661019 0.00692802392802 0.96981
pedestrian -1 -1 -10 534.76 161.76 573.658 246.761 1.59099283218 0.705999849623 0.629997629564 -1.03590613031 1.33485863998 15.9780050328 0.00692802392802 0.9387
pedestrian -1 -1 -10 342.97 158.07 406.754 242.899 1.75999215841 0.912999488092 1.07799602074 -4.89922032329 1.33483815722 15.6931645402 0.00692802392802 0.87657
pedestrian -1 -1 -10 180.17 155.72 202.035 223.931 1.66399254203 0.697000031199 0.492998179289 -10.6224569979 1.08648974635 18.430649416 0.00692802392802 0.86613
pedestrian -1 -1 -10 208.88 158.44 225.172 197.865 1.01099543422 0.653998885413 0.0530012047868 -18.1316297153 -0.635288723812 32.8399060192 0.00692802392802 0.7882
pedestrian -1 -1 -10 534.17 161.01 553.88 244.001 1.59099283218 0.801998548605 0.629997629564 -1.03557359233 1.33480281757 16.0260032304 0.00692802392802 0.50289
pedestrian -1 -1 -10 349.45 154.84 376.461 241.43 1.71999225616 0.570998758555 0.570997955061 -5.83828753426 1.29118614447 16.77866916 0.00692802392802 0.46686
pedestrian -1 -1 -10 513.46 167.54 570.733 229.313 1.75299213082 0.756000006474 0.633997563046 -1.54979615475 1.32220230614 15.1674357183 0.00692802392802 0.44756
pedestrian -1 -1 -10 416.85 164.22 466.97 243.2 1.55299299955 0.558000186431 0.617997948328 -3.89588409553 1.31390319103 16.7148342951 0.00692802392802 0.37703
pedestrian -1 -1 -10 302.7 160.55 355.22 239.562 0.412998177111 0.155000581605 0.17099983854 -9.88120415707 0.638414288437 26.3289151367 0.00692802392802 0.35792
pedestrian -1 -1 -10 322.7 158.84 334.522 203.131 1.22199454606 0.750998941748 0.915995972933 -9.25128464128 0.582543435766 24.6939752216 0.00692802392802 0.30999
pedestrian -1 -1 -10 320.74 157.27 381.755 243.086 1.71999225616 0.570998758555 0.570997955061 -5.83828753426 1.29118614447 16.77866916 0.00692802392802 0.23661
pedestrian -1 -1 -10 307.06 158.03 337.033 228.493 1.71599238515 0.536000842208 0.587997612754 -6.60892254869 1.29099121344 16.1844958284 0.00692802392802 0.18866
pedestrian -1 -1 -10 843.19 170.08 869.77 231.489 1.24799436331 0.362998716406 0.287999025363 12.7031515514 1.09937381838 34.8567134483 0.00692802392802 0.16823
pedestrian -1 -1 -10 508.21 160.73 537.646 228.836 1.75299213082 0.756000006474 0.766997199048 -1.61629437537 1.32238517042 15.1678966396 0.00692802392802 0.13863
pedestrian -1 -1 -10 431.98 165.38 451.294 229.73 1.55299299955 0.558000186431 0.617997948328 -3.89588409553 1.31390319103 16.7148342951 0.00692802392802 0.1235
pedestrian -1 -1 -10 851.64 169.65 861.61 204.858 1.24799436331 0.362998716406 0.287999025363 12.7031515514 1.09937381838 34.8567134483 0.00692802392802 0.1121
pedestrian -1 -1 -10 408.07 163.68 433.546 241.682 0.594997344911 0.132999330035 0.0809995470701 -6.48422983876 1.07471877171 25.7417679863 0.00692802392802 0.064959
pedestrian -1 -1 -10 182.41 159.13 218.109 211.253 1.66399254203 0.697000031199 0.492998179289 -10.6224569979 1.08648974635 18.430649416 0.00692802392802 0.053202
pedestrian -1 -1 -10 336.14 162.99 359.355 230.624 1.71999225616 0.570998758555 0.570997955061 -5.83828753426 1.29118614447 16.77866916 0.00692802392802 0.048951
pedestrian -1 -1 -10 198.04 154.6 214.363 197.637 1.42499361783 0.368999231139 0.453996860897 -17.0852305059 0.246640660923 31.2549016793 0.00692802392803 0.047071
pedestrian -1 -1 -10 366.9 154.25 391.666 206.915 1.71199239492 0.889998786516 1.07799602074 -4.89936618523 1.28685176844 15.6816370118 0.00692802392802 0.044083
pedestrian -1 -1 -10 525.71 160.9 544.705 223.048 1.75299213082 0.756000006474 0.766997199048 -1.61629437537 1.32238517042 15.1678966396 0.00692802392802 0.038989
pedestrian -1 -1 -10 546.56 162.94 560.68 222.648 1.59099283218 0.801998548605 0.629997629564 -1.03557359233 1.33480281757 16.0260032304 0.00692802392802 0.038886
pedestrian -1 -1 -10 331.94 158.37 344.474 201.272 0.0999995529652 0.191997397964 0.610997766713 -19.861753835 -0.459134021994 54.3641576165 0.00692802392801 0.038574
pedestrian -1 -1 -10 325.47 158.58 338.969 215.118 1.22299455851 0.750998941748 0.985996358577 -9.21628666812 0.582447190612 24.6937320575 0.00692802392802 0.030679
pedestrian -1 -1 -10 190.26 153.53 206.829 209.359 1.66399254203 0.697000031199 0.492998179289 -10.6224569979 1.08648974635 18.430649416 0.00692802392802 0.029007
pedestrian -1 -1 -10 448.1 160.88 481.066 213.788 1.76199212372 0.561999893803 0.766997079839 -2.487052121 1.40692480586 13.2989761902 0.00692802392802 0.028705
pedestrian -1 -1 -10 844.62 170.9 855.71 205.828 0.913995909691 0.085998476877 0.289998872895 13.9644760031 0.527041425889 39.0991074929 0.00692802392802 0.021848
pedestrian -1 -1 -10 313.11 160.78 327.526 200.941 0.929995825887 0.528998970122 0.672996854888 -9.37395292924 0.291007911791 24.5836530241 0.00692802392802 0.018726
pedestrian -1 -1 -10 337.8 157.89 350.395 203.267 0.0999995529652 0.14099874478 0.629996795102 -19.7035616815 -0.459684001721 54.4635635868 0.00692802392805 0.014031
pedestrian -1 -1 -10 171.14 155.89 183.433 202.289 1.59999285489 1.18899837027 0.242999118046 -18.0989762597 0.0323238854797 30.4775542901 0.00692802392802 0.013808
pedestrian -1 -1 -10 154.76 156.79 180.091 199.583 1.79699193388 1.15699880394 0.15100040955 -18.0542067423 0.240948801641 29.8233557787 0.00692802392802 0.012506
pedestrian -1 -1 -10 439.14 165.7 451.881 198.961 0.319998568296 0.224998321645 0.658997445328 -7.06778051051 -0.0134356260119 33.3998929418 0.00692802392802 0.010331
pedestrian -1 -1 -10 352.53 159.33 364.868 210.722 1.71999225616 0.570998758555 0.570997955061 -5.83828753426 1.29118614447 16.77866916 0.00692802392802 0.010159
pedestrian -1 -1 -10 494.33 156.4 540.868 254.217 1.75299213082 0.756000006474 0.766997199048 -1.61629437537 1.32238517042 15.1678966396 0.00692802392802 0.0093388
pedestrian -1 -1 -10 421.0 167.26 438.133 212.247 1.55299299955 0.558000186431 0.617997948328 -3.89588409553 1.31390319103 16.7148342951 0.00692802392802 0.0091431
pedestrian -1 -1 -10 360.19 156.5 371.778 200.661 1.75999215841 0.783999865429 0.928996412397 -4.97416519058 1.3351180324 15.6291826474 0.00692802392802 0.0074387
pedestrian -1 -1 -10 176.75 156.3 188.463 205.73 1.55799306929 0.697000031199 0.492998179289 -10.6226031628 0.98049027361 18.4305887893 0.00692802392802 0.007266
pedestrian -1 -1 -10 444.23 187.04 471.385 257.344 1.76199212372 0.561999893803 0.766997079839 -2.487052121 1.40692480586 13.2989761902 0.00692802392802 0.006471
pedestrian -1 -1 -10 855.24 168.4 867.391 208.057 0.789996473491 0.0929984416157 0.187999019398 12.71384872 0.644796847993 35.3353869903 0.00692802392802 0.0061055
pedestrian -1 -1 -10 449.4 159.46 472.116 245.135 1.76199212372 0.561999893803 0.766997079839 -2.487052121 1.40692480586 13.2989761902 0.00692802392802 0.0055247
pedestrian -1 -1 -10 307.36 162.47 323.854 206.503 1.71599238515 0.536000842208 0.587997612754 -6.60892254869 1.29099121344 16.1844958284 0.00692802392802 0.0054577
pedestrian -1 -1 -10 552.62 164.91 570.563 220.616 1.59099283218 0.801998548605 0.629997629564 -1.03557359233 1.33480281757 16.0260032304 0.00692802392802 0.0045436
pedestrian -1 -1 -10 195.94 157.21 228.167 205.006 1.42499361783 0.368999231139 0.453996860897 -17.0852305059 0.246640660923 31.2549016793 0.00692802392803 0.0042464
pedestrian -1 -1 -10 373.82 185.17 389.517 248.225 1.75999215841 0.963998141275 1.03399603719 -4.87704420144 1.33474800534 15.7185107692 0.00692802392802 0.0040359
pedestrian -1 -1 -10 382.38 158.8 398.122 206.283 0.543997573853 0.19699846269 0.407998460319 -5.5556405712 1.10958234789 17.5032013293 0.00692802392802 0.0033907
pedestrian -1 -1 -10 445.92 161.72 457.9 200.424 0.528997625411 0.238998251122 0.789996995381 -7.00204261126 0.19539145762 33.3925586926 0.00692802392802 0.0032927
pedestrian -1 -1 -10 391.82 163.14 410.047 208.179 1.75999215841 0.964000048623 0.731997125435 -4.72570889734 1.33427579305 15.7664636977 0.00692802392802 0.0029752
pedestrian -1 -1 -10 334.01 166.26 347.873 225.567 1.22299455851 0.750998941748 0.898996792076 -9.17278792977 0.582327572889 24.6934305532 0.00692802392802 0.0019577
pedestrian -1 -1 -10 441.72 201.95 459.257 254.251 1.72999232113 0.561999893803 0.59899772785 -2.57109390444 1.37515598947 13.2995401036 0.00692802392802 0.0016537
pedestrian -1 -1 -10 529.85 161.04 544.352 200.693 1.75299213082 0.756000006474 0.7159972723 -1.59079502453 1.32231504944 15.1677198951 0.00692802392802 0.0015648
pedestrian -1 -1 -10 221.08 162.48 237.965 196.983 0.558997492492 0.996997157609 0.329998684547 -18.2951859744 -1.15827483435 34.9702457387 0.00692802392802 0.00098517
pedestrian -1 -1 -10 481.66 225.07 497.004 262.406 0.193999114633 0.195000516351 0.0759999282401 -1.96017231409 0.524059148085 15.410763081 0.00692802392802 0.00044201
pedestrian -1 -1 -10 465.94 162.68 486.32 215.347 1.72999232113 0.561999893803 0.766997079839 -2.48709624619 1.37492500327 13.2989578878 0.00692802392802 0.00024592
pedestrian -1 -1 -10 303.42 177.75 322.385 241.939 1.71599238515 0.536000842208 0.587997612754 -6.60892254869 1.29099121344 16.1844958284 0.00692802392802 0.00012285
pedestrian -1 -1 -10 473.63 161.16 486.913 200.551 0.658997039497 0.16099918899 0.654997273429 -7.54817476408 0.330983769117 43.8076825577 0.00692802392802 7.4488e-05
pedestrian -1 -1 -10 408.21 162.19 421.583 198.875 0.0999995529652 0.15699757427 0.0769993751708 -18.4102982685 -0.529721862074 70.6109190928 0.00692802392802 6.7146e-05
pedestrian -1 -1 -10 751.56 130.74 785.595 209.474 2.12299051136 0.865998634934 1.16399566348 7.10489172023 0.661193337844 29.2738403275 0.00692802392802 3.9446e-05
pedestrian -1 -1 -10 763.06 136.52 804.34 216.034 2.12299051136 0.99800042231 1.17799554987 7.60108369144 0.660125131206 29.0113951849 0.00692802392802 3.8735e-05
pedestrian -1 -1 -10 290.3 173.17 318.659 245.445 1.71599238515 0.536000842208 0.587997612754 -6.60892254869 1.29099121344 16.1844958284 0.00692802392802 3.2328e-05
pedestrian -1 -1 -10 85.235 164.55 122.727 198.659 1.86099171787 1.14299887446 0.807997530511 -18.0883526549 0.420507775267 25.920667778 0.00692802392802 1.8678e-05
pedestrian -1 -1 -10 76.595 151.14 128.443 200.81 2.02799096704 1.14400023182 0.807997530511 -18.0891581718 0.592683188782 25.7692730033 0.00692802392802 4.8044e-06
pedestrian -1 -1 -10 13.264 143.6 78.884 223.679 0.763996575214 0.380000810597 0.469999455835 -16.6828536889 0.631857600037 21.3572019973 0.00692802392803 1.3568e-06
pedestrian -1 -1 -10 1115.5 187.28 1158.77 240.31 0.771996480227 0.278999139542 0.992996301775 16.8213063094 1.72768387848 22.0388733441 0.00692802392802 2.5593e-08
