pedestrian -1 -1 -10 286.87 131.03 311.208 183.994 1.6058236568 1.1578731416 0.216000013988 -5.75802948252 1.02985889465 13.4159674681 0.00753464155925 0.016893
pedestrian -1 -1 -10 1079.4 51.723 1117.16 159.723 1.11387766075 1.19186933704 0.671999725628 3.08731951676 0.579933370646 4.94217910403 0.00753464155925 0.0095222
pedestrian -1 -1 -10 283.2 127.68 324.974 204.928 1.75980679273 1.14387378266 0.30199995333 -5.79976028872 1.18627134381 13.5771286447 0.00753464155925 0.00057927
pedestrian -1 -1 -10 156.6 211.27 180.781 264.024 1.91578962374 1.19886901651 0.313000106366 -5.67378004507 1.2911084405 9.38470396896 0.00753464155925 0.00054662
pedestrian -1 -1 -10 1042.1 94.208 1064.78 158.152 1.10187904334 1.19186981382 0.689999846003 3.0910131696 0.560219207862 5.43442206776 0.00753464155925 0.00033273
pedestrian -1 -1 -10 1030.3 91.915 1051.05 158.078 0.758916677355 1.19586908577 0.173999971532 3.34151692497 0.215258643076 5.65013267579 0.00753464155925 0.00032644
pedestrian -1 -1 -10 1045.1 45.247 1121.75 200.217 1.08488089025 1.19386897301 0.663999831074 3.09265463349 0.546584101448 5.12144258347 0.00753464155925 0.00021744
pedestrian -1 -1 -10 471.34 141.67 488.874 182.416 1.48483697951 0.147982597584 0.283999832955 -6.62707879589 0.351236743322 38.1940833185 0.00753464155925 0.00011114
pedestrian -1 -1 -10 1014.8 85.102 1056.86 181.855 1.0978794744 1.19086951905 0.73899961738 3.12932718488 0.554768417946 5.67571769435 0.00753464155925 8.6932e-05
pedestrian -1 -1 -10 1093.1 78.501 1128.49 177.185 1.17887055171 1.19786872174 0.749999770416 3.09917639841 0.650621519131 4.7865029959 0.00753464155925 7.9655e-05
pedestrian -1 -1 -10 473.48 150.5 484.86 192.169 1.48483697951 0.147982597584 0.283999832955 -6.62707879589 0.351236743322 38.1940833185 0.00753464155925 7.3114e-05
pedestrian -1 -1 -10 999.13 164.11 1035.14 232.021 1.54683014905 1.19686890375 0.837999802606 3.08073104622 0.998265755555 5.77485541052 0.00753464155925 6.8898e-05
pedestrian -1 -1 -10 785.27 184.39 804.162 231.843 2.24275368417 1.18886892951 0.846999624375 2.87542455641 1.61727121481 10.4270318972 0.00753464155925 2.9422e-05
pedestrian -1 -1 -10 1026.6 94.39 1074.15 199.99 1.25486224234 1.18587042913 0.721999901057 3.0750381636 0.713169648278 5.43041006387 0.00753464155925 5.2218e-06
pedestrian -1 -1 -10 971.28 75.191 1048.94 210.441 1.26486110509 1.1938694498 0.924999669162 3.18267445415 0.71923584741 5.97965909809 0.00753464155925 4.2647e-06
pedestrian -1 -1 -10 919.5 96.974 971.816 206.304 0.960894491553 1.18387079315 1.17299973821 3.33947302325 0.394691815854 7.16519596172 0.00753464155925 3.874e-06
pedestrian -1 -1 -10 1002.5 65.536 1082.59 228.596 1.20686747468 1.19686890375 0.765999797943 3.11484402601 0.661767911224 5.54003088441 0.00753464155925 5.8288e-07
pedestrian -1 -1 -10 6.3884 0.0 132.928 271.23 1.54483036459 1.19286915503 0.190999926274 -5.56987501806 0.937540511926 7.5271528171 0.00753464155925 2.5115e-08
