pedestrian -1 -1 -10 810.0 148.71 824.817 195.333 1.30985618114 0.67092602369 0.815999734954 6.73472039478 1.02430118751 23.6886600716 0.00753464155925 0.034018
pedestrian -1 -1 -10 802.1 151.25 820.335 195.984 1.30985618114 0.67092602369 0.869999619241 6.70772121685 1.02432084546 23.6888632136 0.00753464155925 0.020361
pedestrian -1 -1 -10 805.38 148.32 831.229 207.243 1.30985618114 0.67092602369 0.759999996236 6.76271947163 1.02428080155 23.6884494064 0.00753464155925 0.0071339
pedestrian -1 -1 -10 794.63 154.51 814.804 206.627 1.30985618114 0.67092602369 0.759999519399 6.65272272365 1.02436088954 23.6892770226 0.00753464155925 0.0023053
pedestrian -1 -1 -10 816.92 151.76 832.491 203.423 1.15587308991 0.852907200637 0.348999870279 8.57209225838 0.173856728449 27.8598416662 0.00753464155925 0.001222
pedestrian -1 -1 -10 780.05 153.42 796.626 196.312 1.49083633291 0.683925087859 0.506999814284 6.17009046349 1.08323443014 24.6070075009 0.00753464155925 0.00090292
pedestrian -1 -1 -10 790.32 149.88 809.94 193.818 1.30985618114 0.67092602369 0.759999519399 6.65272272365 1.02436088954 23.6892770226 0.00753464155925 0.00084029
pedestrian -1 -1 -10 588.07 169.71 599.047 197.907 0.0999890208244 0.00900169936587 0.231999922306 -1.2282720517 0.57953234557 73.679175057 0.00753464155925 0.00081848
pedestrian -1 -1 -10 784.56 150.64 802.948 194.435 1.13687522685 0.577939613524 0.368999368246 8.23134769624 0.0876696659902 32.1556366842 0.00753464155925 0.00054138
pedestrian -1 -1 -10 889.5 193.56 923.244 243.244 1.24286350572 0.838906888127 0.999999693888 6.99244698032 1.1380255734 16.8585961206 0.00753464155925 0.00051066
pedestrian -1 -1 -10 1168.1 189.77 1226.42 299.95 1.46183953261 0.874904149893 0.802999727489 5.38513915677 1.52659281059 6.4961444887 0.00753464155925 0.00044
pedestrian -1 -1 -10 773.69 161.13 791.215 208.513 1.49083633291 0.683925087859 0.506999814284 6.17009046349 1.08323443014 24.6070075009 0.00753464155925 0.00043043
pedestrian -1 -1 -10 788.13 157.51 817.201 225.112 1.30985618114 0.659927549062 0.75099969763 6.64826437452 1.02444557713 23.6948099602 0.00753464155925 0.0004043
pedestrian -1 -1 -10 887.84 200.57 909.63 244.657 1.33485344231 1.04188567313 1.09999956791 6.88798779567 1.14617376458 17.0674716375 0.00753464155925 0.00030471
pedestrian -1 -1 -10 899.72 178.5 930.365 238.747 1.12687623746 0.803910874703 0.75299955206 7.06011252804 1.13823547099 16.8747269378 0.00753464155925 0.00011871
pedestrian -1 -1 -10 420.84 191.83 435.242 239.374 0.979892369513 0.768916768418 0.44199977696 -6.02896223072 0.578062416213 23.141905955 0.00753464155925 8.1744e-05
pedestrian -1 -1 -10 423.83 188.42 439.387 229.65 1.00188999867 1.09088199906 0.435999736835 -6.0235333501 0.598824873165 23.463764484 0.00753464155925 8.1084e-05
pedestrian -1 -1 -10 818.02 151.23 845.068 212.351 0.896901507736 0.740918050539 0.761999850666 6.7252346144 1.13063009823 20.8027025451 0.00753464155925 6.4679e-05
pedestrian -1 -1 -10 1073.6 194.92 1118.61 294.046 1.9117900548 0.903901255403 0.683999805878 9.0216832268 1.47008091452 12.7622787422 0.00753464155925 6.4295e-05
pedestrian -1 -1 -10 5.7539 184.29 84.6089 353.42 2.19675873078 1.04988421702 0.638999743359 -8.55486414211 1.49845830756 10.7071018364 0.00753464155925 4.5983e-05
pedestrian -1 -1 -10 837.41 158.19 854.826 208.831 0.896901507736 0.687924359802 0.723999755487 6.74403448187 1.13022400253 20.7760634994 0.00753464155925 3.8929e-05
pedestrian -1 -1 -10 831.84 157.45 849.39 214.708 0.896901507736 0.740918050539 0.761999850666 6.7252346144 1.13063009823 20.8027025451 0.00753464155925 2.8506e-05
pedestrian -1 -1 -10 416.25 190.0 430.206 246.211 0.695923600672 1.14987364415 0.102999655665 -5.67898834378 1.67229908297 22.4193696175 0.00753464155925 2.8022e-05
pedestrian -1 -1 -10 414.25 182.62 434.317 222.574 0.976892707708 0.366960377497 0.288999945866 -6.0979756232 0.572136595715 22.9414635323 0.00753464155925 1.5514e-05
pedestrian -1 -1 -10 1.9922 209.67 54.9112 350.68 1.27985941411 0.805911941029 0.602999979446 -6.02596520548 1.6325896781 7.43682703649 0.00753464155925 4.2713e-06
pedestrian -1 -1 -10 1073.8 201.18 1097.18 311.37 1.9117900548 0.704922695914 0.64200000184 9.00143352813 1.47156905443 12.8619231968 0.00753464155925 2.4456e-06
pedestrian -1 -1 -10 423.98 184.05 449.049 247.03 0.889902306793 0.829909003041 0.818999993435 -3.81736876963 1.75461494274 16.9138030583 0.00753464155925 2.2756e-06
pedestrian -1 -1 -10 47.737 125.78 131.537 190.152 1.28885848892 1.11387733595 0.593000230463 -8.60856658539 0.569375729414 12.3877712913 0.00753464155925 9.2562e-07
pedestrian -1 -1 -10 112.88 139.77 163.041 231.26 1.38884747398 1.1568738004 0.843999604312 -7.11380483444 0.715040345055 11.2114318562 0.00753464155925 1.8183e-07
pedestrian -1 -1 -10 137.49 140.56 181.024 225.871 0.614932493566 1.18287097517 0.595000084892 -8.6649614586 -0.123143080052 13.5661219707 0.00753464155925 5.9744e-08
pedestrian -1 -1 -10 79.421 136.95 141.44 215.354 1.35985067368 1.18886988308 0.596999939321 -8.60828895768 0.636939686471 12.1557628346 0.00753464155925 5.5753e-08
pedestrian -1 -1 -10 69.363 163.58 131.791 234.361 1.35985067368 1.18586995234 0.598999793751 -8.60874684231 0.634074668886 11.9622814811 0.00753464155925 1.7361e-08
