pedestrian -1 -1 -10 833.87 97.499 899.7 231.579 1.69481393158 0.750917183966 0.886999573983 3.71479254742 1.07684554877 10.3656440368 0.00753464155925 0.18066
pedestrian -1 -1 -10 300.45 178.4 312.42 214.297 1.23886396658 0.212977918429 0.101999251614 -14.0674597681 1.66952427455 34.1777497344 0.00753464155925 0.033792
pedestrian -1 -1 -10 62.698 171.81 80.683 233.674 0.105988404031 0.464949215085 0.177999441972 -26.0360377222 1.20298683113 35.7316537098 0.00753464155925 0.0031615
pedestrian -1 -1 -10 41.459 125.77 59.319 179.746 1.50883434844 0.654928935918 0.482000203406 -17.448159692 0.488794847916 23.1931785972 0.00753464155925 0.00096813
pedestrian -1 -1 -10 223.0 153.99 242.279 203.141 1.23986385882 1.0308871985 1.16099989637 -14.0540590337 1.32144041086 27.2868565714 0.00753464155925 0.00085667
pedestrian -1 -1 -10 71.991 179.54 86.641 222.345 0.105988404031 0.464949215085 0.177999441972 -26.0360377222 1.20298683113 35.7316537098 0.00753464155925 0.00077593
pedestrian -1 -1 -10 31.926 121.72 62.767 197.23 0.107988039505 0.0529955978769 0.499999846944 -41.4005605491 -1.3235741819 53.5092727183 0.00753464155925 0.00017611
pedestrian -1 -1 -10 836.99 103.17 873.819 175.787 1.48783664131 0.750917183966 0.886999573983 3.7147287291 0.869868258498 10.3671766183 0.00753464155925 0.00015949
pedestrian -1 -1 -10 1090.0 103.78 1120.37 177.411 1.3288540591 0.349962041385 0.36400020901 19.6316525192 0.180533629042 28.2322538254 0.00753464155925 7.7525e-05
pedestrian -1 -1 -10 216.53 162.11 233.359 202.777 1.24286355042 0.852905293497 1.1520000746 -14.2484189936 1.32287870167 27.1733063039 0.00753464155925 6.252e-05
pedestrian -1 -1 -10 621.59 156.76 636.956 195.224 0.363960034371 0.247970117574 0.801999800274 1.84135747898 -0.0437896233788 50.8305793762 0.00753464155925 3.0986e-05
pedestrian -1 -1 -10 41.979 124.01 73.787 184.217 1.50883434844 0.654928935918 0.482000203406 -17.448159692 0.488794847916 23.1931785972 0.00753464155925 1.947e-05
pedestrian -1 -1 -10 833.63 100.17 856.851 198.447 1.48783664131 0.750917183966 0.733999742889 3.63823097882 0.869923956061 10.3677521878 0.00753464155925 1.497e-05
