pedestrian -1 -1 -10 875.42 177.44 886.229 208.529 0.340962557674 0.108985405077 0.568998162615 16.7794818351 1.56210113149 42.9915165177 0.00753464155925 0.0043039
pedestrian -1 -1 -10 879.75 174.16 890.211 209.996 0.341962375411 0.108985405077 0.72499825219 16.8574799804 1.56304415946 42.9909222583 0.00753464155925 0.0012024
pedestrian -1 -1 -10 688.31 177.51 699.54 222.229 0.868904554967 0.894900509607 0.374999885208 3.91108460011 1.61306871432 31.1789867532 0.00753464155925 0.00090351
pedestrian -1 -1 -10 311.8 193.49 344.06 260.365 1.64081987011 1.06588321193 0.731999888459 -3.47640610775 1.74854629098 9.56786788018 0.00753464155925 0.00024819
pedestrian -1 -1 -10 874.06 175.34 895.153 213.471 0.341962375411 0.108985405077 0.72499825219 16.8574799804 1.56304415946 42.9909222583 0.00753464155925 0.00024071
pedestrian -1 -1 -10 704.95 173.84 719.692 232.531 1.21486658275 0.741919298879 0.434999809621 2.84629022775 1.65209181527 19.7929208968 0.00753464155925 0.0002064
pedestrian -1 -1 -10 693.42 176.22 704.29 225.888 0.752917331397 0.58493500193 0.134999949138 2.67856214747 0.964241704207 20.4055317465 0.00753464155925 0.00014644
pedestrian -1 -1 -10 871.86 177.44 881.525 211.966 0.338962743406 0.32896634047 0.0930003835187 15.8660991266 1.51824277239 42.017896896 0.00753464155925 9.2603e-05
pedestrian -1 -1 -10 207.43 131.86 237.611 194.315 0.109987913371 0.0369946958261 0.593000230463 -21.4906009043 -1.23021843614 41.1251996 0.00753464155925 9.2376e-05
pedestrian -1 -1 -10 694.0 178.73 723.397 228.726 1.21486658275 0.741919298879 0.434999809621 2.84629022775 1.65209181527 19.7929208968 0.00753464155925 1.6394e-05
pedestrian -1 -1 -10 419.33 213.56 440.447 269.695 1.24186362839 0.837907546927 1.04199961713 -2.43457334726 1.70230333382 9.65976363137 0.00753464155925 1.5165e-05
pedestrian -1 -1 -10 296.36 177.62 337.431 298.25 0.139984710208 0.719920442484 0.312999629529 -8.84164859451 1.69891451292 21.6495819179 0.00753464155925 1.4574e-05
pedestrian -1 -1 -10 311.22 185.65 327.938 248.393 0.351961327556 0.400953235441 0.173999733113 -13.9699181562 1.6908939367 34.4701739555 0.00753464155925 1.2278e-05
pedestrian -1 -1 -10 422.17 252.76 441.689 302.536 1.24186362839 0.690924290544 0.99099975291 -2.40956006236 1.70133000951 9.59508081629 0.00753464155925 1.0794e-05
pedestrian -1 -1 -10 478.62 193.23 501.342 256.44 1.71381176484 1.04688619341 1.17199981099 -2.74294715444 1.61738718906 17.0853617818 0.00753464155925 7.6475e-06
pedestrian -1 -1 -10 681.68 175.12 708.471 227.663 0.860905536287 0.708921967856 0.359999784895 3.91788133741 1.60368761147 31.0860029224 0.00753464155925 2.8426e-06
pedestrian -1 -1 -10 469.12 184.83 508.021 258.796 1.70881231857 1.05188480656 1.19399964022 -2.79092858873 1.61245969039 17.0882591789 0.00753464155925 1.3812e-06
pedestrian -1 -1 -10 411.68 197.81 446.589 285.113 1.24186362839 0.807911100216 1.0449996372 -2.43618632001 1.70208239056 9.64477711951 0.00753464155925 7.4417e-07
pedestrian -1 -1 -10 700.98 163.42 735.677 236.791 1.21486658275 0.760916317393 0.434999809621 2.84636179493 1.65223243227 19.8024191364 0.00753464155925 1.5147e-08
