pedestrian -1 -1 -10 468.26 163.11 512.557 245.724 1.81480070174 0.881903352577 0.626999782318 -2.19087238414 1.65608212845 13.3063550367 0.00753464155925 0.2318
pedestrian -1 -1 -10 827.92 221.85 843.928 279.768 0.98189221358 0.206977103375 0.131999929076 3.30041338352 1.53029745866 10.4377869447 0.00753464155925 0.022986
pedestrian -1 -1 -10 464.57 166.41 488.319 231.997 1.81480070174 0.836908205726 0.626999782318 -2.19070287459 1.65641518505 13.3288519715 0.00753464155925 0.0084328
pedestrian -1 -1 -10 477.15 156.52 499.34 267.47 1.81480070174 0.881903352577 0.626999782318 -2.19087238414 1.65608212845 13.3063550367 0.00753464155925 0.0055345
pedestrian -1 -1 -10 489.4 166.72 511.297 237.902 1.81480070174 1.09587965864 0.626999782318 -2.1916784939 1.65449826384 13.1993699205 0.00753464155925 0.0054698
pedestrian -1 -1 -10 315.57 233.35 332.964 271.732 1.93878713023 1.18886988308 0.664999996707 -3.73722521093 1.66154923226 8.88473174957 0.00753464155925 0.0028666
pedestrian -1 -1 -10 473.27 159.85 495.422 224.21 1.81480070174 0.929897476601 0.626999782318 -2.19105319169 1.65572687325 13.2823586558 0.00753464155925 0.0016915
pedestrian -1 -1 -10 459.93 160.32 495.557 260.242 1.81480070174 0.993890595536 0.626999782318 -2.19129427202 1.6552531926 13.2503630046 0.00753464155925 0.0016517
pedestrian -1 -1 -10 492.56 168.64 516.124 214.898 0.394956634044 0.317962144423 1.06799951285 -6.58433529521 1.08796171955 46.8079778523 0.00753464155925 0.0013281
pedestrian -1 -1 -10 459.47 157.79 477.52 209.002 1.81580060887 1.02288770105 0.310000086303 -3.10057550985 1.50985047976 15.9552460956 0.00753464155925 0.0010023
pedestrian -1 -1 -10 484.87 160.08 508.387 215.646 1.7618065474 0.929897476601 0.626999782318 -2.19106953164 1.60273271892 13.2827510557 0.00753464155925 0.00092072
pedestrian -1 -1 -10 819.5 220.09 835.157 271.914 2.07377226901 1.18087038563 0.874999732152 4.36217607037 1.48103008071 13.8490694069 0.00753464155925 0.00046354
pedestrian -1 -1 -10 316.03 231.61 345.871 284.432 1.90579076099 1.19786872174 0.640999836207 -3.72428262096 1.63041665008 9.0113689469 0.00753464155925 0.00043975
pedestrian -1 -1 -10 306.72 235.21 327.261 282.829 2.00278011405 1.19586908577 0.707999727959 -3.76017757951 1.72266399128 8.68894721253 0.00753464155925 0.00036179
pedestrian -1 -1 -10 453.02 149.81 473.394 201.551 1.67181648468 1.08188125327 0.310000086303 -3.10084215071 1.36542968199 15.9268162999 0.00753464155925 0.00031024
pedestrian -1 -1 -10 467.47 150.15 490.453 207.597 0.0999890208244 0.0 0.0 -6.64383625329 0.346954956974 37.8939829375 0.0 9.5847e-05
pedestrian -1 -1 -10 307.9 230.83 339.438 303.589 2.00278011405 1.19786872174 0.664999996707 -3.73791741904 1.72414337978 8.78977087697 0.00753464155925 6.9236e-05
pedestrian -1 -1 -10 59.725 274.95 76.977 323.515 0.527942122449 0.109988560557 0.140999750845 -6.60692854063 1.72712110578 8.86043573055 0.00753464155925 6.8098e-05
pedestrian -1 -1 -10 59.349 262.79 86.328 328.23 0.527942122449 0.109988560557 0.140999750845 -6.60692854063 1.72712110578 8.86043573055 0.00753464155925 3.0852e-05
pedestrian -1 -1 -10 453.29 139.67 517.681 276.49 1.81480070174 0.929897476601 0.626999782318 -2.19105319169 1.65572687325 13.2823586558 0.00753464155925 4.6584e-06
pedestrian -1 -1 -10 34.407 188.62 77.781 312.8 0.551939297687 0.948895448684 0.569000069963 -15.5093272218 1.97916659759 20.6470764246 0.00753464155925 4.209e-06
pedestrian -1 -1 -10 148.19 242.84 189.158 289.137 1.79280311728 0.757916863436 1.19499956744 -4.49313549794 1.49867986635 7.57907709719 0.00753464155925 3.7171e-06
pedestrian -1 -1 -10 459.07 177.65 479.506 250.395 1.90579079079 1.18486965757 0.452000002781 -3.18376953004 1.51963005454 15.6673543821 0.00753464155925 1.1161e-06
pedestrian -1 -1 -10 479.19 158.19 533.35 258.061 1.80480180919 0.630930443552 0.535999849275 -2.18843007267 1.64793985936 13.4319006816 0.00753464155925 1.3099e-09
