pedestrian -1 -1 -10 742.86 168.81 754.799 194.259 0.383957834364 0.116983948962 0.306999112567 8.69117713933 0.714962133759 43.5973929016 0.00753464155925 0.079403
pedestrian -1 -1 -10 905.47 161.38 924.748 208.673 1.08388101291 0.735919437395 0.943999955171 13.1917141428 0.636725399638 30.3354956523 0.00753464155925 0.0085125
pedestrian -1 -1 -10 895.58 158.7 916.648 206.737 1.21786627436 1.07188307341 0.423000206208 8.94333184718 1.07255331179 21.0277588308 0.00753464155925 0.0067533
pedestrian -1 -1 -10 331.49 170.66 368.572 270.565 1.75380738718 1.12587705892 0.744999657505 -4.69895336766 1.69445856306 13.5642666164 0.00753464155925 0.0046053
pedestrian -1 -1 -10 351.44 172.05 371.198 267.812 1.80980123312 1.1568738004 0.744999657505 -4.70101918137 1.74635952414 13.2873903931 0.00753464155925 0.0033858
pedestrian -1 -1 -10 333.2 172.41 361.151 236.131 1.75380738718 1.12587705892 0.744999657505 -4.69895336766 1.69445856306 13.5642666164 0.00753464155925 0.00096755
pedestrian -1 -1 -10 961.74 139.42 1000.52 214.233 1.69081436264 0.843907408411 0.805999509133 5.45798916743 1.07108070471 10.3190608259 0.00753464155925 0.00029982
pedestrian -1 -1 -10 901.75 149.95 934.26 210.118 1.21786627436 1.07188307341 0.423000206208 8.94333184718 1.07255331179 21.0277588308 0.00753464155925 0.00020017
pedestrian -1 -1 -10 814.53 169.27 844.221 216.345 1.93278777683 0.848906021554 1.15299952498 6.27597935241 1.11416052377 20.48995425 0.00753464155925 0.00019655
pedestrian -1 -1 -10 342.18 176.98 384.405 254.192 1.80980123312 1.17487147771 0.744999657505 -4.6992788867 1.74977889863 13.518358479 0.00753464155925 0.00019471
pedestrian -1 -1 -10 808.01 166.0 823.596 202.108 1.93978697777 0.964894443595 0.871999473671 6.12092298571 1.12213149286 20.5490649375 0.00753464155925 0.00012156
pedestrian -1 -1 -10 963.29 149.27 984.107 207.879 1.04388538313 0.922899227486 0.227999617401 8.80333491002 1.07046051443 17.2325319231 0.00753464155925 0.00011175
pedestrian -1 -1 -10 806.35 157.43 833.425 207.436 1.93978697777 0.759916976192 0.871999473671 6.12015077714 1.12061423817 20.446579113 0.00753464155925 6.3286e-05
pedestrian -1 -1 -10 810.8 172.73 830.798 206.299 1.93978697777 0.964894443595 0.96499985719 6.16742186132 1.12209763731 20.5487150797 0.00753464155925 1.8283e-05
pedestrian -1 -1 -10 962.06 131.32 1034.83 225.926 1.72581054615 0.832907980213 1.03299967616 5.5714338099 1.07091664992 10.3129664492 0.00753464155925 1.4461e-05
pedestrian -1 -1 -10 956.08 153.78 976.997 209.34 1.04388538313 0.782913266648 0.227999617401 8.80386227705 1.07149669836 17.3025229167 0.00753464155925 1.2346e-05
pedestrian -1 -1 -10 908.48 145.68 983.601 212.244 0.596934448243 0.807912053786 0.38800036951 12.4315513675 0.147257796413 26.2202965039 0.00753464155925 6.7716e-06
pedestrian -1 -1 -10 949.82 110.27 1015.67 214.39 1.71081220733 0.688924654572 0.749999770416 5.42916377887 1.08946326227 10.2086387972 0.00753464155925 5.0576e-06
pedestrian -1 -1 -10 939.5 129.31 984.944 209.374 0.780914232018 0.87190421915 0.389999270265 12.0846900352 0.122291599895 24.6564243568 0.00753464155925 1.4606e-06
pedestrian -1 -1 -10 909.9 155.21 951.576 219.334 1.08188122844 0.557939439531 0.707000516 13.3095393904 0.633321920746 30.2456314197 0.00753464155925 1.0933e-06
pedestrian -1 -1 -10 913.82 132.04 961.323 203.375 0.872904172329 0.42895195332 0.270000375113 13.5278445311 0.423941532422 30.2290366624 0.00753464155925 1.3467e-07
pedestrian -1 -1 -10 905.86 120.96 943.38 209.205 1.08688067472 0.72792089351 1.09499993184 13.5041755174 0.639438333214 30.3291231018 0.00753464155925 9.7618e-08
pedestrian -1 -1 -10 314.28 153.33 384.991 280.14 1.75380738718 1.11887785623 0.744999657505 -4.69892699967 1.69451037155 13.5677661184 0.00753464155925 3.4229e-09
