pedestrian -1 -1 -10 357.38 151.9 394.305 235.761 2.44473158776 1.18186972683 0.279000196882 -6.01575547121 1.65196503041 18.8166549587 0.00753464155925 0.0014419
pedestrian -1 -1 -10 108.04 195.03 125.185 244.604 2.32974426388 1.19586908577 0.345999611798 -7.17309503394 1.65199960665 10.4633699052 0.00753464155925 0.00077841
pedestrian -1 -1 -10 354.17 169.39 380.18 240.846 2.45573029805 1.19086951905 0.29699984042 -6.06279035388 1.67000675271 18.4122678504 0.00753464155925 0.00076753
pedestrian -1 -1 -10 453.12 164.91 466.744 218.906 2.55171983337 1.08488023044 0.667000089555 -5.16151164868 1.66560908599 24.2990648008 0.00753464155925 0.00073616
pedestrian -1 -1 -10 374.71 154.4 406.931 231.524 2.45673029458 1.19086951905 0.273000156757 -5.88475274175 1.66564845306 19.7461815931 0.00753464155925 0.00043813
pedestrian -1 -1 -10 376.37 157.94 395.876 213.217 2.45673029458 1.16387395665 0.252999705116 -5.92275922612 1.66172980697 19.4799896855 0.00753464155925 0.00029991
pedestrian -1 -1 -10 429.12 149.42 449.233 199.54 2.27674993075 1.18387031637 0.273000156757 -5.18592766439 1.42334342237 22.6590739795 0.00753464155925 0.00029793
pedestrian -1 -1 -10 454.83 157.82 480.223 232.018 2.41673466479 0.755917704249 0.628000067161 -4.82169562388 1.49856724152 26.7418158229 0.00753464155925 0.00012063
pedestrian -1 -1 -10 249.03 153.51 267.034 207.32 2.15376352858 1.194868791 0.783999679899 -6.84142831556 1.43949749515 13.7526678635 0.00753464155925 0.00010154
pedestrian -1 -1 -10 442.95 145.87 459.339 218.288 2.42373386574 1.1938694498 0.246000214613 -5.07416041279 1.58444687061 23.6160677047 0.00753464155925 5.3411e-05
pedestrian -1 -1 -10 256.02 133.68 297.367 215.458 1.92478857935 1.18687024711 0.556000062498 -6.62666548643 1.19990466998 14.3969907129 0.00753464155925 2.423e-05
pedestrian -1 -1 -10 246.62 144.78 278.093 213.579 2.12676642335 1.19586908577 0.784999607114 -6.82174606233 1.40983367182 13.9112809463 0.00753464155925 2.0472e-05
pedestrian -1 -1 -10 448.75 149.64 466.692 207.922 2.12276685441 1.14787496174 0.708999893593 -5.13878061374 1.23930462239 24.5495641116 0.00753464155925 1.6281e-05
pedestrian -1 -1 -10 948.87 156.16 1029.23 262.34 1.2798595184 1.02688697299 0.911999900116 5.4325149738 1.45231544777 10.5981063458 0.00753464155925 1.2507e-05
pedestrian -1 -1 -10 421.01 135.42 446.567 227.952 2.47072863687 1.16187145997 0.508999668713 -5.3897912276 1.62772407465 22.1359482408 0.00753464155925 9.9151e-06
pedestrian -1 -1 -10 81.44 198.96 121.686 298.947 2.31674567973 1.18087038563 0.324999709779 -7.19695779482 1.64932933694 10.281968017 0.00753464155925 7.8216e-06
pedestrian -1 -1 -10 1068.8 191.48 1157.27 338.06 2.1367653159 0.691924585314 0.904000005562 8.23905479408 1.42778655239 11.7663289074 0.00753464155925 3.9014e-06
pedestrian -1 -1 -10 1112.8 198.19 1158.44 296.347 2.14176476217 0.714920875771 1.19699966029 8.42723660757 1.42903476042 11.7234237082 0.00753464155925 3.0803e-06
pedestrian -1 -1 -10 556.25 173.1 590.556 241.459 1.24186368799 0.880904011377 1.18599962646 -0.845027009225 1.62930027312 18.5055896566 0.00753464155925 3.7411e-08
