pedestrian -1 -1 -10 297.11 160.25 348.091 291.8 1.69881341112 0.703922401143 0.594999846473 -4.07985928611 1.56316525713 10.2616835365 0.00753464155925 0.99162
pedestrian -1 -1 -10 289.2 170.01 326.664 285.75 1.67981556296 0.703922401143 0.594999846473 -4.07986514381 1.54416740897 10.2618242077 0.00753464155925 0.058848
pedestrian -1 -1 -10 314.61 162.26 348.951 260.624 1.69881341112 0.703922401143 0.594999846473 -4.07985928611 1.56316525713 10.2616835365 0.00753464155925 0.026208
pedestrian -1 -1 -10 305.54 168.31 333.677 241.041 1.67981556296 0.703922401143 0.594999846473 -4.07986514381 1.54416740897 10.2618242077 0.00753464155925 0.023052
pedestrian -1 -1 -10 312.88 191.79 346.569 289.674 1.69881341112 0.703922401143 0.594999846473 -4.07985928611 1.56316525713 10.2616835365 0.00753464155925 0.018755
pedestrian -1 -1 -10 323.23 224.69 347.309 284.639 1.69981334806 0.89990102989 0.594999846473 -4.07912067042 1.56561583885 10.3596626653 0.00753464155925 0.005283
pedestrian -1 -1 -10 287.89 170.63 316.984 244.784 1.46783877241 0.909900163317 1.10099949512 -5.26029841028 1.46760303822 12.1995494576 0.00753464155925 0.003852
pedestrian -1 -1 -10 297.91 169.68 318.377 220.809 1.31785528922 1.194868791 0.203999933738 -7.3640217906 0.7500650113 17.955202597 0.00753464155925 0.0030845
pedestrian -1 -1 -10 325.08 150.26 356.442 245.737 1.69981334806 0.89990102989 0.594999846473 -4.07912067042 1.56561583885 10.3596626653 0.00753464155925 0.0011067
pedestrian -1 -1 -10 799.28 132.62 820.952 179.659 1.77680488622 1.18986922428 0.121999941673 2.55821010684 1.18066043358 9.15676096141 0.00753464155925 0.00040087
pedestrian -1 -1 -10 288.74 170.09 307.202 225.312 1.47283830249 1.18187163397 0.60599976109 -7.19835860562 0.83739709401 17.3772301427 0.00753464155925 0.00030711
pedestrian -1 -1 -10 789.32 132.85 811.428 180.037 1.78680377877 1.19286915503 0.127999981798 2.53901389483 1.186190371 9.52944861193 0.00753464155925 0.00030495
pedestrian -1 -1 -10 795.01 141.86 816.66 191.679 1.89479196131 1.19886806294 0.126999816165 2.54626804434 1.2946556391 9.35856447666 0.00753464155925 0.00027721
pedestrian -1 -1 -10 618.64 154.24 654.863 201.705 0.0999890208244 0.0949908139863 0.41600000045 3.0473567858 0.482967552459 65.6482844295 0.00753464155925 0.00027385
pedestrian -1 -1 -10 806.05 148.87 825.219 193.942 1.96978371501 1.19086951905 0.124999961736 2.57782767389 1.37979610866 8.89655727272 0.00753464155925 0.00027243
pedestrian -1 -1 -10 479.9 187.4 508.399 251.559 1.59382494998 1.14187510026 0.258999983659 -3.10372363393 1.53751234661 19.5772175044 0.00753464155925 0.00020806
pedestrian -1 -1 -10 940.4 200.32 958.435 241.304 2.15776300812 1.19686890375 0.145000174959 2.74758465876 1.6177366144 5.79271964941 0.00753464155925 7.8818e-05
pedestrian -1 -1 -10 777.66 140.53 802.864 190.896 1.89179232931 1.1938694498 0.124999961736 2.51053322085 1.28308739189 9.92656120956 0.00753464155925 7.7041e-05
pedestrian -1 -1 -10 68.527 278.82 106.091 351.447 0.230974680062 0.584935478715 0.76299977788 -5.48919899414 1.50021179862 7.76452447654 0.00753464155925 6.5551e-05
pedestrian -1 -1 -10 930.08 200.82 948.403 243.091 2.15976288199 1.19786872174 0.147999956603 2.73346500976 1.61746458493 5.97637024034 0.00753464155925 3.9174e-05
pedestrian -1 -1 -10 274.44 176.56 289.123 222.892 1.5308319031 1.14187319312 0.615999510074 -7.20865928352 0.884943771845 16.6709353891 0.00753464155925 3.9001e-05
pedestrian -1 -1 -10 946.08 199.47 965.044 243.936 2.15676322019 1.19786872174 0.149999811032 2.75043441649 1.61845352565 5.70616829785 0.00753464155925 3.1104e-05
pedestrian -1 -1 -10 851.23 159.32 885.683 213.275 2.11576765347 1.19886853972 0.126000127369 2.65407592372 1.55046303518 7.39132979291 0.00753464155925 2.8785e-05
pedestrian -1 -1 -10 291.61 214.52 318.531 288.647 1.24886291873 0.844907703181 0.841999749883 -5.13240306752 1.48919773597 11.9731136091 0.00753464155925 1.8962e-05
pedestrian -1 -1 -10 923.73 211.36 957.657 265.327 2.15976288199 1.19886853972 0.14699979097 2.73784814072 1.61723187249 5.96083869062 0.00753464155925 1.7254e-05
pedestrian -1 -1 -10 269.0 170.81 285.173 226.302 1.61582254935 1.18486965757 0.626999663109 -7.21038916377 0.880613672064 16.3791007955 0.00753464155925 1.7111e-05
pedestrian -1 -1 -10 777.92 125.68 815.546 184.21 1.73180986976 1.194868791 0.122000180092 2.52552241988 1.12721309576 9.73304487494 0.00753464155925 1.011e-05
pedestrian -1 -1 -10 793.23 121.13 829.609 180.712 1.71281190241 1.19586908577 0.126999816165 2.56032293999 1.11894000236 9.10817854305 0.00753464155925 8.5768e-06
