pedestrian -1 -1 -10 502.32 229.13 515.336 266.943 2.14776420497 0.883902988549 0.735999716527 -1.59115674234 1.53594273393 11.3668123963 0.00753464155925 0.035426
pedestrian -1 -1 -10 291.89 195.55 304.378 236.595 2.19775866771 1.18886988308 0.744999657505 -4.87898899119 1.63337024554 11.4610233088 0.00753464155925 0.0010498
pedestrian -1 -1 -10 520.64 170.23 547.88 239.305 2.20875749719 0.85690647258 0.685999779517 -1.54148531915 1.5659410426 12.6521229384 0.00753464155925 0.00071667
pedestrian -1 -1 -10 346.79 192.7 362.803 238.818 1.41684447145 0.68592472383 0.572999778821 -4.8134019592 1.60266563232 13.0989293092 0.00753464155925 0.00038113
pedestrian -1 -1 -10 719.76 191.05 732.754 222.849 0.827909018048 0.123985058787 0.0700001502335 2.76235326467 1.5569130391 16.6686669896 0.00753464155925 0.00035271
pedestrian -1 -1 -10 759.18 183.92 791.461 251.893 2.28474918782 0.611934378608 0.683999805878 4.84678445032 1.48248000339 20.3843601378 0.00753464155925 0.00033724
pedestrian -1 -1 -10 715.58 190.0 727.972 222.215 1.80680162346 0.412954865549 0.694000031699 4.76430652228 1.40282639031 31.071597634 0.00753464155925 0.00031279
pedestrian -1 -1 -10 772.99 190.27 807.068 272.795 2.03677639043 0.611934378608 0.668000016769 4.85485441108 1.47247528633 20.3826118872 0.00753464155925 0.00027928
pedestrian -1 -1 -10 1103.8 240.36 1123.43 294.297 2.09476996124 1.194868791 0.887999739616 2.99228371694 1.59536979136 4.08950604804 0.00753464155925 0.00023355
pedestrian -1 -1 -10 730.51 183.71 762.447 240.005 2.02777731562 0.495944049427 0.663999831074 4.79507959662 1.42474046447 25.7334404085 0.00753464155925 0.00021694
pedestrian -1 -1 -10 504.06 199.78 537.68 265.902 2.20875749719 0.85690647258 0.779999732622 -1.58848396541 1.56597526204 12.6524765565 0.00753464155925 0.00016052
pedestrian -1 -1 -10 280.54 186.76 309.34 253.167 2.13776531243 1.08888140952 1.142999776 -5.248604452 1.58227903709 12.0472007271 0.00753464155925 6.3111e-05
pedestrian -1 -1 -10 297.21 193.45 315.023 247.112 2.17476119101 1.12287712818 1.11199964816 -5.05105374057 1.61921993694 12.0514400556 0.00753464155925 4.632e-05
pedestrian -1 -1 -10 810.52 179.55 830.814 225.012 1.48783664131 0.782915173788 0.0889997209861 7.10386098352 1.2010920146 24.1626444738 0.00753464155925 2.7144e-05
pedestrian -1 -1 -10 796.54 212.46 831.932 290.684 2.02077805508 1.13587619235 0.0900001250377 4.58266942142 1.49958858832 14.7733686955 0.00753464155925 5.6188e-06
pedestrian -1 -1 -10 294.55 186.92 327.265 252.263 1.85779599333 1.17987104443 1.05899969109 -5.02379757727 1.62049586232 12.1363817054 0.00753464155925 3.6187e-06
