pedestrian -1 -1 -10 791.26 153.7 839.17 289.44 1.69599573272 0.642998050494 0.608999977752 3.00679431222 1.37602401779 9.96632742605 0.00702763010872 0.99928
pedestrian -1 -1 -10 533.43 174.31 570.318 241.323 1.50499623172 0.598997534273 0.608000050215 -1.30621425513 1.31456321931 15.885875577 0.00702763010872 0.99006
pedestrian -1 -1 -10 440.24 173.57 462.083 239.976 1.53799617314 0.840997512472 0.858999743511 -3.54856522852 1.25823117934 17.3375100389 0.00702763010872 0.98329
pedestrian -1 -1 -10 381.18 166.6 409.069 230.112 1.36999658853 0.534998517355 0.394999987527 -5.81679185547 1.23477134973 19.7326517116 0.00702763010872 0.98267
pedestrian -1 -1 -10 736.65 177.99 769.13 281.56 1.42199648178 0.506998709036 0.395999915065 2.32513333877 1.37812604743 10.8004547253 0.00702763010872 0.97643
pedestrian -1 -1 -10 701.06 171.3 745.361 284.33 1.55399609101 0.542998871306 0.377999908088 1.7825975499 1.42220495997 9.87219202624 0.00702763010872 0.9745
pedestrian -1 -1 -10 544.83 169.56 563.966 244.601 1.58099603343 0.580997929974 0.227000001886 -0.987071753876 1.29848029938 17.2565483907 0.00702763010872 0.89024
pedestrian -1 -1 -10 362.25 173.07 375.512 217.391 1.31199674191 0.477999452517 0.418000228238 -7.46239742592 1.06937033712 22.9954969579 0.00702763010872 0.86517
pedestrian -1 -1 -10 333.79 171.08 346.24 217.269 1.33199666812 0.473999752378 0.425000197837 -8.46715849685 1.09377795439 23.2465977463 0.00702763010872 0.86138
pedestrian -1 -1 -10 449.77 171.74 480.099 242.247 1.53799617314 0.840997512472 0.775000108319 -3.50656644802 1.25823293674 17.3372148861 0.00702763010872 0.81812
pedestrian -1 -1 -10 458.42 181.64 475.785 238.624 1.53799617314 0.840997512472 0.711999905087 -3.47506712424 1.2582342548 17.3369935198 0.00702763010872 0.6154
pedestrian -1 -1 -10 399.27 163.9 412.133 215.857 1.08999725103 0.580999837318 0.743999493634 -10.7512674832 0.489961375804 39.1024943426 0.00702763010872 0.59334
pedestrian -1 -1 -10 701.55 174.99 729.893 255.488 1.55399609101 0.542998871306 0.377999908088 1.7825975499 1.42220495997 9.87219202624 0.00702763010872 0.32455
pedestrian -1 -1 -10 394.27 163.26 409.376 226.664 1.29599678773 0.391999223817 0.345999723495 -5.74061352794 1.17163119953 20.6825828822 0.00702763010872 0.32253
pedestrian -1 -1 -10 360.71 176.91 385.767 218.507 1.31199674191 0.477999452517 0.418000228238 -7.46239742592 1.06937033712 22.9954969579 0.00702763010872 0.27741
pedestrian -1 -1 -10 437.61 173.82 452.777 227.568 1.53799617314 0.765996935991 0.858999743511 -3.5488287645 1.25831573658 17.3000106767 0.00702763010872 0.18597
pedestrian -1 -1 -10 711.94 172.29 741.167 250.399 1.55399609101 0.542998871306 0.377999908088 1.7825975499 1.42220495997 9.87219202624 0.00702763010872 0.15288
pedestrian -1 -1 -10 784.69 156.45 815.566 252.4 1.69599573272 0.642998050494 0.608999977752 3.00679431222 1.37602401779 9.96632742605 0.00702763010872 0.1528
pedestrian -1 -1 -10 485.53 160.27 498.076 199.235 0.565998588681 0.327998299555 0.760999692283 -5.62602218597 0.15867358448 36.6287507457 0.00702763010872 0.14895
pedestrian -1 -1 -10 739.6 176.29 763.346 249.617 1.42199648178 0.506998709036 0.395999915065 2.32513333877 1.37812604743 10.8004547253 0.00702763010872 0.14692
pedestrian -1 -1 -10 376.8 169.28 397.318 230.726 1.36999658853 0.534998517355 0.394999987527 -5.81679185547 1.23477134973 19.7326517116 0.00702763010872 0.1299
pedestrian -1 -1 -10 357.12 175.05 369.763 215.225 0.0999997496605 0.0 0.0 -18.1546915594 0.0474740202933 53.8675413926 0.0 0.083229
pedestrian -1 -1 -10 367.44 170.48 380.339 223.558 1.31199674191 0.477999452517 0.418000228238 -7.46239742592 1.06937033712 22.9954969579 0.00702763010872 0.082372
pedestrian -1 -1 -10 766.83 159.28 826.569 281.84 1.69599573272 0.642998050494 0.608999977752 3.00679431222 1.37602401779 9.96632742605 0.00702763010872 0.07978
pedestrian -1 -1 -10 480.45 163.02 494.873 200.748 0.565998588681 0.327998299555 0.760999692283 -5.62602218597 0.15867358448 36.6287507457 0.00702763010872 0.074025
pedestrian -1 -1 -10 528.88 180.88 555.031 245.42 1.51999617986 0.725998027253 0.608000050215 -1.30576819753 1.32941998439 15.9493911684 0.00702763010872 0.047152
pedestrian -1 -1 -10 740.54 169.34 787.082 270.87 1.42199648178 0.506998709036 0.395999915065 2.32513333877 1.37812604743 10.8004547253 0.00702763010872 0.046157
pedestrian -1 -1 -10 461.66 170.8 483.145 234.935 1.53799617314 0.681999418376 0.631000052506 -3.43400951272 1.25805669161 17.4162059913 0.00702763010872 0.03777
pedestrian -1 -1 -10 607.06 166.74 627.838 213.96 1.7969954387 1.14099600371 0.818999989606 0.313161913481 1.31159942047 18.992244243 0.00702763010872 0.029776
pedestrian -1 -1 -10 427.25 168.72 450.716 233.883 2.26699438012 0.930997441312 1.14400007252 -6.03222463593 1.06102417802 26.7119531838 0.00702763010872 0.02191
pedestrian -1 -1 -10 736.78 173.97 752.777 224.332 0.853997840405 0.443999140317 0.577000627623 8.11758464483 0.965273431481 40.5127688506 0.00702763010872 0.015824
pedestrian -1 -1 -10 423.78 167.45 435.564 213.969 2.34699410355 0.518999716798 0.968999878864 -5.30853297382 1.10761380965 22.4677661076 0.00702763010872 0.014535
pedestrian -1 -1 -10 731.36 175.36 744.954 226.478 0.853997840405 0.443999140317 0.774000180781 8.01908730051 0.965269309944 40.5134610557 0.00702763010872 0.011247
pedestrian -1 -1 -10 766.33 151.03 808.678 234.028 2.12799466991 1.04799963762 1.18100025243 8.6260758597 0.523396856425 32.0365311151 0.00702763010872 0.010863
pedestrian -1 -1 -10 325.43 169.65 340.074 213.463 1.178997054 0.473999752378 0.425000197837 -8.46715650814 0.940778340269 23.246425233 0.00702763010872 0.010652
pedestrian -1 -1 -10 809.38 159.61 847.675 275.82 1.69599573272 0.642998050494 0.608999977752 3.00679431222 1.37602401779 9.96632742605 0.00702763010872 0.0083254
pedestrian -1 -1 -10 536.82 176.08 556.354 229.693 1.51999617986 0.725998027253 0.608000050215 -1.30576819753 1.32941998439 15.9493911684 0.00702763010872 0.0081036
pedestrian -1 -1 -10 834.69 183.08 852.145 233.894 0.826997987389 0.753997835573 0.824999823052 9.75849172117 1.17795351813 28.2574123789 0.00702763010872 0.0077737
pedestrian -1 -1 -10 820.08 166.8 853.284 241.009 1.69599573272 0.600998338015 0.608999977752 3.00664673421 1.37607136916 9.94532808838 0.00702763010872 0.0074414
pedestrian -1 -1 -10 745.99 175.26 773.421 244.212 1.42199648178 0.506998709036 0.395999915065 2.32513333877 1.37812604743 10.8004547253 0.00702763010872 0.0073559
pedestrian -1 -1 -10 722.55 172.88 738.972 222.284 0.85199787116 0.579996574431 0.940999523629 7.86806846739 0.963109675046 40.5825205049 0.00702763010872 0.0071999
pedestrian -1 -1 -10 750.27 174.82 764.775 230.144 1.42199648178 0.506998709036 0.395999915065 2.32513333877 1.37812604743 10.8004547253 0.00702763010872 0.0061489
pedestrian -1 -1 -10 813.24 149.63 838.526 247.675 1.69599573272 0.642998050494 0.608999977752 3.00679431222 1.37602401779 9.96632742605 0.00702763010872 0.0037272
pedestrian -1 -1 -10 594.75 160.5 627.729 230.725 1.7969954387 1.17799656785 0.855000003559 0.295292363048 1.31155695207 19.0108705629 0.00702763010872 0.0035641
pedestrian -1 -1 -10 742.0 213.94 757.519 276.7 1.42199648178 0.506998709036 0.395999915065 2.32513333877 1.37812604743 10.8004547253 0.00702763010872 0.0033409
pedestrian -1 -1 -10 826.18 175.72 841.955 241.041 1.69599573272 0.642998050494 0.608999977752 3.00679431222 1.37602401779 9.96632742605 0.00702763010872 0.0032818
pedestrian -1 -1 -10 717.21 211.96 735.216 284.756 1.55399609101 0.542998871306 0.377999908088 1.7825975499 1.42220495997 9.87219202624 0.00702763010872 0.0031789
pedestrian -1 -1 -10 468.0 171.49 485.758 212.8 0.288999287009 0.0349997603994 0.00199985507492 -5.31324670934 0.673783051142 31.2633819112 0.00702763010872 0.0030325
pedestrian -1 -1 -10 803.52 153.68 825.015 265.24 1.69599573272 0.642998050494 0.608999977752 3.00679431222 1.37602401779 9.96632742605 0.00702763010872 0.0030295
pedestrian -1 -1 -10 481.77 163.89 506.619 203.64 0.565998588681 0.165999953519 0.651999961305 -5.57209289379 0.158858505307 36.5473705762 0.00702763010872 0.002791
pedestrian -1 -1 -10 544.08 167.75 582.111 240.312 1.58099603343 0.580997929974 0.227000001886 -0.987071753876 1.29848029938 17.2565483907 0.00702763010872 0.0026144
pedestrian -1 -1 -10 816.13 148.42 835.209 213.945 1.59499601185 0.31899563639 1.1520004465 12.6286369004 0.498429064965 38.7206291474 0.00702763010872 0.0026132
pedestrian -1 -1 -10 786.64 153.73 805.612 220.693 1.94599514413 0.961997501572 1.19600011917 8.97795302231 0.351930703386 31.8038690411 0.00702763010873 0.0021756
pedestrian -1 -1 -10 693.1 174.79 717.126 231.647 0.947997676372 1.08499638707 0.720000040642 3.33288203481 1.14068193265 23.4257162494 0.00702763010872 0.0018586
pedestrian -1 -1 -10 470.49 165.51 496.842 212.738 0.565998588681 0.327998299555 0.698999893426 -5.65702131992 0.158672287347 36.6289685968 0.00702763010872 0.0012635
pedestrian -1 -1 -10 792.54 153.2 824.53 224.81 1.69599573272 0.642998050494 0.608999977752 3.00679431222 1.37602401779 9.96632742605 0.00702763010872 0.00096261
pedestrian -1 -1 -10 587.23 163.25 605.337 220.648 1.22199691987 0.647997198832 0.616999994098 0.128925300531 0.696307803758 26.2144973631 0.00702763010872 0.00090302
pedestrian -1 -1 -10 754.57 173.63 769.156 221.347 0.999997442961 0.626997342592 1.05000020828 8.07670582828 1.04390816796 34.9094155426 0.00702763010872 0.0005423
pedestrian -1 -1 -10 782.4 173.05 806.604 234.179 1.74599565673 0.51199595003 0.654999743917 8.82574225913 0.523508948615 31.9895571112 0.00702763010872 0.00048328
pedestrian -1 -1 -10 823.38 142.08 839.281 211.735 1.59599599648 0.235999474318 1.1180000492 12.9191532399 0.499273200698 38.7930894116 0.00702763010872 0.00044691
pedestrian -1 -1 -10 749.04 211.87 769.62 274.061 1.42199648178 0.506998709036 0.395999915065 2.32513333877 1.37812604743 10.8004547253 0.00702763010872 0.00041479
pedestrian -1 -1 -10 594.14 162.78 609.397 223.58 1.76199555969 1.17099661577 0.807000024692 0.274057940327 1.27663173291 18.9774789151 0.00702763010872 0.00025227
pedestrian -1 -1 -10 730.94 222.97 746.485 279.13 1.55399609101 0.542998871306 0.377999908088 1.7825975499 1.42220495997 9.87219202624 0.00702763010872 0.00020513
pedestrian -1 -1 -10 492.69 165.57 508.274 204.578 0.392999013901 0.133998537717 0.597000132047 -6.20912939355 0.281260848682 47.004605394 0.00702763010872 0.00015559
pedestrian -1 -1 -10 798.19 208.83 835.588 284.891 1.69599573272 0.642998050494 0.608999977752 3.00679431222 1.37602401779 9.96632742605 0.00702763010872 0.00014296
pedestrian -1 -1 -10 0.0 157.37 40.269 227.297 1.97999503851 0.634998650215 0.156999590636 -13.8601095555 0.803025348925 16.8654371452 0.00702763010873 9.6141e-06
pedestrian -1 -1 -10 166.0 164.08 201.012 205.67 1.97199510193 1.15799806715 0.610000620545 -16.9982388393 0.363170654158 28.7373308988 0.00702763010873 5.2554e-06
pedestrian -1 -1 -10 604.05 159.13 647.088 235.968 1.7969954387 1.05099798221 0.662000003623 0.454449660333 1.31199321492 18.8192475708 0.00702763010872 2.0801e-08
