pedestrian -1 -1 -10 845.39 171.82 861.636 219.814 2.33774334216 0.491944777485 0.406999940262 7.3778050615 1.49047247598 21.9077759833 0.00753464155925 0.011368
pedestrian -1 -1 -10 227.07 131.84 242.802 189.231 0.659927539825 0.341963497499 0.493000356441 -8.03823568361 -0.0946889579188 15.9191369158 0.00753464155925 0.0099081
pedestrian -1 -1 -10 833.83 176.15 859.899 211.642 2.33774334216 0.491944777485 0.406999940262 7.3778050615 1.49047247598 21.9077759833 0.00753464155925 0.0051432
pedestrian -1 -1 -10 221.94 130.17 238.765 180.994 0.659927539825 0.341963497499 0.493000356441 -8.03823568361 -0.0946889579188 15.9191369158 0.00753464155925 0.0012761
pedestrian -1 -1 -10 841.12 178.35 856.897 227.312 2.33774334216 0.491944777485 0.406999940262 7.3778050615 1.49047247598 21.9077759833 0.00753464155925 0.0012373
pedestrian -1 -1 -10 214.25 130.99 240.754 198.532 1.48583690154 1.18987017785 0.192999780703 -5.78991538622 1.23235443146 10.9469818906 0.00753464155925 0.0009948
pedestrian -1 -1 -10 771.0 149.59 795.906 205.007 2.36374051046 0.918901862683 1.04999939248 8.19652364062 1.30699476349 32.8515265312 0.00753464155925 0.00086615
pedestrian -1 -1 -10 156.5 246.54 184.688 310.529 2.11076820719 1.19586908577 0.219999722847 -5.90482054701 1.76060155879 9.67647804347 0.00753464155925 0.00018181
pedestrian -1 -1 -10 837.38 167.19 864.503 225.751 2.33774334216 0.491944777485 0.406999940262 7.3778050615 1.49047247598 21.9077759833 0.00753464155925 0.00012895
pedestrian -1 -1 -10 759.91 155.13 788.116 209.709 2.15276359165 0.912902001199 0.721999901057 7.99034684606 1.31757958659 33.0833939818 0.00753464155925 4.452e-05
pedestrian -1 -1 -10 594.76 182.29 612.984 231.105 0.780914246917 0.868906195548 0.721999789299 -0.308191372908 1.36756570645 23.1366467451 0.00753464155925 1.2762e-05
pedestrian -1 -1 -10 770.37 168.55 788.74 216.059 2.3677400198 1.02088806507 0.925999357959 8.06600387891 1.53170136247 33.0272388645 0.00753464155925 1.1932e-05
