pedestrian -1 -1 -10 536.21 168.39 553.636 227.132 1.53283162983 0.380956875727 0.501999939792 -2.04857647661 1.68498283377 23.2306378143 0.00753464155925 0.8493
pedestrian -1 -1 -10 752.7 126.37 775.082 169.962 0.999890244003 0.840907477669 0.786000011166 6.16917980385 0.0446411021816 28.2177529222 0.00753464155925 0.15067
pedestrian -1 -1 -10 541.43 170.72 558.562 221.125 1.53283162983 0.380956875727 0.501999939792 -2.04857647661 1.68498283377 23.2306378143 0.00753464155925 0.031409
pedestrian -1 -1 -10 748.51 124.15 787.225 178.418 0.999890244003 0.840907477669 1.094999455 6.32367515279 0.0445286150252 28.2165904984 0.00753464155925 0.0084453
pedestrian -1 -1 -10 499.48 114.71 518.17 180.612 1.43484245717 0.38595739601 0.382999779762 -2.76505230553 0.658672222387 19.742521336 0.00753464155925 0.0044466
pedestrian -1 -1 -10 529.25 164.48 556.298 247.728 1.53283162983 0.380956875727 0.501999939792 -2.04857647661 1.68498283377 23.2306378143 0.00753464155925 0.0037047
pedestrian -1 -1 -10 831.4 139.39 848.071 180.049 0.433952401394 0.0719926163903 0.11300083516 9.21408260672 -0.550170673005 28.2899383346 0.00753464155925 0.0029863
pedestrian -1 -1 -10 537.77 165.19 567.759 231.404 1.58182627297 0.360960516013 0.51099988077 -1.94900780058 1.59800449724 24.0476514639 0.00753464155925 0.0015225
pedestrian -1 -1 -10 530.39 169.49 549.646 214.073 1.53283162983 0.380956875727 0.501999939792 -2.04857647661 1.68498283377 23.2306378143 0.00753464155925 0.0010767
pedestrian -1 -1 -10 825.09 136.26 855.486 184.087 1.56082858074 1.10487849729 1.16799938688 5.53700265913 0.801736355436 16.9859100914 0.00753464155925 9.0132e-05
pedestrian -1 -1 -10 763.46 132.56 790.227 184.85 1.61782236361 1.18387031637 0.986999686423 4.20199221621 0.883460842226 17.316725284 0.00753464155925 5.4006e-05
pedestrian -1 -1 -10 488.72 119.09 509.353 185.56 1.56882771862 0.38595739601 0.382999779762 -2.7650109932 0.79265748383 19.7415292303 0.00753464155925 1.7973e-05
pedestrian -1 -1 -10 482.86 105.97 516.729 189.289 1.43484245717 0.38595739601 0.382999779762 -2.76505230553 0.658672222387 19.742521336 0.00753464155925 1.3854e-05
pedestrian -1 -1 -10 734.96 122.41 778.014 198.06 0.428952865723 0.250971955456 0.481999726569 5.2981535577 0.0232721474854 26.4641632262 0.00753464155925 7.694e-07
