pedestrian -1 -1 -10 101.19 164.27 120.546 212.117 0.629930802587 1.07588234535 0.0799998992171 -25.6915568875 -0.739794646881 37.6024522848 0.00753464155925 0.17842
pedestrian -1 -1 -10 758.71 177.85 770.346 208.312 2.33774334216 0.424952681378 0.870000096078 7.09074608719 1.50792681719 32.7316739361 0.00753464155925 0.13786
pedestrian -1 -1 -10 67.852 164.25 96.82 226.228 2.59171540356 0.217976531573 0.277000342453 -19.9803756707 1.47232959791 27.7168356321 0.00753464155924 0.049787
pedestrian -1 -1 -10 58.265 160.0 83.142 210.199 0.841907539131 0.24297341157 0.253000181953 -25.4860606086 0.855748207665 34.6659475937 0.00753464155925 0.034121
pedestrian -1 -1 -10 11.447 151.61 42.707 218.685 2.49372623276 0.150982528326 1.16800081739 -22.2633328229 1.31205294111 27.9412127053 0.00753464155924 0.023636
pedestrian -1 -1 -10 47.182 158.32 79.309 222.072 0.674925860021 0.0289961519404 0.0209999020189 -18.7728564561 0.928731246537 25.0827343488 0.00753464155925 0.010371
pedestrian -1 -1 -10 88.011 162.47 118.647 216.605 0.624931356313 1.0568834197 0.191999376651 -25.7331775523 -0.739895187443 37.1211633038 0.00753464155925 0.0099965
pedestrian -1 -1 -10 30.314 184.4 42.388 230.573 2.48972660422 0.431951884063 1.1869999113 -21.9709035449 1.54437695909 28.0410550383 0.00753464155925 0.0029183
pedestrian -1 -1 -10 1149.4 73.593 1224.71 204.073 0.807911262753 0.194978333977 1.10900082019 26.1099245726 0.250297897773 32.3986352236 0.00753464155925 0.002251
pedestrian -1 -1 -10 21.045 160.03 49.619 229.04 2.71770149733 0.425952022578 1.19399987864 -22.0274943054 1.54437368354 28.0401683431 0.00753464155926 0.0021005
pedestrian -1 -1 -10 9.1177 146.93 28.0547 193.694 2.09576986837 0.150982528326 0.999999693888 -22.5274500994 0.912289034055 27.9461753103 0.00753464155924 0.0017534
pedestrian -1 -1 -10 345.34 161.9 364.478 202.603 0.393956771609 0.262971678424 1.02399985439 -19.787076997 -0.801635577637 57.4423733378 0.00753464155925 0.0015634
pedestrian -1 -1 -10 48.81 159.03 63.122 202.725 2.46772906446 0.915900024801 0.61799984134 -21.6347274134 1.31174159792 28.2838372211 0.00753464155925 0.0012696
pedestrian -1 -1 -10 122.16 170.56 135.755 218.486 0.104988467098 0.0419952161094 0.586999713501 -23.554598944 0.886485672942 36.2762122067 0.00753464155925 0.0011311
pedestrian -1 -1 -10 37.176 155.99 64.441 212.451 2.45873004925 0.723919714427 0.675000937783 -21.6639531742 1.30134228419 28.1881308568 0.00753464155925 0.00086764
pedestrian -1 -1 -10 113.41 159.31 144.674 224.692 0.644929141407 1.09687995341 0.0930003835187 -25.6960537271 -0.746116853105 39.066391795 0.00753464155925 0.00074291
pedestrian -1 -1 -10 325.29 158.82 350.837 202.609 0.0999890208244 0.0 0.0 -20.5164693081 0.632642522923 54.5815683133 0.0 0.0007193
pedestrian -1 -1 -10 24.063 157.15 47.316 201.512 2.47772795701 0.62893080758 1.18399965282 -21.9368051449 1.30883664995 28.1427102037 0.00753464155925 0.00071224
pedestrian -1 -1 -10 352.46 136.84 375.535 199.012 0.100988898159 0.0379940370269 0.42200075583 -20.1503001112 -0.014942590304 61.0452941002 0.00753464155925 0.00049901
pedestrian -1 -1 -10 673.89 170.3 684.477 208.137 1.15887275171 0.783914514989 0.443999869808 3.60028425404 1.34145625613 34.3704351022 0.00753464155925 0.00046161
pedestrian -1 -1 -10 340.17 147.75 372.496 206.097 0.393956771609 0.262971678424 1.02399985439 -19.787076997 -0.801635577637 57.4423733378 0.00753464155925 0.00041963
pedestrian -1 -1 -10 318.5 161.15 341.287 203.725 0.100988957758 0.0 0.220001153358 -22.8453896206 -0.356853792523 61.0766622926 0.0 0.00020194
pedestrian -1 -1 -10 306.36 158.02 337.517 208.199 0.0999890208244 0.0 0.0 -24.2546212964 0.755942758483 61.8739109231 0.0 0.00018917
pedestrian -1 -1 -10 353.24 161.58 374.085 206.835 0.390957080006 0.25697181694 0.416999689246 -19.4835619766 -0.801812136699 57.4430675003 0.00753464155925 6.3981e-05
pedestrian -1 -1 -10 765.65 174.77 777.029 212.358 2.33774334216 0.424952681378 0.61799984134 7.21674264824 1.50783507984 32.7307259374 0.00753464155925 4.715e-05
pedestrian -1 -1 -10 779.54 173.43 791.485 213.16 0.0999890208244 0.0859929288998 0.395999787227 13.8204896798 0.638975649633 56.4390441686 0.00753464155925 9.9095e-06
pedestrian -1 -1 -10 357.57 141.78 390.353 212.013 0.100988898159 0.0189951113737 0.742000352699 -19.4982329725 0.434155863393 61.0082293611 0.00753464155925 5.5786e-06
pedestrian -1 -1 -10 773.59 172.34 786.887 215.046 0.0999890208244 0.0859929288998 0.395999787227 13.8204896798 0.638975649633 56.4390441686 0.00753464155925 2.5638e-06
pedestrian -1 -1 -10 125.04 151.26 167.154 223.95 0.356960833427 1.02088806507 0.0520000298585 -25.6700930494 -0.146549622561 40.517389884 0.00753464155925 8.8322e-07
pedestrian -1 -1 -10 869.77 158.18 919.575 231.287 1.50183509721 1.18486965757 1.1979995875 3.83328321073 1.4892438103 9.65012005908 0.00753464155925 7.2567e-07
pedestrian -1 -1 -10 141.36 152.29 176.871 223.703 0.350961390622 1.07987971016 0.110000576679 -25.6912692434 -0.757332383078 41.6161981448 0.00753464155925 1.3395e-07
pedestrian -1 -1 -10 671.26 165.54 688.381 213.032 1.39984628856 0.797912920359 0.443999869808 3.60041129057 1.58253340996 34.3756497964 0.00753464155925 4.5684e-08
