pedestrian -1 -1 -10 208.32 168.34 229.898 225.519 2.37673903501 0.640930530549 0.653000631712 -9.78043604033 1.55930357321 18.480338642 0.00753464155925 0.0028529
pedestrian -1 -1 -10 1226.3 174.27 1241.12 250.164 0.786913630124 0.305966235734 0.651000777283 24.3842843861 1.7931343739 28.0495434396 0.00753464155925 0.00089705
pedestrian -1 -1 -10 204.13 163.64 219.934 221.872 0.356960833427 0.544942282501 0.447999817085 -23.5638525121 -0.12412879421 43.0645412639 0.00753464155925 0.00087585
pedestrian -1 -1 -10 182.2 169.66 223.976 222.926 1.06188344335 1.14887430294 1.15199912093 -11.214434484 1.47518592675 20.0918771923 0.00753464155925 0.00019959
pedestrian -1 -1 -10 1218.8 168.51 1242.05 274.54 2.53172198868 0.712922193369 1.12899936448 10.3433813562 1.7717183359 12.1198563624 0.00753464155925 0.00013686
pedestrian -1 -1 -10 960.81 155.91 977.914 202.189 0.0999890208244 0.0 0.0 29.4818261978 0.358059222781 58.1794560321 0.0 8.5161e-05
pedestrian -1 -1 -10 200.58 159.36 226.728 234.423 2.37673903501 0.640930530549 0.653000631712 -9.78043604033 1.55930357321 18.480338642 0.00753464155925 7.6843e-05
pedestrian -1 -1 -10 307.45 129.17 329.466 181.308 0.0999890208244 0.0 0.0 -15.0363792757 -1.09955347529 37.9936352757 0.0 1.7502e-05
pedestrian -1 -1 -10 960.63 173.95 978.191 219.261 0.0999890208244 0.0 0.0 13.75527709 0.751535388497 26.8937940848 0.0 1.0022e-06
pedestrian -1 -1 -10 1022.3 169.14 1054.59 218.819 0.350961450221 0.443951607031 0.606000714764 25.3099191665 1.61339970081 42.0159289605 0.00753464155925 4.8059e-07
