pedestrian -1 -1 -10 378.46 158.65 442.958 299.07 1.72799228132 0.546999560646 0.743997164298 -2.36184017084 1.42976210903 8.7685437438 0.00692802392802 0.99972
pedestrian -1 -1 -10 354.88 201.74 381.95 262.051 1.0549953267 0.854998962822 1.0159959789 -3.70860890821 1.37608751876 10.8592544652 0.00692802392802 0.00048854
pedestrian -1 -1 -10 371.41 201.81 391.956 270.442 1.72799228132 0.546999560646 0.660997531278 -2.40333899049 1.42987622715 8.76883138596 0.00692802392802 0.00027218
pedestrian -1 -1 -10 345.23 207.18 374.696 274.227 1.00799548626 1.19399943499 1.0019960925 -3.70369700464 1.38843510217 10.5437540818 0.00692802392802 0.00013501
pedestrian -1 -1 -10 403.37 157.76 463.072 281.37 2.50298886746 0.590999202764 1.19499544598 -3.54502674946 1.58476313158 15.1146268289 0.00692802392802 0.00010931
pedestrian -1 -1 -10 702.66 157.58 721.044 208.465 1.00499550849 0.538999192227 1.16799559696 2.79085722593 0.989193462945 17.824977067 0.00692802392802 6.6698e-05
pedestrian -1 -1 -10 355.45 166.63 404.311 279.77 1.98799106479 0.538999192227 1.1979954557 -4.72786296918 1.05595199942 15.1785072769 0.00692802392802 5.9571e-05
pedestrian -1 -1 -10 690.2 153.59 714.211 198.583 2.06099075228 0.629999687504 1.18899554576 2.07198306196 1.16503155529 14.4509650897 0.00692802392802 3.8042e-05
pedestrian -1 -1 -10 377.04 179.71 407.765 283.45 1.72799228132 0.546999560646 0.715997153091 -2.37583984015 1.4298006069 8.76864078017 0.00692802392802 3.627e-05
pedestrian -1 -1 -10 700.26 149.41 733.413 195.503 2.06199079454 0.572000115908 1.19299547924 2.3665674509 1.16528901254 14.3899219392 0.00692802392802 1.1323e-05
