pedestrian -1 -1 -10 254.82 160.22 323.291 303.64 1.61499284059 0.63099913751 0.686997456535 -4.21266560895 1.32856131076 9.03532050243 0.00692802392802 0.99932
pedestrian -1 -1 -10 242.89 168.32 293.4 298.5 2.06699076742 1.15299909657 0.842997246497 -6.59453253485 1.26984948027 13.6496047783 0.00692802392802 0.071717
pedestrian -1 -1 -10 241.08 215.1 272.015 300.299 0.875996047259 0.905999523353 0.743997164298 -4.72070108906 1.392598263 10.2308740334 0.00692802392802 0.0039693
pedestrian -1 -1 -10 282.59 198.4 316.706 297.459 1.60399285257 0.63099913751 0.64399739675 -4.19118126362 1.31750220096 9.03516519066 0.00692802392802 0.0017062
pedestrian -1 -1 -10 249.41 200.4 279.964 283.947 2.06699076742 1.09199926761 0.850997113461 -6.59919399605 1.2699715448 13.5541343899 0.00692802392802 0.0012541
pedestrian -1 -1 -10 711.74 169.06 728.649 209.86 1.00599555075 0.518998748017 1.18899542655 2.99644285137 0.989613294867 17.8365534577 0.00692802392802 0.00050167
pedestrian -1 -1 -10 702.19 169.91 720.774 216.661 0.755996608734 0.331998600085 1.05299601925 2.83340630117 0.740176706271 17.7370356887 0.00692802392802 0.00025633
pedestrian -1 -1 -10 256.79 185.7 284.031 270.252 1.61499284059 0.63099913751 0.686997456535 -4.21266560895 1.32856131076 9.03532050243 0.00692802392802 0.0001996
pedestrian -1 -1 -10 1050.6 276.84 1073.16 331.979 0.922995887697 0.397000043767 0.398998431172 3.22213717724 1.48431642662 5.31530404912 0.00692802392802 3.4906e-05
pedestrian -1 -1 -10 282.41 146.78 349.744 289.65 1.8489916876 0.468000094834 1.1909955125 -6.1791612974 0.897709030933 15.392964103 0.00692802392802 1.8431e-05
