pedestrian -1 -1 -10 476.27 160.63 504.915 234.4 2.23675436056 1.05588598564 0.784999607114 -4.86833973901 1.99649452094 31.0520590894 0.00753464155925 0.0066097
pedestrian -1 -1 -10 1193.2 100.29 1214.11 162.407 1.71281193221 1.19786872174 0.896999561385 2.68312855889 1.22177445433 3.09090056267 0.00753464155925 0.0019895
pedestrian -1 -1 -10 96.206 263.57 120.028 316.873 1.97478321343 1.19286915503 0.668000016769 -7.43641800563 1.86005053962 10.384135469 0.00753464155925 0.0018204
pedestrian -1 -1 -10 479.18 159.29 497.684 213.354 1.84979688525 1.15287357489 0.685999660307 -4.91832300374 1.60885517768 31.0068043595 0.00753464155925 0.00079118
pedestrian -1 -1 -10 490.67 166.74 519.046 229.146 1.30885626656 1.13387464923 1.18299972561 -4.68827096516 0.485466142662 33.1554918236 0.00753464155925 0.00062924
pedestrian -1 -1 -10 863.45 298.33 880.577 339.897 2.18975958943 1.19286915503 1.03599969622 2.69094855497 1.62816184532 7.23742815125 0.00753464155925 0.00061985
pedestrian -1 -1 -10 342.12 176.24 366.772 212.503 2.28474918782 1.10087922535 0.923999980366 -3.89190744835 1.64910604643 10.6068793566 0.00753464155925 0.00059794
pedestrian -1 -1 -10 329.04 178.28 352.594 232.341 2.33974309683 1.1828700216 1.11999978113 -3.9793530138 1.70521501118 10.6781250257 0.00753464155925 0.00055278
pedestrian -1 -1 -10 469.65 167.32 496.017 223.74 0.857905811159 1.14887430294 0.200999675257 -5.0769466674 1.17984364054 30.3199126048 0.00753464155925 0.00044656
pedestrian -1 -1 -10 305.89 225.87 328.773 272.955 2.37873878968 1.01988872387 0.796999925782 -4.02304279359 1.75186479887 10.5175300511 0.00753464155925 0.00033123
pedestrian -1 -1 -10 829.95 256.49 851.32 303.548 2.22075614441 1.19586908577 1.06199971115 2.78433271891 1.63058331862 8.48559026083 0.00753464155925 0.0003028
pedestrian -1 -1 -10 1167.4 75.062 1219.4 180.212 1.66481725394 1.19786872174 0.931999636502 2.70130962426 1.16814443465 3.1842150378 0.00753464155925 0.00027188
pedestrian -1 -1 -10 334.99 174.61 372.355 236.036 2.3707397114 1.10087922535 0.924999669162 -3.88238106036 1.7350896532 10.6061711551 0.00753464155925 0.00024184
pedestrian -1 -1 -10 888.53 252.16 907.896 297.048 2.17076162207 1.19286915503 0.73899961738 2.48521170279 1.6219899971 6.5418328759 0.00753464155925 0.00014646
pedestrian -1 -1 -10 351.98 173.38 374.079 217.477 2.3157457428 0.98489175688 0.811999549258 -3.83347140517 1.69088826814 10.6620578921 0.00753464155925 0.00013526
pedestrian -1 -1 -10 556.2 148.91 575.319 198.274 2.22375583601 0.734918189055 0.912999827331 -1.72538061233 1.27778488651 28.8441187346 0.00753464155925 8.6401e-05
pedestrian -1 -1 -10 876.8 55.479 968.482 301.979 1.78780365611 1.18986970107 0.698999667772 2.69111333747 1.27111299208 5.61301314364 0.00753464155925 8.398e-05
pedestrian -1 -1 -10 469.55 161.33 488.681 201.75 1.30585662711 0.620934170834 0.810999622043 -5.55051939402 0.267843837596 33.1466863444 0.00753464155925 6.4055e-05
pedestrian -1 -1 -10 318.3 218.62 337.169 274.821 2.28874869716 1.16187145997 0.856999611777 -6.67046495076 1.88701831188 16.9666979217 0.00753464155925 5.8148e-05
pedestrian -1 -1 -10 0.0 195.28 35.77 256.905 2.47372838807 1.19586908577 1.19699966029 -7.15424215931 1.83793725526 8.77130721515 0.00753464155925 4.2909e-05
pedestrian -1 -1 -10 859.9 280.08 895.42 342.633 2.16676211273 1.19686890375 1.0149997942 2.67925059225 1.62580109033 7.07735884606 0.00753464155925 1.7364e-05
pedestrian -1 -1 -10 313.42 208.14 350.892 279.672 2.30774666452 1.18686929354 1.07599988425 -4.04588637014 1.67419991263 10.7418570764 0.00753464155925 3.2671e-06
pedestrian -1 -1 -10 308.55 163.97 326.015 207.609 1.88079352962 1.18687024711 0.572999778821 -6.8770768984 1.57402365173 17.2954140469 0.00753464155925 2.5293e-06
pedestrian -1 -1 -10 305.82 189.11 343.985 255.155 1.88079352962 1.18087038563 0.572999778821 -6.87527633096 1.57756145167 17.5343814031 0.00753464155925 1.4189e-06
pedestrian -1 -1 -10 778.85 141.48 806.054 206.978 1.48983639598 1.10587879206 0.496999826881 3.10474233129 1.09143877262 12.7423351417 0.00753464155925 6.6493e-07
