pedestrian -1 -1 -10 936.81 159.45 957.358 204.398 2.04477543891 1.18586995234 0.895999634171 5.7126292117 1.62430081573 11.8287811613 0.00753464155925 0.001575
pedestrian -1 -1 -10 222.05 188.34 244.285 239.287 1.0458851378 0.820911117955 0.761999850666 -9.01426749946 1.43977312094 17.1843075031 0.00753464155925 0.0015505
pedestrian -1 -1 -10 918.22 145.35 940.914 193.569 0.78791347766 1.09088009192 0.281999501689 5.85252122415 0.38361808963 12.9364430969 0.00753464155925 0.001155
pedestrian -1 -1 -10 819.98 110.71 852.68 191.886 0.846906985404 0.429953201661 0.694000031699 9.58464565742 -0.164874828247 29.6086819467 0.00753464155925 0.00099454
pedestrian -1 -1 -10 1217.5 184.84 1233.71 224.174 1.56182851767 0.700923423971 0.917999940241 13.7443162238 0.923831312036 16.3201872479 0.00753464155925 0.00063557
pedestrian -1 -1 -10 1015.7 152.83 1029.98 202.436 1.86679503834 1.19486974457 0.242000028918 4.80897849769 1.36968668166 8.30605480616 0.00753464155925 0.00051364
pedestrian -1 -1 -10 1231.8 186.15 1241.97 226.94 1.30785639667 0.269968973969 0.825000510397 14.4483458506 0.824312981088 16.6510215353 0.00753464155925 0.00041906
pedestrian -1 -1 -10 238.12 181.19 255.372 238.752 1.09987925887 1.17687111368 0.947000213652 -8.6995995892 1.50471181265 17.7334510531 0.00753464155925 0.00040225
pedestrian -1 -1 -10 303.09 190.68 322.789 226.524 1.67981553316 1.17487052414 0.749999770416 -12.3925143253 1.24607503153 30.2391180487 0.00753464155925 0.00032405
pedestrian -1 -1 -10 213.36 183.71 242.944 256.918 1.0458851378 0.716922418882 0.806999913185 -9.03715864895 1.43901977244 17.132483915 0.00753464155925 0.00028342
pedestrian -1 -1 -10 353.29 188.43 370.749 238.533 1.03688609279 0.700923423971 0.702999853468 -7.04909734052 1.53290809975 20.3134884002 0.00753464155925 0.00026738
pedestrian -1 -1 -10 909.86 138.86 928.159 188.978 0.473947946438 1.14787400817 0.255999963597 6.0299582118 0.135273860544 13.9330957502 0.00753464155925 0.00024075
pedestrian -1 -1 -10 310.36 187.28 329.226 231.901 0.911899876355 1.17987104443 0.895000183793 -7.65019064596 1.52422446206 19.6336262828 0.00753464155925 0.00023001
pedestrian -1 -1 -10 1224.7 165.56 1241.52 225.084 2.03977599264 1.15887295959 0.939999769475 4.35330581724 1.49939982771 4.89137676394 0.00753464155925 0.00020714
pedestrian -1 -1 -10 358.71 190.58 380.208 241.854 1.03688609279 0.700923423971 0.59399968084 -6.99459879679 1.53286841968 20.3130783529 0.00753464155925 0.0001212
pedestrian -1 -1 -10 998.55 139.04 1028.39 195.692 1.80480180919 1.13687553355 0.351000201545 4.86541485233 1.30850273173 8.56611258443 0.00753464155925 9.602e-05
pedestrian -1 -1 -10 309.2 184.04 345.482 238.237 1.0518845508 1.18687024711 0.903999528725 -7.52705967064 1.54141327954 19.855011209 0.00753464155925 5.8822e-05
pedestrian -1 -1 -10 840.02 135.71 859.07 184.142 0.846906985404 0.386958644351 0.550000022373 9.65651178422 -0.165186291996 29.5906427236 0.00753464155925 2.9338e-05
pedestrian -1 -1 -10 526.95 174.09 542.342 219.488 2.63771035695 0.736918778596 0.76999974522 -3.25228460239 1.58249308005 34.5019562743 0.00753464155925 5.3385e-06
pedestrian -1 -1 -10 102.12 172.31 197.946 251.328 1.50883431864 1.19486926778 0.728999868397 -5.19843415075 1.68199260243 8.17515766113 0.00753464155925 3.2473e-06
pedestrian -1 -1 -10 246.46 177.09 261.169 245.044 1.11387772035 1.16587263906 0.96499985719 -8.62214452057 1.52550399044 17.9251899242 0.00753464155925 1.8785e-06
pedestrian -1 -1 -10 340.8 187.51 366.238 231.518 1.03788602972 0.933897702114 0.919999794671 -7.15847161235 1.53226254398 20.1978134948 0.00753464155925 6.9137e-07
