pedestrian -1 -1 -10 1103.1 129.45 1224.03 370.0 1.83199181855 1.00099924917 0.767997242023 4.02278678795 1.45769003816 4.80318519875 0.00692802392802 0.99727
pedestrian -1 -1 -10 770.13 162.97 790.665 210.238 1.5189932093 0.70399808859 0.520997952078 6.35328986419 1.02204059602 25.1037157434 0.00692802392802 0.99115
pedestrian -1 -1 -10 801.95 162.52 819.044 208.628 1.52799317241 0.759000263841 0.540997857904 7.45273218677 1.0271058879 25.01859706 0.00692802392802 0.84319
pedestrian -1 -1 -10 408.52 171.77 426.024 212.297 0.863996111974 0.43300027114 0.466998254031 -6.10733300222 0.680260764896 23.4824863809 0.00692802392802 0.43541
pedestrian -1 -1 -10 383.46 172.5 402.673 216.463 1.31999415755 1.15599935393 0.85999690419 -4.97690400136 1.49818632346 16.4526664409 0.00692802392802 0.294
pedestrian -1 -1 -10 700.8 177.28 713.407 221.123 0.454997925461 0.166999703723 0.102999777263 4.13624769741 0.935717572026 27.238146064 0.00692802392802 0.25642
pedestrian -1 -1 -10 705.11 177.63 720.075 221.418 0.879996097088 0.407001219546 0.146999522397 3.90936423425 0.832147952981 24.7842898533 0.00692802392802 0.067865
pedestrian -1 -1 -10 388.91 171.91 425.746 224.807 1.22399448156 1.16999928341 0.59899772785 -4.65803927659 1.41740805856 17.2384387313 0.00692802392802 0.058853
pedestrian -1 -1 -10 1105.3 145.86 1175.91 311.31 1.83199181855 1.00099924917 0.65599767403 3.96678834912 1.45784402896 4.80357334261 0.00692802392802 0.045984
pedestrian -1 -1 -10 1105.1 164.33 1149.21 293.8 1.83199181855 0.967999279158 0.618997633676 3.9484030847 1.45787571198 4.82020115836 0.00692802392802 0.037301
pedestrian -1 -1 -10 695.03 178.41 717.137 227.579 0.733996722102 0.646001378015 1.01699614108 2.96886288942 1.33185921719 19.438839813 0.00692802392802 0.029928
pedestrian -1 -1 -10 556.02 171.81 565.938 203.577 0.0999995529652 0.0170059088856 0.833996502097 -3.96697004237 0.254123435441 75.2668837739 0.00692802392802 0.022275
pedestrian -1 -1 -10 395.16 170.85 413.898 218.079 1.22799444199 1.194998885 0.497998274954 -4.70946818948 1.41770218326 17.1052896607 0.00692802392802 0.021653
pedestrian -1 -1 -10 372.24 169.79 401.031 224.233 1.31999415755 1.16499821869 0.879996333181 -5.02999841051 1.49867836721 16.1505276234 0.00692802392802 0.017998
pedestrian -1 -1 -10 1167.5 111.66 1224.04 368.08 1.8329917416 1.00099924917 0.966996376517 4.12228534395 1.45841635268 4.80249612253 0.00692802392802 0.013839
pedestrian -1 -1 -10 402.69 169.76 429.819 233.801 0.863996111974 0.43300027114 0.466998254031 -6.10733300222 0.680260764896 23.4824863809 0.00692802392802 0.011706
pedestrian -1 -1 -10 785.5 163.99 795.616 200.552 0.880996079743 0.238998251122 0.381998535062 11.1918220953 0.771592355413 40.9321646166 0.00692802392802 0.0084104
pedestrian -1 -1 -10 417.4 169.71 433.351 211.112 1.4529935196 1.02199866654 0.201999859463 -8.59401135113 1.12400069584 34.949668677 0.00692802392802 0.0034105
pedestrian -1 -1 -10 386.62 169.61 405.052 240.569 1.24399440289 1.12099953024 0.824996711368 -4.93986923269 1.42197862387 16.544868392 0.00692802392802 0.0026865
pedestrian -1 -1 -10 698.6 177.46 728.56 240.464 0.879996097088 0.407001219546 0.146999522397 3.90936423425 0.832147952981 24.7842898533 0.00692802392802 0.0015412
pedestrian -1 -1 -10 792.78 166.42 801.869 200.031 0.0999995529652 0.14900197422 0.279999635235 17.5987980787 -0.287103728645 62.8095408893 0.00692802392802 0.0011517
pedestrian -1 -1 -10 413.64 167.06 444.459 234.87 1.47699334174 1.16300122602 0.224999536587 -8.58069473317 1.14766942548 35.2070979444 0.00692802392802 0.00087972
pedestrian -1 -1 -10 1192.2 147.48 1223.97 339.95 1.83199181855 1.01299932496 1.09899585034 4.18832368475 1.45722796255 4.80803798933 0.00692802392802 3.5986e-05
pedestrian -1 -1 -10 901.74 149.34 930.691 245.606 2.06699073762 0.565999601176 0.230999317601 2.18565424 1.49264907924 4.89631898005 0.00692802392802 1.9922e-05
pedestrian -1 -1 -10 219.61 212.82 273.627 291.429 1.14999487102 0.902999265987 0.349998590373 -5.23955073907 1.60487089878 10.3690591062 0.00692802392802 1.6321e-05
pedestrian -1 -1 -10 1211.6 235.13 1224.01 298.052 1.81999183297 0.705999372787 1.03099602748 4.44837994329 1.44533492352 4.96173320266 0.00692802392802 9.3257e-06
pedestrian -1 -1 -10 366.83 179.81 385.763 232.517 1.31999415755 1.03299833866 1.05899603868 -5.13414689116 1.49907229574 16.0572474543 0.00692802392802 9.2538e-06
pedestrian -1 -1 -10 1203.6 227.22 1224.01 321.24 1.81999183297 0.699999334891 1.05599579055 4.43590114605 1.44536580731 4.96481978838 0.00692802392802 2.1625e-06
pedestrian -1 -1 -10 1082.1 159.68 1126.41 262.72 1.0389953956 1.1489993892 0.442998176306 10.1225634256 1.00160212595 14.6530993764 0.00692802392802 3.3225e-07
