pedestrian -1 -1 -10 0.0 185.15 48.447 257.1 1.34285255039 0.623932194437 0.742000352699 -12.8584042465 1.63732817494 15.8468568991 0.00753464155925 0.96216
pedestrian -1 -1 -10 835.09 93.165 899.761 234.005 1.69781356359 0.744918276052 0.896999799804 3.71881552779 1.07888679526 10.3686059053 0.00753464155925 0.12806
pedestrian -1 -1 -10 28.088 122.97 50.073 186.829 0.100988957758 0.349960134245 0.270999825491 -41.7259111874 -0.496221475184 53.7159529905 0.00753464155925 0.0086613
pedestrian -1 -1 -10 1088.8 110.44 1111.3 174.456 1.3288540591 0.363958539615 0.367999917868 19.6265772158 0.180389255317 28.2222935492 0.00753464155925 0.0055242
pedestrian -1 -1 -10 14.517 189.28 40.545 250.565 1.34285255039 0.623932194437 0.742000352699 -12.8584042465 1.63732817494 15.8468568991 0.00753464155925 0.0031517
pedestrian -1 -1 -10 623.6 150.86 637.712 186.089 0.363960034371 0.259973654822 0.801999800274 1.84138761177 -0.0437304177089 50.8345785346 0.00753464155925 0.0030154
pedestrian -1 -1 -10 628.37 148.1 641.884 184.71 0.341962435009 0.41395611389 0.562999910628 2.3958131715 0.554880792498 51.0294049518 0.00753464155925 0.0022678
pedestrian -1 -1 -10 61.109 161.17 86.662 228.218 0.104988467098 0.447948971834 0.190999926274 -26.0315933317 1.2018725745 35.7241266793 0.00753464155925 0.0020584
pedestrian -1 -1 -10 41.216 124.7 59.457 180.586 1.50883434844 0.644929802491 0.317998788765 -17.343215897 0.488614769456 23.1853886451 0.00753464155924 0.0010455
pedestrian -1 -1 -10 837.63 102.8 873.767 175.256 1.48683670438 0.744918276052 0.830999835266 3.68575142803 0.867933962466 10.3704163871 0.00753464155925 0.00045055
pedestrian -1 -1 -10 190.09 121.04 220.672 202.662 0.113987422711 0.979892190166 0.728000418019 -30.969672196 -1.19265050719 56.2336700177 0.00753464155925 0.00028518
pedestrian -1 -1 -10 13.073 157.22 58.058 256.572 0.511943787098 0.702922106372 0.753999479274 -20.5360657619 1.42039097337 26.5347346895 0.00753464155924 0.00024175
pedestrian -1 -1 -10 568.45 165.94 585.574 192.251 0.100988898159 0.149981279985 0.868999811236 -2.0134738227 1.17747200824 50.2715187442 0.00753464155925 0.00010931
pedestrian -1 -1 -10 619.83 147.06 646.092 185.788 0.363960034371 0.259973654822 0.801999800274 1.84138761177 -0.0437304177089 50.8345785346 0.00753464155925 6.5656e-05
pedestrian -1 -1 -10 371.45 154.76 387.464 199.411 0.365959848639 0.12798433073 0.712001582585 -16.6088049216 -0.757326070721 53.3405000907 0.00753464155925 3.8331e-05
pedestrian -1 -1 -10 54.302 127.27 73.777 179.443 1.50883434844 0.644929802491 0.317998788765 -17.343215897 0.488614769456 23.1853886451 0.00753464155924 1.1777e-05
pedestrian -1 -1 -10 833.25 101.79 856.301 196.66 1.48683670438 0.744918276052 0.731999888459 3.63625285568 0.867970002086 10.3707888146 0.00753464155925 8.7988e-06
