pedestrian -1 -1 -10 433.68 166.9 462.471 240.084 2.48772678996 0.716920511742 0.809999694829 -4.23071746194 1.71570084118 19.1431266268 0.00753464155925 0.98175
pedestrian -1 -1 -10 430.49 171.68 449.84 226.427 2.48772678996 0.716920511742 0.809999694829 -4.23071746194 1.71570084118 19.1431266268 0.00753464155925 0.073418
pedestrian -1 -1 -10 62.488 170.3 81.543 213.122 2.1657622354 0.452950445687 0.359000096099 -6.45247629361 1.53924494367 8.61864139108 0.00753464155925 0.056947
pedestrian -1 -1 -10 42.891 180.78 66.256 238.735 0.105988344433 0.431951884063 0.0769996407361 -31.0458595912 1.43117583097 40.8692264769 0.00753464155925 0.044338
pedestrian -1 -1 -10 439.75 169.63 465.114 213.373 2.48772678996 0.716920511742 0.809999694829 -4.23071746194 1.71570084118 19.1431266268 0.00753464155925 0.029298
pedestrian -1 -1 -10 419.12 171.01 452.375 235.802 2.48772678996 0.716920511742 0.664999758288 -4.30321537817 1.71575362649 19.1436721015 0.00753464155925 0.015751
pedestrian -1 -1 -10 54.427 170.04 74.94 219.037 2.168761927 0.452950445687 0.359000096099 -6.4524753687 1.54224463528 8.6186191796 0.00753464155925 0.0090866
pedestrian -1 -1 -10 425.08 174.1 442.534 215.243 2.48772678996 0.716920511742 0.623999881465 -4.32371473634 1.71576855195 19.1438263388 0.00753464155925 0.0044604
pedestrian -1 -1 -10 568.53 148.33 586.511 199.976 2.26775097513 0.476948938054 0.455999830849 -1.09963107989 1.35815825655 27.274323684 0.00753464155925 0.0031584
pedestrian -1 -1 -10 572.75 143.63 592.054 188.257 0.107988158701 0.475945782574 0.415999762031 -1.4267652134 -0.301571974076 54.6936552996 0.00753464155925 0.0020042
pedestrian -1 -1 -10 561.6 151.79 575.518 203.167 0.840907661796 0.497946546108 0.430999862344 -2.20808977415 0.956981797287 42.5386595183 0.00753464155925 0.00091561
pedestrian -1 -1 -10 532.62 167.61 552.046 212.322 0.57493689358 0.169983361119 0.681999951449 -3.54868318821 1.73248045667 42.5763150376 0.00753464155925 0.00023893
pedestrian -1 -1 -10 392.27 158.03 409.383 211.23 1.91079017747 0.425953452933 0.236999916007 -2.20481274808 1.3680200779 7.63165196409 0.00753464155925 0.00018972
pedestrian -1 -1 -10 581.13 143.98 602.325 199.818 0.0999890208244 0.0 0.0 -1.22100631376 0.0457775751522 69.5129463628 0.0 0.00018149
pedestrian -1 -1 -10 391.15 173.31 419.531 228.158 2.15976291179 0.425953452933 0.236999916007 -2.2047359811 1.61699281223 7.62980842354 0.00753464155925 8.3257e-05
pedestrian -1 -1 -10 569.66 144.51 595.568 209.858 0.360960380016 0.220976462315 0.370999937931 -1.80580806883 0.624415418226 55.07722724 0.00753464155925 7.363e-05
pedestrian -1 -1 -10 79.225 145.56 105.025 202.871 0.103988649361 0.0399965337079 0.547000717566 -33.9601438482 -0.442729092266 48.4669547088 0.00753464155943 6.0317e-05
pedestrian -1 -1 -10 563.91 149.64 580.232 216.157 2.42373386574 0.476948938054 0.455999830849 -1.09958298493 1.51414114716 27.2731686949 0.00753464155925 4.4223e-05
pedestrian -1 -1 -10 630.51 136.88 647.299 187.629 0.551939416883 0.331960549793 0.26599983179 1.96162020373 -0.619149365602 41.2272564017 0.00753464155925 3.7683e-05
pedestrian -1 -1 -10 587.03 132.57 608.283 181.716 0.590935050137 0.391959164634 0.58099985219 -0.777344507558 -0.641901395464 44.2369306574 0.00753464155925 3.6812e-05
pedestrian -1 -1 -10 105.01 140.43 122.648 189.738 0.374958804252 0.0719907092506 0.248001022717 -32.3561990347 -0.872039959518 47.9101531597 0.00753464155935 2.3183e-05
pedestrian -1 -1 -10 56.596 213.81 80.668 276.268 2.168761927 0.452950445687 0.359000096099 -6.4524753687 1.54224463528 8.6186191796 0.00753464155925 1.8401e-05
pedestrian -1 -1 -10 48.982 205.35 79.909 301.17 2.168761927 0.452950445687 0.359000096099 -6.4524753687 1.54224463528 8.6186191796 0.00753464155925 1.7123e-05
pedestrian -1 -1 -10 522.92 168.07 541.847 206.55 1.16487209022 0.360960516013 1.16199982359 -3.00790163727 1.63046538127 28.8937306105 0.00753464155925 7.6013e-06
pedestrian -1 -1 -10 1175.0 166.06 1202.41 243.383 2.22275589908 0.510943703138 0.337000266866 4.84072235752 1.66151724688 6.06782153227 0.00753464155925 6.9957e-06
pedestrian -1 -1 -10 613.26 122.18 648.265 195.981 0.305966493358 0.525943356848 0.7639997647 1.33250840075 -0.632619843344 43.4636832105 0.00753464155925 4.388e-07
pedestrian -1 -1 -10 412.51 106.02 452.297 187.464 1.41884418142 0.418954727033 0.142000154896 -4.33790995757 0.646192988762 19.0368391147 0.00753464155925 1.642e-07
