pedestrian -1 -1 -10 705.53 165.7 725.762 219.982 1.49799326342 0.457000422723 0.616997547727 4.10753454362 1.2904761864 24.8930938991 0.00692802392802 0.99172
pedestrian -1 -1 -10 348.34 158.41 377.435 203.148 2.31698964983 0.407998762205 0.210999173357 -6.40433044556 1.24795319568 19.2187530584 0.00692802392802 0.90551
pedestrian -1 -1 -10 362.05 158.44 379.285 198.549 1.25099440068 0.464000387461 0.47499859783 -11.8185964744 0.749457295906 37.0787451515 0.00692802392802 0.82872
pedestrian -1 -1 -10 845.23 160.02 943.807 295.18 1.71199234277 0.763999421219 1.12899570908 3.31656560302 1.45281807294 8.14272398227 0.00692802392802 0.70644
pedestrian -1 -1 -10 356.13 158.3 369.351 205.871 2.31698964983 0.407998762205 0.210999173357 -6.40433044556 1.24795319568 19.2187530584 0.00692802392802 0.6111
pedestrian -1 -1 -10 591.85 154.29 644.262 273.28 1.72399230599 0.943998650739 0.871996734437 0.056420247579 1.36021473164 10.4102517896 0.00692802392802 0.5566
pedestrian -1 -1 -10 216.47 156.07 232.413 197.934 1.75299221277 1.14499968182 0.358999811609 -18.2458443894 0.055390617406 34.2696035751 0.00692802392802 0.52751
pedestrian -1 -1 -10 194.21 160.96 208.486 198.148 1.22599450648 1.1859981129 0.386000137467 -17.5238307519 0.502615527292 31.461858597 0.00692802392802 0.49187
pedestrian -1 -1 -10 408.03 164.32 418.456 187.721 0.322998560965 0.473003066907 0.443998576907 -12.0008756699 -0.213711101482 45.5331348886 0.00692802392802 0.47623
pedestrian -1 -1 -10 566.79 162.11 655.61 250.397 1.79399192631 0.874999407032 0.955996410432 0.0142789300788 1.43036996752 10.3760841401 0.00692802392802 0.28681
pedestrian -1 -1 -10 208.31 161.88 220.348 198.074 1.01099555343 0.728999597526 0.12300063676 -18.1070073546 -0.639461060811 32.9312302585 0.00692802392802 0.24468
pedestrian -1 -1 -10 360.07 153.22 382.942 214.442 1.25099440068 0.464000387461 0.47499859783 -11.8185964744 0.749457295906 37.0787451515 0.00692802392802 0.13439
pedestrian -1 -1 -10 202.86 162.34 214.843 197.307 1.00799548626 1.18500057024 0.110000197296 -18.1176435613 -0.6277431457 32.3293070909 0.00692802392802 0.13041
pedestrian -1 -1 -10 379.23 159.08 391.215 199.196 2.36698949784 1.18600002025 1.0169963795 -7.06511498205 1.14572737398 23.6312918541 0.00692802392802 0.0855
pedestrian -1 -1 -10 565.09 159.02 614.308 229.622 1.79399192631 0.963999094949 1.18499555268 -0.188519177277 1.43081267996 10.4779917774 0.00692802392802 0.063632
pedestrian -1 -1 -10 322.79 161.71 333.114 188.33 0.310998605192 0.448001557972 0.71299762021 -15.7744526322 -0.202679972833 41.4906976426 0.00692802392802 0.062742
pedestrian -1 -1 -10 194.44 158.98 221.402 197.372 1.00799548626 1.18500057024 0.110000197296 -18.1176435613 -0.6277431457 32.3293070909 0.00692802392802 0.05576
pedestrian -1 -1 -10 845.65 158.31 898.171 279.59 1.7249922961 0.847999951757 0.981996425096 3.15037903855 1.46622702864 8.18588471055 0.00692802392802 0.045203
pedestrian -1 -1 -10 186.53 161.77 197.523 198.821 2.09999055266 1.10100099338 0.976997521519 -17.8242443694 0.504052043103 30.9269201256 0.00692802392802 0.02708
pedestrian -1 -1 -10 372.46 154.94 395.231 216.854 2.36698949784 1.11499901551 1.13099579503 -7.10506628842 1.14599452683 23.4940657509 0.00692802392802 0.019461
pedestrian -1 -1 -10 619.4 163.2 641.754 237.831 1.7329922393 0.908998827046 0.577997820027 0.395677010614 1.36925987582 12.1754501941 0.00692802392802 0.01413
pedestrian -1 -1 -10 316.76 160.36 326.864 188.17 0.0999995529652 0.0 0.0 -22.7101528188 -0.906639252533 58.1744632551 0.0 0.012557
pedestrian -1 -1 -10 868.76 154.84 899.732 261.18 1.74299222231 0.763999421219 1.0089960357 3.25660995395 1.48398294281 8.1431575816 0.00692802392802 0.0071942
pedestrian -1 -1 -10 404.51 164.63 414.116 190.125 0.322998560965 0.473003066907 0.443998576907 -12.0008756699 -0.213711101482 45.5331348886 0.00692802392802 0.0066925
pedestrian -1 -1 -10 557.2 155.48 601.049 261.8 1.79399192631 0.848999401764 1.10599585314 -0.301686947871 1.4310695451 10.5262769464 0.00692802392802 0.0058748
pedestrian -1 -1 -10 611.57 159.89 633.909 233.285 1.7329922393 0.691998966472 0.577997820027 0.394925326514 1.36938605936 12.0669528677 0.00692802392802 0.0041138
pedestrian -1 -1 -10 587.59 158.51 607.559 212.336 1.79399192631 1.04099870707 1.14099571814 -0.0776434828936 1.4305278002 10.4597229287 0.00692802392802 0.0034611
pedestrian -1 -1 -10 547.61 135.63 641.519 313.7 1.79399192631 0.862999331241 1.14099571814 -0.0782600699286 1.4306313053 10.3707253767 0.00692802392802 0.0029381
pedestrian -1 -1 -10 716.3 166.65 734.749 218.17 0.535997593403 0.507999075906 0.394998497691 6.86155207962 0.914087547976 37.8279538109 0.00692802392802 0.0023703
pedestrian -1 -1 -10 576.27 158.15 602.432 222.574 1.79399192631 0.963999094949 1.18499555268 -0.188519177277 1.43081267996 10.4779917774 0.00692802392802 0.0020353
pedestrian -1 -1 -10 696.75 164.45 713.747 217.24 0.318998555839 0.6879992591 0.555997668065 5.95999478773 0.779111533659 41.7292656928 0.00692802392802 0.0019387
pedestrian -1 -1 -10 602.81 157.34 629.541 220.282 1.7329922393 0.691998966472 0.577997820027 0.394925326514 1.36938605936 12.0669528677 0.00692802392802 0.0019248
pedestrian -1 -1 -10 840.09 196.6 857.532 247.152 0.60599733293 0.52700007011 0.44199825254 5.10293493306 1.41906517412 14.114599779 0.00692802392802 0.0019098
pedestrian -1 -1 -10 611.68 160.84 627.151 213.484 1.7329922393 0.780999608063 0.577997820027 0.395233623335 1.36933430626 12.1114521206 0.00692802392802 0.0016283
pedestrian -1 -1 -10 707.52 162.91 740.728 220.512 1.49799326342 0.457000422723 0.616997547727 4.10753454362 1.2904761864 24.8930938991 0.00692802392802 0.0015456
pedestrian -1 -1 -10 536.27 155.55 626.295 265.99 1.79399192631 0.848999401764 1.11599582095 -0.296687084068 1.43105579592 10.5262422907 0.00692802392802 0.0010403
pedestrian -1 -1 -10 834.02 186.28 861.568 254.595 0.414998082817 0.213001106875 0.700997581348 8.36458299454 1.34252690365 25.0802957272 0.00692802392802 0.00084465
pedestrian -1 -1 -10 604.81 157.7 619.224 194.202 1.63099269718 0.908998827046 0.577997820027 0.395536361342 1.2672603337 12.1753918553 0.00692802392802 0.00062901
pedestrian -1 -1 -10 804.14 143.84 890.727 296.92 0.414998082817 0.213001106875 0.608997919181 8.41058172067 1.34240041118 25.0799768947 0.00692802392802 0.00059848
pedestrian -1 -1 -10 590.07 146.51 671.526 299.89 1.7329922393 0.908998827046 0.577997820027 0.395677010614 1.36925987582 12.1754501941 0.00692802392802 0.00055946
pedestrian -1 -1 -10 827.19 164.52 867.879 273.18 0.414998082817 0.213001106875 0.608997919181 8.41058172067 1.34240041118 25.0799768947 0.00692802392802 0.00046676
pedestrian -1 -1 -10 175.63 161.13 188.889 199.163 2.09099058956 1.17500034814 0.879995856345 -17.9755357563 0.49559734801 30.8149609892 0.00692802392802 0.00041428
pedestrian -1 -1 -10 581.05 153.08 614.677 279.86 1.79399192631 0.874999407032 1.14099571814 -0.078218501855 1.43062432736 10.3767252706 0.00692802392802 0.00035087
pedestrian -1 -1 -10 846.5 206.56 872.458 267.395 1.7249922961 0.863999734921 0.897996629892 3.08255404886 1.46638494305 8.21135550714 0.00692802392802 0.00034295
pedestrian -1 -1 -10 17.335 161.29 56.887 211.657 1.34099406525 0.870000249653 0.709996418406 -18.1411932156 -0.0098189986834 22.8372597803 0.00692802392802 0.00030203
pedestrian -1 -1 -10 844.91 193.92 866.98 252.466 0.10099953562 0.169000511082 0.445998424439 8.9890408009 -0.399270425823 23.3920845996 0.00692802392803 0.00025352
pedestrian -1 -1 -10 894.22 166.09 946.747 281.56 1.7339921996 0.700999738571 1.12199576588 3.50883759774 1.47433103548 8.10490324492 0.00692802392802 0.00023602
pedestrian -1 -1 -10 845.44 231.31 862.55 274.325 0.60599733293 0.374999745871 0.44199825254 5.10240840633 1.419153561 14.0386014408 0.00692802392802 0.00022213
pedestrian -1 -1 -10 311.2 157.45 321.713 190.083 0.381998237968 0.272002989498 0.346998819075 -20.2340526895 -0.827002345746 50.7730560686 0.00692802392802 0.00022207
pedestrian -1 -1 -10 587.17 210.44 610.93 272.538 1.79399192631 1.04099870707 1.14099571814 -0.0776434828936 1.4305278002 10.4597229287 0.00692802392802 0.00018579
pedestrian -1 -1 -10 374.66 138.66 395.183 189.863 1.91199148893 1.13499945972 1.14699552895 -7.09853230539 0.691115240668 23.3727527613 0.00692802392802 0.0001323
pedestrian -1 -1 -10 840.24 179.99 876.019 259.85 0.104999525845 0.173000218455 0.254999156908 8.58701082428 1.03193839327 25.0585728139 0.00692802392802 8.2223e-05
pedestrian -1 -1 -10 858.59 155.39 884.663 225.048 1.42299359292 0.720996368086 0.654997273429 13.3219033485 0.610014276093 33.6767256221 0.00692802392802 7.2422e-05
pedestrian -1 -1 -10 85.253 164.35 121.349 198.999 1.86299171299 1.15399854657 0.734997850404 -18.133337891 0.424713254744 25.8494815811 0.00692802392802 2.3136e-05
pedestrian -1 -1 -10 163.75 151.61 190.056 200.124 2.0559907794 1.16899792606 0.706998077614 -17.8166939113 0.495606812912 30.4238709088 0.00692802392802 1.7925e-05
pedestrian -1 -1 -10 603.99 169.68 635.05 268.754 1.72399230599 0.958998983897 0.846996822352 0.0689718642799 1.36017163611 10.4176651369 0.00692802392802 1.4096e-05
pedestrian -1 -1 -10 689.31 159.53 727.2 225.44 1.49799326342 0.457000422723 0.616997547727 4.10753454362 1.2904761864 24.8930938991 0.00692802392802 1.2459e-05
pedestrian -1 -1 -10 594.07 194.83 617.639 273.572 1.79399192631 0.825998700188 1.03499610997 -0.0253897085481 1.43050707953 10.3518581547 0.00692802392802 8.259e-06
pedestrian -1 -1 -10 77.619 148.49 128.272 201.227 2.00999098122 1.18899837027 0.803997835447 -18.0424539979 0.581932881495 25.438439591 0.00692802392802 7.9619e-06
pedestrian -1 -1 -10 273.96 149.06 312.125 191.234 0.10199957788 0.141998194787 0.259999252574 -22.8312028722 -0.851331456314 52.9522366212 0.00692802392802 7.4479e-06
pedestrian -1 -1 -10 881.01 159.6 928.442 300.94 1.7339921996 0.702999592257 1.11999567993 3.39488236945 1.47463753875 8.11169328864 0.00692802392802 6.3471e-06
pedestrian -1 -1 -10 155.98 141.17 181.928 201.697 2.04799085855 1.16399876868 0.586997688988 -17.8460105433 0.488398431741 29.8025558904 0.00692802392802 4.8363e-06
pedestrian -1 -1 -10 875.79 158.86 996.01 297.56 0.514997659624 0.319999477968 0.742997240532 7.01031804265 1.40551777222 14.3659285223 0.00692802392802 1.3413e-06
pedestrian -1 -1 -10 22.954 169.36 72.352 220.286 0.911995944381 0.699998381217 0.850996636625 -16.1856268494 0.605147424243 20.778626019 0.00692802392802 1.1238e-06
pedestrian -1 -1 -10 11.64 124.87 86.114 220.656 1.5279931277 1.15800016129 0.562997611262 -18.0664483668 0.17381059387 22.9808503666 0.00692802392802 4.9158e-07
pedestrian -1 -1 -10 1118.4 185.12 1158.45 239.841 0.781996545195 0.286001011628 1.0239963227 16.8124766125 1.58169345953 22.0512590316 0.00692802392802 3.2698e-08
