pedestrian -1 -1 -10 205.03 137.84 224.647 201.258 1.58082642543 0.388957326752 0.305000211811 -8.30707850883 0.829328314891 15.0986868995 0.00753464155925 0.33052
pedestrian -1 -1 -10 214.33 136.89 229.833 202.559 1.76580605674 0.934898950454 0.94099969669 -11.5723354199 0.860399343638 22.1271652008 0.00753464155925 0.0053339
pedestrian -1 -1 -10 61.212 178.49 123.544 275.254 0.559938495162 0.643929507721 1.17299997662 -10.2792006819 0.881790226348 14.7696663241 0.00753464155925 0.0039986
pedestrian -1 -1 -10 287.1 158.62 345.171 233.648 0.242973327278 0.280969355737 0.577999891732 -10.3993528117 0.867573712864 26.4985540868 0.00753464155925 0.00087325
pedestrian -1 -1 -10 281.81 164.95 318.363 248.284 0.819909969568 1.0558840785 0.787998911921 -9.63049837566 0.698365425035 22.2674530705 0.00753464155925 0.00031842
pedestrian -1 -1 -10 41.947 171.28 106.154 267.727 0.471948202011 0.72892023471 0.63699988893 -9.49271467234 0.619118323006 12.3271417383 0.00753464155925 0.00029035
pedestrian -1 -1 -10 65.227 181.0 104.313 227.431 0.574936848881 0.520942836565 0.652000227661 -14.9951188146 0.870727951206 20.7147909701 0.00753464155925 0.00021499
pedestrian -1 -1 -10 324.81 154.84 341.943 198.528 0.950895591557 0.381958124067 1.11799968828 -12.7714052165 0.522166191425 34.0113138974 0.00753464155925 0.00013917
pedestrian -1 -1 -10 319.07 157.07 336.887 194.818 0.952895346227 0.381958124067 1.16699945966 -13.0258989409 0.522351486362 34.0132435122 0.00753464155925 8.615e-05
pedestrian -1 -1 -10 195.16 159.82 249.159 228.543 1.76580605674 0.834909523324 0.877999036959 -11.6034581695 0.861162405535 22.1773954972 0.00753464155925 2.3702e-05
pedestrian -1 -1 -10 261.83 169.21 319.675 276.77 1.39784648919 1.18786958831 1.14599955764 -4.62654583596 1.64381271803 10.4824110638 0.00753464155925 1.9304e-05
pedestrian -1 -1 -10 237.85 162.53 307.166 268.97 0.596934448243 1.01388886239 1.1539994522 -4.94341318216 0.783907089757 10.6786266039 0.00753464155925 7.3098e-06
pedestrian -1 -1 -10 81.038 177.93 143.235 269.042 0.542940401671 0.693924221286 0.999999693888 -10.0235250488 0.864976173917 14.7928665081 0.00753464155925 2.9862e-06
pedestrian -1 -1 -10 175.59 174.17 228.744 259.335 0.668926584836 0.722920373226 0.632999226397 -9.24707428074 1.01298168097 15.8384025493 0.00753464155925 1.8387e-06
pedestrian -1 -1 -10 279.96 187.43 309.101 292.42 1.36984962582 1.19286915503 0.847999790008 -4.48168240154 1.73144139086 9.92223867286 0.00753464155925 3.0781e-07
pedestrian -1 -1 -10 194.17 179.25 246.946 272.257 0.452950279353 0.832908933783 0.845999935579 -5.40491995855 0.706267548898 10.4806598232 0.00753464155925 2.6515e-07
pedestrian -1 -1 -10 141.6 165.88 212.309 256.145 0.75591703045 1.11687726669 0.918999390619 -9.39158128549 1.01016970455 15.6431497252 0.00753464155925 8.1155e-08
pedestrian -1 -1 -10 104.38 184.65 173.905 262.516 0.657927785155 1.1208774922 0.968999566048 -9.76265174019 0.982416869141 14.9685382024 0.00753464155925 3.9124e-08
