pedestrian -1 -1 -10 860.8 141.94 880.939 191.003 1.92778833055 1.18886892951 1.17499935422 7.33464867397 1.23772660018 20.0310497005 0.00753464155925 0.0039067
pedestrian -1 -1 -10 821.18 160.59 842.376 217.235 2.34874211204 1.16087402591 0.905999859991 6.53524166676 1.66700708747 20.5569057046 0.00753464155925 0.00073866
pedestrian -1 -1 -10 846.89 152.35 867.868 201.826 1.79280316198 1.08288154804 1.15799963789 6.92871967335 1.10225214057 19.9821079181 0.00753464155925 0.00041225
pedestrian -1 -1 -10 720.81 179.04 739.014 224.089 1.35085170689 0.734920096194 1.00999991971 5.7353314511 1.72700643543 33.1443951833 0.00753464155925 0.00020438
pedestrian -1 -1 -10 1038.9 195.85 1060.84 245.893 1.87579399395 1.18586995234 1.19499980586 7.77489150246 1.14278837022 12.6252311503 0.00753464155925 0.00010576
pedestrian -1 -1 -10 962.55 141.88 980.001 189.516 1.16187240607 0.892901827205 0.698999190935 9.98898100033 0.314542993466 19.319950856 0.00753464155925 9.3973e-05
pedestrian -1 -1 -10 840.25 173.5 864.11 225.365 2.38373829555 1.16487139072 1.1869999113 6.95078474186 1.54406001275 20.3088200792 0.00753464155925 9.2534e-05
pedestrian -1 -1 -10 832.36 148.18 850.008 193.255 2.11576765347 1.13587523878 1.17299949979 6.72721077039 1.27820639388 20.5119835669 0.00753464155925 6.544e-05
pedestrian -1 -1 -10 838.15 145.76 856.146 194.259 2.23175497389 1.10787842804 1.12299932436 6.89579945506 1.39516680154 20.5838518358 0.00753464155925 6.3075e-05
pedestrian -1 -1 -10 174.95 267.97 197.115 313.303 1.84679719365 1.19686842697 0.77499985813 -7.13367793755 1.75802598078 11.8806242719 0.00753464155925 5.8375e-05
pedestrian -1 -1 -10 842.16 160.81 877.104 221.032 1.92778833055 1.08788016118 1.17999946713 7.01565674533 1.23697411612 19.9669545363 0.00753464155925 4.4923e-05
pedestrian -1 -1 -10 869.96 168.88 893.436 222.831 1.91978919268 0.875905398233 0.804999581918 7.63059788115 1.24135378611 20.2882422331 0.00753464155925 1.9733e-05
pedestrian -1 -1 -10 628.66 165.69 641.12 219.33 0.0999890208244 0.0 0.0 3.35435237518 1.00396815215 78.4885341145 0.0 9.8139e-08
