pedestrian -1 -1 -10 910.43 174.93 935.424 225.819 1.12887599213 1.17987104443 0.153999758309 8.17556713384 1.30572858908 18.7091122212 0.00753464155925 0.17665
pedestrian -1 -1 -10 1159.8 169.85 1232.45 272.35 1.39884640378 1.19486974457 0.369999772298 8.65207062499 1.45137939407 10.3997179806 0.00753464155925 0.13462
pedestrian -1 -1 -10 1179.4 173.87 1219.49 253.685 1.39884640378 1.194868791 0.390999674317 8.66233673527 1.45091287716 10.3686435963 0.00753464155925 0.06856
pedestrian -1 -1 -10 1153.6 191.68 1184.62 269.317 1.47483808789 1.19586908577 0.425000060637 8.66289864433 1.45096924779 10.8457668221 0.00753464155925 0.029445
pedestrian -1 -1 -10 1102.0 184.58 1118.18 223.432 1.51483370929 1.194868791 0.463999606194 8.59990621469 1.43177357174 12.1134964504 0.00753464155925 0.012701
pedestrian -1 -1 -10 1024.5 189.73 1044.89 237.171 1.56582802701 1.19886806294 0.517000040104 8.55908571233 1.41574290287 14.0686879639 0.00753464155925 0.0076731
pedestrian -1 -1 -10 1159.6 175.41 1196.39 271.794 1.47483808789 1.18886988308 0.425000060637 8.66196069102 1.44912633367 10.7212837192 0.00753464155925 0.007503
pedestrian -1 -1 -10 1048.0 183.77 1070.41 234.742 1.4888365112 1.18787054188 0.192000330325 8.40912288003 1.42603261625 13.3384951139 0.00753464155925 0.0046599
pedestrian -1 -1 -10 1153.1 216.02 1173.24 267.077 1.47483808789 1.19686938054 0.430999623925 8.66099510527 1.45312518985 10.99126903 0.00753464155925 0.0041873
pedestrian -1 -1 -10 1047.0 178.1 1062.37 218.164 1.46783878917 1.19086951905 0.142000154896 8.39048437136 1.40773610706 13.5202759937 0.00753464155925 0.0036029
pedestrian -1 -1 -10 1058.4 177.78 1077.92 225.394 1.48183726555 1.17187250054 0.300000098901 8.46673975659 1.41528166501 13.1551429969 0.00753464155925 0.0021302
pedestrian -1 -1 -10 1072.6 172.29 1117.26 254.773 1.51383377236 1.19786872174 0.476999136822 8.59597156425 1.43581861327 12.4540056719 0.00753464155925 0.0018743
pedestrian -1 -1 -10 1032.4 191.78 1048.97 240.045 1.56582802701 1.18787054188 0.511000476816 8.56071803468 1.41305406743 13.8871904695 0.00753464155925 0.0018546
pedestrian -1 -1 -10 1018.9 183.04 1053.12 240.694 1.56582802701 1.18287097517 0.517000040104 8.55888983479 1.41535803779 14.0426915271 0.00753464155925 0.0015292
pedestrian -1 -1 -10 1037.1 185.02 1059.69 229.743 1.56582802701 1.18986922428 0.508000218335 8.56062096834 1.40991484885 13.6752085298 0.00753464155925 0.0014443
pedestrian -1 -1 -10 1066.6 182.75 1086.33 237.705 1.48883654099 1.18886988308 0.456000188477 8.57362517062 1.41704959049 12.8738246359 0.00753464155925 0.0013479
pedestrian -1 -1 -10 1014.6 188.52 1038.7 242.452 1.41184501028 1.1588724828 0.534999683642 8.55223852268 1.2660887702 14.361855877 0.00753464155925 0.0013096
pedestrian -1 -1 -10 922.29 178.12 938.736 220.672 1.10887825918 1.169871911 0.231000352719 8.24792984896 1.27553329217 18.2938087572 0.00753464155925 0.0011424
pedestrian -1 -1 -10 1164.7 191.99 1182.49 256.376 1.47483808789 1.19686938054 0.425000060637 8.66251818726 1.45022171621 10.7952733945 0.00753464155925 0.00079751
pedestrian -1 -1 -10 1197.2 174.08 1221.56 225.179 1.39984628856 1.1938694498 0.452000479618 8.69955818523 1.44837581915 10.1988843628 0.00753464155925 0.00056051
pedestrian -1 -1 -10 1063.1 170.85 1082.58 217.999 1.48783664876 1.19486974457 0.351999175086 8.50481764162 1.41943934911 13.0323220989 0.00753464155925 0.00044102
pedestrian -1 -1 -10 1054.5 174.9 1097.4 243.137 1.48883654099 1.19886901651 0.402000304189 8.53916074437 1.41812605157 12.9450782775 0.00753464155925 0.00037266
pedestrian -1 -1 -10 1098.4 171.32 1138.81 265.248 1.44084184923 1.19786872174 0.2629994541 8.50779807838 1.43661904834 11.8960403248 0.00753464155925 0.00029964
pedestrian -1 -1 -10 453.37 163.11 463.669 204.784 0.455949941158 0.320965889445 0.433999882406 -5.92994968688 1.19406910914 30.6341975505 0.00753464155925 0.00026896
pedestrian -1 -1 -10 1080.8 167.43 1157.39 267.79 1.43284271135 1.19786872174 0.2629994541 8.50779561197 1.42861991046 11.8960995551 0.00753464155925 0.00015992
pedestrian -1 -1 -10 914.65 165.71 945.316 227.906 1.10987815141 1.15787409517 0.273000156757 8.26839395165 1.27446702442 18.2226678556 0.00753464155925 6.1074e-05
pedestrian -1 -1 -10 809.0 149.84 820.524 193.368 0.98589172292 1.15287357489 0.478999944925 7.99172710527 0.927268204395 28.3968777204 0.00753464155925 4.7196e-05
pedestrian -1 -1 -10 1006.2 175.53 1025.95 227.077 1.25986168861 1.19886806294 0.37600028926 8.46415051085 1.11999682472 14.6896021225 0.00753464155925 3.0251e-05
pedestrian -1 -1 -10 1114.0 166.61 1195.31 271.81 1.46983864162 1.19686938054 0.458999493284 8.64830489535 1.45071156672 11.1653871689 0.00753464155925 2.6903e-05
pedestrian -1 -1 -10 1121.3 187.54 1166.1 273.627 1.44684109229 1.19286915503 0.475999686444 8.63456922686 1.43220378015 11.4006269891 0.00753464155925 8.8272e-06
pedestrian -1 -1 -10 336.56 160.07 367.081 224.837 0.837907984161 0.290968489164 0.932999802135 -8.04807487206 0.988713475609 22.4898981148 0.00753464155925 6.6919e-06
pedestrian -1 -1 -10 1209.9 169.5 1242.03 274.87 1.40184607303 1.19186981382 0.510000072765 8.72654503659 1.44440244436 9.93171808635 0.00753464155925 3.4691e-06
