pedestrian -1 -1 -10 462.59 172.31 484.564 202.406 0.0999890208244 0.0 0.0 -12.5270558792 0.880989539995 70.2658642221 0.0 0.013873
pedestrian -1 -1 -10 264.4 244.19 289.213 303.335 2.13276574696 1.14687466697 0.815000046157 -3.72470564609 1.56512741936 7.64332964493 0.00753464155925 0.0017692
pedestrian -1 -1 -10 87.015 240.59 107.725 281.508 1.47683787143 1.19686890375 1.19099985858 -4.32459959061 0.921576291495 6.09530659673 0.00753464155925 0.00099736
pedestrian -1 -1 -10 82.938 243.29 113.855 293.568 1.45484024227 1.19486926778 1.16099941954 -4.09013669312 0.992318115845 5.74928257403 0.00753464155925 0.00057282
pedestrian -1 -1 -10 584.09 153.85 616.945 217.493 0.866904800297 0.674925295633 1.04599972832 -0.296439621175 0.999599534015 44.0105201406 0.00753464155925 0.00034948
pedestrian -1 -1 -10 252.18 231.08 285.859 299.813 2.13476556123 1.17187154697 0.86299989032 -3.74926677012 1.5640421063 7.56903521467 0.00753464155925 0.00016435
pedestrian -1 -1 -10 37.009 163.56 80.952 232.064 1.30185707307 1.02688697299 1.13699973587 -6.38652495988 0.666767147674 8.52165233113 0.00753464155925 9.0039e-05
pedestrian -1 -1 -10 108.84 132.94 140.051 190.905 1.31285584295 0.997890821049 1.10699953525 -5.00043897828 0.720194505828 7.4598540529 0.00753464155925 5.8975e-05
pedestrian -1 -1 -10 238.13 218.8 276.056 289.515 2.11476777613 1.13687553355 1.00099985952 -3.8181422108 1.53935415444 7.58727397929 0.00753464155925 3.3781e-05
pedestrian -1 -1 -10 252.95 215.9 296.278 319.45 2.13476556123 1.1628731851 0.829999908051 -3.73226625235 1.56501445794 7.63540184865 0.00753464155925 2.8536e-05
pedestrian -1 -1 -10 578.05 171.08 593.168 202.209 0.0999890208244 0.0999875199902 0.422999967789 -1.28029286019 0.595974865243 38.386956018 0.00753464155925 5.2539e-06
pedestrian -1 -1 -10 75.679 290.69 112.82 350.642 1.54583026055 1.19586908577 1.03399984179 -3.58983965845 1.50215438323 4.87801975738 0.00753464155925 7.1164e-07
