pedestrian -1 -1 -10 798.51 156.4 815.107 208.54 1.24399441779 0.577998723293 0.520997952078 7.25188094618 0.867792031557 24.9034656723 0.00692802392802 0.99285
pedestrian -1 -1 -10 779.42 156.11 792.372 207.584 1.57299295813 0.534000034849 0.761997222592 6.53069688253 0.8879984456 25.5863105445 0.00692802392802 0.92523
pedestrian -1 -1 -10 718.89 158.36 731.226 197.591 2.3039896965 0.231998286383 0.115999739892 5.80636408487 0.750058561856 32.5219140881 0.00692802392802 0.7081
pedestrian -1 -1 -10 766.66 155.73 798.167 206.847 1.57399294078 0.558000186431 0.896996467709 6.46328063862 0.888170103312 25.5987776115 0.00692802392802 0.66864
pedestrian -1 -1 -10 761.91 155.39 775.01 204.882 1.57099299282 0.497998853801 0.878996409415 6.26348985307 0.885685232435 25.6301620705 0.00692802392802 0.65082
pedestrian -1 -1 -10 229.07 178.71 256.671 246.145 1.40599376485 0.544998753286 0.824996711368 -7.84742777019 1.2899684089 15.6947427894 0.00692802392802 0.44046
pedestrian -1 -1 -10 773.41 154.02 788.93 204.229 1.57399294078 0.558000186431 0.941996375026 6.44078122542 0.888231974729 25.5989335624 0.00692802392802 0.38244
pedestrian -1 -1 -10 713.2 160.13 724.907 200.345 0.0999995529652 0.0 0.0 8.37241452527 0.376199026045 50.6974312796 0.0 0.23931
pedestrian -1 -1 -10 782.25 156.82 805.84 205.519 0.576997433603 0.454997708016 0.301998911758 11.4214712354 -0.00543279958874 41.2728555397 0.00692802392802 0.23239
pedestrian -1 -1 -10 713.45 161.47 731.149 214.56 0.89199603796 0.405000412186 0.412998555985 4.10109801778 1.15147750978 24.9093294148 0.00692802392802 0.14351
pedestrian -1 -1 -10 137.37 159.75 180.84 264.58 1.08799511194 0.358999962707 0.25699900444 -8.70003269674 1.26229189538 13.9717597285 0.00692802392802 0.091893
pedestrian -1 -1 -10 212.3 178.43 251.528 248.24 0.896996025741 0.451999357997 0.67499670242 -14.7633905611 0.985788613447 28.155406862 0.00692802392802 0.059802
pedestrian -1 -1 -10 238.88 182.85 252.969 244.009 1.40599376485 0.544998753286 0.824996711368 -7.84742777019 1.2899684089 15.6947427894 0.00692802392802 0.050146
pedestrian -1 -1 -10 719.4 160.49 737.862 208.5 0.102999560535 0.203998427429 0.479997739825 9.10311555528 0.34969936852 48.4982838483 0.00692802392802 0.036839
pedestrian -1 -1 -10 145.25 163.1 207.867 258.317 1.6259927243 1.12199898025 0.709997372077 -7.74154876475 1.38123597117 12.5824104232 0.00692802392802 0.01486
pedestrian -1 -1 -10 162.21 163.75 187.661 231.442 1.6259927243 1.18399825922 0.651997025296 -7.71363004797 1.38133764994 12.4262136071 0.00692802392802 0.011047
pedestrian -1 -1 -10 709.66 156.86 744.848 216.057 0.102999560535 0.203998427429 0.348998666607 9.03761759203 0.349879482185 48.4987378365 0.00692802392802 0.0092779
pedestrian -1 -1 -10 754.41 158.65 771.373 203.744 2.16499037892 0.509999883266 0.167999351989 2.92563537094 1.3043463645 12.9921160223 0.00692802392802 0.0074203
pedestrian -1 -1 -10 220.35 170.18 271.598 276.37 1.40599376485 0.544998753286 0.824996711368 -7.84742777019 1.2899684089 15.6947427894 0.00692802392802 0.0070137
pedestrian -1 -1 -10 198.82 173.66 230.442 249.961 0.0999995529652 0.0 0.0 -15.101948736 0.768980435978 27.9319583379 0.0 0.0069527
pedestrian -1 -1 -10 725.3 157.26 743.567 194.298 0.371998336911 0.286998554287 0.975996167247 10.7866037141 -0.273276058137 56.653440531 0.00692802392802 0.0056314
pedestrian -1 -1 -10 665.85 146.9 702.588 201.339 2.04899078161 0.440000235879 0.99799639744 3.42132394301 0.6337633554 28.9143619851 0.00692802392802 0.0039978
pedestrian -1 -1 -10 237.07 182.49 270.944 244.967 1.40599376485 0.544998753286 0.775997108986 -7.8229285575 1.28990103821 15.6945729772 0.00692802392802 0.0019862
pedestrian -1 -1 -10 382.18 165.74 395.466 198.537 1.81999189258 0.795998987547 0.855996732291 -9.13357854168 0.96319763773 29.9568838362 0.00692802392802 0.0019588
pedestrian -1 -1 -10 166.23 165.29 199.462 252.434 1.6259927243 1.18999877395 0.599998128452 -7.68623870187 1.38103239583 12.6270286543 0.00692802392802 0.0015376
pedestrian -1 -1 -10 199.4 175.77 215.903 241.438 0.484997881949 0.0739993547595 0.0500009566535 -16.7782878928 0.859963765488 30.2385099282 0.00692802392801 0.0011921
pedestrian -1 -1 -10 188.21 168.8 225.52 275.62 0.708996857703 0.715999118055 0.286997671091 -16.6396098158 0.837480619811 29.4513730973 0.00692802392802 0.0010472
pedestrian -1 -1 -10 137.02 163.18 170.686 226.439 1.6259927243 1.15899865763 0.709997372077 -7.74271612298 1.38143193301 12.4139151114 0.00692802392802 0.00087309
pedestrian -1 -1 -10 921.81 187.96 937.546 232.231 1.39099378288 1.19399848132 0.628997348172 7.59864391771 1.12135598197 15.7070460472 0.00692802392802 0.00068805
pedestrian -1 -1 -10 105.43 155.26 167.182 269.93 1.56699297279 1.09799882866 0.59399810902 -7.80041121838 1.3225271266 12.4697815556 0.00692802392802 0.00052322
pedestrian -1 -1 -10 195.66 178.82 206.953 216.821 1.17299471796 0.398000447447 0.267998642702 -16.8227171776 1.09226930687 30.0766831869 0.00692802392802 0.00048409
pedestrian -1 -1 -10 277.01 162.51 309.91 239.365 0.876996044815 0.401998247472 0.937996203127 -12.0618646102 0.946002659358 28.4486627024 0.00692802392802 0.00048206
pedestrian -1 -1 -10 659.11 140.26 711.443 250.29 2.04899078161 0.440000235879 1.03699604691 3.40182458668 0.633816976922 28.9144971416 0.00692802392802 0.00039779
pedestrian -1 -1 -10 155.57 163.86 171.609 213.138 1.56699297279 1.12299938393 0.709997372077 -7.74348334721 1.32254731669 12.3148838322 0.00692802392802 0.00026906
pedestrian -1 -1 -10 96.473 125.57 204.593 297.15 1.6259927243 1.1269990913 0.709997372077 -7.74282696897 1.38145054048 12.3979157122 0.00692802392802 0.000241
pedestrian -1 -1 -10 200.34 176.74 211.412 218.645 1.17299471796 0.398000447447 0.267998642702 -16.8227171776 1.09226930687 30.0766831869 0.00692802392802 0.00021639
pedestrian -1 -1 -10 191.25 177.56 203.271 221.323 0.723996776342 1.05199933286 0.433998385577 -16.5672958073 0.837473886345 29.2828589992 0.00692802392802 0.00019082
pedestrian -1 -1 -10 275.06 133.47 306.258 200.532 0.327998518944 0.492999696423 1.07899642135 -17.4907477918 -0.711492615696 40.2174549116 0.00692802392803 0.00014201
pedestrian -1 -1 -10 211.84 172.23 232.518 241.422 0.903995963931 0.451999357997 0.917995820465 -14.8848775492 0.993122656762 28.1562529994 0.00692802392802 5.6038e-05
pedestrian -1 -1 -10 184.78 175.7 199.173 230.415 1.7829920575 0.63199954119 0.225999937188 -15.09357666 0.384971178088 26.1634312613 0.00692802392802 5.3729e-05
pedestrian -1 -1 -10 128.89 163.29 156.476 238.286 2.32698959559 1.15699880394 0.374998591865 -14.1609263428 1.06218414997 21.9808366766 0.00692802392802 4.3558e-05
pedestrian -1 -1 -10 346.69 161.36 362.676 203.21 2.07399076521 1.00900009442 1.15599484285 -10.2448013225 0.968567572579 29.6889349401 0.00692802392802 4.2156e-05
pedestrian -1 -1 -10 674.36 137.09 691.264 203.021 1.87699155957 0.440000235879 1.13299588097 3.35358864937 0.461949747281 28.9147314618 0.00692802392802 2.5919e-05
pedestrian -1 -1 -10 339.08 161.58 357.328 207.149 0.853996190429 0.33799720747 0.75099663066 -14.7238882113 0.341118213878 40.8827212159 0.00692802392802 2.3847e-05
pedestrian -1 -1 -10 224.94 172.12 242.556 230.96 1.40599376485 0.544998753286 0.652996949062 -7.93342558555 1.29020489536 15.6953388689 0.00692802392802 2.0444e-05
pedestrian -1 -1 -10 306.2 145.83 324.39 188.649 0.327998518944 0.219997256919 0.966996376517 -16.1979503482 -0.714515001693 40.6170054716 0.00692802392802 1.4481e-05
pedestrian -1 -1 -10 130.09 155.54 151.142 213.33 2.32698959559 1.15599935393 0.358998857938 -14.1166103928 1.06217496135 21.8820279105 0.00692802392802 1.0495e-05
pedestrian -1 -1 -10 297.23 155.39 329.93 225.866 0.88899603039 0.773000193318 1.03299611343 -11.5619614116 0.955396350002 28.6477076385 0.00692802392802 1.9753e-06
pedestrian -1 -1 -10 310.47 154.73 328.056 202.132 0.88899603039 0.751998391755 0.939997004329 -11.5153902241 0.955256271003 28.657885991 0.00692802392802 1.0406e-06
