pedestrian -1 -1 -10 361.45 191.02 382.672 248.118 1.38784762645 0.777914653505 0.858999943043 -5.13301192982 1.76886819348 15.3939795346 0.00753464155925 0.014858
pedestrian -1 -1 -10 336.81 185.96 380.466 248.761 1.6088233484 0.484947481939 1.17900049359 -8.90826586722 1.19724638152 26.0734913158 0.00753464155925 0.0022655
pedestrian -1 -1 -10 350.81 189.46 390.894 253.616 1.38784762645 0.777914653505 0.878999917847 -5.14301163418 1.76887547421 15.3940547724 0.00753464155925 0.0010474
pedestrian -1 -1 -10 327.92 184.21 359.155 253.069 1.14087473619 0.695924810827 0.44199977696 -5.9615100302 1.69914841927 16.3225528399 0.00753464155925 2.2843e-05
pedestrian -1 -1 -10 321.09 186.52 339.781 238.809 0.276969514259 0.0749906399927 0.591999826411 -10.4391167035 1.41133509874 26.6120722023 0.00753464155925 8.9211e-06
pedestrian -1 -1 -10 443.29 171.83 477.786 216.132 0.347961758617 0.463949873885 0.179999296401 -8.86532735021 1.61117402368 45.1698442364 0.00753464155925 4.6988e-06
pedestrian -1 -1 -10 289.42 180.51 370.55 263.789 0.276969514259 0.0989881787895 0.649999419557 -10.4682060848 1.4111785816 26.6002919619 0.00753464155925 3.902e-06
pedestrian -1 -1 -10 449.65 177.17 498.427 213.697 0.684924771192 0.296968350648 0.73399950447 -5.93599935489 1.78523656402 30.9802345051 0.00753464155925 3.8555e-06
pedestrian -1 -1 -10 985.25 174.89 1043.44 252.747 1.47083848822 0.945896471512 1.19099938174 4.19316589668 1.66201821468 7.55483286397 0.00753464155925 7.4137e-07
pedestrian -1 -1 -10 56.075 188.65 124.167 281.471 1.35985070348 1.19586908577 0.922999576315 -5.09487682548 1.65628219703 6.91498167981 0.00753464155925 2.8267e-07
pedestrian -1 -1 -10 889.47 160.12 935.717 221.048 0.409954991489 0.311966097218 0.770999672435 6.36855729087 0.495342681791 15.5019578786 0.00753464155925 2.598e-07
pedestrian -1 -1 -10 813.79 163.39 862.921 244.136 0.570937324641 0.848906975124 1.17499935422 4.02295461357 0.817044729321 12.7491787467 0.00753464155925 2.7891e-08
pedestrian -1 -1 -10 823.4 161.12 877.738 225.894 0.416954248306 0.732919506653 1.1839994144 4.27583680702 0.663736360262 12.8064112595 0.00753464155925 2.2805e-08
pedestrian -1 -1 -10 335.65 164.89 396.462 264.38 1.38784762645 0.777914653505 0.92699976201 -5.16701087697 1.76889294791 15.3942353428 0.00753464155925 6.2004e-10
pedestrian -1 -1 -10 351.85 168.93 437.206 255.351 0.433952401394 0.195979582317 0.739999544595 -7.66248857339 1.52071704927 26.4161699988 0.00753464155925 8.1819e-11
