pedestrian -1 -1 -10 641.0 164.18 663.333 215.717 1.37984854072 0.731920165452 0.634999796082 0.709007853109 1.50467272617 13.9376175021 0.00753464155925 0.038954
pedestrian -1 -1 -10 644.23 158.32 659.322 197.067 0.735919185758 0.280969355737 0.537999822914 1.55691916147 0.47304659919 25.8868824531 0.00753464155925 0.032789
pedestrian -1 -1 -10 254.88 192.53 267.208 227.66 2.86268567765 0.309965507677 0.160999248812 -14.0016841525 2.0217220363 29.3408901378 0.00753464155925 0.0071167
pedestrian -1 -1 -10 624.58 156.38 653.672 214.301 1.37984854072 0.731920165452 0.634999796082 0.709007853109 1.50467272617 13.9376175021 0.00753464155925 0.0060985
pedestrian -1 -1 -10 831.6 155.93 849.128 209.442 1.91678956067 0.664928069345 1.18299924877 9.29389465451 0.929251873364 28.5919548288 0.00753464155925 0.0054473
pedestrian -1 -1 -10 49.039 183.2 69.179 232.477 2.32374482107 0.603933927583 0.757000691429 -8.55753261863 1.61687326071 11.4104055098 0.00753464155925 0.0050732
pedestrian -1 -1 -10 631.97 152.34 656.788 197.123 0.995890622917 0.376957603784 1.18199955997 2.05841656899 0.591722033602 38.3129865359 0.00753464155925 0.0035019
pedestrian -1 -1 -10 648.47 161.09 672.13 215.245 0.967893752095 0.37195899064 0.675999911324 2.08398457371 1.46206765717 24.0812396581 0.00753464155925 0.0022897
pedestrian -1 -1 -10 628.48 158.03 673.569 209.809 1.37984854072 0.731920165452 0.634999796082 0.709007853109 1.50467272617 13.9376175021 0.00753464155925 0.0017488
pedestrian -1 -1 -10 105.12 133.64 126.745 195.938 1.5828261801 0.444950948232 0.553999731232 -12.4118162324 0.715009638777 18.2837568488 0.00753464155925 0.0011251
pedestrian -1 -1 -10 624.49 144.39 645.284 193.429 1.23586430478 0.549938988505 1.08799966647 1.5818382611 0.830701908153 38.359322306 0.00753464155925 0.0010729
pedestrian -1 -1 -10 626.22 136.67 662.557 203.37 0.995890622917 0.376957603784 1.18199955997 2.05841656899 0.591722033602 38.3129865359 0.00753464155925 0.00094361
pedestrian -1 -1 -10 271.33 166.85 286.122 210.89 0.0999890208244 0.0 0.0 -31.8279049797 1.40248900388 70.7076142054 0.0 0.00052967
pedestrian -1 -1 -10 99.696 137.15 132.859 218.811 2.27575011301 0.731920165452 0.553999731232 -12.4105214849 1.41005773391 18.4221065683 0.00753464155925 0.00042847
pedestrian -1 -1 -10 92.867 158.03 125.421 229.191 2.67470623554 0.64292921295 0.638999743359 -12.368234924 1.80832419729 18.3743384881 0.00753464155925 0.00025043
pedestrian -1 -1 -10 53.061 128.12 74.486 179.895 1.51883319629 0.603933927583 0.757000691429 -8.55778080095 0.811961635918 11.4163655488 0.00753464155925 0.00020466
pedestrian -1 -1 -10 638.25 141.55 659.86 188.218 0.103988530165 0.254976948818 1.00899975408 4.44800102811 -0.863374819441 71.9065556704 0.00753464155925 0.00011246
pedestrian -1 -1 -10 0.81348 151.47 49.2345 211.698 2.26375146579 0.434951814805 0.700999999038 -14.6520958546 1.35645074677 18.5582172638 0.00753464155925 2.5407e-06
