pedestrian -1 -1 -10 23.782 150.23 98.277 306.9 1.7579921931 0.608999793288 0.786997224083 -6.67167556853 1.36381137339 8.62530411597 0.00692802392802 0.99836
pedestrian -1 -1 -10 42.767 143.93 76.184 308.3 1.7579921931 0.608999793288 0.812997149341 -6.68467521889 1.36384712129 8.62539422089 0.00692802392802 0.00169
pedestrian -1 -1 -10 651.98 193.01 666.744 237.887 2.15299034864 0.751999345428 0.594997734764 1.1216433752 1.335906634 12.4806453858 0.00692802392802 0.0010625
pedestrian -1 -1 -10 656.29 196.82 672.268 242.554 2.25098996013 1.15299909657 0.868996754524 1.25816386605 1.43330183959 12.6802607963 0.00692802392802 0.00068268
pedestrian -1 -1 -10 663.84 155.79 685.558 202.167 2.19899020642 0.788999976482 1.19299541964 1.49950402571 1.29871618867 14.3585037535 0.00692802392802 0.00063232
pedestrian -1 -1 -10 638.31 214.39 654.361 260.831 2.52998869717 0.588999349078 1.1979955153 0.910409854913 1.63101673496 14.6417862357 0.00692802392802 0.00052502
pedestrian -1 -1 -10 660.93 222.14 676.858 258.588 1.46999343336 1.05599904023 0.983996332232 1.31884876832 1.43278959643 12.9848010605 0.00692802392802 0.00050142
pedestrian -1 -1 -10 650.57 218.36 670.031 263.163 2.15299034864 0.739999269637 0.594997734764 1.12160180713 1.33591361194 12.4746454919 0.00692802392802 0.00025596
pedestrian -1 -1 -10 676.81 154.8 692.241 207.444 1.73899222463 0.280999946902 1.08099591125 2.11216273718 0.73330215591 17.6139492693 0.00692802392802 0.00024466
pedestrian -1 -1 -10 585.05 143.12 602.152 187.761 0.987995564938 0.536000842208 1.19499553539 -0.155618486002 0.850407138268 17.747736872 0.00692802392802 0.00021615
pedestrian -1 -1 -10 633.55 215.56 648.262 262.077 2.53098873943 0.671999475936 1.18699559392 0.812201489938 1.63223937219 14.6839685925 0.00692802392802 0.00021222
pedestrian -1 -1 -10 590.03 145.71 607.363 189.848 0.988995607197 0.54499970696 1.18999552913 -0.0390891658484 0.851081591849 17.7514292904 0.00692802392802 0.00020184
pedestrian -1 -1 -10 667.26 177.2 683.584 217.419 1.95099128932 1.18599906657 1.02399614388 1.33749214015 1.43285089785 12.8843898931 0.00692802392802 0.00017584
pedestrian -1 -1 -10 635.05 213.1 665.386 263.32 2.25098996013 1.15299909657 0.657997461958 1.15266675396 1.43359194741 12.680992032 0.00692802392802 0.00013923
pedestrian -1 -1 -10 681.66 155.89 698.552 201.485 2.19799022377 0.730000001206 1.1979954557 1.80879244184 1.29789942236 14.3268598575 0.00692802392802 0.00012981
pedestrian -1 -1 -10 11.795 179.67 59.746 307.91 1.31599411517 0.810999320704 0.893996696411 -11.465979665 1.10669188427 14.1696133538 0.00692802392802 2.3509e-05
pedestrian -1 -1 -10 14.439 155.08 51.909 272.09 1.31599411517 0.711999410682 1.04099645723 -11.5391348458 1.10683643006 14.2196215609 0.00692802392802 3.2706e-06
pedestrian -1 -1 -10 52.463 135.57 107.009 273.19 1.7579921931 0.608999793288 0.76499699389 -6.66067571767 1.36378112477 8.62522787234 0.00692802392802 3.8141e-07
