pedestrian -1 -1 -10 828.8 148.3 882.314 282.78 1.79499201328 0.983999539159 1.0969960028 3.56025384403 1.42285516513 10.145002199 0.00692802392802 0.99848
pedestrian -1 -1 -10 622.16 160.68 650.63 244.574 1.82199182808 0.752000299102 0.842996814365 0.621966253834 1.38253118636 15.7634346307 0.00692802392802 0.99672
pedestrian -1 -1 -10 513.53 156.88 546.028 250.791 1.89799152315 1.07399867708 0.905996616065 -1.62644149401 1.35983366608 14.7999170647 0.00692802392802 0.99583
pedestrian -1 -1 -10 728.86 139.74 782.419 291.68 1.92799139023 0.504999772214 0.555997787274 1.98714508229 1.44525645215 9.21532615716 0.00692802392802 0.99541
pedestrian -1 -1 -10 782.96 153.26 838.822 285.87 1.68599252552 0.660999803825 0.853996884759 3.02193339895 1.3816440849 9.8792407824 0.00692802392802 0.99477
pedestrian -1 -1 -10 595.03 155.95 626.246 244.571 1.81299192458 0.802999905959 0.917996535718 0.34280688805 1.37440701408 15.670862073 0.00692802392802 0.98397
pedestrian -1 -1 -10 184.23 151.15 198.319 198.392 1.37699385434 0.845998190724 0.843996693428 -17.4696342349 0.487042242925 30.083342937 0.00692802392802 0.98309
pedestrian -1 -1 -10 487.45 162.37 521.74 252.365 1.78899201304 0.761999567533 0.925996402682 -1.82287226995 1.36063620652 14.5723370158 0.00692802392802 0.97873
pedestrian -1 -1 -10 181.21 153.29 212.571 199.389 1.37699385434 0.820998589135 0.635997291369 -17.3655504338 0.486741722669 30.0951215985 0.00692802392802 0.9512
pedestrian -1 -1 -10 737.16 141.39 834.77 291.3 1.79599201083 0.863999734921 0.907996582805 7.60948857555 1.06280022499 29.2780017789 0.00692802392802 0.77517
pedestrian -1 -1 -10 902.51 174.03 930.091 220.91 1.69699246138 0.648000278028 0.927996965467 8.84336713566 1.59108549728 19.9368948049 0.00692802392802 0.66641
pedestrian -1 -1 -10 177.46 152.0 192.777 199.573 1.59199287444 1.07599948444 0.200999458862 -18.0261702448 0.0318268550631 30.7365608607 0.00692802392802 0.65348
pedestrian -1 -1 -10 1181.9 139.04 1223.97 338.4 1.77199206576 0.902999742824 0.846996941561 6.30839707976 1.57580639683 7.05957833759 0.00692802392802 0.62195
pedestrian -1 -1 -10 803.14 149.67 864.744 288.95 1.7419921577 0.977999024427 1.1949956844 3.24342054943 1.37085334878 10.0361648042 0.00692802392802 0.52577
pedestrian -1 -1 -10 379.4 158.72 390.612 193.266 0.32399854362 0.159999738984 0.393998573925 -13.7597138141 -0.208398007129 45.1288155867 0.00692802392802 0.49569
pedestrian -1 -1 -10 611.14 160.24 641.103 245.917 1.81899182051 0.809999870698 1.07599594225 0.505264441935 1.37988526095 15.7352413029 0.00692802392802 0.42571
pedestrian -1 -1 -10 325.08 159.18 336.369 189.432 0.340998472273 0.324001092687 0.522998753281 -17.7091922446 -0.194330815964 47.5982461796 0.00692802392802 0.27104
pedestrian -1 -1 -10 526.73 157.29 551.924 238.021 1.89099158496 0.908998827046 0.746997293222 -1.54638183771 1.35251917005 14.8818599808 0.00692802392802 0.23018
pedestrian -1 -1 -10 329.77 158.32 341.437 189.764 0.340998472273 0.324001092687 0.522998753281 -17.7091922446 -0.194330815964 47.5982461796 0.00692802392802 0.1704
pedestrian -1 -1 -10 210.5 161.99 227.942 197.535 1.00099554807 0.921000810184 0.440998328774 -17.4395110621 0.527321329411 32.3909565507 0.00692802392802 0.16678
pedestrian -1 -1 -10 374.81 157.67 390.085 205.264 0.32399854362 0.159999738984 0.393998573925 -13.7597138141 -0.208398007129 45.1288155867 0.00692802392802 0.13854
pedestrian -1 -1 -10 500.14 165.98 520.104 243.183 1.78899201304 0.872999553346 1.01399613137 -1.77848896032 1.36045066812 14.6275307064 0.00692802392802 0.13718
pedestrian -1 -1 -10 899.35 174.41 918.024 214.734 1.69699246138 0.588000852746 1.04499615229 8.66166438186 1.59161948156 19.9081538141 0.00692802392802 0.11134
pedestrian -1 -1 -10 850.15 157.48 894.787 278.47 1.79499201328 0.830999764914 0.864996761438 3.67678066712 1.42244721595 10.2206962375 0.00692802392802 0.077142
pedestrian -1 -1 -10 511.63 162.73 529.309 239.551 1.89099158496 0.858998670195 1.11099576999 -1.72820350457 1.35299056534 14.9081209264 0.00692802392802 0.04747
pedestrian -1 -1 -10 819.79 155.62 844.685 279.25 1.7419921577 0.977999024427 1.19699553193 3.24542058734 1.37084784885 10.0361509412 0.00692802392802 0.029207
pedestrian -1 -1 -10 739.69 148.9 778.775 240.119 1.92799139023 0.504999772214 0.555997787274 1.98714508229 1.44525645215 9.21532615716 0.00692802392802 0.025709
pedestrian -1 -1 -10 601.05 156.91 623.03 214.251 1.81399184763 0.802999905959 0.971996352974 0.369807526932 1.37533269153 15.670675504 0.00692802392802 0.023601
pedestrian -1 -1 -10 609.53 187.93 627.241 241.401 1.81399184763 0.806999613332 1.08399592097 0.425819820691 1.37517637493 15.6722871659 0.00692802392802 0.023413
pedestrian -1 -1 -10 166.38 153.0 178.728 197.055 2.04799085855 1.13899916709 0.722998765212 -17.7704333858 0.488095084159 29.8855329439 0.00692802392802 0.02096
pedestrian -1 -1 -10 711.49 146.32 766.447 274.64 1.92799139023 0.655999692773 0.555997787274 1.98766814364 1.445168647 9.29082430554 0.00692802392802 0.018737
pedestrian -1 -1 -10 589.69 157.97 617.172 228.833 1.76299207658 0.802999905959 0.765997096469 0.266745563767 1.32661611893 15.67136253 0.00692802392802 0.018706
pedestrian -1 -1 -10 821.98 151.57 839.714 201.667 2.15599041581 0.213001106875 0.79899678611 11.5941813606 0.66010312828 36.0133856565 0.00692802392802 0.015246
pedestrian -1 -1 -10 492.61 162.48 512.203 240.588 1.78899201304 0.774999093331 0.88999664372 -1.84082668691 1.36067814431 14.5789613829 0.00692802392802 0.014298
pedestrian -1 -1 -10 726.02 152.53 760.056 251.42 1.92799139023 0.655999692773 0.555997787274 1.98766814364 1.445168647 9.29082430554 0.00692802392802 0.014267
pedestrian -1 -1 -10 320.61 159.83 331.381 189.193 0.380998314917 0.144000909494 0.165000295944 -20.1375079007 -0.827358202735 50.8513897832 0.00692802392801 0.013548
pedestrian -1 -1 -10 800.89 151.69 837.855 234.544 1.75199222267 0.743999930683 0.991996378009 3.09112799093 1.38140608233 9.92022385245 0.00692802392802 0.008529
pedestrian -1 -1 -10 638.04 161.97 655.579 226.611 1.76399211884 0.490999842736 0.594997734764 0.746786939539 1.32403872791 15.8930390925 0.00692802392802 0.0084769
pedestrian -1 -1 -10 753.94 147.12 777.192 206.289 1.82099187523 0.655999692773 0.555997787274 1.9875205998 1.338169132 9.29076310694 0.00692802392802 0.0072978
pedestrian -1 -1 -10 445.59 165.1 456.371 198.91 1.37199382186 0.27000027479 0.762997146358 -6.99156424469 1.03839234883 33.366476861 0.00692802392802 0.0070158
pedestrian -1 -1 -10 815.02 148.58 845.576 220.076 2.15599041581 0.215999456893 0.818997168772 11.5841710232 0.660132370785 36.0119558304 0.00692802392802 0.0062605
pedestrian -1 -1 -10 517.43 158.53 539.49 224.267 1.89799152315 1.07399867708 0.961996400061 -1.65444071342 1.35991066149 14.8001111366 0.00692802392802 0.0046981
pedestrian -1 -1 -10 844.3 155.57 878.934 252.001 1.79499201328 0.750999895422 1.06999591536 3.57320971974 1.42290933593 10.0664107711 0.00692802392802 0.0037547
pedestrian -1 -1 -10 903.81 170.8 940.806 241.355 1.6919924885 0.648000278028 1.06999663062 8.9993560454 1.5856565496 19.9358106863 0.00692802392802 0.003526
pedestrian -1 -1 -10 768.21 148.26 821.281 249.17 1.68599252552 0.63199954119 0.646997644883 2.9183358087 1.38194555636 9.86545837222 0.00692802392802 0.0033015
pedestrian -1 -1 -10 744.68 144.7 772.235 213.344 1.8329917863 0.655999692773 0.555997787274 1.98753714673 1.35016904307 9.29076997032 0.00692802392802 0.0030194
pedestrian -1 -1 -10 575.09 164.96 586.042 202.744 1.60199284256 0.654998335419 0.51599809483 -1.13194291366 1.0815654287 35.6973556062 0.00692802392802 0.0027577
pedestrian -1 -1 -10 831.93 155.76 863.859 259.54 1.80399191678 1.08700011023 1.16799583538 3.54264557771 1.43192354265 10.1276291491 0.00692802392802 0.0025676
pedestrian -1 -1 -10 822.11 181.22 839.05 252.074 1.7419921577 0.977999024427 1.19499544598 3.23142091802 1.37088634672 10.0362479776 0.00692802392802 0.0025555
pedestrian -1 -1 -10 828.62 165.1 850.452 240.71 0.911995899677 0.892999043882 0.772997337688 8.52227451402 1.21347438249 25.6177779331 0.00692802392802 0.002476
pedestrian -1 -1 -10 155.42 147.86 182.041 201.634 2.04299088567 1.19599833501 0.722998765212 -17.771711623 0.488310816373 29.7000411898 0.00692802392802 0.0021962
pedestrian -1 -1 -10 764.34 136.84 782.682 205.077 2.51898864955 0.950997661804 1.15799564405 7.23778558849 1.05476863785 29.3246486692 0.00692802392802 0.0021819
pedestrian -1 -1 -10 388.58 160.47 399.656 198.251 0.0999995529652 0.0419997884322 0.220999841523 -19.7807524535 -0.516061927023 68.0928671552 0.00692802392802 0.0021258
pedestrian -1 -1 -10 894.0 174.18 910.844 214.982 1.85999167562 0.425999352728 0.140999741384 5.59491454884 0.958780771128 13.1704032442 0.00692802392802 0.0019152
pedestrian -1 -1 -10 723.05 150.44 750.058 227.839 1.92199137509 0.655999692773 0.555997787274 1.9876598701 1.43916863186 9.29082087382 0.00692802392802 0.001905
pedestrian -1 -1 -10 830.67 146.87 849.153 196.978 0.297998666763 0.23699935111 0.149999055278 13.9782063521 -0.28718241248 39.2609261054 0.00692802392802 0.0016336
pedestrian -1 -1 -10 486.62 165.62 505.326 226.686 1.78899201304 0.757998906487 0.759997136642 -1.90588376748 1.36086676911 14.5709120176 0.00692802392802 0.0014969
pedestrian -1 -1 -10 503.96 167.13 514.753 216.701 1.89799152315 0.951999019158 0.990996215825 -1.78986529062 1.36043635373 14.667046857 0.00692802392802 0.0013094
pedestrian -1 -1 -10 884.6 170.18 921.674 266.466 1.69699246138 0.648000278028 1.16199533911 8.55537502827 1.59187745036 19.9388909743 0.00692802392802 0.0010992
pedestrian -1 -1 -10 737.37 143.7 763.746 223.651 1.8329917863 0.655999692773 0.555997787274 1.98753714673 1.35016904307 9.29076997032 0.00692802392802 0.0010088
pedestrian -1 -1 -10 815.75 163.21 837.394 246.704 1.75199222267 0.789999426488 1.11299597515 3.15178567777 1.38121296887 9.94280371418 0.00692802392802 0.00070322
pedestrian -1 -1 -10 856.57 158.34 877.865 211.67 1.80399191678 0.865000138601 0.885996829447 3.68441069816 1.43140672461 10.23764918 0.00692802392802 0.0006696
pedestrian -1 -1 -10 588.31 176.63 607.79 237.862 1.76299207658 0.767000632259 0.663997511191 0.215622295268 1.3267772938 15.6537168132 0.00692802392802 0.00062788
pedestrian -1 -1 -10 806.76 150.78 827.207 202.397 1.97099112123 0.311000613216 1.15999549158 11.1325209834 0.659443096032 35.9556885834 0.00692802392802 0.00059204
pedestrian -1 -1 -10 568.62 162.9 592.907 205.772 1.60199284256 0.654998335419 0.51599809483 -1.13194291366 1.0815654287 35.6973556062 0.00692802392802 0.00055847
pedestrian -1 -1 -10 758.27 160.16 781.761 229.15 1.92799139023 0.655999692773 0.555997787274 1.98766814364 1.445168647 9.29082430554 0.00692802392802 0.00042958
pedestrian -1 -1 -10 588.27 160.67 604.124 205.666 1.72699234337 0.598999571183 0.54699793694 0.156492319551 1.29103611718 15.5701031802 0.00692802392802 0.00035083
pedestrian -1 -1 -10 16.716 161.1 56.429 211.684 1.34099406525 0.866999992287 0.685998248022 -18.1551061675 -0.00979503819895 22.8498563166 0.00692802392802 0.00021514
pedestrian -1 -1 -10 858.9 171.81 889.888 232.755 2.10699061006 0.805999209652 0.761997222592 13.3698435531 1.29480025383 33.7482946939 0.00692802392802 0.0002124
pedestrian -1 -1 -10 381.39 155.76 407.453 206.168 0.0999995529652 0.0419997884322 0.220999841523 -19.7807524535 -0.516061927023 68.0928671552 0.00692802392802 0.00020909
pedestrian -1 -1 -10 794.25 139.56 825.001 205.223 1.49699335992 0.670999072256 0.834996902699 3.04421376536 1.19257606994 9.8849766269 0.00692802392802 6.7806e-05
pedestrian -1 -1 -10 563.02 164.22 583.885 203.53 1.60199284256 0.568999858542 0.51599809483 -1.13224081103 1.08161543607 35.6543573997 0.00692802392802 4.269e-05
pedestrian -1 -1 -10 843.02 147.06 859.895 220.057 1.79499201328 0.977999024427 1.16099565376 3.52748578281 1.42307225081 10.0342266732 0.00692802392802 2.7677e-05
pedestrian -1 -1 -10 78.944 152.67 126.841 201.037 2.01299098879 1.11699982287 0.778996403449 -18.0544458852 0.581881196571 25.5125220986 0.00692802392802 1.0246e-05
pedestrian -1 -1 -10 801.56 150.63 821.072 218.958 1.68599252552 0.671999475936 0.85999690419 3.02497143929 1.38162943912 9.8847196929 0.00692802392802 5.0596e-06
