pedestrian -1 -1 -10 543.98 143.21 561.269 191.547 0.319964895245 0.146983256383 0.547999691107 -3.06680288846 -0.660992666599 46.6322877527 0.00753464155925 0.0051058
pedestrian -1 -1 -10 957.2 160.8 982.834 201.06 0.77291513884 0.610933130268 0.843999604312 7.2031894834 0.727241572079 14.3152603001 0.00753464155925 0.0029346
pedestrian -1 -1 -10 518.66 136.74 540.99 186.628 0.304966526626 0.386954830071 0.754999883326 -4.65462996415 0.424879779401 42.7675316062 0.00753464155925 0.0021734
pedestrian -1 -1 -10 524.05 152.49 536.771 185.895 0.580936217188 0.588932366733 1.12599958284 -4.4518115698 0.699206257982 42.6629711711 0.00753464155925 0.0018018
pedestrian -1 -1 -10 541.62 152.11 554.474 189.918 0.332963479395 0.277969424995 0.786999461543 -3.47501648231 -0.0676125612347 45.2859883067 0.00753464155925 0.0014796
pedestrian -1 -1 -10 541.71 133.24 571.041 193.022 0.343962249277 0.12898748621 0.309999847885 -2.7564532329 -0.0593902316506 47.0192742559 0.00753464155925 0.00094521
pedestrian -1 -1 -10 954.33 156.24 995.091 234.207 0.771915246605 0.602934586382 0.830999596848 7.20971974425 0.727296045268 14.31920315 0.00753464155925 0.00061334
pedestrian -1 -1 -10 524.5 131.75 543.76 173.495 0.32296452725 0.51394363388 0.4970000653 -4.55650930371 -0.0802700497447 42.8329123818 0.00753464155925 0.00048947
pedestrian -1 -1 -10 1048.6 195.78 1089.77 253.764 0.724920400977 0.392957552265 0.62999992159 6.93303326151 1.22928394143 10.656003688 0.00753464155925 0.00043425
pedestrian -1 -1 -10 554.74 145.05 569.301 194.986 0.344962126612 0.234974867684 0.61299972843 -2.60535655709 -0.0592851819459 46.9651348116 0.00753464155925 0.00024982
pedestrian -1 -1 -10 532.37 153.74 546.879 186.264 0.343962249277 0.468946579889 0.253999632331 -4.26533413272 -0.0629765819339 46.3766068723 0.00753464155925 8.2851e-05
pedestrian -1 -1 -10 832.21 155.98 857.857 206.467 0.778914492247 0.622932853236 0.688999918788 12.4089482987 0.339087929491 38.026103876 0.00753464155925 2.2312e-05
pedestrian -1 -1 -10 468.87 157.54 480.88 191.569 0.104988467098 0.329961867391 0.930999470869 -10.6467560565 -0.00384778409631 59.286319244 0.00753464155925 1.0685e-05
pedestrian -1 -1 -10 838.36 138.53 864.377 209.642 1.14787396693 0.738918414567 0.829999669633 4.79739594305 1.08517984052 13.6707724787 0.00753464155925 5.4318e-06
pedestrian -1 -1 -10 476.86 157.38 489.3 189.393 0.102988712428 0.217974624433 0.860999797472 -10.0617138182 -0.0051248686363 59.1568979329 0.00753464155925 2.0425e-06
