pedestrian -1 -1 -10 577.16 158.73 613.012 258.76 1.74599216282 1.03899885339 0.934996491433 0.00804228683558 1.38370258268 13.5971801788 0.00692802392802 0.9963
pedestrian -1 -1 -10 647.19 154.99 689.26 263.08 1.80999190211 0.804999759645 0.910996592521 1.28885543381 1.38451292548 12.423241551 0.00692802392802 0.98749
pedestrian -1 -1 -10 609.06 161.27 636.284 254.49 1.73799218237 0.929999674936 1.19699547233 0.419538187068 1.37415517581 13.9578314383 0.00692802392802 0.98098
pedestrian -1 -1 -10 397.55 163.41 415.828 211.161 1.49999333024 0.950000119145 0.809997378043 -7.6318937422 1.03086076031 27.5066849493 0.00692802392802 0.94211
pedestrian -1 -1 -10 687.71 161.99 718.503 262.05 1.83699185103 1.03799940338 0.855996732291 1.65574382953 1.41027928364 12.6172186375 0.00692802392802 0.93221
pedestrian -1 -1 -10 188.36 162.82 201.173 201.327 2.12399049401 1.13799971708 1.12799602373 -17.8778207262 0.514551317436 31.4938032525 0.00692802392802 0.90693
pedestrian -1 -1 -10 361.72 161.04 377.175 200.288 1.19299466163 0.404998504838 0.438997527571 -11.1644448156 0.698932061727 35.0866378818 0.00692802392802 0.79497
pedestrian -1 -1 -10 382.03 161.46 396.529 213.951 2.36398949027 1.17899814816 1.10499586977 -7.01085098947 1.14353414142 23.6694168354 0.00692802392802 0.78067
pedestrian -1 -1 -10 355.58 163.47 367.557 202.27 2.31698964983 0.375999195877 0.202999306394 -6.40432375321 1.24795203288 19.2197534398 0.00692802392802 0.76636
pedestrian -1 -1 -10 335.0 159.28 347.373 192.042 0.841996219754 0.201999527416 0.552997419931 -14.5354910801 0.331357415218 40.2193946108 0.00692802392802 0.7315
pedestrian -1 -1 -10 185.02 161.71 197.001 198.996 1.40499366671 1.16399876868 0.783997452785 -17.7478890311 0.504696558745 31.056299604 0.00692802392802 0.72392
pedestrian -1 -1 -10 193.54 162.06 207.181 198.442 2.11699055582 1.15499990393 0.813998026777 -17.722045552 0.514326022229 31.3152246324 0.00692802392802 0.71438
pedestrian -1 -1 -10 404.67 163.1 419.795 207.453 1.49999333024 0.781999058069 0.649997177764 -7.55131361069 1.03054308115 27.5901289699 0.00692802392802 0.6913
pedestrian -1 -1 -10 323.16 155.46 333.787 193.318 0.840996237099 0.376003010572 0.368999049269 -15.2792635294 0.333699004882 39.9655456104 0.00692802392802 0.58891
pedestrian -1 -1 -10 638.23 155.43 672.088 250.502 1.80999190211 0.790999830168 0.615997623961 1.14131099706 1.38492666725 12.4172640978 0.00692802392802 0.54419
pedestrian -1 -1 -10 352.29 160.83 363.108 200.024 1.45899344534 0.358001466375 0.344998017872 -11.9452559552 0.704991868596 35.1674021661 0.00692802392802 0.49145
pedestrian -1 -1 -10 374.28 161.2 406.817 211.804 1.47699343115 0.898000108608 0.964996528985 -7.90571118503 1.00899238943 27.1775614398 0.00692802392802 0.46422
pedestrian -1 -1 -10 617.18 161.06 648.42 255.428 1.80599186718 0.736999012271 1.1749956277 0.648529275028 1.37334504313 14.1137086258 0.00692802392802 0.44337
pedestrian -1 -1 -10 371.0 160.89 385.2 201.887 1.19299466163 0.404998504838 0.438997527571 -11.1644448156 0.698932061727 35.0866378818 0.00692802392802 0.33928
pedestrian -1 -1 -10 667.88 156.16 691.151 250.695 1.80999190211 0.920998902837 1.12399573262 1.39575426486 1.38415261552 12.4805015644 0.00692802392802 0.311
pedestrian -1 -1 -10 366.94 162.87 379.689 205.784 1.19299466163 0.404998504838 0.438997527571 -11.1644448156 0.698932061727 35.0866378818 0.00692802392802 0.30769
pedestrian -1 -1 -10 348.68 156.62 369.13 199.443 1.45899344534 0.358001466375 0.344998017872 -11.9452559552 0.704991868596 35.1674021661 0.00692802392802 0.26957
pedestrian -1 -1 -10 327.9 155.22 337.983 193.85 0.10099953562 0.0750007121131 0.131000026888 -16.46684429 -0.42289706887 44.2239283159 0.00692802392805 0.26429
pedestrian -1 -1 -10 594.41 164.99 627.458 255.566 1.73899222463 0.915999745458 1.17299560322 0.174276193719 1.37587428366 13.9205315446 0.00692802392802 0.2302
pedestrian -1 -1 -10 373.46 161.75 390.459 217.371 1.10699508041 0.568000408536 0.521998352679 -8.12885550692 0.640795001794 27.0138903193 0.00692802392802 0.19266
pedestrian -1 -1 -10 340.25 156.71 353.949 193.909 0.841996219754 0.201999527416 0.552997419931 -14.5354910801 0.331357415218 40.2193946108 0.00692802392802 0.17269
pedestrian -1 -1 -10 680.51 161.14 705.219 248.821 1.75499221534 0.963999094949 1.02099613417 1.57355208712 1.38746321552 12.6548103131 0.00692802392802 0.16872
pedestrian -1 -1 -10 391.92 162.89 408.802 205.751 1.49099330753 1.09200022128 1.00299649311 -7.730024537 1.02239823458 27.2733542245 0.00692802392802 0.16331
pedestrian -1 -1 -10 658.24 159.7 681.07 250.758 1.80999190211 0.836999325973 0.952996370914 1.30996566457 1.38443657154 12.4390953965 0.00692802392802 0.15973
pedestrian -1 -1 -10 324.21 154.87 344.573 193.708 0.10099953562 0.0750007121131 0.131000026888 -16.46684429 -0.42289706887 44.2239283159 0.00692802392805 0.14638
pedestrian -1 -1 -10 186.56 160.56 216.254 199.102 2.12399049401 1.15999906131 0.970997025252 -17.7988589429 0.514257536736 31.5602569415 0.00692802392802 0.13777
pedestrian -1 -1 -10 695.19 166.32 718.794 227.144 1.77799211442 1.01599910549 0.782997052184 1.69240035746 1.4101661217 12.627999281 0.00692802392802 0.12451
pedestrian -1 -1 -10 631.25 159.69 657.918 249.851 1.80599186718 0.828998957554 0.970996399406 0.7502077527 1.37311805703 14.0670027808 0.00692802392802 0.10516
pedestrian -1 -1 -10 683.74 164.05 699.664 228.602 0.319998538494 0.145999809506 0.204999153926 5.6227719455 0.782830699008 41.9136094594 0.00692802392802 0.099882
pedestrian -1 -1 -10 691.23 162.36 712.174 214.842 1.77799211442 0.974999720734 0.864996761438 1.65154350891 1.41025502422 12.6487826582 0.00692802392802 0.067348
pedestrian -1 -1 -10 619.88 164.8 641.658 228.133 1.80599186718 0.835998922293 1.19499555029 0.587188037329 1.37357035072 14.0646326583 0.00692802392802 0.067119
pedestrian -1 -1 -10 213.93 167.31 226.711 197.82 0.996995557845 0.628997376477 0.514997455811 -17.5097854695 0.523559185276 32.3524408521 0.00692802392802 0.06617
pedestrian -1 -1 -10 626.17 165.21 639.063 206.624 0.469997903705 0.5429988996 0.705997319387 1.42632487378 -1.06711909007 32.7467188228 0.00692802392802 0.055481
pedestrian -1 -1 -10 567.61 163.63 603.049 245.149 1.74599216282 1.04899907549 0.742997195828 -0.0879204143639 1.38396075192 13.6028455595 0.00692802392802 0.045867
pedestrian -1 -1 -10 631.95 164.49 645.495 213.422 0.0999995529652 0.0 0.0 4.14201291962 -0.253054301442 64.6123524578 0.0 0.033781
pedestrian -1 -1 -10 670.8 155.36 698.426 219.416 0.360998423397 0.0480003031646 0.327998837015 5.86871498344 -0.859593688822 50.4271837889 0.00692802392802 0.025489
pedestrian -1 -1 -10 603.44 164.85 617.505 245.558 1.73899222463 0.877999664398 1.17299560322 0.174407825401 1.37585218694 13.9395311291 0.00692802392802 0.023591
pedestrian -1 -1 -10 692.9 195.59 715.201 261.478 1.83699185103 1.04999947917 0.851996798809 1.65770218015 1.41028076198 12.6112048815 0.00692802392802 0.02171
pedestrian -1 -1 -10 572.27 165.58 592.262 231.613 1.74599216282 1.03199888865 0.690997404918 -0.11397857366 1.38404213311 13.5945258797 0.00692802392802 0.019954
pedestrian -1 -1 -10 586.72 192.26 607.849 256.675 1.74599216282 1.14199847078 0.966996346715 0.0243986191979 1.38359869195 13.6485678534 0.00692802392802 0.016891
pedestrian -1 -1 -10 665.55 153.61 681.484 200.126 1.74299217016 0.836999325973 1.02499612725 1.34587229068 1.31733784545 12.4388075547 0.00692802392802 0.016271
pedestrian -1 -1 -10 413.48 163.74 431.996 197.5 0.783996480703 0.316001677942 0.458997910233 -9.76323142111 0.273472872586 38.2292510444 0.00692802392802 0.015213
pedestrian -1 -1 -10 654.81 156.74 676.177 224.098 1.80999190211 0.790999830168 0.861996751722 1.26430760639 1.38458843734 12.4164115673 0.00692802392802 0.012061
pedestrian -1 -1 -10 678.29 156.63 691.731 215.06 0.361998406052 0.0480003031646 0.488998484225 5.78821847241 -0.858372344017 50.4277423185 0.00692802392802 0.012038
pedestrian -1 -1 -10 641.69 158.33 664.774 215.875 1.80599186718 0.828998957554 0.790997068158 0.840205256457 1.37287057178 14.0663789781 0.00692802392802 0.0096309
pedestrian -1 -1 -10 658.06 157.91 671.552 205.698 0.361998406052 0.0439986884448 0.965996452751 4.81863055561 -0.854686624843 50.4174634236 0.00692802392802 0.00854
pedestrian -1 -1 -10 684.46 151.41 698.556 201.878 0.100999550521 0.198001727391 0.316999198754 6.78166711036 -0.265539003469 48.1816438672 0.00692802392802 0.0083828
pedestrian -1 -1 -10 651.48 156.82 666.923 213.55 1.80999190211 0.790999830168 0.615997623961 1.14131099706 1.38492666725 12.4172640978 0.00692802392802 0.0077817
pedestrian -1 -1 -10 699.86 170.76 729.222 240.732 1.61399284117 0.602999278556 0.546997877335 1.81205387732 1.40960148513 12.8337701636 0.00692802392802 0.007709
pedestrian -1 -1 -10 180.0 161.1 189.885 199.006 2.06199079454 1.16599957604 0.792996289844 -17.7557882939 0.500125306997 30.6979573787 0.00692802392802 0.0070863
pedestrian -1 -1 -10 639.71 159.95 653.812 206.04 1.80599186718 0.828998957554 0.925996566594 0.772707128639 1.37305618572 14.0668468301 0.00692802392802 0.004464
pedestrian -1 -1 -10 614.03 163.33 629.678 209.504 1.73799218237 0.90799937704 1.19499553539 0.407614749447 1.3741753808 13.9689144968 0.00692802392802 0.0039042
pedestrian -1 -1 -10 688.83 154.08 705.559 205.207 0.10399954319 0.174999118468 0.122999206254 5.65854084414 0.852551552644 44.6951387395 0.00692802392802 0.0036389
pedestrian -1 -1 -10 163.13 153.12 178.236 195.77 2.04099092036 1.12899894499 0.632997043236 -17.8425593864 0.485479880299 29.7230304966 0.00692802392802 0.0031422
pedestrian -1 -1 -10 705.99 164.92 723.608 213.205 0.535997653007 0.371997581157 0.516998257014 6.49440583169 0.916123526903 37.8075004403 0.00692802392802 0.0023539
pedestrian -1 -1 -10 588.27 158.48 611.33 234.662 1.74599216282 1.15699880394 1.03499608017 0.0588029538072 1.38343716331 13.7068305642 0.00692802392802 0.0021214
pedestrian -1 -1 -10 575.87 188.0 598.664 255.911 1.74599216282 1.03199888865 0.798996994726 -0.0599800758755 1.38389364196 13.5941515981 0.00692802392802 0.0019618
pedestrian -1 -1 -10 579.71 159.02 602.796 212.009 1.74599216282 1.05499863655 0.873996701178 -0.0224014526624 1.38377714897 13.6053912783 0.00692802392802 0.0008539
pedestrian -1 -1 -10 165.27 156.33 190.65 198.699 2.05699082166 1.13199920235 0.602996469243 -17.8514232587 0.495492400175 30.6076156214 0.00692802392802 0.00074257
pedestrian -1 -1 -10 298.07 157.7 315.473 193.881 0.100999565422 0.307002813191 0.269999443904 -22.0334656478 -0.452456774191 53.762694648 0.00692802392803 0.00074021
pedestrian -1 -1 -10 575.74 159.81 594.395 201.788 1.74599216282 0.948998761792 0.742997195828 -0.0882668138759 1.38401890124 13.5528466026 0.00692802392802 0.00047283
pedestrian -1 -1 -10 569.48 186.91 591.169 250.327 1.74599216282 1.00999859075 0.653997535927 -0.132554272457 1.38410579807 13.5836542208 0.00692802392802 0.00046397
pedestrian -1 -1 -10 591.25 159.01 608.395 201.684 1.74599216282 1.15699880394 1.04299606634 0.0628028508102 1.38342616394 13.7068028396 0.00692802392802 0.00042056
pedestrian -1 -1 -10 18.338 161.86 53.926 212.297 0.902995981276 0.269998367443 0.521997399009 -15.9974401993 0.595843845548 20.590311761 0.00692802392802 0.00038395
pedestrian -1 -1 -10 664.68 195.45 689.368 259.963 1.80999190211 0.804999759645 1.05999596245 1.36335332923 1.38430806279 12.4227251813 0.00692802392802 0.00035689
pedestrian -1 -1 -10 444.85 165.07 460.946 201.868 1.37199382186 0.3259999927 0.7369972211 -6.97581382011 1.03839021724 33.3303675511 0.00692802392802 0.00018545
pedestrian -1 -1 -10 799.67 128.13 822.129 169.095 0.29599865675 0.591998652771 0.709997372077 8.52599109038 -1.12282004127 27.6079417688 0.00692802392802 0.00012397
pedestrian -1 -1 -10 742.01 148.08 765.273 207.127 0.32699855119 0.453998258009 0.255998603839 10.1323718485 -0.274203984729 46.8032552585 0.00692802392802 3.3334e-05
pedestrian -1 -1 -10 85.314 164.44 121.652 198.597 1.85899175256 1.18999972762 0.868996218084 -18.0689926845 0.420477995415 25.900034089 0.00692802392802 1.8075e-05
pedestrian -1 -1 -10 755.98 130.48 792.037 212.636 1.94199126661 1.06499981233 1.18999558874 7.27063536173 0.477737074129 29.2730836612 0.00692802392802 1.1604e-05
pedestrian -1 -1 -10 273.79 151.22 312.417 189.367 0.371998336911 0.198997362702 0.0389994110507 -22.5065104616 -0.177175784009 52.9091130373 0.00692802392802 1.8815e-06
pedestrian -1 -1 -10 13.319 143.42 78.48 223.391 1.52999316752 1.0870010639 0.488998484225 -18.0564043359 0.174775535392 22.9872811439 0.00692802392802 1.3802e-06
pedestrian -1 -1 -10 76.387 145.6 138.448 196.557 2.02599100172 1.17299954078 0.868996218084 -18.0684678915 0.582425517481 25.9446240915 0.00692802392802 4.8398e-07
pedestrian -1 -1 -10 1115.1 186.97 1158.78 241.827 0.769996514917 0.322000285328 0.986995805508 16.7877148961 1.72770934033 22.0976080422 0.00692802392803 1.6586e-08
