pedestrian -1 -1 -10 512.28 170.4 537.8 231.75 0.855906060214 0.369960308239 0.450999837148 -2.09775416811 1.59399813187 20.5914809502 0.00753464155925 0.0014358
pedestrian -1 -1 -10 778.27 178.02 796.157 207.595 1.0458851527 0.749917842765 0.0630001828938 7.9320382182 1.14837741064 29.6161670769 0.00753464155925 0.0012474
pedestrian -1 -1 -10 35.457 102.19 131.431 248.56 0.403955664156 0.0929883173053 0.510000072765 -26.7436974716 -0.976187724073 37.5997044098 0.00753464155925 0.00040921
pedestrian -1 -1 -10 456.15 178.48 478.308 231.825 1.64381951701 1.15387386966 0.863999698326 -2.22626956724 1.61457867325 11.9867887699 0.00753464155925 0.00040043
pedestrian -1 -1 -10 932.27 130.72 954.246 189.318 1.67381617976 0.622932853236 0.28999987308 10.9224800742 0.742668933393 23.4199356639 0.00753464155925 0.00031184
pedestrian -1 -1 -10 936.26 142.82 953.541 215.946 1.67381617976 0.622932853236 0.28999987308 10.9224800742 0.742668933393 23.4199356639 0.00753464155925 0.00029043
pedestrian -1 -1 -10 526.44 177.12 539.365 226.167 1.32085493054 0.489946095083 0.626999901528 -2.60849645428 1.50136029747 24.3806646833 0.00753464155925 0.00016463
pedestrian -1 -1 -10 525.98 164.51 545.751 214.811 1.32085493054 0.924899817027 0.626999901528 -2.60639830931 1.50548278516 24.6591258745 0.00753464155925 0.00014458
pedestrian -1 -1 -10 941.55 120.44 971.639 183.887 1.58982547044 0.611932471468 0.459000446958 10.6736627408 0.693544162552 22.0502267363 0.00753464155925 0.00010416
pedestrian -1 -1 -10 773.92 171.43 787.203 207.209 1.52583248663 0.729919575911 0.104000059717 7.92300492573 1.51840197395 32.5897187744 0.00753464155925 8.2573e-05
pedestrian -1 -1 -10 111.42 143.83 212.1 264.67 1.54283061737 0.807911577001 1.13999975594 -3.2088354378 1.5478120444 5.00546918469 0.00753464155925 3.8724e-05
pedestrian -1 -1 -10 144.59 164.97 185.828 235.488 1.44084181803 1.07588234535 1.19699966029 -3.05034874249 1.44575225318 5.00803145566 0.00753464155925 2.1251e-05
pedestrian -1 -1 -10 149.62 164.91 208.711 258.423 1.55782895619 1.02988690373 1.19799982592 -2.94604173887 1.5622192299 4.97638290649 0.00753464155925 1.8786e-05
pedestrian -1 -1 -10 367.6 215.45 408.943 320.32 1.74880800795 0.708921967856 1.18999969295 -2.87316606809 1.48103223308 9.62859086618 0.00753464155925 1.7652e-05
pedestrian -1 -1 -10 346.71 214.75 395.945 336.84 1.4818372581 1.19286963181 0.90799983363 -2.18886190437 1.60651244923 6.8502190257 0.00753464155925 1.4221e-05
pedestrian -1 -1 -10 55.781 168.03 118.48 269.31 0.56593781877 0.982892120908 0.753000028897 -14.5256126127 1.29298727586 20.1408574256 0.00753464155925 1.3496e-05
pedestrian -1 -1 -10 35.493 168.57 98.212 273.13 0.708922125224 0.662927479804 1.16899931409 -14.7998545275 1.29081764385 19.9839923826 0.00753464155925 7.69e-06
pedestrian -1 -1 -10 250.54 155.19 302.823 225.385 0.824909395355 0.502945159252 1.19299947459 -12.1639385039 1.08359648256 26.7669941468 0.00753464155925 7.7641e-07
pedestrian -1 -1 -10 365.89 223.84 394.638 302.439 1.24186362839 1.15687332361 0.892999852527 -2.19373374918 1.61153595734 7.18745201661 0.00753464155925 5.4358e-07
pedestrian -1 -1 -10 1037.0 187.56 1097.29 375.0 1.41484467208 1.19886853972 0.445999724238 3.38029468086 1.65631845912 5.37982643156 0.00753464155925 1.5707e-07
pedestrian -1 -1 -10 273.6 154.45 335.71 237.338 1.20886725915 1.06388452952 1.04199949793 -11.3567951532 1.285221831 27.1143188286 0.00753464155925 1.2257e-07
pedestrian -1 -1 -10 252.85 124.69 328.924 198.857 0.0999890208244 0.0 0.0 -18.3021635731 -0.912104912521 41.8709986384 0.0 1.1833e-07
pedestrian -1 -1 -10 953.75 164.07 985.111 221.598 2.72370088053 0.74291864008 1.02599970882 11.3703151064 1.79850641516 22.4145650336 0.00753464155925 8.1754e-08
