pedestrian -1 -1 -10 379.19 169.67 409.057 265.32 1.73380956484 1.15587350563 0.626999663109 -4.15682997163 1.77112734214 13.9689556569 0.00753464155925 0.85279
pedestrian -1 -1 -10 384.49 176.0 408.175 227.782 1.73380956484 1.17687111368 0.626999663109 -4.15708988675 1.77061665441 13.9344602932 0.00753464155925 0.091471
pedestrian -1 -1 -10 376.39 174.43 402.165 234.53 1.73380956484 1.15587350563 0.626999663109 -4.15682997163 1.77112734214 13.9689556569 0.00753464155925 0.035325
pedestrian -1 -1 -10 498.84 186.35 515.243 221.641 0.421953694579 0.675926543973 0.257999818026 -3.34094426221 1.40035277741 25.1541304546 0.00753464155925 0.029184
pedestrian -1 -1 -10 395.13 170.55 412.466 248.721 1.73380956484 1.14887430294 0.610999874001 -4.15093598526 1.76698422146 13.6894340098 0.00753464155925 0.026044
pedestrian -1 -1 -10 367.47 167.09 424.554 271.17 1.73380956484 1.15587350563 0.626999663109 -4.15682997163 1.77112734214 13.9689556569 0.00753464155925 0.00097241
pedestrian -1 -1 -10 495.34 181.74 521.277 232.871 0.418954002976 0.230973688602 0.369999772298 -3.77992618681 1.20213519215 24.3797432477 0.00753464155925 0.00044774
pedestrian -1 -1 -10 368.35 174.1 388.052 243.117 1.73380956484 1.13787487475 0.626999663109 -4.15920310171 1.76646455683 13.6539990461 0.00753464155925 0.00020554
pedestrian -1 -1 -10 738.89 117.39 856.02 353.1 2.0877708199 1.1888694063 0.946999617605 2.10993144272 1.53646665168 7.70647255741 0.00753464155925 0.00019989
pedestrian -1 -1 -10 361.11 168.32 396.612 275.34 1.28985839605 0.961894512853 0.515999636052 -4.10665722785 1.75935530515 13.2403652315 0.00753464155925 0.0001865
pedestrian -1 -1 -10 509.6 177.22 526.548 218.368 0.105988404031 0.166981523237 0.16399998413 -5.26802997076 1.83205974639 44.4980883037 0.00753464155925 4.8956e-05
pedestrian -1 -1 -10 142.49 125.41 173.53 187.998 1.59282507265 0.668926387718 0.927999212388 -9.1902110929 0.844696788854 14.8841717182 0.00753464155925 4.5985e-05
pedestrian -1 -1 -10 492.82 182.98 509.138 226.636 1.01788821483 0.903900301833 0.81699942375 -3.77274811675 1.80100399762 24.5737837305 0.00753464155925 3.9134e-05
pedestrian -1 -1 -10 763.38 234.61 813.931 350.05 2.20875746739 1.18987017785 1.1239996092 1.95589128464 1.6583873287 7.76223174079 0.00753464155925 1.7275e-05
pedestrian -1 -1 -10 32.224 14.776 189.174 299.346 1.63082088817 0.432953132403 0.197000443236 -11.951956584 0.792620408038 17.1283393418 0.00753464155925 6.407e-08
pedestrian -1 -1 -10 3.622 80.103 88.5 264.493 1.76280636514 1.1938694498 0.258999745241 -7.40510718064 1.09672999525 9.62502514973 0.00753464155925 4.3464e-11
