pedestrian -1 -1 -10 201.79 207.16 216.176 254.147 1.80380193186 1.18987017785 0.688999441951 -7.22245174859 1.46270371313 12.7349644051 0.00753464155925 0.00099905
pedestrian -1 -1 -10 188.23 209.98 207.862 257.984 1.80080227005 1.18786958831 0.707999489541 -7.23467026097 1.45736692992 12.3740634 0.00753464155925 0.00073462
pedestrian -1 -1 -10 931.42 161.81 943.707 202.318 0.898901292205 0.95689589971 0.467000818349 19.2371745512 0.979270744937 41.6955798658 0.00753464155925 0.00028772
pedestrian -1 -1 -10 1129.2 146.8 1175.01 242.009 1.42084398451 0.649928415635 0.0719985741518 18.800702593 0.32785105559 24.9095560858 0.00753464155925 0.00019576
pedestrian -1 -1 -10 422.7 200.16 442.494 251.89 1.27885961127 1.16587263906 1.09699978627 -2.60559119383 1.42556465199 10.5505453987 0.00753464155925 0.00019036
pedestrian -1 -1 -10 195.67 207.72 212.835 259.436 1.80480183899 1.18387031637 0.801999800274 -7.27818219311 1.46425470693 12.8373830727 0.00753464155925 0.00015828
pedestrian -1 -1 -10 596.34 149.42 607.793 182.881 0.327963913926 0.209976080547 0.545999851579 -0.117114263782 -0.662774033609 47.3777538945 0.00753464155925 0.00012058
pedestrian -1 -1 -10 935.69 158.57 949.936 204.744 0.894901723267 0.844904842472 0.454000334047 19.243251474 0.974437479265 41.6395666353 0.00753464155925 9.8188e-05
pedestrian -1 -1 -10 178.93 208.6 199.001 257.377 1.79980239272 1.17887074966 0.765999559524 -7.26486326687 1.45504184648 12.2157958531 0.00753464155925 8.3438e-05
pedestrian -1 -1 -10 1104.0 135.94 1185.85 238.31 0.493945760399 0.246974590653 0.396999237604 17.7364299658 0.699152985864 24.065601743 0.00753464155925 7.5906e-05
pedestrian -1 -1 -10 171.96 204.05 214.221 268.124 1.81480073154 1.19786872174 0.707999489541 -7.23596113176 1.46981924142 12.2019687315 0.00753464155925 4.7551e-05
pedestrian -1 -1 -10 868.7 126.75 885.874 169.664 0.58793547773 0.076991229534 0.280000600934 15.4569197676 -0.683404041481 40.6922283401 0.00753464155925 4.101e-05
pedestrian -1 -1 -10 1096.2 146.19 1139.12 229.269 2.39873663437 0.961894512853 0.753000028897 11.1070955645 1.57286704642 16.0791083042 0.00753464155925 1.2755e-05
pedestrian -1 -1 -10 1116.9 148.83 1147.34 242.545 0.493945760399 0.246974590653 0.396999237604 17.7364299658 0.699152985864 24.065601743 0.00753464155925 1.1502e-06
pedestrian -1 -1 -10 138.41 196.88 218.025 268.21 1.81280094707 1.194868791 0.795999760149 -7.29001746379 1.46777807837 12.0618719944 0.00753464155925 9.4675e-07
