pedestrian -1 -1 -10 597.37 176.35 614.847 213.529 1.58682572669 0.283969286479 0.715999771525 0.071231244129 2.00001873761 34.7324901134 0.00753464155925 0.82997
pedestrian -1 -1 -10 589.09 175.86 608.902 216.832 1.58682572669 0.236973550086 0.525999830208 -0.0239430839775 1.9997400395 34.7097076722 0.00753464155925 0.77745
pedestrian -1 -1 -10 587.04 178.21 600.151 217.524 1.34785193706 0.459948694802 0.397999880075 -0.560216486952 1.96059712512 34.1359794351 0.00753464155925 0.40209
pedestrian -1 -1 -10 754.72 135.16 772.516 175.121 0.766915785432 0.923900475827 1.03799931223 6.09697692979 -0.159421137848 27.5349983178 0.00753464155925 0.094329
pedestrian -1 -1 -10 606.79 175.8 621.63 216.298 0.339962739937 0.264974175105 0.312999890299 0.607402701219 1.60709517944 45.8290704974 0.00753464155925 0.052985
pedestrian -1 -1 -10 552.46 138.33 576.538 189.929 1.92678845322 0.437953652686 0.538999869338 -1.84731388323 0.957954210773 30.0662424577 0.00753464155925 0.036106
pedestrian -1 -1 -10 743.8 136.76 763.937 176.31 0.511943846696 0.89889978155 0.766999486739 6.99239586384 -0.573449147939 34.4599487615 0.00753464155925 0.0073979
pedestrian -1 -1 -10 598.06 168.16 625.178 216.076 0.339962739937 0.264974175105 0.312999890299 0.607402701219 1.60709517944 45.8290704974 0.00753464155925 0.0030919
pedestrian -1 -1 -10 747.57 131.5 778.247 170.055 0.766915785432 0.654927028779 0.696999813343 6.04285304762 -0.164542313804 27.186933607 0.00753464155925 0.0011654
pedestrian -1 -1 -10 763.33 130.36 780.16 175.531 0.600934032081 0.415954796291 0.76499963231 6.23344751901 -0.161668318411 27.5227740139 0.00753464155925 0.00051822
pedestrian -1 -1 -10 726.45 145.24 747.074 190.686 0.374958834051 0.101986202392 0.353999983189 6.83603369831 0.162881467023 38.5212744687 0.00753464155925 0.00018752
pedestrian -1 -1 -10 719.49 146.88 741.153 194.913 0.50794421816 0.592937360095 0.714999933718 5.41032669127 1.06578661624 32.3042762422 0.00753464155925 0.00015653
pedestrian -1 -1 -10 995.7 134.64 1014.28 175.162 0.0999890208244 0.133984192214 0.30899992067 23.3179960607 0.398459120411 41.6740158719 0.00753464155925 0.00014895
pedestrian -1 -1 -10 563.66 135.02 585.049 190.02 0.101988835093 0.103988699073 0.296999959629 -1.61406835525 -0.301021043342 46.2138424702 0.00753464155925 0.00014054
pedestrian -1 -1 -10 546.29 137.78 564.406 192.447 1.77280537688 0.437953652686 0.538999869338 -1.84736136158 0.803971134438 30.067382639 0.00753464155925 8.874e-05
pedestrian -1 -1 -10 519.74 120.62 539.847 186.099 0.340962498076 0.373959580182 0.749999770416 -4.96822113572 -0.67607790055 48.9788140978 0.00753464155925 8.4033e-05
pedestrian -1 -1 -10 534.72 133.57 567.419 189.898 0.102988712428 0.116987763242 0.226999928605 -3.63557005354 -0.915632399995 49.537135684 0.00753464155925 2.0163e-05
