pedestrian -1 -1 -10 723.79 164.3 742.108 214.68 1.61282291734 0.660926890263 0.531999901998 4.21860790324 1.51608232013 24.5807009438 0.00753464155925 0.88842
pedestrian -1 -1 -10 732.16 163.66 747.276 217.88 1.14187461352 0.422953998976 0.422000278993 4.56180311467 1.45125921393 23.6584622853 0.00753464155925 0.14153
pedestrian -1 -1 -10 721.55 163.74 735.727 202.545 1.62782125616 0.31396477962 1.16099989637 5.3431377388 1.22012625624 31.5211789761 0.00753464155925 0.10591
pedestrian -1 -1 -10 1231.0 202.71 1240.95 238.75 1.49683568632 0.815910597671 0.711999675237 10.3945197395 1.23121824472 11.409214115 0.00753464155925 0.032785
pedestrian -1 -1 -10 1031.9 169.98 1042.74 205.148 1.97378322435 0.639931189348 1.08099904348 13.2213024195 1.02791188733 21.9789157308 0.00753464155925 0.030065
pedestrian -1 -1 -10 1226.0 204.61 1237.93 234.179 1.49683568632 0.852906247067 0.617998887666 10.3473813028 1.2309786206 11.3910704365 0.00753464155925 0.024574
pedestrian -1 -1 -10 736.33 167.35 752.375 220.287 1.14187461352 0.422953998976 0.422000278993 4.56180311467 1.45125921393 23.6584622853 0.00753464155925 0.010259
pedestrian -1 -1 -10 1163.8 138.28 1182.71 187.323 1.92678845322 0.505945089994 0.71900059625 14.1493078181 1.01028181076 17.8552684303 0.00753464155925 0.0051743
pedestrian -1 -1 -10 737.65 159.38 755.374 202.515 1.61282291734 0.405955662864 0.360999950529 4.30314490965 1.51413275855 24.4525756648 0.00753464155925 0.0046428
pedestrian -1 -1 -10 1036.0 163.36 1051.38 204.091 1.54982986301 0.421952750636 1.18599855358 17.7617981833 0.419641232664 29.3095861074 0.00753464155924 0.0044474
pedestrian -1 -1 -10 1025.3 164.53 1046.24 205.124 1.97378322435 0.639931189348 1.08099904348 13.2213024195 1.02791188733 21.9789157308 0.00753464155925 0.0035216
pedestrian -1 -1 -10 757.93 160.32 776.947 215.363 2.08277128422 0.17198204352 0.135999637934 4.71071241101 1.40818240995 21.3031171487 0.00753464155925 0.0022694
pedestrian -1 -1 -10 1223.5 198.02 1241.41 255.155 1.49683568632 0.852906247067 0.617998887666 10.3473813028 1.2309786206 11.3910704365 0.00753464155925 0.0016337
pedestrian -1 -1 -10 1117.9 152.11 1147.55 199.138 1.20686748213 0.27097022231 0.641000551462 21.008887775 0.422500473319 28.9599951846 0.00753464155925 0.00062884
pedestrian -1 -1 -10 741.71 162.38 760.229 212.938 2.03177688456 0.275970742593 0.281999978526 4.7158439068 1.32484718443 24.1173226228 0.00753464155925 0.00062126
pedestrian -1 -1 -10 880.76 148.1 896.199 184.149 1.72381067229 0.571935937761 1.15499937941 11.8847570933 1.0315068144 30.5382626805 0.00753464155925 0.00058349
pedestrian -1 -1 -10 1016.7 164.04 1031.36 204.203 1.53783111894 0.606933858325 1.16600000928 17.2165120502 0.418408332303 29.4061376057 0.00753464155925 0.00057647
pedestrian -1 -1 -10 612.49 175.18 624.134 203.027 0.100988898159 0.100986861191 0.313999914371 1.27613197985 1.23546632876 66.6156343596 0.00753464155925 0.0005482
pedestrian -1 -1 -10 1155.8 124.9 1193.69 189.923 1.94178679204 0.620932263695 0.825000510397 14.2027440891 1.02609270321 17.912250568 0.00753464155925 0.00042172
pedestrian -1 -1 -10 945.6 160.09 961.309 202.631 1.72681033409 0.702924013512 0.784999607114 14.3138711711 0.631724257021 30.184353223 0.00753464155925 0.00039896
pedestrian -1 -1 -10 747.28 158.27 770.254 207.409 1.6288211335 0.183979859349 0.304000284597 6.62504932807 1.21714233366 31.3055428729 0.00753464155925 0.00039676
pedestrian -1 -1 -10 761.66 161.08 790.513 223.731 2.23875423443 0.210977328888 0.710999748022 4.47054380936 1.44739005681 19.8898059403 0.00753464155925 0.00026193
pedestrian -1 -1 -10 1029.5 153.84 1063.82 206.465 1.54982986301 0.421952750636 1.18599855358 17.8277962797 0.419593179838 29.3090895374 0.00753464155924 0.00016997
pedestrian -1 -1 -10 1111.0 158.91 1131.63 200.235 1.59682464904 0.34196159036 1.09900059437 20.7798380282 0.42279301069 28.9731035786 0.00753464155925 0.00014532
pedestrian -1 -1 -10 989.61 151.43 1009.96 193.986 1.97678297555 0.606933858325 0.666999612718 12.0803044864 1.04459882973 22.2478239658 0.00753464155925 0.00013851
pedestrian -1 -1 -10 1157.6 140.26 1186.82 209.302 1.94178679204 0.620932263695 0.839000445076 14.2097438583 1.02608760672 17.9121979017 0.00753464155925 6.5997e-05
pedestrian -1 -1 -10 640.14 114.47 672.384 205.486 1.61882224095 0.339962907958 0.582999885433 2.25271175096 0.706062556458 27.2724168585 0.00753464155925 3.125e-05
pedestrian -1 -1 -10 0.17083 210.89 29.7068 283.311 1.23386449051 1.10887872281 1.19599973307 -6.39758882482 1.63846508042 7.81775166435 0.00753464155925 4.8336e-06
