pedestrian -1 -1 -10 310.54 123.84 346.471 246.95 2.05777405286 1.19286915503 0.442999704175 -5.78694887023 1.33354236863 14.9477466624 0.00753464155925 0.2882
pedestrian -1 -1 -10 312.42 168.9 341.928 240.89 2.05777405286 1.18287097517 0.458000042906 -5.77919276642 1.33404019144 14.9816854631 0.00753464155925 0.079743
pedestrian -1 -1 -10 391.23 62.922 443.012 236.722 1.43584230471 1.15787218803 0.806999436348 -4.95093296349 0.6495498074 19.1030432748 0.00753464155925 0.055317
pedestrian -1 -1 -10 49.421 0.0 183.621 290.28 1.51183399534 0.65692857189 0.861999724687 -7.8815479634 0.811912505506 11.6437518321 0.00753464155925 0.041926
pedestrian -1 -1 -10 367.49 66.879 418.961 234.579 1.57482710182 1.18686833997 0.376999739637 -5.16929199587 0.821262291747 17.3184288883 0.00753464155925 0.025375
pedestrian -1 -1 -10 357.09 91.943 405.962 259.433 1.61582260894 1.17487052414 0.566999738696 -5.3663727787 0.864299561343 16.9075236108 0.00753464155925 0.021353
pedestrian -1 -1 -10 365.05 104.98 399.19 200.6 1.55082968819 1.17487052414 0.566999738696 -5.36639281828 0.799306640593 16.9080048566 0.00753464155925 0.01546
pedestrian -1 -1 -10 326.09 88.031 399.051 245.861 1.80580174613 1.18786863474 0.556999989713 -5.54955845931 1.06609664281 16.0757073765 0.00753464155925 0.010789
pedestrian -1 -1 -10 289.11 6.2636 402.35 304.744 1.62982101083 1.19286820146 0.457999566069 -5.60555051672 0.895380699123 15.6197908692 0.00753464155925 0.0085996
pedestrian -1 -1 -10 346.45 64.24 443.075 261.81 1.58682574904 1.18886892951 0.392000078368 -5.11166964967 0.83039564023 17.5999877718 0.00753464155925 0.0046017
pedestrian -1 -1 -10 326.39 173.86 348.404 231.196 2.0677729454 1.18287097517 0.456999638854 -5.70468666023 1.33793967417 15.2481774002 0.00753464155925 0.0043711
pedestrian -1 -1 -10 322.45 149.63 350.979 241.703 2.0677729454 1.18186972683 0.46599993746 -5.69093469294 1.33842572445 15.2815709265 0.00753464155925 0.0043179
pedestrian -1 -1 -10 392.5 184.81 409.5 235.37 2.11576765347 1.194868791 0.422999729371 -5.07174945535 1.36178152696 17.7627582919 0.00753464155925 0.0021389
pedestrian -1 -1 -10 360.54 121.37 383.427 183.375 1.62382168722 1.18286906803 0.611999801215 -5.4784977584 0.877196378871 16.5581880524 0.00753464155925 0.0021238
pedestrian -1 -1 -10 1061.0 70.486 1169.28 275.186 0.302966742157 0.522942472536 0.29699984042 9.40876387 -0.140945020323 13.181860887 0.00753464155925 0.002121
pedestrian -1 -1 -10 309.49 126.92 334.695 197.661 1.8857929461 1.18486965757 0.452999453159 -5.83868811245 1.17026581339 14.7242497384 0.00753464155925 0.001457
pedestrian -1 -1 -10 313.63 120.73 356.526 204.39 1.86179559207 1.18287097517 0.437000140887 -5.74590548692 1.13571117965 15.0959356422 0.00753464155925 0.0010639
pedestrian -1 -1 -10 397.73 181.2 411.813 226.932 1.92278888428 1.18586899877 0.404000158618 -4.99006998547 1.17314861178 18.0610477032 0.00753464155925 0.00076136
pedestrian -1 -1 -10 380.19 176.54 401.909 238.627 2.11576765347 1.19686938054 0.456999638854 -5.18990281135 1.3556630168 17.3446816465 0.00753464155925 0.00047919
pedestrian -1 -1 -10 295.73 122.5 336.58 242.32 2.04577534604 1.19286915503 0.450000148352 -5.87535828625 1.32787605388 14.5613543941 0.00753464155925 0.0003487
pedestrian -1 -1 -10 335.19 169.08 357.417 234.481 2.03477657616 1.19286915503 0.447999817085 -5.62359076844 1.30002371733 15.5949309658 0.00753464155925 0.00030302
pedestrian -1 -1 -10 339.15 114.46 381.73 236.86 1.93878704084 1.19786967531 0.535999610857 -5.56370137885 1.19974456001 15.9838075784 0.00753464155925 0.00021182
pedestrian -1 -1 -10 403.73 188.56 416.916 245.627 2.01777848267 1.15187232655 0.737999690166 -4.98791567567 1.23227034447 18.7449537359 0.00753464155925 0.00020387
pedestrian -1 -1 -10 1059.9 134.94 1105.58 259.79 1.33085387337 0.333964000044 1.19399987864 10.0750010415 0.536306893845 15.2552099548 0.00753464155925 0.00018278
pedestrian -1 -1 -10 352.71 116.68 381.544 207.047 1.61582254935 1.18887083665 0.583000004642 -5.49379643943 0.870638426402 16.4523266275 0.00753464155925 0.0001812
pedestrian -1 -1 -10 1096.0 110.13 1167.86 258.53 1.908790393 1.19786872174 0.478999944925 2.96535062935 1.41260090813 4.30656773383 0.00753464155925 0.0001546
pedestrian -1 -1 -10 191.66 186.54 208.723 232.591 1.95078580725 1.16787227503 0.869999619241 -6.77543575179 1.26901921553 11.7644174804 0.00753464155925 9.8419e-05
pedestrian -1 -1 -10 342.34 160.33 367.561 238.672 2.04277571404 1.18187163397 0.520999748963 -5.57681567418 1.30446907517 15.897113914 0.00753464155925 7.9499e-05
pedestrian -1 -1 -10 901.74 213.23 939.95 304.991 0.71292175376 1.0068896597 0.259999910874 4.10648943826 1.71172525699 9.48390690994 0.00753464155925 5.5602e-05
pedestrian -1 -1 -10 385.54 185.98 415.432 247.859 2.11576765347 1.194868791 0.394999860012 -5.08580172976 1.36168810297 17.7558646205 0.00753464155925 5.1302e-05
pedestrian -1 -1 -10 404.72 86.825 450.317 216.055 1.56282839501 1.18887083665 0.77499985813 -4.91923659226 0.775808725318 19.1893869223 0.00753464155925 3.7916e-05
pedestrian -1 -1 -10 395.63 140.04 441.324 239.583 2.01477879107 1.19487069814 0.706999562326 -5.00404344297 1.23104562307 18.6615597519 0.00753464155925 2.7323e-05
pedestrian -1 -1 -10 409.11 165.52 437.889 257.148 1.26086156595 0.862905380494 0.758999592185 -3.23811790632 1.3882581671 13.5426427819 0.00753464155925 2.5671e-05
pedestrian -1 -1 -10 892.33 213.55 919.988 280.389 0.524942371248 0.951895379426 0.255999963597 4.98136179315 1.27477530805 11.8892242216 0.00753464155925 2.5588e-05
pedestrian -1 -1 -10 377.45 158.03 414.006 253.759 2.11576765347 1.16587263906 0.438999995316 -5.14131837318 1.35874471812 17.5547987591 0.00753464155925 2.4554e-05
pedestrian -1 -1 -10 405.98 177.63 428.025 231.066 2.01777848267 1.19587003934 0.772999526864 -4.96963274248 1.2337970636 18.8488078174 0.00753464155925 2.2049e-05
pedestrian -1 -1 -10 202.76 182.75 219.441 238.746 1.95578525352 1.19686842697 0.859999870258 -6.71916936449 1.27147339028 11.9325173965 0.00753464155925 1.6422e-05
pedestrian -1 -1 -10 383.46 111.65 428.221 230.03 1.81580057908 1.17687111368 0.371000176349 -5.00744250876 1.06452184527 17.9504796422 0.00753464155925 8.9883e-06
pedestrian -1 -1 -10 1119.0 65.693 1217.74 273.463 1.82179993248 1.19886877812 0.48499998505 2.9597058977 1.32046877047 3.95978263463 0.00753464155925 6.7067e-06
pedestrian -1 -1 -10 44.681 141.89 73.838 226.337 1.87179448461 1.1818706804 0.707000039163 -7.37939085043 1.21809155538 9.4478170374 0.00753464155925 4.0273e-06
pedestrian -1 -1 -10 394.28 178.0 431.151 262.839 2.01777848267 1.18387031637 0.73899961738 -4.9868205568 1.2334393842 18.8239395511 0.00753464155925 2.9893e-06
pedestrian -1 -1 -10 129.4 77.32 212.367 270.33 1.71781134868 1.18487061114 1.18499958004 -7.04948465735 1.03728894094 11.7036797439 0.00753464155925 2.4558e-11
