pedestrian -1 -1 -10 24.318 189.52 43.734 259.833 0.667926647903 0.71492182934 0.929999066817 -9.70136019523 1.17045670608 11.8659389675 0.00753464155925 0.0014572
pedestrian -1 -1 -10 912.57 176.01 934.641 230.207 2.2637514062 1.19186886025 0.796999687364 6.75892472656 1.51773458824 14.8755172383 0.00753464155925 0.0005564
pedestrian -1 -1 -10 767.27 167.34 788.541 229.254 1.67781580829 0.741919298879 0.80099987306 6.37806833856 1.41299401389 27.6373602433 0.00753464155925 0.00052798
pedestrian -1 -1 -10 968.46 228.05 984.069 267.131 0.497945325613 0.6999231292 0.688999441951 6.24031691806 1.61735419064 11.9104714501 0.00753464155925 0.00019996
pedestrian -1 -1 -10 917.47 167.09 938.677 219.046 2.25475239098 1.17287088817 0.840999822668 6.7803732148 1.51663058522 14.8017950615 0.00753464155925 0.00018288
pedestrian -1 -1 -10 939.44 161.42 960.081 205.166 2.16776193047 1.144875031 1.19699966029 7.18311119123 1.41785801852 15.0366115634 0.00753464155925 0.00012334
pedestrian -1 -1 -10 945.56 155.59 963.965 196.812 2.1887596525 0.973893282252 1.10499968082 6.95952383377 1.45294614409 14.4253479844 0.00753464155925 0.00011459
pedestrian -1 -1 -10 899.75 190.73 927.881 251.931 0.240973572608 0.374958921383 0.328999895474 7.37437529764 1.33848318051 17.9094813825 0.00753464155925 9.9953e-05
pedestrian -1 -1 -10 774.54 164.5 804.679 231.085 2.3707396518 1.1328762616 1.01899950306 3.34203558703 1.69939495405 13.5616806714 0.00753464155925 9.7039e-05
pedestrian -1 -1 -10 970.02 213.62 995.968 264.69 1.19986827373 1.16187336711 1.11599983385 6.8134378242 1.50354370176 12.9661791083 0.00753464155925 3.9644e-05
pedestrian -1 -1 -10 729.63 167.23 790.546 228.482 1.12687621511 1.06588225836 0.915999847393 3.24842705554 1.33140244686 15.9154513718 0.00753464155925 1.4585e-05
pedestrian -1 -1 -10 971.25 193.92 1004.1 251.682 1.1208769511 1.18886988308 1.18399965282 6.97495692373 1.42747780114 13.1710319835 0.00753464155925 9.9363e-06
