pedestrian -1 -1 -10 49.709 182.38 89.496 257.71 1.3228547057 0.578937047585 0.664999758288 -12.0641295861 1.61826842545 16.2135581708 0.00753464155925 0.98351
pedestrian -1 -1 -10 834.62 96.339 899.878 231.569 1.69881350052 0.795912330817 0.862999651902 3.73175971078 1.07973589661 10.4940207241 0.00753464155925 0.18408
pedestrian -1 -1 -10 625.09 157.85 636.914 189.12 0.364959911706 0.248973273054 0.725999729125 1.79911415166 -0.0432402377411 50.7983931407 0.00753464155925 0.052425
pedestrian -1 -1 -10 623.27 154.61 645.591 199.605 0.364959911706 0.248973273054 0.725999729125 1.79911415166 -0.0432402377411 50.7983931407 0.00753464155925 0.021439
pedestrian -1 -1 -10 36.78 151.12 85.526 256.57 1.3228547057 0.578937047585 0.750999220793 -12.1071281002 1.61829973241 16.2138816918 0.00753464155925 0.0155
pedestrian -1 -1 -10 40.564 180.43 70.718 254.898 1.3228547057 0.578937047585 0.750999220793 -12.1071281002 1.61829973241 16.2138816918 0.00753464155925 0.0095491
pedestrian -1 -1 -10 26.925 124.3 50.716 189.075 0.103988530165 0.603933927583 0.48099884568 -41.7638765302 -0.494165153731 53.8532488458 0.00753464155924 0.0073152
pedestrian -1 -1 -10 628.59 151.61 642.79 191.298 0.341962435009 0.437951745547 0.720999735424 2.39673779084 0.554732036143 51.0193985785 0.00753464155925 0.004915
pedestrian -1 -1 -10 301.86 178.79 312.979 202.289 0.327963988423 0.15698429695 0.135000187557 -14.0726558656 0.756813539285 34.1295505218 0.00753464155925 0.0011412
pedestrian -1 -1 -10 195.51 117.32 225.548 207.0 0.113987422711 0.995893092217 0.724000709161 -30.7647134801 -1.19193455248 56.4931507919 0.00753464155925 0.00033712
pedestrian -1 -1 -10 27.035 170.93 65.035 247.634 0.334963234065 1.05288224062 0.554000684906 -26.5981471515 1.39435254196 34.3825631915 0.00753464155925 0.00026009
pedestrian -1 -1 -10 837.13 102.57 873.805 177.133 1.48783664131 0.795912330817 0.862999651902 3.73169465926 0.868759037397 10.4955829209 0.00753464155925 0.00016354
pedestrian -1 -1 -10 48.86 127.02 67.641 184.169 1.5048347795 0.77091545082 0.333999531548 -17.3584656507 0.484137653915 23.1525366324 0.00753464155925 9.4537e-05
pedestrian -1 -1 -10 59.357 167.99 85.304 239.493 1.3228547057 0.578937047585 0.750999220793 -12.1071281002 1.61829973241 16.2138816918 0.00753464155925 7.5976e-05
pedestrian -1 -1 -10 370.59 155.53 387.661 199.982 0.367959603309 0.754918363048 0.961000148331 -16.7067692712 -0.754241309788 53.5447361927 0.00753464155925 1.8196e-05
pedestrian -1 -1 -10 833.89 100.21 856.847 198.534 1.48783664131 0.795912330817 0.725999609916 3.6631965771 0.868808910449 10.4960983008 0.00753464155925 1.0942e-05
pedestrian -1 -1 -10 294.07 174.0 322.548 214.302 0.327963988423 0.15698429695 0.135000187557 -14.0726558656 0.756813539285 34.1295505218 0.00753464155925 4.51e-06
