pedestrian -1 -1 -10 894.64 139.61 910.221 186.818 1.93078796256 1.1068771797 0.150999499828 7.98057941934 1.10046658875 19.5011638808 0.00753464155925 0.0036517
pedestrian -1 -1 -10 191.38 143.15 207.637 180.294 1.49683559692 1.194868791 0.161000202486 -6.88912529347 0.816949491246 12.1601605435 0.00753464155925 0.0016918
pedestrian -1 -1 -10 177.79 128.72 209.79 183.704 1.11387769055 0.373958626612 1.1849991032 -7.50722257378 0.401300225958 12.9687473583 0.00753464155925 0.000886
pedestrian -1 -1 -10 274.67 155.69 289.412 202.31 2.01877830041 1.05988430401 0.309999847885 -7.02054313478 1.27508068161 15.6082084262 0.00753464155925 0.00081814
pedestrian -1 -1 -10 191.06 126.84 213.479 175.598 1.52883214843 1.18786958831 0.371999626727 -7.00938499618 0.831471672143 12.3256114622 0.00753464155925 0.00059499
pedestrian -1 -1 -10 177.12 139.51 197.634 180.171 0.754917086067 0.240973775599 1.0909992693 -7.60782982111 0.0423976407342 13.0386705607 0.00753464155925 0.00037578
pedestrian -1 -1 -10 884.61 139.36 907.302 189.579 1.95578525352 1.14887430294 0.150999499828 7.9823212555 1.11888430206 19.7320949483 0.00753464155925 0.00024132
pedestrian -1 -1 -10 884.28 135.98 917.878 205.836 2.18975952983 1.15587350563 0.150999499828 7.98048223015 1.35909030507 19.4757500553 0.00753464155925 0.00014133
pedestrian -1 -1 -10 425.22 187.06 441.6 237.642 1.49283605778 1.13787582832 0.573999944454 -3.63074174874 1.83160936697 14.4263763106 0.00753464155925 0.00011556
pedestrian -1 -1 -10 415.97 184.68 443.399 249.85 1.39484679759 0.938897268827 0.573999944454 -3.6314611442 1.83013651652 14.3261642848 0.00753464155925 3.1124e-05
pedestrian -1 -1 -10 988.93 79.855 1070.69 261.525 2.00777947093 1.15587350563 0.130000074646 8.21674921769 1.2588022454 13.9953509707 0.00753464155925 2.8153e-05
pedestrian -1 -1 -10 1028.0 91.862 1065.31 211.872 1.53983091831 1.15987277757 0.610999874001 8.41894884811 0.797561013092 13.3120980357 0.00753464155925 1.9674e-05
pedestrian -1 -1 -10 848.33 126.38 870.605 178.767 1.6808154105 1.14587627934 0.115000212752 7.74186465509 0.81184448221 21.9482222367 0.00753464155925 1.1617e-05
pedestrian -1 -1 -10 955.38 38.127 1106.27 316.187 2.02077805508 1.18886892951 0.163000056915 8.19980544562 1.27093209842 13.93588733 0.00753464155925 6.6711e-06
pedestrian -1 -1 -10 253.05 165.88 318.036 249.578 2.01877830041 1.05988430401 0.309999847885 -7.02054313478 1.27508068161 15.6082084262 0.00753464155925 5.5368e-06
pedestrian -1 -1 -10 228.6 147.56 321.377 229.52 1.87379423928 1.18687024711 0.309999847885 -7.02218123033 1.12696588423 15.3978105 0.00753464155925 3.8484e-06
pedestrian -1 -1 -10 718.14 160.32 759.106 196.908 1.01788822228 1.1668738874 1.19199954738 3.09934451542 1.02345835676 16.8599568539 0.00753464155925 3.3618e-06
pedestrian -1 -1 -10 1034.7 57.426 1090.26 234.336 1.52283276522 0.777914653505 0.673999580057 8.44893122956 0.794547966682 13.109762416 0.00753464155925 2.0755e-06
pedestrian -1 -1 -10 416.31 202.61 435.289 271.274 1.28885845912 0.833909228554 0.423999895004 -3.55684149731 1.80430755227 14.2726928585 0.00753464155925 1.9459e-06
pedestrian -1 -1 -10 719.43 168.03 755.076 213.548 1.01488859027 0.857905813781 1.17499959263 2.97432700045 1.01559649024 16.5264475064 0.00753464155925 5.5306e-07
pedestrian -1 -1 -10 422.85 205.55 440.305 262.25 1.39484679759 0.869905536749 0.573999944454 -3.63172105573 1.82962583586 14.2916693979 0.00753464155925 5.4363e-07
pedestrian -1 -1 -10 199.82 190.26 255.113 275.976 1.72281085455 0.772915086791 0.652999678038 -6.97397826412 1.02399990091 12.8355007325 0.00753464155925 3.013e-07
pedestrian -1 -1 -10 704.04 160.87 740.997 211.457 1.19786845201 0.223974485917 0.380999925333 3.67814331232 0.370354071921 22.2858445052 0.00753464155925 1.7222e-07
pedestrian -1 -1 -10 1007.4 148.05 1056.8 282.76 2.13376568389 1.15587350563 0.130000074646 8.21678806363 1.38478845837 13.9944180947 0.00753464155925 7.7476e-08
pedestrian -1 -1 -10 738.12 172.4 774.59 221.507 1.02388754589 0.722920373226 1.17499959263 3.42482547687 1.02526698263 16.5904859714 0.00753464155925 3.1554e-08
pedestrian -1 -1 -10 153.66 209.91 217.613 299.12 0.387957448 0.309965984462 0.452000002781 -2.73313178033 1.02799171102 4.55997104307 0.00753464155925 1.2302e-08
