pedestrian -1 -1 -10 873.55 155.55 1014.22 370.0 1.73699229285 0.892999520719 0.915996449769 2.60548843075 1.51302867055 5.30213594502 0.00692802392802 0.99907
pedestrian -1 -1 -10 377.3 168.98 410.025 271.59 1.58299290389 0.648999728034 0.626997739057 -3.37479525542 1.38066645843 11.2946505835 0.00692802392802 0.99436
pedestrian -1 -1 -10 1019.4 141.67 1125.27 370.0 1.7549921371 1.1659990992 1.19899561788 3.56048371315 1.51631487968 5.37201478985 0.00692802392802 0.99356
pedestrian -1 -1 -10 256.11 153.66 310.869 312.13 1.84499174207 0.759999713847 0.710997057425 -3.82895384619 1.44954483512 8.12414644396 0.00692802392802 0.98917
pedestrian -1 -1 -10 454.88 153.88 492.647 254.84 1.86299162358 0.698999884885 0.595997956552 -2.47386170296 1.34472262284 13.4432575526 0.00692802392802 0.98627
pedestrian -1 -1 -10 508.8 153.05 547.23 249.559 1.76499210149 0.718999375421 0.679997513338 -1.44215584051 1.33896047378 14.2451795403 0.00692802392802 0.98419
pedestrian -1 -1 -10 759.14 161.69 800.799 281.7 1.62099281102 1.02499987758 0.728997354137 2.52265929448 1.38283197502 10.0447426998 0.00692802392802 0.98188
pedestrian -1 -1 -10 584.56 158.4 602.116 199.736 1.55299306661 0.556998829077 0.477998175414 -0.27204366912 0.799241999693 33.9060543656 0.00692802392802 0.95787
pedestrian -1 -1 -10 597.81 161.98 625.33 227.844 1.62999268472 0.736999012271 0.883996654091 0.256807576623 1.17081632655 20.7654526005 0.00692802392802 0.92356
pedestrian -1 -1 -10 933.21 159.98 1003.62 369.5 1.70599241331 0.953999349681 1.1979954557 2.89890289468 1.48097986784 5.51158926981 0.00692802392802 0.50634
pedestrian -1 -1 -10 536.44 160.8 551.599 208.242 1.76499210149 0.653999839086 0.628997705798 -1.41688170664 1.33892814963 14.212503808 0.00692802392802 0.41984
pedestrian -1 -1 -10 443.43 155.45 462.166 194.665 1.56799298525 0.596999717497 0.549998125469 -6.22413947578 0.714223965748 29.9130837595 0.00692802392802 0.20689
pedestrian -1 -1 -10 490.12 159.63 509.125 206.222 1.47199339867 0.383998610622 0.701997505114 -4.35622239657 0.572246349517 32.383594085 0.00692802392802 0.16845
pedestrian -1 -1 -10 503.89 152.77 518.733 199.852 0.0999995529652 0.0 0.0 -8.24045946021 -0.537985649019 67.3038756327 0.0 0.14621
pedestrian -1 -1 -10 743.83 166.46 784.549 270.86 1.62099281102 0.86999929598 0.728997354137 2.52319621405 1.38274184352 10.1222411307 0.00692802392802 0.12676
pedestrian -1 -1 -10 499.49 152.76 533.866 229.322 1.68799242377 0.808000017011 0.711997338818 -1.45795324854 1.26195304026 14.2897456511 0.00692802392802 0.11722
pedestrian -1 -1 -10 529.21 163.46 553.859 218.088 1.76499210149 0.718999375421 0.679997513338 -1.44215584051 1.33896047378 14.2451795403 0.00692802392802 0.094108
pedestrian -1 -1 -10 607.01 161.37 623.276 215.517 1.62999268472 0.736999012271 0.816996904009 0.29030664697 1.17072420704 20.7652204072 0.00692802392802 0.080849
pedestrian -1 -1 -10 529.54 158.99 547.738 202.617 1.76499210149 0.808000017011 0.711997338818 -1.4578470721 1.33895271798 14.2897896912 0.00692802392802 0.080532
pedestrian -1 -1 -10 436.04 152.22 470.611 206.692 1.56799298525 0.596999717497 0.549998125469 -6.22413947578 0.714223965748 29.9130837595 0.00692802392802 0.077378
pedestrian -1 -1 -10 439.5 148.44 482.311 246.313 1.86099165827 0.792999683854 0.682997523054 -2.51635864779 1.34267364344 13.588553839 0.00692802392802 0.074515
pedestrian -1 -1 -10 484.95 154.46 502.747 206.103 0.0999995529652 0.0 0.0 -7.49039715702 -0.225268573538 50.8826335617 0.0 0.056559
pedestrian -1 -1 -10 519.92 157.91 549.068 227.696 1.76499210149 0.808000017011 0.711997338818 -1.4578470721 1.33895271798 14.2897896912 0.00692802392802 0.054385
pedestrian -1 -1 -10 623.11 157.95 652.102 207.771 0.915995919704 0.291999619013 0.372998625124 1.7457978865 0.162310712486 33.3521896436 0.00692802392802 0.018999
pedestrian -1 -1 -10 771.63 167.45 813.364 264.366 1.62099281102 1.15699975761 0.728997354137 2.51991582144 1.38329251577 9.64875256322 0.00692802392802 0.018975
pedestrian -1 -1 -10 89.598 139.78 111.04 199.669 1.87799166143 1.10299941655 0.858996503589 -4.72570014208 1.22284087888 6.52953701558 0.00692802392802 0.015415
pedestrian -1 -1 -10 509.77 154.56 528.011 207.858 1.76099217087 0.808000017011 0.711997338818 -1.45785258768 1.33495278736 14.2897874034 0.00692802392802 0.015192
pedestrian -1 -1 -10 750.33 179.56 768.713 235.263 1.62099281102 1.11499901551 0.628997586589 2.47200245663 1.38307995006 9.95009181145 0.00692802392802 0.012986
pedestrian -1 -1 -10 473.82 156.56 499.821 223.578 1.86299162358 0.890999190196 0.595997956552 -2.47319662039 1.34461097689 13.5392549014 0.00692802392802 0.012297
pedestrian -1 -1 -10 751.62 172.31 778.834 240.995 1.62099281102 0.86999929598 0.728997354137 2.52319621405 1.38274184352 10.1222411307 0.00692802392802 0.011885
pedestrian -1 -1 -10 212.26 148.37 299.447 296.49 2.06399081945 1.19599928868 0.573997726359 -4.55499275064 1.34670975796 8.8549478147 0.00692802392802 0.01165
pedestrian -1 -1 -10 244.9 151.33 294.917 258.15 1.8419917345 0.712999814362 0.779997042468 -3.86361995368 1.44666702727 8.10088446753 0.00692802392802 0.008969
pedestrian -1 -1 -10 388.7 172.92 416.724 243.578 1.58299290389 0.648999728034 0.626997739057 -3.37479525542 1.38066645843 11.2946505835 0.00692802392802 0.0080433
pedestrian -1 -1 -10 80.176 139.64 113.05 230.776 1.98499111682 1.1559988771 0.858996503589 -4.72566274003 1.32885837792 6.51409738408 0.00692802392802 0.0074963
pedestrian -1 -1 -10 519.49 154.43 533.599 202.372 1.59899283499 0.808000017011 0.711997338818 -1.45807597191 1.17295345147 14.2896947476 0.00692802392802 0.0055947
pedestrian -1 -1 -10 430.74 144.89 457.484 202.226 0.333998534083 0.01599882949 0.149999055278 -9.59087514234 -0.753946201191 44.2972731802 0.00692802392802 0.0047162
pedestrian -1 -1 -10 781.19 179.95 803.0 254.537 1.61999276876 1.12999934867 0.728997354137 2.51982091347 1.38230817402 9.63525211076 0.00692802392802 0.004084
pedestrian -1 -1 -10 470.66 155.35 491.554 246.034 1.86299162358 0.806999613332 0.628997825007 -2.48998713149 1.34470519421 13.4973704847 0.00692802392802 0.0031581
pedestrian -1 -1 -10 456.2 152.93 478.745 227.559 1.86099165827 0.710999960676 0.595997956552 -2.47382289268 1.34271567958 13.4492563026 0.00692802392802 0.0017728
pedestrian -1 -1 -10 94.7 135.95 126.738 200.289 1.86099165827 1.19699921552 0.860996827956 -4.72389895238 1.20069743195 6.65051146787 0.00692802392802 0.0017372
pedestrian -1 -1 -10 265.2 143.07 301.432 244.59 1.86799164116 0.958999460734 0.682997284636 -3.81561191304 1.47262195331 8.02456507766 0.00692802392802 0.001321
pedestrian -1 -1 -10 747.82 169.47 771.474 219.479 1.62099281102 1.02499987758 0.690997390017 2.50365976881 1.38288422205 10.0448743919 0.00692802392802 0.0012334
pedestrian -1 -1 -10 370.19 178.96 392.175 248.093 1.58299290389 0.648999728034 0.626997739057 -3.37479525542 1.38066645843 11.2946505835 0.00692802392802 0.0012193
pedestrian -1 -1 -10 1054.1 145.42 1101.33 223.545 1.6549925603 1.19899906921 1.1979954557 3.65633146299 1.41597070377 5.44179382913 0.00692802392802 0.0010927
pedestrian -1 -1 -10 80.624 135.75 101.74 184.843 1.7989920184 1.10799952761 0.850996636625 -4.72179191861 1.14382732913 6.5319641029 0.00692802392802 0.00090979
pedestrian -1 -1 -10 757.51 161.42 780.604 211.709 1.62099281102 1.02499987758 0.728997354137 2.52265929448 1.38283197502 10.0447426998 0.00692802392802 0.00080514
pedestrian -1 -1 -10 1094.4 191.01 1125.63 303.12 1.4529935196 0.90699897336 0.823996787602 4.68881003987 0.7793089742 6.1520355864 0.00692802392802 0.00066705
pedestrian -1 -1 -10 277.11 152.61 320.281 275.86 2.09399059713 1.194998885 0.65999784593 -4.58021302396 1.33931985374 10.1306277971 0.00692802392802 0.00049233
pedestrian -1 -1 -10 253.86 174.24 277.95 235.203 2.07699071318 1.18399921289 0.65999784593 -4.58086344533 1.32242521952 10.0401204293 0.00692802392802 0.00042263
pedestrian -1 -1 -10 1050.9 148.47 1079.76 210.25 1.63399274573 1.14799898552 1.19499544598 3.63342312784 1.39493142347 5.53144268093 0.00692802392802 0.0002582
pedestrian -1 -1 -10 793.16 193.71 809.127 252.334 1.10399510264 0.770999385958 0.350998752557 2.70823674097 1.3649973264 9.45472213114 0.00692802392802 0.00025739
pedestrian -1 -1 -10 939.61 157.58 970.521 237.476 1.70399242192 0.821999469652 1.19199543627 2.87036365964 1.48098285642 5.57778977321 0.00692802392802 0.00025491
pedestrian -1 -1 -10 280.17 135.87 311.535 215.53 1.64899263829 0.567999454862 0.435998233109 -3.69639292736 1.25329027477 8.02711120905 0.00692802392802 0.00024364
pedestrian -1 -1 -10 468.95 150.58 489.031 203.169 1.7829920575 0.799999648593 0.628997825007 -2.49012169231 1.26470969855 13.4938248304 0.00692802392802 0.00022831
pedestrian -1 -1 -10 786.88 179.15 813.316 244.634 1.62099281102 1.02499987758 0.651997502131 2.56115829568 1.38272610614 10.0444758504 0.00692802392802 0.00020925
pedestrian -1 -1 -10 1045.1 147.34 1084.12 243.41 1.72199229226 1.17599932131 1.19399576064 3.60994828577 1.48301187268 5.5176560613 0.00692802392802 0.00016619
pedestrian -1 -1 -10 465.02 151.8 481.722 199.602 1.81899190992 0.605999535922 0.578997822024 -2.46574466374 1.3007536142 13.3966744129 0.00692802392802 0.00015586
pedestrian -1 -1 -10 944.03 156.8 962.709 213.529 1.36699390858 1.18399921289 0.660997769696 4.39280031188 0.628683415855 8.28651400115 0.00692802392802 6.4077e-05
pedestrian -1 -1 -10 396.71 162.15 435.039 242.157 2.18999024332 1.19099917763 0.363998953603 -4.30552814278 1.22277345109 16.0646797098 0.00692802392802 5.1459e-05
pedestrian -1 -1 -10 766.35 156.81 786.902 224.338 1.62099281102 1.02499987758 0.728997354137 2.52265929448 1.38283197502 10.0447426998 0.00692802392802 2.867e-05
pedestrian -1 -1 -10 927.16 151.98 959.391 245.22 1.73699229285 0.992999357584 0.95799634737 2.62683427298 1.51291277487 5.35198910937 0.00692802392802 1.6693e-05
pedestrian -1 -1 -10 343.01 170.95 389.589 263.765 2.12799054384 1.14999979288 0.47999821666 -4.44143122311 1.28063830018 13.0141494788 0.00692802392802 7.3155e-06
