pedestrian -1 -1 -10 678.36 178.74 689.821 208.336 0.0999890208244 0.0 0.0 3.78044184588 0.97439292127 34.7737294632 0.0 0.017191
pedestrian -1 -1 -10 542.04 175.87 552.672 206.642 1.07388203097 0.382961279548 0.719999808209 -3.16322218585 1.59934069625 39.6161666719 0.00753464155925 0.0073296
pedestrian -1 -1 -10 664.76 146.25 688.977 192.949 0.0999890208244 0.0 0.0 7.73871927859 -0.325956983373 76.3899009907 0.0 0.0032787
pedestrian -1 -1 -10 673.55 167.52 688.092 205.322 0.101988790394 0.164982840835 0.994999580977 5.84420407202 0.990460090773 55.7993611099 0.00753464155925 0.001086
pedestrian -1 -1 -10 685.82 149.48 702.642 196.229 0.501944954149 0.462950532684 0.295999913205 4.29807901665 -0.578658007938 36.0894761342 0.00753464155925 0.00069829
pedestrian -1 -1 -10 682.88 139.3 696.844 184.641 0.501944954149 0.462950532684 0.295999913205 4.29807901665 -0.578658007938 36.0894761342 0.00753464155925 0.00057186
pedestrian -1 -1 -10 672.07 136.62 692.696 179.699 0.110987731108 0.367959718698 0.573999706036 6.80720458387 -1.51373486705 63.8138462712 0.00753464155925 0.00052462
pedestrian -1 -1 -10 545.95 175.93 558.517 205.867 1.07388203097 0.382961279548 0.719999808209 -3.16322218585 1.59934069625 39.6161666719 0.00753464155925 7.2048e-06
pedestrian -1 -1 -10 534.41 172.42 551.977 205.764 1.07388203097 0.382961279548 0.651999750824 -3.1972212522 1.59936545077 39.616422481 0.00753464155925 3.2692e-06
pedestrian -1 -1 -10 443.69 159.77 461.062 196.396 0.0999890208244 0.173976911642 0.189000071844 -14.4655269979 0.525203741127 68.7165206845 0.00753464155925 8.5561e-08
