pedestrian -1 -1 -10 902.26 170.39 938.708 259.409 1.62982105274 0.465949509856 0.742999803076 5.78018285665 1.66064623836 13.539899275 0.00753464155925 0.98145
pedestrian -1 -1 -10 908.84 169.91 934.357 229.39 1.62982105274 0.465949509856 0.742999803076 5.78018285665 1.66064623836 13.539899275 0.00753464155925 0.13219
pedestrian -1 -1 -10 891.9 171.28 926.959 250.997 1.62982105274 0.465949509856 0.742999803076 5.78018285665 1.66064623836 13.539899275 0.00753464155925 0.06666
pedestrian -1 -1 -10 915.89 173.47 942.381 243.451 2.35774106765 0.891900578865 1.19099962016 7.82710434247 1.56173050099 17.5538836279 0.00753464155925 0.042159
pedestrian -1 -1 -10 899.19 181.55 918.405 241.013 1.62982105274 0.465949509856 0.742999803076 5.78018285665 1.66064623836 13.539899275 0.00753464155925 0.019055
pedestrian -1 -1 -10 915.8 167.56 937.222 210.806 1.62982105274 0.465949509856 0.742999803076 5.78018285665 1.66064623836 13.539899275 0.00753464155925 0.015754
pedestrian -1 -1 -10 1230.9 185.18 1241.82 225.062 0.478947417854 1.13887516952 0.954999631369 12.9292385672 1.19158196221 14.7061263536 0.00753464155925 0.01418
pedestrian -1 -1 -10 1218.1 183.1 1236.26 224.9 0.482946927195 1.14387473623 0.954999631369 12.9297558622 1.19659544276 14.774587333 0.00753464155925 0.0082917
pedestrian -1 -1 -10 1195.4 174.51 1237.69 241.065 0.483946864128 1.02388799582 0.845999458742 12.8761315389 1.19935214419 14.8909736755 0.00753464155925 0.0011281
pedestrian -1 -1 -10 901.62 164.22 919.453 212.001 2.37673903501 1.18587090591 1.18399965282 7.55306956272 1.56577240472 17.8830739954 0.00753464155925 0.0005491
pedestrian -1 -1 -10 923.57 199.7 945.361 254.38 2.43173300361 0.845906090812 1.19599925623 7.89745755023 1.64432966912 17.5296754606 0.00753464155925 0.00054465
pedestrian -1 -1 -10 890.62 199.25 912.36 253.308 1.40184605813 1.06288328118 1.1629997508 7.44095687402 0.730092633714 18.1016031103 0.00753464155925 0.00044315
pedestrian -1 -1 -10 925.0 186.08 944.668 236.23 2.44073201883 0.920898637945 1.16099989637 7.95623567162 1.64484217583 17.5667971617 0.00753464155925 0.00042089
pedestrian -1 -1 -10 638.96 193.35 656.915 234.275 2.21075725186 1.06488387073 1.03699971284 1.04338894842 1.42839894576 19.8826972269 0.00753464155925 0.00037012
pedestrian -1 -1 -10 647.56 195.23 662.303 234.377 0.582935971858 0.272970811851 0.811999787676 1.89913668569 1.42389376455 25.8150882524 0.00753464155925 0.00029476
pedestrian -1 -1 -10 365.79 187.06 385.186 245.1 1.32685425228 0.469947828229 0.322999855349 -6.6581882702 1.57346062333 20.8416621149 0.00753464155925 0.0002574
pedestrian -1 -1 -10 886.98 186.8 903.099 227.253 2.10976832986 0.840907477669 1.18999969295 6.95431199995 1.31991125977 17.5297005925 0.00753464155925 0.00014316
pedestrian -1 -1 -10 1125.8 125.83 1157.69 200.236 1.79280310238 0.460949943143 0.61999969577 15.1082904278 0.836129735696 20.451488624 0.00753464155925 3.9398e-05
pedestrian -1 -1 -10 1136.8 136.87 1156.52 196.656 2.11776740814 0.460949943143 0.6350000345 15.1008906686 1.16109950213 20.4491388269 0.00753464155925 3.2952e-05
pedestrian -1 -1 -10 1082.7 170.29 1125.57 251.701 0.340962617272 0.674925295633 0.555000135283 22.4003517759 1.96501834376 32.5467646749 0.00753464155925 1.9789e-05
pedestrian -1 -1 -10 647.28 183.92 671.08 230.177 0.586935481198 0.530941969992 1.02099959591 1.93760872074 1.42977548809 25.9437584131 0.00753464155925 1.0789e-05
pedestrian -1 -1 -10 624.08 183.44 656.65 237.651 2.21075725186 1.11387828952 1.15099968545 0.907208263525 1.4281353043 19.8592239483 0.00753464155925 8.9732e-06
pedestrian -1 -1 -10 522.64 163.96 547.138 223.195 2.33274383629 0.532940652393 0.217999987627 -1.60607389559 1.61987279364 16.5622687208 0.00753464155925 6.5105e-06
pedestrian -1 -1 -10 484.01 139.31 501.766 199.597 2.20975743412 0.501947725191 0.972999751744 -5.47450099266 1.14992280619 34.3034060874 0.00753464155925 3.8815e-06
pedestrian -1 -1 -10 631.96 172.23 663.683 233.327 0.579936280255 0.483946233599 0.636999769721 1.7454350376 1.42256821212 25.9217576056 0.00753464155925 1.8816e-06
pedestrian -1 -1 -10 642.76 169.15 682.59 233.981 0.733919445988 0.671925364891 1.16899979093 2.04609394171 1.43474005166 26.0144646645 0.00753464155925 2.2684e-07
