pedestrian -1 -1 -10 1135.0 214.48 1188.2 347.68 1.17487098277 0.860905744523 1.06699958564 3.78034065672 1.52721265275 5.18592107212 0.00753464155925 0.0091319
pedestrian -1 -1 -10 1137.3 132.07 1175.41 188.688 1.8857929461 1.19586908577 1.19200002421 6.88819044201 1.24372346336 9.00399218969 0.00753464155925 0.0014483
pedestrian -1 -1 -10 1153.1 232.3 1187.15 307.042 1.18387005758 0.857905813781 1.19899975313 3.91638854523 1.53620892231 5.19133007278 0.00753464155925 0.0011642
pedestrian -1 -1 -10 1158.9 235.71 1178.51 292.383 1.54583024192 1.14887430294 1.18599950725 7.26058062726 1.17805787764 9.31018447617 0.00753464155925 0.0010585
pedestrian -1 -1 -10 1141.8 224.38 1173.52 324.9 1.18986932159 0.831909115797 1.1979995875 3.79372056164 1.54195691803 5.16921048582 0.00753464155925 0.00072976
pedestrian -1 -1 -10 813.26 175.42 835.664 224.472 0.409954987764 0.182980518148 0.865999433546 7.91536842049 1.00559180519 26.5197712861 0.00753464155925 0.00049636
pedestrian -1 -1 -10 1159.5 219.36 1198.31 329.41 1.1208769213 0.938897268827 0.918999867456 6.70815317026 0.481459556293 8.43839235466 0.00753464155925 0.00044157
pedestrian -1 -1 -10 1142.2 123.08 1161.55 172.847 1.28785855198 1.16387300308 1.17599975827 6.47255240159 0.639279889266 8.55158285604 0.00753464155925 0.00032623
pedestrian -1 -1 -10 1149.7 226.82 1171.66 293.809 1.17987042904 0.90690070936 1.19299947459 3.87857275093 1.53259962368 5.21614234653 0.00753464155925 0.00031001
pedestrian -1 -1 -10 698.31 166.28 719.337 211.976 0.0999890208244 0.0 0.0 7.41356034478 0.830023455767 48.7454220373 0.0 0.00030158
pedestrian -1 -1 -10 808.9 183.56 830.698 234.708 1.12487645299 0.991891913134 0.641999763422 3.47280716076 1.12204122355 12.795414947 0.00753464155925 0.0002682
pedestrian -1 -1 -10 1128.7 222.1 1158.56 312.596 1.17487098277 0.807911577001 1.05099979653 3.60310082803 1.5268604404 5.15475723726 0.00753464155925 0.00020897
pedestrian -1 -1 -10 795.67 183.22 833.858 263.277 1.2868587268 0.779915243046 0.785999534329 3.3998120679 1.28201837332 12.6557764798 0.00753464155925 0.00020137
pedestrian -1 -1 -10 812.04 168.14 845.205 235.477 0.511943757299 0.469949735369 0.514999708838 6.98186049663 0.941435432422 22.0143877696 0.00753464155925 0.00013891
pedestrian -1 -1 -10 1101.1 130.09 1132.27 187.477 1.8108011328 1.1958681322 1.19699966029 6.57563499569 1.172809273 9.26687759738 0.00753464155925 8.4499e-05
pedestrian -1 -1 -10 800.03 181.71 821.352 244.886 1.2868587268 0.779915243046 0.868999692027 3.35831316368 1.28204858842 12.6560887177 0.00753464155925 7.9487e-05
pedestrian -1 -1 -10 706.48 164.34 729.511 209.303 1.36385025554 1.13187596683 0.294999866782 2.17567318088 1.40499008244 14.561011544 0.00753464155925 7.0917e-05
pedestrian -1 -1 -10 1164.8 226.03 1197.52 288.526 1.97678291595 1.19686842697 1.19599973307 7.09750812121 1.33317650291 8.90825120895 0.00753464155925 7.0851e-05
pedestrian -1 -1 -10 807.38 202.22 831.325 258.576 1.25886175168 0.998890639034 0.272999918339 2.29500151358 1.55888386385 7.93864377772 0.00753464155925 5.2917e-05
pedestrian -1 -1 -10 712.28 165.78 733.383 228.435 1.46283942484 1.15587350563 0.779999851831 2.43160169018 1.39991923494 13.8247889648 0.00753464155925 4.6586e-05
pedestrian -1 -1 -10 729.94 201.0 746.429 259.57 1.58282618569 0.863904721695 0.728999868397 2.48877536179 1.57833049524 12.7064513639 0.00753464155925 1.0805e-06
pedestrian -1 -1 -10 724.7 200.37 741.213 256.391 1.58282618569 1.01688879313 0.676999838538 2.4594580553 1.57969196805 12.7971649499 0.00753464155925 7.1936e-07
