pedestrian -1 -1 -10 854.63 151.52 874.914 198.499 2.15176377391 0.602932679242 0.820999847864 10.4079360643 1.13635662686 28.9832893743 0.00753464155925 0.0026959
pedestrian -1 -1 -10 845.32 137.52 873.845 199.51 2.15176377391 0.602932679242 0.728999868397 10.3619373766 1.13639011823 28.9836354687 0.00753464155925 0.00034134
pedestrian -1 -1 -10 853.75 132.47 888.38 194.89 2.15176377391 0.602932679242 0.735999835737 10.4504348675 1.13632568373 28.9829696131 0.00753464155925 8.1195e-05
pedestrian -1 -1 -10 316.13 114.4 349.533 183.866 1.25886175354 0.707922626656 1.00400035642 -9.71844852972 0.327481939554 25.6543225294 0.00753464155925 4.961e-05
pedestrian -1 -1 -10 1107.0 165.79 1146.1 221.806 1.67281633222 0.818910528413 0.990999872119 10.1571008441 1.22501483205 14.0882666011 0.00753464155925 1.5394e-05
pedestrian -1 -1 -10 398.28 178.01 424.521 222.885 2.52572266507 0.490945436284 0.869999619241 -7.53262795223 1.57532933724 27.4235036981 0.00753464155925 1.2855e-05
pedestrian -1 -1 -10 169.97 116.71 208.852 222.94 1.88979245544 1.07788293489 1.19199907054 -14.6336808851 0.885008405096 25.4857456535 0.00753464155925 3.9711e-06
pedestrian -1 -1 -10 838.56 140.98 859.896 206.592 0.114987240448 0.694923562487 0.380000951792 23.439789672 -1.27942028435 69.3883683527 0.00753464155925 2.3524e-06
pedestrian -1 -1 -10 148.11 89.654 205.259 214.554 1.35685096345 0.261970430084 1.17899953991 -15.0622717314 0.343543446741 25.3690284937 0.00753464155925 1.3205e-06
pedestrian -1 -1 -10 335.12 181.2 368.955 229.425 2.62371183587 0.651929005176 0.631999776019 -9.4414081854 1.6953291337 25.8581171453 0.00753464155925 4.984e-07
