pedestrian -1 -1 -10 443.72 168.35 477.509 255.934 1.7878037306 0.830909297812 0.792999740087 -3.33234813418 1.76720838857 15.4949127233 0.00753464155925 0.9742
pedestrian -1 -1 -10 449.15 168.8 468.879 237.842 1.7878037306 1.10088017892 0.823999629508 -3.34886469747 1.76522133408 15.3600477327 0.00753464155925 0.024217
pedestrian -1 -1 -10 440.81 172.54 462.575 221.323 1.78980348527 1.11687822026 0.964999380352 -3.41942223004 1.76715399945 15.3525645581 0.00753464155925 0.0096474
pedestrian -1 -1 -10 425.66 170.75 473.122 237.49 1.78980348527 1.16187241354 0.992999726548 -3.43423188862 1.7655729167 15.2451841664 0.00753464155925 0.0038619
pedestrian -1 -1 -10 453.36 168.79 483.112 232.384 1.76980570018 0.715922124111 0.62499980868 -3.24792290597 1.7500003415 15.5519059479 0.00753464155925 0.0024423
pedestrian -1 -1 -10 430.77 168.71 457.685 229.79 0.103988589763 0.101990016671 0.30899992067 -5.44049086174 0.624666056729 24.5509941411 0.00753464155925 0.00079768
pedestrian -1 -1 -10 461.88 165.62 486.896 217.885 0.104988467098 0.404954414524 0.355999837618 -5.47646198443 0.586634003058 29.4100059569 0.00753464155925 0.0002799
pedestrian -1 -1 -10 387.24 165.83 466.081 244.755 1.80880133343 1.16887161623 0.967999877252 -3.69648113728 1.78522816046 15.2785140076 0.00753464155925 3.9877e-05
pedestrian -1 -1 -10 409.42 166.44 441.783 256.345 1.78980348527 1.14887430294 0.943999955171 -3.7090742454 1.76508446095 15.2007561303 0.00753464155925 3.859e-06
pedestrian -1 -1 -10 172.69 222.16 215.594 287.544 0.835908215523 1.17487147771 0.596000012107 -6.78124755579 1.69621574069 11.428340022 0.00753464155925 2.269e-06
pedestrian -1 -1 -10 11.09 29.629 190.56 310.579 1.28985833645 1.18387031637 0.525999861873 -11.2089261158 0.473698595097 15.881267021 0.00753464155925 1.2924e-06
pedestrian -1 -1 -10 132.23 204.06 198.553 293.419 0.952895353677 1.12587610535 0.801999800274 -6.88766187727 1.73458762374 10.9768774188 0.00753464155925 5.369e-07
pedestrian -1 -1 -10 12.613 70.965 131.663 266.955 1.24686307466 1.14087480549 0.242999956132 -11.1051481429 0.449438449004 14.8548846509 0.00753464155925 5.888e-09
