pedestrian -1 -1 -10 712.39 173.81 728.391 212.374 1.77180549955 0.720921690825 0.354999910404 4.33150976529 1.51035899207 26.9014316324 0.00753464155925 0.0064016
pedestrian -1 -1 -10 1101.3 184.41 1120.86 225.487 0.237973881005 0.0189989256531 0.129000624269 15.2815044539 -0.238358807228 21.6377443793 0.00753464155925 0.0060922
pedestrian -1 -1 -10 1104.4 162.66 1145.34 243.579 0.412954619769 0.815910597671 0.182000104505 13.3050748689 1.02131526679 18.3513299337 0.00753464155925 0.0025156
pedestrian -1 -1 -10 741.85 175.62 764.867 222.958 0.831908586986 0.854905883039 0.704999707897 5.50648417377 1.61349298266 28.1672722171 0.00753464155925 0.00184
pedestrian -1 -1 -10 992.92 141.75 1011.6 181.486 0.101988775495 0.0110003817674 0.291000277132 38.5680297095 -0.486265579714 69.6175903523 0.00753464155925 0.0014332
pedestrian -1 -1 -10 754.84 168.25 779.366 218.644 0.820909906502 0.161981002954 0.258999745241 8.61344977739 1.57183150625 38.7873641858 0.00753464155925 0.00079729
pedestrian -1 -1 -10 693.54 159.92 709.097 206.228 0.809911077022 0.1429820773 0.0710000774481 5.40684290063 0.899230466263 40.6441531076 0.00753464155925 0.00071947
pedestrian -1 -1 -10 903.25 221.45 933.423 291.883 2.06677306807 1.19386897301 0.718999642576 3.76994537125 1.49129697712 8.23705287064 0.00753464155925 0.0006546
pedestrian -1 -1 -10 1095.4 178.81 1129.8 224.818 0.237973881005 0.0189989256531 0.129000624269 15.2815044539 -0.238358807228 21.6377443793 0.00753464155925 0.00053658
pedestrian -1 -1 -10 741.54 173.02 753.615 208.262 1.09088021386 0.376957603784 0.603999906661 8.11367193232 1.35491192837 39.4509309601 0.00753464155925 0.0004772
pedestrian -1 -1 -10 759.0 144.3 781.095 209.418 0.29096809494 0.215975942031 0.000999927214662 6.17148010525 1.20154162772 26.9816921721 0.00753464155925 0.00020803
pedestrian -1 -1 -10 707.49 158.57 724.112 205.087 0.84190756893 0.693924221286 0.295999913205 4.53138797435 0.594882506502 30.0515300642 0.00753464155925 0.000198
pedestrian -1 -1 -10 486.34 173.41 503.565 214.458 0.648928742007 0.211976670088 0.628999994375 -4.64908844524 0.94271918593 29.2490048545 0.00753464155925 0.00014855
pedestrian -1 -1 -10 1165.1 135.92 1189.56 208.329 1.90679066813 0.967894374338 0.712999125614 14.1315786952 0.990935761874 17.49348998 0.00753464155925 0.00012608
pedestrian -1 -1 -10 439.08 164.96 464.032 206.398 0.567937633038 0.166981523237 0.0889997209861 -8.75118676751 1.6993312334 41.269269444 0.00753464155925 4.4233e-05
pedestrian -1 -1 -10 704.27 154.58 733.589 208.81 1.62082205522 0.405955662864 0.23299996873 4.29465087825 1.3617346107 27.0603140504 0.00753464155925 3.4562e-05
pedestrian -1 -1 -10 485.1 182.5 506.548 228.478 0.111987727639 0.226974416659 0.604999833876 -3.09234788151 0.925580893571 22.0070571853 0.00753464155925 1.8671e-06
pedestrian -1 -1 -10 277.09 175.68 370.997 232.273 1.47183838046 1.18687024711 0.99799960104 -3.93565269499 1.64933477662 9.80407829582 0.00753464155925 2.4187e-07
