pedestrian -1 -1 -10 71.754 134.97 183.874 347.09 1.91278993214 1.0678828479 1.12499965562 -4.47705825015 1.35334129004 6.54585283737 0.00753464155925 0.018
pedestrian -1 -1 -10 253.05 163.09 278.048 231.607 2.18076051462 1.18887083665 0.286000164222 -9.58557010665 1.33762038652 20.4009666051 0.00753464155925 0.0055839
pedestrian -1 -1 -10 22.556 127.43 254.186 358.52 2.05377448392 1.01788813433 0.203000006524 -9.39965400604 1.28667569474 14.7390989533 0.00753464155925 0.0032904
pedestrian -1 -1 -10 1.1094 0.0 173.319 375.0 1.89579183865 1.16787227503 0.155999135902 -9.44191270168 1.14964817344 13.1820614954 0.00753464155925 0.0031955
pedestrian -1 -1 -10 266.6 169.54 285.36 225.902 2.20075835931 1.14987364415 0.211999828293 -9.57026336032 1.34608680672 20.9734531847 0.00753464155925 0.0022517
pedestrian -1 -1 -10 209.4 137.99 239.954 205.248 2.11576771307 1.18987017785 0.293999581939 -9.54153331041 1.29824960199 18.0139078659 0.00753464155925 0.00155
pedestrian -1 -1 -10 206.39 135.49 226.079 191.489 1.8337986691 1.16487329786 0.310999775099 -9.53627785852 1.02704800444 17.5952372921 0.00753464155925 0.00077206
pedestrian -1 -1 -10 258.43 166.02 288.47 239.441 2.18076051462 1.16587263906 0.277999792831 -9.58789391485 1.34091686491 20.6234668143 0.00753464155925 0.00056846
pedestrian -1 -1 -10 116.99 138.3 169.044 259.1 2.06077368486 1.12887603609 0.215000086774 -9.40523359517 1.29450080282 14.7945846458 0.00753464155925 0.00056703
pedestrian -1 -1 -10 0.38172 221.07 23.9707 263.48 2.02977712989 1.1938694498 0.333999531548 -9.28785975146 1.31595713503 11.3181740361 0.00753464155925 0.00051067
pedestrian -1 -1 -10 0.72332 276.06 21.1433 328.736 1.96178457713 1.1818706804 1.1979995875 -5.13715387599 1.39764857462 6.2014851049 0.00753464155925 0.00030911
pedestrian -1 -1 -10 108.68 167.58 170.363 356.45 2.04777510071 0.938897268827 0.203000006524 -9.39995343697 1.28009161672 14.6996490646 0.00753464155925 0.00014335
pedestrian -1 -1 -10 0.59119 177.39 38.7602 262.337 2.04677528298 1.19686842697 0.380999448496 -9.31028319464 1.31809839989 11.4619567683 0.00753464155925 0.00011789
pedestrian -1 -1 -10 1.8978 274.62 33.9848 337.428 0.952895353677 0.975892918223 1.19399940181 -4.74414864674 1.45876495283 5.880108313 0.00753464155925 3.3877e-05
pedestrian -1 -1 -10 904.43 141.49 965.36 222.036 1.29785750413 1.18886988308 0.183999958934 5.83247468401 0.601624946376 12.668103747 0.00753464155925 1.7543e-05
pedestrian -1 -1 -10 0.58183 218.09 35.2248 284.04 2.04677528298 1.19786872174 0.380999448496 -9.31032463262 1.31801698151 11.4564572103 0.00753464155925 8.2105e-06
pedestrian -1 -1 -10 132.19 132.31 192.692 250.48 2.12476660908 1.1958681322 0.185999813363 -9.44420951358 1.34640182467 15.3941660671 0.00753464155925 5.5521e-06
pedestrian -1 -1 -10 131.46 196.02 208.312 355.76 0.110987850304 0.297967691849 0.281000051312 -7.69253968976 1.46787727531 12.3768510325 0.00753464155925 2.077e-06
pedestrian -1 -1 -10 99.599 147.03 155.811 314.24 1.91278993214 1.05088498857 1.10699953525 -4.47399427922 1.35346492491 6.55432895426 0.00753464155925 1.6795e-06
pedestrian -1 -1 -10 86.873 83.326 166.059 281.036 1.80980131507 1.085881002 1.18099987118 -4.42615938859 1.25018231797 6.53723289166 0.00753464155925 1.1461e-06
pedestrian -1 -1 -10 283.86 171.78 333.504 243.954 0.846907015203 0.359961174812 0.907999714421 -6.53709200062 1.27776953564 16.2739439899 0.00753464155925 5.2613e-07
pedestrian -1 -1 -10 1.6664 163.33 84.0244 315.01 2.03177688456 1.17887074966 0.314999483958 -9.35211490683 1.29432042241 12.1506076191 0.00753464155925 6.4964e-08
pedestrian -1 -1 -10 934.15 143.88 1012.54 264.33 1.46083959568 1.19886806294 0.424000133422 5.69799679635 0.791908646305 11.3983317067 0.00753464155925 2.4355e-08
pedestrian -1 -1 -10 957.75 174.83 1020.05 281.57 1.40884525908 1.18586995234 0.421999802156 5.75064462052 0.748397974334 10.5555778346 0.00753464155925 4.2508e-09
