pedestrian -1 -1 -10 1131.8 151.78 1148.69 204.042 1.65081873286 0.921899886285 0.947999664029 16.941246026 1.16274772909 22.6595985881 0.00753464155925 0.092233
pedestrian -1 -1 -10 1136.5 147.64 1148.73 186.928 1.65081873286 0.958896489251 1.04599920678 16.9901050338 1.16243820272 22.6407321476 0.00753464155925 0.062314
pedestrian -1 -1 -10 1124.6 152.08 1141.61 207.162 1.65081873286 0.737920026936 0.749999770416 16.8429419859 1.16418163755 22.7523307617 0.00753464155925 0.0084751
pedestrian -1 -1 -10 1123.5 150.95 1153.54 220.295 1.65081873286 0.921899886285 0.923999503529 16.9292462854 1.16275646603 22.6596888742 0.00753464155925 0.0026541
pedestrian -1 -1 -10 413.46 170.94 439.484 221.698 0.762916246293 0.948895448684 0.685999660307 -5.58448138445 0.73881221045 21.3173198419 0.00753464155925 0.0021599
pedestrian -1 -1 -10 281.56 140.61 301.3 195.416 1.1728711983 0.206978056945 1.12899936448 -14.3857448008 0.736611246135 33.2313381524 0.00753464155925 0.001954
pedestrian -1 -1 -10 284.86 148.41 321.703 263.98 2.03677639043 1.17587081891 0.936999510994 -4.88887512793 1.45966906793 11.75101737 0.00753464155925 0.0011577
pedestrian -1 -1 -10 1107.5 149.9 1144.2 217.698 0.454950048923 0.583935660729 0.135000187557 17.2132647299 0.835008873222 23.8977200019 0.00753464155925 0.00083171
pedestrian -1 -1 -10 702.88 158.77 714.485 191.175 0.751917416813 0.455951329999 0.490999548338 5.46904239528 0.798540674957 37.0887551961 0.00753464155925 0.00066154
pedestrian -1 -1 -10 276.94 149.22 296.993 204.271 1.61882224095 0.220976462315 1.173999427 -14.5821548537 1.18160186074 33.2225302954 0.00753464155925 0.00038082
pedestrian -1 -1 -10 1093.1 151.59 1158.6 236.793 0.595934526209 0.366960377497 0.732999577256 15.922358078 1.11615606914 22.2996068455 0.00753464155926 0.00033423
pedestrian -1 -1 -10 607.79 136.17 625.133 184.111 0.577936585183 0.282969945278 0.570999834985 0.521710504691 -0.623284751093 42.5090349628 0.00753464155925 0.00010567
pedestrian -1 -1 -10 282.44 141.97 308.558 224.869 1.61482267201 0.189981627973 1.12299980119 -14.2835476599 1.17861426507 33.2357962323 0.00753464155925 9.6249e-05
pedestrian -1 -1 -10 707.16 159.68 719.812 192.239 0.751917416813 0.455951329999 0.490999548338 5.46904239528 0.798540674957 37.0887551961 0.00753464155925 6.3451e-05
pedestrian -1 -1 -10 419.82 156.41 450.653 217.199 0.353961141824 0.05699296268 0.0149993850569 -11.2975634869 -0.0630258403424 47.7688515026 0.00753464155925 1.2008e-05
pedestrian -1 -1 -10 1195.7 169.63 1239.43 277.71 0.352961204891 1.13687553355 1.13300002702 8.31789467016 0.847566255192 9.78734800106 0.00753464155925 1.1083e-07
pedestrian -1 -1 -10 1138.8 151.87 1180.01 221.641 1.65081873286 0.915900024801 1.15800059157 17.3075947765 1.1612223001 22.571848092 0.00753464155925 5.3778e-08
pedestrian -1 -1 -10 705.65 147.52 735.46 189.982 0.10298865283 0.25797497242 0.35200012876 7.77705579481 -0.0639340201372 48.3648872096 0.00753464155925 2.5677e-08
pedestrian -1 -1 -10 172.37 220.96 242.579 372.11 1.38584778238 1.19886853972 0.687999753155 -3.50174581582 1.6118141353 5.80217628515 0.00753464155925 1.6963e-08
pedestrian -1 -1 -10 29.687 186.46 82.473 272.532 0.717921140436 0.97189364628 1.0799995931 -4.11908493867 0.940109150154 5.52628870326 0.00753464155925 1.0547e-09
pedestrian -1 -1 -10 25.677 199.16 110.735 347.32 1.41384476495 1.19686890375 1.16699969808 -3.36621326379 1.64907388523 4.47462800119 0.00753464155925 3.8696e-11
