pedestrian -1 -1 -10 759.19 157.29 770.737 183.367 0.595934570908 0.226974416659 0.465000010246 6.36715770317 0.184954163389 28.5132345088 0.00753464155925 0.048677
pedestrian -1 -1 -10 742.33 159.86 753.107 190.914 0.418954002976 0.309965507677 0.408999794691 5.17028606508 0.153424719684 26.5356350972 0.00753464155925 0.022323
pedestrian -1 -1 -10 738.58 159.56 749.989 196.053 1.23786411905 0.904903457313 1.1869999113 6.92921145625 0.132386209596 35.8645435521 0.00753464155925 0.016304
pedestrian -1 -1 -10 756.6 156.8 767.279 195.956 0.595934570908 0.226974416659 0.465000010246 6.36715770317 0.184954163389 28.5132345088 0.00753464155925 0.0048678
pedestrian -1 -1 -10 756.91 157.18 776.249 191.362 0.595934570908 0.226974416659 0.465000010246 6.36715770317 0.184954163389 28.5132345088 0.00753464155925 0.0021943
pedestrian -1 -1 -10 733.27 158.52 744.392 196.717 0.231974512698 0.196978923518 0.598999793751 4.78675530831 0.167283285855 27.3865535511 0.00753464155925 0.0016123
pedestrian -1 -1 -10 737.18 158.25 758.255 206.21 0.621931698234 0.71492182934 1.13299955018 3.3523981516 0.735550378244 16.8083748379 0.00753464155925 0.00083552
pedestrian -1 -1 -10 765.65 154.67 777.06 193.354 0.595934570908 0.226974416659 0.465000010246 6.36715770317 0.184954163389 28.5132345088 0.00753464155925 0.00073712
pedestrian -1 -1 -10 194.82 142.47 213.641 188.53 1.99678076064 1.00188913942 1.14799941207 -9.95961346999 1.17546378434 18.0109931339 0.00753464155925 0.00040421
pedestrian -1 -1 -10 741.48 154.89 779.369 201.332 0.917899203689 0.789914376473 1.18699967288 3.59120001536 1.03078877517 16.7668899257 0.00753464155925 0.00013013
pedestrian -1 -1 -10 760.79 155.14 785.233 198.712 0.595934570908 0.226974416659 0.465000010246 6.36715770317 0.184954163389 28.5132345088 0.00753464155925 4.5011e-05
pedestrian -1 -1 -10 187.33 141.96 217.308 209.82 2.23875423443 1.1968674734 1.1609989427 -10.0662519049 1.41509311866 17.9815366479 0.00753464155925 3.9025e-05
pedestrian -1 -1 -10 752.99 154.7 798.478 201.825 0.724920374903 0.658928207861 1.19499956744 3.94774242166 0.836787691141 16.7141396433 0.00753464155925 2.5241e-05
pedestrian -1 -1 -10 1231.1 199.15 1241.96 252.643 1.01488850833 1.19686842697 0.37400043483 8.6504188402 1.19633024194 9.78757965095 0.00753464155925 1.6492e-05
pedestrian -1 -1 -10 714.03 154.34 771.23 227.1 1.40484572366 0.840907477669 1.18499958004 3.15417063803 1.51767600932 16.741076356 0.00753464155925 9.2948e-07
pedestrian -1 -1 -10 761.82 156.23 813.844 213.565 0.724920374903 0.566939231757 1.18099963276 4.22447076711 0.83606792997 16.6770605338 0.00753464155925 3.4183e-07
