pedestrian -1 -1 -10 888.53 139.07 907.55 190.061 0.100988898159 0.154981800269 0.00699996733965 14.9740211107 0.134588155891 37.0826578374 0.00753464155925 0.0011576
pedestrian -1 -1 -10 883.34 137.04 916.005 198.607 0.0999890208244 0.0749925471324 0.0369996911276 14.8991771718 -0.148553499711 36.5993379421 0.00753464155925 0.00021446
pedestrian -1 -1 -10 731.84 171.36 750.018 218.074 0.380958172559 0.208976739346 0.942999551119 8.29268660701 1.01364490141 44.4350678502 0.00753464155925 0.00018244
pedestrian -1 -1 -10 1197.7 200.75 1220.32 249.707 1.0978794595 1.16187241354 1.18599998409 7.88574293752 1.27452488775 9.43124833749 0.00753464155925 0.00014815
pedestrian -1 -1 -10 1161.8 101.81 1181.04 158.606 1.47483805716 1.19586908577 0.72100045068 8.73307491601 0.760087481997 11.3345324243 0.00753464155925 8.2841e-05
pedestrian -1 -1 -10 0.9003 213.56 19.1053 263.717 2.2407539295 1.19586860898 0.923000053152 -7.00773306303 1.59514836857 8.31901080041 0.00753464155925 4.9323e-05
pedestrian -1 -1 -10 252.13 166.45 323.79 245.493 0.276969603656 0.0759918883332 0.637999339307 -13.0197669419 1.05037546194 30.2918649535 0.00753464155925 3.8976e-05
pedestrian -1 -1 -10 1172.5 103.46 1206.6 165.434 1.49683559692 1.169871911 0.72100045068 8.72981958641 0.775675542135 10.9014291754 0.00753464155925 1.5151e-05
pedestrian -1 -1 -10 724.25 170.66 740.154 212.822 2.3447425431 1.17986913729 0.970999658896 3.1127144542 1.57688325944 18.4482037253 0.00753464155925 1.0453e-05
pedestrian -1 -1 -10 1.8233 219.68 32.5703 277.566 2.20075835931 1.19286915503 1.03799978907 -7.01499704964 1.54762470701 8.48599586807 0.00753464155925 3.5526e-06
