pedestrian -1 -1 -10 1034.4 72.571 1069.8 138.571 1.49883541119 0.837908500497 1.1979995875 2.91619065229 0.970511688012 4.90653090427 0.00753464155925 0.38566
pedestrian -1 -1 -10 479.37 147.76 491.43 187.996 0.337962925669 0.0779905707347 0.6350000345 -7.97665612189 -0.69206672214 49.6647881002 0.00753464155925 0.02456
pedestrian -1 -1 -10 1024.3 66.221 1074.21 160.707 1.55482931673 0.986891869636 1.19899975313 2.99726133413 1.01855075168 4.98013346542 0.00753464155925 0.020889
pedestrian -1 -1 -10 736.35 145.01 749.288 189.878 0.371959172247 0.279968107396 0.58399945502 9.91357622839 -0.0549294551972 51.4950815002 0.00753464155925 0.0071495
pedestrian -1 -1 -10 755.68 170.99 779.585 242.37 1.6338205509 0.923898568687 0.408999794691 2.06953549553 1.5860544757 8.95635573364 0.00753464155925 0.001325
pedestrian -1 -1 -10 1001.6 52.372 1064.37 228.012 1.59082531798 0.986891869636 1.19899975313 2.86327682037 1.05564419213 4.98086031083 0.00753464155925 0.00061209
pedestrian -1 -1 -10 1115.9 187.12 1153.14 295.7 1.75180768466 0.967893897553 1.19699966029 3.55652006808 1.21454409173 5.00298008095 0.00753464155925 0.00011661
pedestrian -1 -1 -10 72.132 217.16 104.488 314.626 1.49783550406 0.772916040361 1.03899971628 -6.04084122549 1.73059152737 8.51775074861 0.00753464155925 0.0001127
pedestrian -1 -1 -10 942.32 62.653 1017.94 167.573 1.51283387268 1.04188614991 1.1929995938 2.5314842915 1.00229889191 5.0110766819 0.00753464155925 8.0948e-05
pedestrian -1 -1 -10 1018.1 90.626 1060.32 168.132 1.61282294714 1.04388578589 1.19899975313 2.95149400697 1.07499996115 5.00857590524 0.00753464155925 7.119e-05
pedestrian -1 -1 -10 81.161 226.99 113.836 308.196 1.49783550406 0.772916040361 0.956999485798 -5.99984227072 1.73056167627 8.51744227226 0.00753464155925 4.5784e-05
pedestrian -1 -1 -10 749.5 181.05 772.833 232.179 1.6338205509 0.944896176742 0.408999794691 2.0696145995 1.58620990118 8.96685423966 0.00753464155925 2.7671e-05
pedestrian -1 -1 -10 28.397 237.73 73.163 302.89 1.54383045745 0.757917340221 1.19699966029 -6.37621878135 1.73010270885 8.47111863097 0.00753464155925 2.049e-06
