pedestrian -1 -1 -10 519.44 183.74 530.169 213.098 1.04288550579 0.239975387968 0.482999653784 -4.35803400006 1.76670555177 37.8337155024 0.00753464155925 0.00181
pedestrian -1 -1 -10 1065.2 140.9 1105.55 226.827 1.66481716454 1.19486974457 0.997999839458 6.32752200602 1.44026360449 9.41922831931 0.00753464155925 0.00069202
pedestrian -1 -1 -10 443.78 175.79 460.87 223.258 1.9147897464 0.825909731098 0.939999769475 -4.71401329409 1.52252294323 22.5523569377 0.00753464155925 0.00024805
pedestrian -1 -1 -10 1060.4 154.8 1082.23 206.249 1.34385242772 1.19586908577 0.728999868397 6.1967954424 1.12699787551 9.93604626996 0.00753464155925 3.8918e-05
pedestrian -1 -1 -10 1057.5 144.97 1089.27 220.072 1.54982978106 1.19686938054 0.997999839458 6.32991241746 1.3300426233 9.74203536832 0.00753464155925 1.7542e-05
pedestrian -1 -1 -10 1089.5 139.36 1118.0 188.885 1.36485014975 1.18886988308 0.62499980868 6.51701308667 1.14622982276 9.82998956223 0.00753464155925 1.7169e-05
pedestrian -1 -1 -10 711.6 188.94 728.998 235.338 0.795912593187 0.365961036296 0.574999633251 5.71511354458 1.26289533451 37.1873673299 0.00753464155925 1.4207e-05
pedestrian -1 -1 -10 702.39 180.17 717.693 219.716 0.337962925669 0.0479950775935 0.16900009704 5.70082912409 2.09735766173 39.5720639604 0.00753464155925 1.2921e-05
pedestrian -1 -1 -10 437.67 182.98 454.655 225.143 2.33874321949 1.17487052414 0.881999699491 -4.79045607363 1.51999452108 22.3815849757 0.00753464155925 5.6599e-06
pedestrian -1 -1 -10 249.35 188.45 287.899 293.34 1.73280967633 0.971892692711 0.690999773218 -4.68044030835 1.65448539241 9.51500499473 0.00753464155925 5.3486e-06
pedestrian -1 -1 -10 90.528 163.4 121.642 244.324 0.185979574204 0.434952768374 0.161999652864 -7.67141264173 0.325068990902 10.8464520289 0.00753464155925 5.1046e-06
pedestrian -1 -1 -10 702.32 184.95 720.333 241.207 0.960894491553 0.308966166476 0.657999790949 3.125107728 1.9990543982 23.3767989206 0.00753464155925 2.678e-06
pedestrian -1 -1 -10 854.31 186.35 930.013 263.605 0.642929386737 1.01288952119 0.43199955114 6.34383917293 1.23805690748 15.5453810967 0.00753464155925 1.3639e-06
pedestrian -1 -1 -10 239.86 193.53 273.645 291.083 1.73380956484 0.803911828273 0.765999559524 -4.71857228021 1.65326929132 9.43130649178 0.00753464155925 6.5341e-07
pedestrian -1 -1 -10 227.22 192.57 259.312 290.152 1.73380956484 0.68592472383 0.874999732152 -4.77351531501 1.65243562423 9.37272466143 0.00753464155925 6.169e-07
