pedestrian -1 -1 -10 249.89 162.16 296.036 300.88 1.88779270077 0.630930443552 0.653999605253 -4.90279604416 1.63275441333 10.7408178723 0.00753464155925 0.98964
pedestrian -1 -1 -10 195.56 166.66 234.3 283.85 1.80980131507 0.94289654077 0.773999930916 -6.61652557923 1.71306271121 11.7020951093 0.00753464155925 0.97819
pedestrian -1 -1 -10 290.65 161.76 329.841 267.31 1.82379970205 0.521942177766 0.497999992515 -5.56248714349 1.67204537349 13.5686228791 0.00753464155925 0.95758
pedestrian -1 -1 -10 164.54 171.89 215.083 292.81 1.80980131507 0.751917478736 0.758999592185 -6.68012748196 1.71093965638 11.5560859183 0.00753464155925 0.92239
pedestrian -1 -1 -10 260.66 163.28 336.112 275.74 1.80380196166 0.737919073367 0.828999742418 -6.00119212706 1.59280586509 14.4800787179 0.00753464155925 0.82568
pedestrian -1 -1 -10 199.15 167.8 275.612 282.96 2.38273841822 1.19086951905 1.1299992917 -6.34597872993 1.69616714906 12.4676530533 0.00753464155925 0.65463
pedestrian -1 -1 -10 1017.3 145.68 1065.94 272.05 1.68981447041 1.16587168549 1.16999924131 5.75842315208 1.46640050851 9.53983042448 0.00753464155925 0.56485
pedestrian -1 -1 -10 238.36 167.31 277.995 281.92 1.88779270077 0.630930443552 0.653999605253 -4.90279604416 1.63275441333 10.7408178723 0.00753464155925 0.42449
pedestrian -1 -1 -10 279.63 167.93 309.568 262.439 0.0999890208244 0.0 0.0 -21.2280135763 1.59006223893 49.1029990931 0.0 0.37259
pedestrian -1 -1 -10 199.88 170.15 219.209 265.313 1.80980131507 0.94289654077 0.828999742418 -6.64402470662 1.71308273317 11.7023020128 0.00753464155925 0.27855
pedestrian -1 -1 -10 265.39 168.32 299.659 265.133 1.88779270077 0.630930443552 0.653999605253 -4.90279604416 1.63275441333 10.7408178723 0.00753464155925 0.20816
pedestrian -1 -1 -10 316.43 159.37 329.621 195.387 1.61482270181 0.624931535638 1.13399995423 -5.67861840556 1.40583511042 14.6305384637 0.00753464155925 0.20499
pedestrian -1 -1 -10 245.79 174.38 269.412 244.181 2.35974094152 0.87090487795 1.12399972841 -6.31624435736 1.67853812565 12.8315703138 0.00753464155925 0.20221
pedestrian -1 -1 -10 237.05 174.24 262.091 262.552 2.37773897194 1.19586908577 1.00399987958 -6.25806443061 1.69790231662 12.5884451996 0.00753464155925 0.17508
pedestrian -1 -1 -10 160.73 180.29 193.212 287.21 1.80980131507 0.734919142625 0.758999592185 -6.68019151954 1.71081383374 11.5475869915 0.00753464155925 0.17408
pedestrian -1 -1 -10 201.58 172.5 222.348 214.831 2.34074297416 1.19786872174 1.09799971348 -6.50821686622 1.6589589239 11.9065378556 0.00753464155925 0.17316
pedestrian -1 -1 -10 176.98 174.04 204.818 272.387 1.80980131507 0.751917478736 0.758999592185 -6.68012748196 1.71093965638 11.5560859183 0.00753464155925 0.14488
pedestrian -1 -1 -10 232.75 179.59 248.495 240.739 2.38273841822 1.18987017785 1.1539994522 -6.33378687659 1.69653588003 12.4930595476 0.00753464155925 0.1374
pedestrian -1 -1 -10 204.79 171.17 232.7 241.406 1.80980131507 0.953895015398 0.681000024234 -6.57006837642 1.7129474445 11.696246172 0.00753464155925 0.11239
pedestrian -1 -1 -10 187.01 177.09 206.266 249.362 1.80980131507 0.861905085723 0.805999509133 -6.65621383396 1.71173668111 11.610901352 0.00753464155925 0.10464
pedestrian -1 -1 -10 299.01 165.24 347.297 253.38 1.80380196166 0.667927046518 1.18999969295 -5.78930673202 1.59342160799 14.5304803123 0.00753464155925 0.091083
pedestrian -1 -1 -10 281.15 165.3 333.342 228.203 1.83879804087 0.521942177766 0.497999992515 -5.56248251898 1.68704371231 13.5685118226 0.00753464155925 0.089047
pedestrian -1 -1 -10 220.4 173.23 249.896 264.33 2.35974094152 0.977892554195 0.920999721885 -6.4961423779 1.67787688611 12.7794285152 0.00753464155925 0.085506
pedestrian -1 -1 -10 268.52 171.97 291.004 241.101 1.88779270077 0.630930443552 0.653999605253 -4.90279604416 1.63275441333 10.7408178723 0.00753464155925 0.082243
pedestrian -1 -1 -10 172.17 175.11 232.141 244.685 1.80980131507 0.908899868546 0.773999930916 -6.61703787268 1.71205614424 11.6341046484 0.00753464155925 0.070699
pedestrian -1 -1 -10 225.44 177.51 244.707 234.231 2.38273841822 1.18987017785 1.11499990664 -6.40128505984 1.69658502506 12.4935674043 0.00753464155925 0.055034
pedestrian -1 -1 -10 287.27 168.85 313.322 238.035 1.83879804087 0.521942177766 0.497999992515 -5.56248251898 1.68704371231 13.5685118226 0.00753464155925 0.052919
pedestrian -1 -1 -10 186.37 186.06 218.165 286.39 1.80980131507 0.92789784063 0.828999742418 -6.64446542929 1.71221679025 11.6438102683 0.00753464155925 0.049642
pedestrian -1 -1 -10 211.72 172.32 239.71 258.29 2.37873884928 1.19886806294 1.08899941487 -6.33747068946 1.68831273217 11.9376027577 0.00753464155925 0.047324
pedestrian -1 -1 -10 284.96 175.1 302.354 251.267 0.0999890208244 0.0 0.0 -21.2280135763 1.59006223893 49.1029990931 0.0 0.046379
pedestrian -1 -1 -10 304.24 163.14 322.979 201.767 1.72181094742 0.754917409478 1.19399940181 -5.81865870597 1.51080780019 14.4878116636 0.00753464155925 0.044621
pedestrian -1 -1 -10 254.32 171.26 278.253 248.491 1.88779270077 0.630930443552 0.653999605253 -4.90279604416 1.63275441333 10.7408178723 0.00753464155925 0.042829
pedestrian -1 -1 -10 297.71 164.09 318.836 218.177 0.0999890208244 0.0 0.0 -21.5377630596 0.58847984469 51.7595250234 0.0 0.029724
pedestrian -1 -1 -10 307.94 162.84 330.946 211.712 1.64981890022 0.47194841777 0.497999992515 -5.56272912859 1.49769451505 13.5449149648 0.00753464155925 0.029487
pedestrian -1 -1 -10 283.65 165.63 304.09 219.938 1.44484140932 0.475947689713 0.589999971982 -6.00910980051 1.23521332379 14.5747874694 0.00753464155925 0.027946
pedestrian -1 -1 -10 211.59 172.79 233.103 219.293 1.72881011856 1.19287010859 0.66100004943 -6.55895228042 1.6341915479 11.84824997 0.00753464155925 0.027922
pedestrian -1 -1 -10 192.14 174.08 205.104 219.826 1.80980131507 0.884903283319 0.828999742418 -6.64462740205 1.71189854213 11.6223135999 0.00753464155925 0.024281
pedestrian -1 -1 -10 48.875 198.49 65.683 244.78 1.54882987393 0.289967240823 0.145000413377 -20.5059207946 2.06132579265 27.0072592963 0.00753464155924 0.017243
pedestrian -1 -1 -10 154.12 187.33 183.245 276.637 1.80980131507 0.734919142625 0.758999592185 -6.68019151954 1.71081383374 11.5475869915 0.00753464155925 0.013956
pedestrian -1 -1 -10 278.49 155.92 366.169 267.89 1.80380196166 0.832908933783 1.14599955764 -5.74634188062 1.59332369094 14.5256574979 0.00753464155925 0.01268
pedestrian -1 -1 -10 1190.4 164.83 1217.22 236.314 0.750917569277 0.108988265786 0.150000526288 11.0725632854 1.13005134411 13.3798548809 0.00753464155924 0.010253
pedestrian -1 -1 -10 227.79 168.37 257.193 242.266 2.38273841822 1.1938694498 1.12399972841 -6.31885524164 1.69639173921 12.4839481085 0.00753464155925 0.0087111
pedestrian -1 -1 -10 1198.9 164.8 1231.05 222.113 1.08588074174 0.638929941007 0.571998421096 17.0012808801 1.20298703848 20.1075161579 0.00753464155925 0.0065344
pedestrian -1 -1 -10 42.378 200.47 59.305 244.372 0.390957080006 0.215975942031 0.399997588737 -34.5566965881 1.89048384691 44.794525973 0.00753464155923 0.0057781
pedestrian -1 -1 -10 263.84 159.47 285.396 225.481 1.88779270077 0.630930443552 0.653999605253 -4.90279604416 1.63275441333 10.7408178723 0.00753464155925 0.005673
pedestrian -1 -1 -10 260.12 190.13 291.054 286.632 1.88779270077 0.630930443552 0.653999605253 -4.90279604416 1.63275441333 10.7408178723 0.00753464155925 0.003901
pedestrian -1 -1 -10 990.23 149.64 1093.69 261.47 1.68981447041 1.16587168549 1.173999427 5.76042318832 1.4663990523 9.5398153762 0.00753464155925 0.0034347
pedestrian -1 -1 -10 172.72 173.17 195.617 241.991 1.80980131507 0.675925590403 0.758999592185 -6.68041376508 1.71037716016 11.5180910527 0.00753464155925 0.0033518
pedestrian -1 -1 -10 1205.9 169.07 1221.79 215.062 1.08588074174 0.638929941007 0.571998421096 17.0012808801 1.20298703848 20.1075161579 0.00753464155925 0.0033293
pedestrian -1 -1 -10 314.66 184.86 339.839 260.665 1.80380196166 0.832908933783 1.17499983105 -5.699843005 1.59328983538 14.5253076401 0.00753464155925 0.0031864
pedestrian -1 -1 -10 51.218 210.42 63.254 249.785 0.739918739797 0.305968142874 0.143000558948 -15.9090670254 2.0159181034 21.0874965421 0.00753464155925 0.0028796
pedestrian -1 -1 -10 578.81 136.11 644.349 270.3 1.0228876611 0.733918847854 1.01799969505 0.137834860388 0.405607991721 11.2811812297 0.00753464155925 0.0019682
pedestrian -1 -1 -10 161.89 176.26 187.116 247.589 1.80980131507 0.764916542905 0.758999592185 -6.68007851078 1.71103587618 11.5625852659 0.00753464155925 0.0015075
pedestrian -1 -1 -10 317.41 167.41 358.826 247.038 1.82679943835 0.624931535638 1.05599990944 -5.3355629239 1.61756211787 14.6263882038 0.00753464155925 0.0013773
pedestrian -1 -1 -10 1018.4 147.11 1063.66 214.996 1.69381397975 1.17587177248 1.19699966029 5.77221802896 1.47096748634 9.57869389224 0.00753464155925 0.0012887
pedestrian -1 -1 -10 1199.8 166.7 1212.99 225.072 1.08588074174 0.638929941007 0.571998421096 17.0012808801 1.20298703848 20.1075161579 0.00753464155925 0.0010485
pedestrian -1 -1 -10 322.21 155.94 341.134 200.587 0.0999890208244 0.0 0.0 -22.0554278645 0.399206848012 58.2041160909 0.0 0.00084112
pedestrian -1 -1 -10 625.38 202.12 647.608 253.355 1.28285913551 1.18387031637 1.17999964594 0.459615284723 1.61535701441 11.8108472469 0.00753464155925 0.00079624
pedestrian -1 -1 -10 986.81 125.9 1045.73 265.54 1.39084722865 0.350959475446 1.11099972094 20.3916742348 1.10903909943 35.7877856832 0.00753464155925 0.00056876
pedestrian -1 -1 -10 1188.2 173.44 1204.14 210.221 0.102988712428 0.146983256383 0.0629997060568 19.1651305803 1.20598255725 22.7562616208 0.00753464155927 0.00052756
pedestrian -1 -1 -10 633.92 204.53 651.742 249.148 1.28285913551 1.18387031637 1.1979996173 0.559612402839 1.6152842071 11.810094868 0.00753464155925 0.00051519
pedestrian -1 -1 -10 166.97 174.35 186.939 215.669 1.80980131507 0.612932766239 0.758999592185 -6.68065107701 1.70991088375 11.4865955346 0.00753464155925 0.00042654
pedestrian -1 -1 -10 540.26 179.49 549.929 197.687 0.380958172559 0.387957985552 0.418999782094 -3.85353624915 1.03515744077 45.2468689007 0.00753464155925 0.00040681
pedestrian -1 -1 -10 311.68 202.06 331.728 263.8 1.7588069005 0.521942177766 0.497999992515 -5.56250718304 1.60705257194 13.569104124 0.00753464155925 0.00040487
pedestrian -1 -1 -10 270.86 197.46 296.33 293.887 1.88779270077 0.630930443552 0.653999605253 -4.90279604416 1.63275441333 10.7408178723 0.00753464155925 0.00032167
pedestrian -1 -1 -10 498.23 171.89 508.881 201.995 0.817910185099 0.279968107396 0.62499980868 -5.92495142042 0.918174905246 40.9788491838 0.00753464155925 0.00023211
pedestrian -1 -1 -10 725.45 161.42 756.604 251.42 0.101988805294 0.0519943495364 0.316000126428 2.36501827585 0.521312280861 13.1021246341 0.00753464155925 0.00017322
pedestrian -1 -1 -10 242.15 169.42 260.2 224.227 2.35974094152 1.02488829059 1.1539994522 -6.33182389411 1.67740925281 12.7546936488 0.00753464155925 0.00014706
pedestrian -1 -1 -10 165.67 170.52 178.649 207.06 1.7848039645 1.11587506478 0.145999863755 -20.3574825045 1.79590608429 34.0797925239 0.00753464155925 0.00014463
pedestrian -1 -1 -10 211.85 160.48 249.697 232.418 0.310965850235 0.05699296268 0.131999929076 -20.6559718376 0.38880486723 39.5302135958 0.00753464155925 0.00014141
pedestrian -1 -1 -10 191.6 218.39 228.681 283.827 1.80980131507 0.993890595536 0.828999742418 -6.64421681577 1.71270527232 11.6768057092 0.00753464155925 0.00013008
pedestrian -1 -1 -10 735.5 171.15 753.787 227.885 0.101988805294 0.0519943495364 0.316000126428 2.36501827585 0.521312280861 13.1021246341 0.00753464155925 0.00012301
pedestrian -1 -1 -10 231.86 165.29 251.118 217.78 2.32074518907 1.18987017785 1.1539994522 -6.33380599127 1.63454265088 12.4935185819 0.00753464155925 8.3175e-05
pedestrian -1 -1 -10 985.8 148.79 1020.22 250.65 1.38684771931 0.609933789067 1.16700136701 19.8133662085 1.11075517976 36.0146186471 0.00753464155925 4.08e-05
pedestrian -1 -1 -10 156.19 190.06 175.052 251.297 1.85479633153 0.946895812713 0.603999906661 -6.75687671865 1.75743433897 11.6538222412 0.00753464155925 3.6141e-05
pedestrian -1 -1 -10 604.37 199.99 633.625 273.898 1.28285913551 1.19086951905 1.04799971686 0.246595011187 1.61546028554 11.8089503121 0.00753464155925 3.0231e-05
pedestrian -1 -1 -10 158.01 165.56 177.896 218.797 2.00278014385 1.194868791 0.598001297047 -20.5245935091 2.00874748415 33.6569552612 0.00753464155925 2.392e-05
pedestrian -1 -1 -10 618.93 199.54 640.94 275.14 1.28285913551 1.16287175474 1.15999961153 0.382951239821 1.62196535691 12.253887756 0.00753464155925 1.5903e-05
pedestrian -1 -1 -10 313.09 162.97 401.418 258.965 0.0999890208244 0.0 0.0 -23.0575903513 2.19520918667 66.2531926583 0.0 1.4332e-05
pedestrian -1 -1 -10 1013.4 147.27 1034.82 203.122 1.10687843001 0.469949735369 1.15299952498 20.8130399905 0.819719918677 35.7162828573 0.00753464155925 7.3402e-06
pedestrian -1 -1 -10 329.26 181.65 367.114 242.553 1.86879476321 1.02388799582 1.05599990944 -5.33404699253 1.6625105408 14.8255498136 0.00753464155925 5.4736e-06
