pedestrian -1 -1 -10 78.881 185.64 112.6 253.064 1.45684001929 0.61393306101 0.668999467147 -11.5823113562 1.61264349583 16.3275178656 0.00753464155925 0.98726
pedestrian -1 -1 -10 842.64 93.109 892.242 240.879 1.77880470049 0.736919732166 0.872999877722 3.70554210052 1.16226464027 10.4610843104 0.00753464155925 0.18354
pedestrian -1 -1 -10 73.511 181.25 97.848 251.184 0.104988467098 0.126984989529 0.478000494547 -24.3259703879 1.58887144032 33.9688064466 0.00753464155925 0.066863
pedestrian -1 -1 -10 66.182 183.94 91.818 240.373 0.107988158701 0.477948279255 0.162000606538 -24.9134372196 1.37743697415 34.7269904647 0.00753464155925 0.024874
pedestrian -1 -1 -10 58.639 181.97 77.721 233.513 2.56271866285 0.702922106372 0.485000461887 -17.4435981695 1.5421577867 23.1503451844 0.00753464155924 0.012601
pedestrian -1 -1 -10 298.72 176.17 309.686 205.067 0.0999890208244 0.0589916450816 0.280000600934 -20.5525359761 0.561684629957 50.1937848101 0.00753464155925 0.0074787
pedestrian -1 -1 -10 56.249 179.29 108.042 251.193 1.45684001929 0.61393306101 0.668999467147 -11.5823113562 1.61264349583 16.3275178656 0.00753464155925 0.0047465
pedestrian -1 -1 -10 57.377 165.81 89.36 234.682 0.103988589763 0.317965958702 0.111999477434 -26.0666286181 1.19984685231 35.6534043088 0.00753464155925 0.0045413
pedestrian -1 -1 -10 23.704 120.28 56.694 198.324 0.103988530165 0.333963046474 0.41500078849 -41.4135851661 -1.32759354466 53.439891196 0.00753464155925 0.00089795
pedestrian -1 -1 -10 839.8 98.422 880.585 188.772 1.48283719504 0.736919732166 0.872999877722 3.70545084342 0.866297134818 10.4632758278 0.00753464155925 0.0004697
pedestrian -1 -1 -10 620.98 152.65 638.428 189.293 0.363960034371 0.221975803515 0.561999864205 1.80126073354 -0.0439529118437 50.8178835394 0.00753464155925 0.00037329
pedestrian -1 -1 -10 36.094 126.69 55.215 187.747 0.103988530165 0.104988040274 0.347999466227 -41.379222839 -1.32592304979 53.5541233973 0.00753464155928 0.00030973
pedestrian -1 -1 -10 366.28 141.82 383.852 197.052 0.367959603309 0.375958262583 0.655000486142 -16.9694496408 0.619619571612 53.9869403273 0.00753464155925 0.00019575
pedestrian -1 -1 -10 628.63 145.42 643.632 187.102 0.385957633732 0.365961036296 0.543999982248 2.80597771809 -0.757174937868 58.9541551092 0.00753464155925 0.00013584
pedestrian -1 -1 -10 45.428 128.58 62.296 182.39 1.50883434844 0.702922106372 0.485000461887 -17.4439231188 0.488273472283 23.1581487636 0.00753464155924 0.00011925
pedestrian -1 -1 -10 831.73 108.94 865.884 173.24 1.48283719504 0.736919732166 0.773999930916 3.65595227107 0.866333174438 10.4636482553 0.00753464155925 2.094e-05
pedestrian -1 -1 -10 38.609 123.88 68.37 184.88 1.50883434844 0.702922106372 0.485000461887 -17.4439231188 0.488273472283 23.1581487636 0.00753464155924 1.5735e-05
pedestrian -1 -1 -10 544.83 166.43 574.418 204.462 0.382957942129 0.516945471762 1.07399955298 -2.88139727548 1.03676000149 45.3280464015 0.00753464155925 9.9598e-06
pedestrian -1 -1 -10 53.463 127.44 74.055 182.315 1.50883434844 0.702922106372 0.485000461887 -17.4439231188 0.488273472283 23.1581487636 0.00753464155924 1.5268e-06
pedestrian -1 -1 -10 554.77 167.49 567.425 204.826 0.382957942129 0.516945471762 0.927999689225 -2.8083994098 1.03670685217 45.3274971652 0.00753464155925 2.8777e-07
