pedestrian -1 -1 -10 912.53 141.92 1001.17 295.06 1.7579921484 0.703999995937 0.936996279361 4.40922951642 1.38299735527 8.84806379757 0.00692802392802 0.99936
pedestrian -1 -1 -10 651.9 193.02 667.245 239.982 2.24398996234 0.786999169122 0.762997205962 1.1852112906 1.42065571447 12.5467519769 0.00692802392802 0.003386
pedestrian -1 -1 -10 649.3 191.32 661.239 229.947 2.26798990369 1.19299903131 0.781997128418 1.17767755544 1.44435730695 12.8258249471 0.00692802392802 0.0013466
pedestrian -1 -1 -10 956.84 160.89 1009.69 290.69 2.27998975515 1.15399950025 1.19599560817 6.27808583451 1.40971388243 11.5819116324 0.00692802392802 0.0010531
pedestrian -1 -1 -10 661.42 221.19 677.333 258.773 2.26798990369 1.16499917236 1.00799623114 1.29005087466 1.4441512441 12.7350437967 0.00692802392802 0.00060469
pedestrian -1 -1 -10 656.31 196.81 672.735 245.985 2.26798990369 1.18999972762 0.935996474804 1.2544432909 1.4441845298 12.7917918817 0.00692802392802 0.00057485
pedestrian -1 -1 -10 670.82 157.14 688.894 205.24 2.06799080968 0.72599934016 1.18799550279 1.60302633823 1.165396688 14.3882083494 0.00692802392802 0.00040602
pedestrian -1 -1 -10 642.13 213.4 659.255 260.385 2.26798990369 1.13199920235 0.675997460647 1.12394116548 1.44462690611 12.7196947771 0.00692802392802 0.0003615
pedestrian -1 -1 -10 650.69 217.37 670.598 262.58 2.16599036157 0.689999112786 0.606997773627 1.10676988612 1.34292700563 12.4987491297 0.00692802392802 0.00032488
pedestrian -1 -1 -10 678.52 156.51 693.574 202.425 1.73799218237 0.334001314792 1.12199576588 2.13385409007 0.733211052112 17.6413002953 0.00692802392802 0.00025666
pedestrian -1 -1 -10 646.3 198.59 675.433 255.902 2.16599036157 0.719999779101 0.65299760471 1.12987317102 1.34284631427 12.5135896866 0.00692802392802 0.00015447
pedestrian -1 -1 -10 668.44 179.04 684.138 220.345 2.25798995793 1.13199920235 1.0829959972 1.3274217564 1.43406736862 12.7182785702 0.00692802392802 0.00014822
pedestrian -1 -1 -10 968.26 177.62 1017.29 267.524 2.28298976272 1.06199955496 1.1939952838 6.40576775061 1.4124154081 11.5350272934 0.00692802392802 2.1089e-05
pedestrian -1 -1 -10 655.05 220.73 682.726 264.835 1.47499346584 0.90699897336 1.00799623114 1.29334751428 1.43877911679 13.0554839084 0.00692802392802 1.7236e-05
pedestrian -1 -1 -10 711.07 167.9 727.569 211.083 0.755996593833 0.110999985813 1.18899542655 2.9675844503 0.740943274942 17.6176033424 0.00692802392802 1.4396e-05
pedestrian -1 -1 -10 978.31 204.14 1020.71 258.09 2.28998976052 1.06199955496 1.19299536004 6.48525584994 1.41219679625 11.5344722643 0.00692802392802 6.5685e-06
