pedestrian -1 -1 -10 1062.8 172.53 1084.02 223.591 1.34185264325 0.535940583135 0.617000390963 18.4219589598 1.85266746559 28.4487429866 0.00753464155924 0.31473
pedestrian -1 -1 -10 1025.9 168.25 1037.45 197.593 1.32985398114 0.384959961949 0.587999163878 20.3815076837 1.76711492435 34.4364836551 0.00753464155925 0.12506
pedestrian -1 -1 -10 1025.8 164.86 1040.72 213.505 1.32985398114 0.384959961949 0.587999163878 20.3815076837 1.76711492435 34.4364836551 0.00753464155925 0.031279
pedestrian -1 -1 -10 1011.2 159.47 1065.07 244.396 1.32985398114 0.384959961949 0.587999163878 20.3815076837 1.76711492435 34.4364836551 0.00753464155925 0.024591
pedestrian -1 -1 -10 1142.4 160.53 1157.4 205.244 1.85179663992 1.00988768331 1.17500078473 19.1743497431 1.51345417504 25.3654442571 0.00753464155925 0.017149
pedestrian -1 -1 -10 1020.6 164.02 1035.37 196.912 0.100988898159 0.0409958749086 0.787000415217 31.2542501225 0.296948344368 53.3838521903 0.00753464155925 0.010805
pedestrian -1 -1 -10 1037.2 164.08 1055.89 212.876 2.40773564958 0.534941241935 0.300000098901 11.086555004 1.55834723546 18.0693182559 0.00753464155925 0.0083097
pedestrian -1 -1 -10 1053.8 163.08 1092.74 283.81 0.135985081671 0.762914999794 0.346000565472 16.4739507266 2.01566823465 25.6561950183 0.00753464155925 0.0053332
pedestrian -1 -1 -10 1027.4 158.98 1085.03 280.52 2.40773564958 0.534941241935 0.300000098901 11.086555004 1.55834723546 18.0693182559 0.00753464155925 0.0041627
pedestrian -1 -1 -10 890.89 229.15 934.802 310.856 1.61382274998 0.930897771372 0.812999714891 2.77356349099 1.66116231055 6.29092404454 0.00753464155925 0.0029769
pedestrian -1 -1 -10 1014.8 164.34 1037.33 223.266 1.32985398114 0.384959961949 0.587999163878 20.3815076837 1.76711492435 34.4364836551 0.00753464155925 0.0026474
pedestrian -1 -1 -10 1042.3 160.83 1064.02 213.037 2.40773564958 0.534941241935 0.300000098901 11.086555004 1.55834723546 18.0693182559 0.00753464155925 0.0025338
pedestrian -1 -1 -10 991.82 162.8 1044.17 219.836 1.08088132131 0.343962179901 0.880999772277 3.57063111267 1.57258504772 6.14676603198 0.00753464155925 0.0019372
pedestrian -1 -1 -10 1144.3 162.38 1164.84 213.985 2.23875411523 0.971891739141 1.01600043667 19.2538238379 1.90007252027 25.3429834208 0.00753464155925 0.0016748
pedestrian -1 -1 -10 1147.6 158.93 1164.61 194.796 1.85179663992 0.803910874703 1.01600043667 19.2530716936 1.5118716412 25.2618606334 0.00753464155925 0.0016021
pedestrian -1 -1 -10 1064.5 167.48 1099.29 245.312 0.872904153704 0.573936527302 0.350999724708 17.5457282012 1.69230621807 26.0219122512 0.00753464155925 0.0015491
pedestrian -1 -1 -10 24.872 166.06 42.778 215.709 0.557938733042 0.379959441666 0.713998575992 -25.3068256528 0.540924067797 32.2543245479 0.00753464155925 0.00029187
pedestrian -1 -1 -10 1079.7 169.89 1113.07 229.168 0.872904153704 0.573936527302 0.350999724708 17.5457282012 1.69230621807 26.0219122512 0.00753464155925 0.00024325
pedestrian -1 -1 -10 1053.3 163.67 1076.08 219.728 0.105988344433 0.11498908084 0.718000192199 28.5053088761 1.49136031637 44.8467413675 0.00753464155925 0.00023322
pedestrian -1 -1 -10 954.57 167.11 1031.15 239.725 0.772915109041 0.522941518966 0.461999751765 17.5294780802 1.15892048045 32.4815802603 0.00753464155925 0.00011623
pedestrian -1 -1 -10 1007.2 148.2 1039.41 195.339 0.109988032567 0.408955593606 0.466001367971 26.6753910126 -1.41349654221 45.5446513382 0.00753464155925 7.3207e-05
pedestrian -1 -1 -10 1230.4 111.28 1242.05 173.237 0.322964586849 0.208976739346 0.181999150831 30.6120099411 -0.839780666796 34.0034851904 0.00753464155925 4.0809e-05
pedestrian -1 -1 -10 1223.2 113.64 1242.03 191.327 1.65681811606 0.719920442484 0.583000004642 13.7238593824 0.778210836538 16.2116842412 0.00753464155925 3.2234e-05
pedestrian -1 -1 -10 921.59 197.93 966.121 309.92 1.56082862544 0.744918276052 0.989999706486 2.86836288802 1.63771860914 6.19715178031 0.00753464155925 1.806e-05
pedestrian -1 -1 -10 222.11 152.46 251.161 197.177 0.607933262823 0.255972475739 0.353000532811 -20.5867347129 -0.706353276777 40.5457405465 0.00753464155925 1.4741e-05
pedestrian -1 -1 -10 937.28 166.35 1000.39 231.647 0.111987668041 0.187979131292 0.867999764812 17.1418761405 1.44983010708 33.9380049447 0.00753464155925 4.762e-06
pedestrian -1 -1 -10 38.68 160.14 56.03 216.604 2.36574026513 0.422953998976 0.565999811482 -20.7108777991 1.23615009774 27.0665726152 0.00753464155924 4.6413e-06
pedestrian -1 -1 -10 815.68 153.43 875.309 233.178 0.59193498707 0.515942316281 0.935999583779 12.6969518779 1.33642045033 38.119299892 0.00753464155925 3.5231e-06
pedestrian -1 -1 -10 1202.9 112.71 1237.44 177.934 1.65681811606 0.633929420724 0.64200000184 13.6940362661 0.777595804346 16.1689119027 0.00753464155925 1.4969e-06
