pedestrian -1 -1 -10 743.56 167.64 772.987 245.746 2.08377116156 1.19886806294 0.78899979281 2.98112028872 1.41107584943 13.3225106762 0.00753464155925 0.013602
pedestrian -1 -1 -10 894.82 133.64 910.604 171.553 1.67981553316 0.516943564622 1.1979995875 4.6162943204 1.04305452584 11.2953696766 0.00753464155925 0.0063446
pedestrian -1 -1 -10 902.02 137.69 914.819 177.487 1.83479848683 0.516943564622 1.19199978579 4.63634163498 1.19802291797 11.2940716151 0.00753464155925 0.0038234
pedestrian -1 -1 -10 750.11 149.11 785.129 253.21 2.06077374446 1.19186886025 0.90999956885 3.05399009558 1.38883382488 13.1065910542 0.00753464155925 0.0023505
pedestrian -1 -1 -10 647.37 153.83 669.109 204.339 0.288968280672 0.00300183788175 0.0139999346793 2.65881895382 -0.112939754418 36.5374178648 0.00753464155925 0.0023362
pedestrian -1 -1 -10 754.72 171.63 778.219 240.341 2.06377331687 1.17787045488 0.884999719554 3.04161198797 1.39207933495 13.1226604777 0.00753464155925 0.0019634
pedestrian -1 -1 -10 726.12 162.33 754.789 238.962 2.12476672828 1.18886988308 0.123000107307 2.62779404778 1.43843667712 14.2101931768 0.00753464155925 0.001244
pedestrian -1 -1 -10 738.64 164.91 760.227 236.653 2.11476783573 1.169871911 0.70099976062 2.91209765819 1.43899581278 13.5843832919 0.00753464155925 0.00075093
pedestrian -1 -1 -10 886.36 132.16 915.131 183.205 1.75680710113 0.500944569711 1.13099993417 4.52788096068 1.12022895368 11.3034647108 0.00753464155925 0.00048105
pedestrian -1 -1 -10 646.67 144.58 681.394 209.39 1.41884422984 0.335963636015 0.590999660778 2.80237726163 0.429354150682 31.0974205889 0.00753464155925 0.00045371
pedestrian -1 -1 -10 752.14 156.52 774.512 213.805 2.06977275967 1.1578731416 0.839999657035 3.01952188505 1.39989437683 13.1767634621 0.00753464155925 0.00021112
pedestrian -1 -1 -10 781.28 190.08 797.871 231.303 1.74380851698 1.19886806294 0.825999722356 3.16847616848 1.33971388249 12.6285436452 0.00753464155925 0.00018407
pedestrian -1 -1 -10 747.48 118.58 768.015 184.59 1.58982544064 1.17787140845 0.86499974475 3.00988030636 0.913878442437 13.5805334615 0.00753464155925 0.00015242
pedestrian -1 -1 -10 507.21 167.56 524.447 211.972 0.100988898159 0.043993898511 0.674999984109 -6.00486218422 1.0922713742 47.0534073987 0.00753464155925 0.00013264
pedestrian -1 -1 -10 618.61 117.47 642.276 186.547 0.369959357979 0.102989357872 0.859999810653 1.32138359915 -0.817160374781 41.7402349747 0.00753464155925 0.00011183
pedestrian -1 -1 -10 788.24 185.13 806.138 229.292 1.74480839431 1.19686842697 0.822999702293 3.26582927897 1.33939194405 12.4758013541 0.00753464155925 4.6204e-05
pedestrian -1 -1 -10 788.7 159.43 823.162 230.291 1.73680925644 1.1938694498 0.817999827801 3.37290533241 1.33152323354 12.2865259025 0.00753464155925 4.1651e-05
