pedestrian -1 -1 -10 268.63 215.28 282.884 272.777 1.19786839987 1.17387118294 0.512999854408 -6.20875318564 1.71157241914 13.3022373681 0.00753464155925 0.059486
pedestrian -1 -1 -10 256.87 214.73 289.837 270.306 1.19786839987 1.17387118294 0.512999854408 -6.20875318564 1.71157241914 13.3022373681 0.00753464155925 0.014784
pedestrian -1 -1 -10 1186.0 127.5 1219.29 184.777 1.6088233484 1.19786872174 0.888999666831 9.78720171161 0.858514993724 11.6101635351 0.00753464155925 0.0023998
pedestrian -1 -1 -10 141.76 244.18 163.324 298.226 1.17187135076 1.00388972896 0.543000055033 -6.93062375572 1.73194008503 10.5277987968 0.00753464155925 0.0021841
pedestrian -1 -1 -10 1116.2 105.49 1146.8 201.779 1.69281411731 0.803911828273 0.24899951942 9.87096293261 0.928564081631 13.1703318767 0.00753464155925 0.0017442
pedestrian -1 -1 -10 775.16 156.24 793.052 200.987 0.353961126924 0.0669940032467 0.209000523486 9.89709759417 0.602337496115 38.5410549838 0.00753464155925 0.001484
pedestrian -1 -1 -10 1120.7 154.2 1139.94 205.651 1.69281411731 0.721921032025 0.24899951942 9.87127181532 0.929170982098 13.2113261112 0.00753464155925 0.00091279
pedestrian -1 -1 -10 791.86 152.63 810.9 192.089 1.20786735201 0.606931951185 0.527000265925 7.0218179373 1.22776170284 24.5398474174 0.00753464155925 0.00066531
pedestrian -1 -1 -10 758.36 155.86 775.769 206.965 0.34696194088 0.0189989256531 0.00199985442932 10.5401055863 -0.0801738089208 46.9124165127 0.00753464155925 0.00064236
pedestrian -1 -1 -10 781.16 154.26 803.607 204.939 0.0999890208244 0.0659908477665 0.114000285538 9.48513011701 0.3498425211 38.6255283386 0.00753464155925 0.00060037
pedestrian -1 -1 -10 1192.2 126.54 1209.32 171.176 1.71381177974 1.19786872174 0.904000005562 9.7953807053 0.962771216323 11.6953469513 0.00753464155925 0.00026611
pedestrian -1 -1 -10 1182.0 125.68 1204.32 175.533 1.71581159401 1.19686842697 0.876000136203 9.78209248965 0.964180245603 11.7899541227 0.00753464155925 0.00022872
pedestrian -1 -1 -10 762.87 173.73 779.653 213.83 0.29296784961 0.376957603784 0.269000447899 8.21309076234 1.21724405862 35.8258151766 0.00753464155925 0.00022531
pedestrian -1 -1 -10 263.61 200.99 300.977 270.961 0.704922556286 0.288968853192 0.256999890812 -6.57237807171 1.69289755529 14.9263287127 0.00753464155925 0.00015245
pedestrian -1 -1 -10 748.49 155.33 766.918 203.541 1.8108011328 0.691923631744 0.866999837597 6.36568621563 1.40261057035 30.6510073459 0.00753464155925 0.00013884
pedestrian -1 -1 -10 879.11 164.29 969.574 235.044 1.66881676328 0.823911048697 0.766999009902 11.5409791881 1.23189814263 26.2938936978 0.00753464155925 0.00010217
pedestrian -1 -1 -10 249.94 208.65 278.802 275.494 1.36085061061 0.873903855122 0.55799944009 -6.16215857896 1.73392396197 12.7886904816 0.00753464155925 8.8971e-05
pedestrian -1 -1 -10 764.17 158.9 795.72 212.158 0.101988835093 0.0549942802785 0.180000250075 8.25771904261 1.02660267314 35.8518887514 0.00753464155925 8.2419e-05
pedestrian -1 -1 -10 795.99 160.4 811.12 207.308 1.77680494582 1.14987364415 0.596999939321 7.05758214512 1.36840109484 24.655222571 0.00753464155925 6.746e-05
pedestrian -1 -1 -10 770.66 165.44 789.71 208.072 0.101988835093 0.0549942802785 0.180000250075 8.25771904261 1.02660267314 35.8518887514 0.00753464155925 6.514e-05
pedestrian -1 -1 -10 786.99 151.11 819.22 204.787 0.751917446612 0.557937532391 0.735999835737 7.12945902769 1.10176176395 24.9470832994 0.00753464155925 5.39e-05
pedestrian -1 -1 -10 150.34 204.67 237.727 281.298 2.44673140203 1.19286915503 0.741999399024 -7.19339345789 1.73178524113 12.9470498404 0.00753464155925 4.495e-05
pedestrian -1 -1 -10 280.01 197.92 301.97 249.185 2.30374703598 0.207975491006 1.1979995875 -10.3929332484 1.8799758171 23.7648952666 0.00753464155925 1.3954e-05
pedestrian -1 -1 -10 77.779 149.0 122.904 287.55 2.36973977447 1.19786967531 0.840999822668 -7.09345399435 1.72627681701 9.94489470931 0.00753464155925 1.3469e-05
pedestrian -1 -1 -10 559.24 156.97 583.795 207.969 0.103988559964 0.249972614255 1.14399970321 -2.31891433826 1.12234780414 48.2923846298 0.00753464155925 1.3141e-05
pedestrian -1 -1 -10 182.39 204.74 234.989 260.922 2.38573810982 0.982893074478 0.589999971982 -7.21190591646 1.67073702412 13.2806877612 0.00753464155925 8.9105e-06
pedestrian -1 -1 -10 200.39 195.84 244.859 259.12 2.38573810982 0.729920529481 0.589999971982 -7.21095289675 1.67260954107 13.4071704434 0.00753464155925 8.4051e-06
pedestrian -1 -1 -10 839.8 174.11 952.09 252.722 2.29974752664 1.15887343637 1.16399920118 9.60558478697 1.5499442941 23.9226091554 0.00753464155925 3.204e-06
pedestrian -1 -1 -10 894.65 181.46 961.905 257.313 0.589935202601 0.411953617209 0.477999540873 10.3276934704 1.26195274851 24.1453077375 0.00753464155925 1.0574e-06
pedestrian -1 -1 -10 856.54 180.87 917.231 253.369 1.97178352928 0.998891115819 1.19599973307 9.30572182865 1.54522247528 23.926511048 0.00753464155925 5.3747e-07
pedestrian -1 -1 -10 682.84 159.96 708.957 201.462 0.100988898159 0.155981141469 0.459999897335 9.07190631391 0.574897519905 73.9301894351 0.00753464155925 1.641e-07
