pedestrian -1 -1 -10 0.1615 193.25 61.1765 359.66 1.75980676107 0.56493816543 0.515999636052 -5.15178893738 1.70777945078 6.47604781996 0.00753464155925 0.81588
pedestrian -1 -1 -10 18.051 190.67 65.715 308.94 1.75980676107 0.56493816543 0.515999636052 -5.15178893738 1.70777945078 6.47604781996 0.00753464155925 0.0015655
pedestrian -1 -1 -10 0.48083 212.65 41.6068 292.424 1.75980676107 0.56493816543 0.515999636052 -5.15178893738 1.70777945078 6.47604781996 0.00753464155925 0.00085891
pedestrian -1 -1 -10 1132.5 249.1 1170.16 320.281 0.726920155647 0.788913604917 1.15599978346 5.45326930939 1.60510947104 7.06810879991 0.00753464155925 0.00077152
pedestrian -1 -1 -10 33.846 213.0 75.77 310.762 1.75980676107 0.56493816543 0.515999636052 -5.15178893738 1.70777945078 6.47604781996 0.00753464155925 8.9709e-05
pedestrian -1 -1 -10 41.918 226.19 63.453 295.98 1.75980676107 0.56493816543 0.515999636052 -5.15178893738 1.70777945078 6.47604781996 0.00753464155925 8.6225e-05
pedestrian -1 -1 -10 1133.1 227.98 1194.13 317.442 1.34885190379 0.700923423971 1.18999969295 6.36286765363 1.85340506809 8.47937807812 0.00753464155925 4.8904e-05
pedestrian -1 -1 -10 4.4677 181.08 102.284 342.51 1.75980676107 0.56493816543 0.515999636052 -5.15178893738 1.70777945078 6.47604781996 0.00753464155925 1.293e-05
pedestrian -1 -1 -10 340.7 188.55 387.599 251.267 2.12776639008 1.06588130479 0.92699976201 -10.78647422 2.11882453283 31.7041169872 0.00753464155925 1.912e-06
pedestrian -1 -1 -10 48.118 216.07 91.867 309.383 1.75980676107 0.56493816543 0.515999636052 -5.15178893738 1.70777945078 6.47604781996 0.00753464155925 1.8103e-06
pedestrian -1 -1 -10 1158.5 233.9 1204.15 314.497 1.30885633361 0.659928502632 1.18199979839 6.52269639024 1.81298955941 8.45797354296 0.00753464155925 1.6018e-06
pedestrian -1 -1 -10 1173.0 244.83 1211.31 320.057 0.723920464044 0.803912305058 1.17900001675 5.88769942798 1.60168241038 7.0573627876 0.00753464155925 2.1394e-07
pedestrian -1 -1 -10 202.38 225.43 245.594 310.528 0.200977883225 0.558938780731 0.0799998992171 -8.34534756761 1.78960546683 15.3685850318 0.00753464155925 4.7393e-10
