pedestrian -1 -1 -10 150.33 164.83 221.973 316.24 1.67999250293 0.474999582736 0.656997597796 -4.87203670527 1.45063407336 7.93896565216 0.00692802392802 0.99551
pedestrian -1 -1 -10 646.9 185.35 659.308 232.144 2.34098947197 1.1499988392 0.754997160186 1.15709243077 1.51644408352 12.7995080728 0.00692802392802 0.0021491
pedestrian -1 -1 -10 649.33 188.68 666.115 234.197 2.34098947197 1.1499988392 0.836996869439 1.19809130055 1.51633134021 12.799223896 0.00692802392802 0.001091
pedestrian -1 -1 -10 668.53 177.07 683.012 213.904 1.47999340892 0.973999317054 1.026996094 1.33420878125 1.43560435826 13.1096956639 0.00692802392802 0.0002662
pedestrian -1 -1 -10 738.89 148.54 758.946 206.099 2.06699076742 0.546999560646 1.1979954557 2.97338189046 1.16873185141 14.2882162132 0.00692802392802 0.00023484
pedestrian -1 -1 -10 672.82 164.36 690.665 200.167 1.18399469852 0.416000084297 1.11299573673 2.10774642985 0.732180858034 17.7328049295 0.00692802392802 0.00020168
pedestrian -1 -1 -10 767.03 182.02 787.492 239.891 0.761996594071 0.0909995416031 0.512998323532 4.18481795299 0.749555990904 17.6441774226 0.00692802392802 0.0001666
pedestrian -1 -1 -10 129.05 170.53 198.612 313.0 2.25099001974 1.14199942446 1.19399576064 -8.15852658947 1.33955655649 13.3049054214 0.00692802392802 0.00011245
pedestrian -1 -1 -10 680.26 157.73 701.384 196.874 2.05999082923 0.616999208033 1.12999575205 1.8583940614 1.16463442281 14.4389444361 0.00692802392802 0.00010162
pedestrian -1 -1 -10 232.3 202.48 254.411 253.032 1.08699512929 0.175999522147 1.12899594749 -7.87489522128 0.113150686675 15.5982475865 0.00692802392802 7.8172e-05
pedestrian -1 -1 -10 684.84 150.31 708.043 193.908 1.95899121016 0.616999208033 1.1979954557 1.94025247089 1.06340931731 14.4383183159 0.00692802392802 4.0866e-05
pedestrian -1 -1 -10 1198.6 228.22 1223.33 311.212 0.920995862782 0.300999914275 0.772997337688 4.51130386401 1.42187638109 5.21429903315 0.00692802392802 1.8916e-07
