pedestrian -1 -1 -10 1020.5 119.02 1232.77 363.53 1.91378983927 1.19886877812 0.759999757818 2.80386556209 1.40790765117 3.64529977794 0.00753464155925 0.10376
pedestrian -1 -1 -10 648.55 158.81 659.634 198.259 1.45084073293 0.308966166476 0.136999922777 1.86219532409 0.524319964571 27.7463718107 0.00753464155925 0.048548
pedestrian -1 -1 -10 528.61 158.68 540.934 199.467 0.0999890208244 0.0429945573102 0.220000199684 -6.8204827498 0.050345662878 70.5337049653 0.00753464155925 0.0025134
pedestrian -1 -1 -10 446.78 177.18 459.684 213.877 2.72770050907 1.14887621008 1.0009996211 -6.92224745552 1.70645233041 32.320134774 0.00753464155925 0.00085792
pedestrian -1 -1 -10 523.87 155.27 544.418 206.324 0.0999890208244 0.0429945573102 0.220000199684 -6.8204827498 0.050345662878 70.5337049653 0.00753464155925 0.00081362
pedestrian -1 -1 -10 1133.3 188.92 1165.47 254.534 1.90879045259 1.19886877812 0.787999627177 2.82601896854 1.40023376272 3.53319401557 0.00753464155925 0.00068053
pedestrian -1 -1 -10 1120.1 169.65 1190.71 345.05 1.90479082406 1.19886853972 0.825999722356 2.84513025119 1.3964423379 3.54807859558 0.00753464155925 0.00059949
pedestrian -1 -1 -10 439.5 175.1 453.223 214.707 2.71570186185 0.755917704249 0.906999787206 -7.15372498058 1.69171243919 32.1254804151 0.00753464155925 0.00059422
pedestrian -1 -1 -10 296.9 78.52 348.632 211.99 1.51183399534 0.934897996884 0.550999949588 -5.1518268351 0.827076874252 13.3892029442 0.00753464155925 0.00034441
pedestrian -1 -1 -10 725.68 125.09 751.704 172.374 1.6088233484 1.18586995234 0.121999941673 2.12550709458 0.975163814318 11.4691386114 0.00753464155925 0.0002853
pedestrian -1 -1 -10 522.74 155.68 536.011 198.504 0.100988957758 0.0440015270698 0.114999735915 -7.26258317255 0.0428549662815 68.8614242404 0.00753464155925 0.00024634
pedestrian -1 -1 -10 1050.7 148.23 1069.35 198.616 1.92078907001 1.19786872174 0.699999833405 2.72150637521 1.41315781012 3.99644277164 0.00753464155925 0.00016899
pedestrian -1 -1 -10 293.29 113.88 313.194 173.863 1.43284267271 0.720920737255 0.155000162361 -4.93460107116 0.777807038228 11.6914767771 0.00753464155925 0.00015282
pedestrian -1 -1 -10 1055.5 137.0 1074.44 192.443 1.84079789984 1.19686914215 0.656999863734 2.74257173167 1.33434403536 3.94235122985 0.00753464155925 8.5464e-05
pedestrian -1 -1 -10 637.06 154.29 653.567 201.231 0.712921723961 0.159982320552 0.117999875187 1.98220959791 0.743695021021 35.3333055617 0.00753464155925 7.7126e-05
pedestrian -1 -1 -10 834.61 113.13 864.968 177.11 1.67981559276 1.19886853972 0.180999938872 2.34183073059 1.12659869439 6.91466419037 0.00753464155925 6.9087e-05
pedestrian -1 -1 -10 305.16 116.33 395.853 281.98 1.51783331895 1.18686929354 0.162000129701 -4.95253069982 0.819395901367 14.0269475233 0.00753464155925 6.8159e-05
pedestrian -1 -1 -10 591.99 158.13 606.677 199.492 0.381958064794 0.245975249452 0.180999998476 -0.17954803781 -0.0222985584577 55.1692179831 0.00753464155925 6.4527e-05
pedestrian -1 -1 -10 1053.5 152.49 1076.12 214.339 1.9377872529 1.19786848335 0.701999687834 2.72008352686 1.43131276294 3.93930263591 0.00753464155925 3.7454e-05
pedestrian -1 -1 -10 1043.5 130.2 1073.41 205.696 1.87879368556 1.19886877812 0.656999863734 2.7432219659 1.37059837152 4.02710262374 0.00753464155925 2.4332e-05
pedestrian -1 -1 -10 325.94 107.16 372.468 217.2 1.51783331895 1.19686842697 0.162000129701 -4.9525683694 0.819321887221 14.0219480985 0.00753464155925 2.0212e-05
pedestrian -1 -1 -10 1176.1 305.33 1195.86 348.763 1.89879144085 1.19786896013 0.861999724687 2.86232554901 1.38885338371 3.44150224974 0.00753464155925 2.021e-05
pedestrian -1 -1 -10 318.45 175.64 378.987 288.96 1.53283165777 1.18687024711 0.248000069043 -4.99630833447 0.832886094032 13.923174719 0.00753464155925 1.0329e-05
pedestrian -1 -1 -10 0.0 297.34 21.33 355.256 2.35774112725 1.13087614885 1.06399932716 -5.37724088109 1.77631398853 6.43915190958 0.00753464155925 9.8871e-06
pedestrian -1 -1 -10 1054.7 135.09 1081.98 235.1 1.93378762436 1.19886853972 0.701999687834 2.71996552097 1.42708369655 3.92383443989 0.00753464155925 9.2925e-06
pedestrian -1 -1 -10 1046.8 147.18 1073.92 248.2 1.94578630138 1.19886877812 0.701999687834 2.7205480859 1.43822238118 4.00076461149 0.00753464155925 7.7563e-06
pedestrian -1 -1 -10 871.64 125.64 900.961 193.835 1.80180214739 1.19686842697 0.185000124567 2.38532062652 1.2596229028 6.17516813269 0.00753464155925 6.1523e-06
pedestrian -1 -1 -10 1054.8 113.14 1092.4 207.107 1.82879925262 1.19786872174 0.679999858601 2.75383792437 1.32188553854 3.91185770367 0.00753464155925 6.099e-06
pedestrian -1 -1 -10 0.0 275.72 30.919 361.513 2.35274174058 1.09288020468 1.03499953059 -5.36253890737 1.7727035887 6.46606125283 0.00753464155925 5.3361e-06
pedestrian -1 -1 -10 341.47 110.69 385.641 221.5 1.5798265481 1.18586995234 0.100999801236 -5.00431966066 0.864616604284 14.9177501043 0.00753464155925 1.3285e-06
pedestrian -1 -1 -10 517.01 156.62 537.725 209.832 0.591934988932 0.829909956611 0.799999707426 -1.92373916896 0.680091969934 15.9501044427 0.00753464155925 3.7403e-07
