pedestrian -1 -1 -10 854.66 134.73 866.816 177.644 0.617932036174 0.0619934829634 0.225000312594 15.5240573999 -0.703851642602 43.7041640831 0.00753464155925 0.065747
pedestrian -1 -1 -10 854.58 149.44 877.157 202.747 0.100988898159 0.150984435466 0.430000173547 19.3208663726 0.313343470959 52.7784293478 0.00753464155925 0.0036602
pedestrian -1 -1 -10 1055.7 171.06 1074.15 233.799 2.4487311567 0.462948625544 0.465000010246 10.9595151548 1.62356450506 16.9304572735 0.00753464155925 0.0025041
pedestrian -1 -1 -10 1061.7 161.72 1093.19 238.62 2.53172198868 0.473947100172 0.67100027525 11.0604967288 1.70640039008 16.9235837743 0.00753464155925 0.00077298
pedestrian -1 -1 -10 1044.4 152.25 1083.22 234.833 2.45473042071 0.462948625544 0.669000420821 11.0615143229 1.62948950542 16.9296454231 0.00753464155925 9.2893e-05
pedestrian -1 -1 -10 255.22 205.54 302.141 261.568 1.83179891443 1.18586995234 0.687999991574 -7.26229985446 1.71306152837 15.4571413741 0.00753464155925 6.8654e-05
pedestrian -1 -1 -10 273.34 207.93 291.101 253.751 1.80280205452 1.19086951905 0.434999809621 -7.13350319221 1.68850952977 15.7628620074 0.00753464155925 4.845e-05
pedestrian -1 -1 -10 309.39 212.17 323.968 269.805 2.3677399602 0.182980518148 0.179000322861 -5.12968956868 1.70484957086 12.6992824446 0.00753464155925 4.8249e-05
pedestrian -1 -1 -10 960.49 163.19 990.185 212.567 0.907900277618 0.703923354713 0.166999765774 15.4787953328 1.68390249023 30.0284199353 0.00753464155925 2.7179e-05
pedestrian -1 -1 -10 304.96 198.53 336.22 266.205 2.3677399602 0.182980518148 0.179000322861 -5.12968956868 1.70484957086 12.6992824446 0.00753464155925 1.1444e-05
pedestrian -1 -1 -10 794.08 196.36 847.375 267.732 0.128985880728 0.533941900734 0.0260000149293 8.66191683855 1.77378975089 27.2993047827 0.00753464155925 8.8004e-07
pedestrian -1 -1 -10 233.77 194.5 282.022 261.989 1.83279879176 1.19386849623 0.804999581918 -7.32507746805 1.70469630837 14.8896674197 0.00753464155925 7.4473e-07
