pedestrian -1 -1 -10 687.02 199.11 698.625 240.619 1.24486336469 1.14887430294 0.490999905966 2.25562219978 1.51672262828 18.2588853229 0.00753464155925 0.010874
pedestrian -1 -1 -10 691.33 198.96 702.474 243.422 1.25986170351 1.13787392118 0.602999741028 2.46044282786 1.51140726132 17.5709364815 0.00753464155925 0.0030476
pedestrian -1 -1 -10 695.13 199.39 707.712 244.471 1.43784208918 0.680927064256 0.585999786286 2.48281120256 1.68014567706 17.0140106251 0.00753464155925 0.00088854
pedestrian -1 -1 -10 679.62 193.83 692.155 236.492 0.698923232677 0.706923285455 0.069999911815 2.1804098053 1.60959803586 19.4582015138 0.00753464155925 0.00048952
pedestrian -1 -1 -10 1071.5 166.76 1097.15 213.615 1.72281085455 1.19686938054 0.968999566048 5.98709795086 1.07921888299 9.2025367721 0.00753464155925 0.00048692
pedestrian -1 -1 -10 632.35 137.03 656.586 193.443 0.580936217188 0.19997503998 0.563999837843 2.07261449866 0.701556283279 43.0933422168 0.00753464155925 0.000291
pedestrian -1 -1 -10 54.851 160.93 146.072 301.45 1.50983421087 0.988891505607 0.822999702293 -4.56655839978 1.62584468889 6.30097734308 0.00753464155925 0.0001375
pedestrian -1 -1 -10 643.21 144.65 662.956 192.805 0.32296454215 0.183977952209 0.291999965928 3.06248240621 0.487831434994 46.9346692429 0.00753464155925 4.0659e-05
pedestrian -1 -1 -10 697.97 195.95 712.885 247.874 1.43884198141 0.893903075546 0.706999562326 2.54211161342 1.68167954511 17.1200628697 0.00753464155925 3.3654e-05
pedestrian -1 -1 -10 45.555 88.74 191.095 311.85 1.7328097471 1.18287097517 0.546999763892 -10.7251686798 0.922586652376 15.7587398466 0.00753464155925 1.4132e-05
pedestrian -1 -1 -10 63.534 174.98 123.547 272.796 1.51083410311 1.05488426051 0.871999473671 -4.59130651385 1.62537404454 6.26817363808 0.00753464155925 9.3185e-06
pedestrian -1 -1 -10 87.777 164.19 171.669 312.09 1.79780256355 0.376959510924 0.896000111008 -7.93556396516 1.72469252954 12.3648632454 0.00753464155925 5.4569e-06
pedestrian -1 -1 -10 85.354 153.73 130.971 262.28 1.72981005549 1.1838693628 0.433999882406 -10.7527197954 0.918571531868 15.4864465601 0.00753464155925 5.1872e-06
pedestrian -1 -1 -10 615.9 138.6 650.919 183.277 0.0999890208244 0.0 0.0 1.23598516051 -0.0661291238762 46.1208673951 0.0 3.2116e-06
pedestrian -1 -1 -10 682.72 188.36 706.01 246.679 1.24986281096 1.15487416443 0.419999947727 2.36691007356 1.51230284485 17.9651076284 0.00753464155925 2.4025e-06
pedestrian -1 -1 -10 1035.6 100.12 1214.08 344.77 1.46283935035 1.19586908577 0.670999798413 6.07331586413 0.846994250403 8.17775941408 0.00753464155925 1.0985e-06
pedestrian -1 -1 -10 49.046 153.93 93.796 239.365 1.5568290714 1.16787227503 0.28999987308 -10.556807259 0.770613676251 14.4167336016 0.00753464155925 7.779e-07
pedestrian -1 -1 -10 282.83 190.12 340.686 282.061 1.23286458338 0.833908274984 1.19200002421 -5.00676276193 1.7339436582 12.4319896196 0.00753464155925 4.3056e-07
pedestrian -1 -1 -10 44.159 137.56 108.539 257.91 1.56382827234 1.19686938054 0.28999987308 -10.5555884049 0.780003471991 14.5781590008 0.00753464155925 2.3789e-07
pedestrian -1 -1 -10 658.25 173.56 692.625 230.55 0.372959049582 0.0689926856483 0.0350000751167 2.2269426724 1.51569655397 23.0443230342 0.00753464155925 8.7173e-08
pedestrian -1 -1 -10 727.79 199.5 760.922 266.725 1.50383491706 0.748917547994 0.72499992112 2.57457898325 1.6587638852 12.5355061624 0.00753464155925 3.0848e-08
pedestrian -1 -1 -10 280.02 155.35 351.871 258.22 0.710921961841 0.582936319528 1.09299960057 -5.63335146041 0.845825502419 13.4136286768 0.00753464155925 1.692e-08
pedestrian -1 -1 -10 39.161 165.37 82.445 249.428 1.54083079565 1.18687024711 0.28999987308 -10.5587634992 0.756773477462 14.1572989821 0.00753464155925 1.091e-08
pedestrian -1 -1 -10 269.83 205.43 311.32 287.279 1.47683779693 0.750918137536 1.19399940181 -5.32575185084 1.73236188134 12.3137056596 0.00753464155925 4.7643e-09
pedestrian -1 -1 -10 862.34 262.0 909.033 343.079 0.642929416536 0.409954934807 0.682999640245 3.28476091107 0.706243511873 9.01889871279 0.00753464155925 2.8652e-09
pedestrian -1 -1 -10 314.02 171.5 373.436 221.51 0.396956463212 0.902900960632 1.15000117385 -19.0679394512 -0.0518188012552 53.1322846789 0.00753464155925 8.614e-10
pedestrian -1 -1 -10 299.3 160.0 370.082 237.834 0.395956585877 1.00888834211 1.04999891564 -19.7380690862 -0.0554905162322 52.5863042935 0.00753464155925 5.9892e-10
pedestrian -1 -1 -10 259.75 213.4 298.279 303.034 1.5568290118 0.750918137536 1.18499958004 -5.52027091972 1.73250349158 12.3157613385 0.00753464155925 1.7612e-10
