pedestrian -1 -1 -10 104.29 153.45 133.186 240.846 1.71081213284 1.19786872174 0.717999834571 -2.32694374537 1.4427249948 3.01234899696 0.00753464155925 0.024805
pedestrian -1 -1 -10 17.319 132.02 232.349 362.35 1.89279211724 1.19886853972 0.749999889625 -2.3419433064 1.59960691251 3.13900392818 0.00753464155925 0.014214
pedestrian -1 -1 -10 107.05 147.61 150.967 252.81 1.72981010019 1.19886853972 0.732999696465 -2.33374073512 1.4630976526 3.10475196608 0.00753464155925 0.011814
pedestrian -1 -1 -10 0.0 164.91 108.56 350.23 1.88479309856 1.19886853972 1.00799970765 -2.47165773475 1.59029558177 3.04504703881 0.00753464155925 0.011186
pedestrian -1 -1 -10 117.2 100.79 265.7 335.45 1.72781022633 1.19786896013 0.690999773218 -2.34038483223 1.4676995692 3.55028058316 0.00753464155925 0.010079
pedestrian -1 -1 -10 711.18 170.41 730.974 227.235 2.64071004856 1.10887967638 0.810999860462 2.99182377761 1.88614153808 17.6501169067 0.00753464155925 0.0088278
pedestrian -1 -1 -10 712.16 175.92 743.111 249.373 2.61271312559 1.194868791 0.962999764342 2.73548105716 1.89676784053 16.9385861095 0.00753464155925 0.0028161
pedestrian -1 -1 -10 193.58 226.5 214.573 282.401 1.96178454733 1.18986970107 1.19299971301 -2.1299189815 1.67730756157 3.73534958446 0.00753464155925 0.0023359
pedestrian -1 -1 -10 153.92 211.75 191.668 301.22 1.84979690015 0.726920360346 0.886999812402 -2.48038293642 1.59956957964 4.07585871254 0.00753464155925 0.0012885
pedestrian -1 -1 -10 112.33 273.06 131.055 326.301 1.96178454733 1.19786872174 1.19599973307 -2.13612000644 1.66807189863 3.11144686304 0.00753464155925 0.0011677
pedestrian -1 -1 -10 175.58 248.01 194.498 302.366 1.88179340696 0.899901506675 0.923999741948 -2.46254318039 1.60127538578 3.98942390253 0.00753464155925 0.0011545
pedestrian -1 -1 -10 169.91 224.52 201.099 312.43 1.88179340696 0.899901506675 0.923999741948 -2.46254318039 1.60127538578 3.98942390253 0.00753464155925 0.0011402
pedestrian -1 -1 -10 832.48 251.32 862.681 333.587 2.29974743724 1.18586947556 0.691999700432 2.67495154494 1.74895742728 7.76314715784 0.00753464155925 0.00091001
pedestrian -1 -1 -10 47.998 158.67 118.501 355.15 1.89879150045 1.19886853972 0.943999835961 -2.43905168942 1.60545488345 3.12469151524 0.00753464155925 0.00057296
pedestrian -1 -1 -10 1012.2 163.43 1031.17 205.086 1.83079899239 1.19686890375 0.576999726098 2.69288471803 1.50547363882 5.16328702607 0.00753464155925 0.00033081
pedestrian -1 -1 -10 703.13 181.86 729.274 251.36 2.65470851004 1.19587003934 1.1039997536 2.69543857501 1.90361605508 17.3996606024 0.00753464155925 0.0003258
pedestrian -1 -1 -10 107.32 262.37 145.89 323.797 1.96178454733 1.19786872174 1.18499958004 -2.13047694404 1.66834914228 3.13040291443 0.00753464155925 0.00022553
pedestrian -1 -1 -10 707.04 214.79 718.816 259.372 2.46572925019 1.18887083665 0.909999807268 2.59416600323 1.93511899664 16.8199778371 0.00753464155925 0.00021284
pedestrian -1 -1 -10 702.78 170.55 724.078 216.027 2.55271971071 1.18886892951 1.14199972957 2.52337851491 1.83177423483 16.8626905838 0.00753464155925 0.0002012
pedestrian -1 -1 -10 166.46 119.33 237.033 271.74 1.6838151468 1.19886853972 0.687999753155 -2.33819402459 1.42508743067 3.64408218495 0.00753464155925 0.00011556
pedestrian -1 -1 -10 196.49 198.53 229.94 282.033 1.89279211724 0.957895240911 0.77699971256 -2.38526049964 1.61178839752 3.95976332396 0.00753464155925 8.7485e-05
pedestrian -1 -1 -10 702.6 194.13 717.734 233.58 2.61671269452 1.11387638238 1.06199959194 2.48368182784 1.89635144067 16.9000129036 0.00753464155925 6.4484e-05
pedestrian -1 -1 -10 707.09 204.9 727.047 256.331 2.50172531104 1.16887066266 1.17099964536 2.64851415683 1.90075529005 17.2033967481 0.00753464155925 4.5968e-05
pedestrian -1 -1 -10 691.05 118.18 725.943 177.732 1.54783005619 1.15587350563 0.997999720249 2.4491609086 0.823184584646 16.6172090237 0.00753464155925 3.5123e-05
pedestrian -1 -1 -10 113.32 240.14 153.943 309.205 1.96178454733 1.19686866536 1.19599973307 -2.1355813441 1.66913027586 3.18293694514 0.00753464155925 2.8941e-05
pedestrian -1 -1 -10 1148.9 214.67 1222.73 359.05 2.17776091241 1.19886853972 0.937999676627 2.85137287367 1.67174901995 3.43396092696 0.00753464155925 2.6789e-05
pedestrian -1 -1 -10 132.91 210.58 172.31 316.92 1.96178454733 1.19886853972 1.18899976573 -2.13115480868 1.67094843431 3.30589367294 0.00753464155925 1.0901e-05
pedestrian -1 -1 -10 58.648 188.94 95.495 281.251 1.88479309856 1.19686890375 0.938999723051 -2.43687997082 1.59081815451 3.08178230568 0.00753464155925 1.0466e-05
pedestrian -1 -1 -10 211.47 130.11 262.897 235.27 1.64681914902 1.05288462454 0.687999753155 -2.33617885396 1.39207330359 3.91331907661 0.00753464155925 2.5275e-06
pedestrian -1 -1 -10 1209.3 319.55 1242.04 375.0 1.57782680833 1.19686890375 0.885999646769 2.79714096336 1.66703527892 3.10895407427 0.00753464155925 3.6921e-07
pedestrian -1 -1 -10 75.944 209.54 133.808 347.87 1.96178454733 1.19786896013 1.19799970671 -2.29817367117 1.67004088767 3.23765611972 0.00753464155925 2.1169e-07
