pedestrian -1 -1 -10 726.6 138.88 739.756 174.091 0.0999890208244 0.0 0.0 10.149241514 -1.41245608813 57.1501686029 0.0 0.0099114
pedestrian -1 -1 -10 890.98 123.42 908.89 172.839 1.19986827373 0.360960516013 0.409999721906 13.355127314 0.0866534765066 32.8411105745 0.00753464155925 0.0018527
pedestrian -1 -1 -10 1057.6 126.46 1070.68 177.011 0.107988277897 0.57093659656 0.450000625189 29.0127436288 -1.45635044999 45.7196854478 0.00753464155925 0.0017325
pedestrian -1 -1 -10 683.37 140.21 696.733 177.891 0.273969926952 0.688923701002 0.418999543675 4.56886781339 0.311380381486 36.1625842388 0.00753464155925 0.0013422
pedestrian -1 -1 -10 597.53 156.16 609.232 189.277 0.333963326931 0.271969563511 0.422999882108 0.00573462074022 0.109162125151 33.3935175637 0.00753464155925 0.00044753
pedestrian -1 -1 -10 673.05 140.63 691.405 179.229 0.270970250248 0.734920096194 0.412000053172 4.14868656664 0.301461064129 35.5427897052 0.00753464155925 0.00036986
pedestrian -1 -1 -10 883.88 129.23 901.164 171.313 1.19986827373 0.360960516013 0.409999721906 13.355127314 0.0866534765066 32.8411105745 0.00753464155925 0.00035875
pedestrian -1 -1 -10 593.1 252.08 614.202 293.286 1.11087805855 1.19086999584 1.06299966817 -0.0130390091066 1.70407481968 7.9207849867 0.00753464155925 0.00031333
pedestrian -1 -1 -10 588.09 253.25 607.867 299.937 1.10287892067 1.19386897301 1.08699964985 -0.0850000068752 1.69424005665 7.79389593443 0.00753464155925 0.00024462
pedestrian -1 -1 -10 677.09 142.31 703.158 179.245 0.273969926952 0.688923701002 0.418999543675 4.56886781339 0.311380381486 36.1625842388 0.00753464155925 0.00022111
pedestrian -1 -1 -10 1043.4 126.39 1066.91 189.242 0.107988277897 0.57093659656 0.450000625189 29.0127436288 -1.45635044999 45.7196854478 0.00753464155925 0.00018137
pedestrian -1 -1 -10 1048.8 117.83 1079.78 195.897 0.234974189402 0.145983915182 0.153999281472 15.1662935232 0.110282515945 23.9022411843 0.00753464155925 0.00015578
pedestrian -1 -1 -10 1040.7 131.49 1069.82 226.337 0.100988913059 0.0559955286189 0.199999748043 11.1592270844 0.276014409221 17.7721395761 0.00753464155925 0.00012474
pedestrian -1 -1 -10 470.42 309.37 489.793 350.667 1.98578199076 1.02788822133 1.19199978579 -2.69362083094 3.19848405085 15.2608469548 0.00753464155925 0.00010566
pedestrian -1 -1 -10 603.61 248.62 622.709 289.524 1.11487756789 1.19486926778 1.03799969966 0.117897465888 1.71080731896 8.1107546822 0.00753464155925 7.0535e-05
pedestrian -1 -1 -10 589.11 245.98 629.094 295.549 1.11587750482 1.19286915503 0.998999677266 0.0755852848292 1.71023880141 8.00307437147 0.00753464155925 2.2167e-05
pedestrian -1 -1 -10 1151.3 154.28 1216.21 239.281 1.24386344266 1.0738822326 1.14999974334 3.98073992652 1.34322898138 4.92710946155 0.00753464155925 2.8967e-06
pedestrian -1 -1 -10 915.94 132.34 944.609 224.264 0.100988898159 0.288969806762 0.598999793751 15.5496686659 0.109019450803 35.0424187567 0.00753464155925 1.3728e-07
