pedestrian -1 -1 -10 1224.4 123.18 1238.54 171.155 1.53883098138 0.845907997952 0.718999642576 19.4193153114 0.662986610199 21.9714027635 0.00753464155925 0.025786
pedestrian -1 -1 -10 812.24 178.6 847.149 219.563 0.300966942788 0.29996732782 0.219999722847 4.66011217922 0.554583084012 14.9730728632 0.00753464155925 0.017396
pedestrian -1 -1 -10 825.57 179.07 841.992 216.877 0.300966942788 0.29996732782 0.219999722847 4.66011217922 0.554583084012 14.9730728632 0.00753464155925 0.008588
pedestrian -1 -1 -10 804.72 178.92 848.712 247.006 0.444951171276 0.907900527346 1.09099974614 3.92925491124 0.876543379233 12.7775753995 0.00753464155925 0.00073761
pedestrian -1 -1 -10 782.94 175.77 860.418 258.229 0.466948711039 0.907900527346 1.05599967102 3.84476391782 0.898602441331 12.7780482785 0.00753464155925 0.00010506
pedestrian -1 -1 -10 0.0 197.39 42.125 292.963 2.1167675308 1.18287097517 0.470999573534 -7.54015847365 1.45056214592 9.20286670398 0.00753464155925 2.3139e-05
pedestrian -1 -1 -10 161.28 90.447 259.821 268.487 0.254972004294 0.0399946265682 0.0430002080895 -10.488252668 -0.0562009863821 19.3585021243 0.00753464155925 2.1363e-05
pedestrian -1 -1 -10 0.0 16.972 220.4 330.972 1.77680488622 1.1808713392 0.297999767635 -7.98634335687 1.07619680356 11.6585922245 0.00753464155925 3.9316e-06
pedestrian -1 -1 -10 196.72 100.49 250.24 246.55 2.08377116156 1.18786958831 0.346000565472 -8.86514849333 1.29289084344 16.5994581692 0.00753464155925 2.2904e-07
pedestrian -1 -1 -10 804.48 161.56 866.209 303.39 1.44584122706 1.194868791 1.01199965493 1.64666270737 1.70525881478 5.0333443766 0.00753464155925 1.3903e-07
pedestrian -1 -1 -10 0.0 90.036 48.85 183.368 1.5018351028 1.18886892951 0.470999573534 -7.54024260678 0.835836951872 9.22141803333 0.00753464155925 3.8805e-08
pedestrian -1 -1 -10 760.92 182.31 829.549 274.213 0.484946771262 0.724920009198 0.644999783484 3.51283193781 0.978880176004 12.7149853117 0.00753464155925 1.7105e-08
pedestrian -1 -1 -10 15.702 46.367 124.222 298.637 1.69981337785 1.18786958831 0.452000002781 -7.72926852595 1.01951898868 10.3402425551 0.00753464155925 6.7525e-09
pedestrian -1 -1 -10 1012.2 236.98 1080.55 341.69 0.771915231706 0.731920165452 0.95799988985 5.21412738477 1.65756599324 8.64218412423 0.00753464155925 3.324e-11
