pedestrian -1 -1 -10 372.53 183.62 404.785 251.611 1.48583688664 1.11787756146 0.743999730291 -4.83013391589 1.69749818569 15.7205241409 0.00753464155925 0.21057
pedestrian -1 -1 -10 7.446 178.68 35.427 232.523 0.0999890208244 0.273968245912 0.326999564208 -41.8591808409 0.318382392451 53.069802071 0.00753464155924 0.028393
pedestrian -1 -1 -10 502.39 173.01 513.259 201.193 2.44873103751 0.205978715744 0.35200012876 -5.18023944015 1.31815690603 38.5190496374 0.00753464155925 0.0093163
pedestrian -1 -1 -10 363.37 184.41 386.657 250.32 1.48583688664 1.15187423369 0.743999730291 -4.83000584073 1.69774983096 15.7375219945 0.00753464155925 0.0063801
pedestrian -1 -1 -10 372.75 219.76 390.701 256.456 1.3028569802 0.663926821005 0.495000210871 -4.83828771685 1.69414274953 15.4922492291 0.00753464155925 0.00012279
pedestrian -1 -1 -10 380.21 177.02 405.57 231.609 1.48583688664 1.19087047262 0.743999730291 -4.82963292045 1.69848255406 15.7870151558 0.00753464155925 0.00012135
pedestrian -1 -1 -10 388.59 177.82 428.444 243.049 1.01088901388 1.1728699346 0.564999884267 -4.73498265636 1.62935853999 16.4549022361 0.00753464155925 0.00011247
pedestrian -1 -1 -10 360.34 168.31 414.784 261.181 1.48583688664 1.1468737134 0.743999730291 -4.83002467912 1.69771281683 15.7350218054 0.00753464155925 9.0213e-05
pedestrian -1 -1 -10 376.14 207.59 396.99 251.623 1.48583688664 1.15187423369 0.743999730291 -4.83000584073 1.69774983096 15.7375219945 0.00753464155925 5.0738e-05
pedestrian -1 -1 -10 308.95 164.63 334.852 230.166 1.23686418212 1.10887776924 0.199999748043 -11.1923120352 1.92491399521 28.4465023129 0.00753464155925 1.9216e-05
pedestrian -1 -1 -10 118.55 190.15 146.48 234.136 0.361960220102 0.0829910910181 0.138999896415 -28.1046902363 1.71186758836 42.7265645231 0.00753464155925 2.4486e-06
pedestrian -1 -1 -10 168.11 168.25 185.865 205.64 0.361960257351 0.307964918136 0.857999538991 -27.8508575242 0.528801965384 47.5363270974 0.00753464155925 1.4741e-06
