pedestrian -1 -1 -10 772.22 144.97 802.436 197.83 1.64381947232 1.03588771879 1.15599978346 6.13175364965 1.22851364866 24.4892612677 0.00753464155925 0.0054849
pedestrian -1 -1 -10 780.9 141.5 795.594 194.324 1.49483584225 1.12387742295 1.12199939714 6.19437463023 1.07883284511 24.4458968266 0.00753464155925 0.003656
pedestrian -1 -1 -10 767.93 145.99 792.188 190.495 1.65681805647 1.04088633193 1.17399990384 6.01182918836 1.24566435388 24.7645459071 0.00753464155925 0.00043994
pedestrian -1 -1 -10 746.47 172.63 760.572 209.926 1.85179669952 0.504943841654 0.907999714421 5.65950409111 1.23469220677 27.6572043538 0.00753464155925 0.00034671
pedestrian -1 -1 -10 107.69 188.45 125.508 235.846 1.55782897853 1.18686929354 0.517000040104 -7.21569155285 1.35775934523 10.4418300163 0.00753464155925 0.00028872
pedestrian -1 -1 -10 838.76 253.04 862.657 310.767 2.11776746774 1.18187020361 0.758999830603 2.96401304499 1.55292150058 8.24559074537 0.00753464155925 0.00020971
pedestrian -1 -1 -10 840.75 214.3 859.246 266.537 2.11776746774 1.19086999584 0.767999890791 2.96840371094 1.55270359308 8.23105922364 0.00753464155925 0.00010394
pedestrian -1 -1 -10 741.77 168.03 755.442 208.66 1.85179669952 0.504943841654 0.864999506331 5.63800459561 1.23470786043 27.6573661161 0.00753464155925 2.4833e-05
pedestrian -1 -1 -10 111.64 128.41 153.659 223.982 2.01377885413 1.19686938054 0.521999676177 -7.10235242723 1.33960316405 10.7096563181 0.00753464155925 2.3279e-05
pedestrian -1 -1 -10 248.31 148.29 337.227 232.961 1.35385135007 1.19486974457 0.468000268727 -6.73704949318 0.620451969761 15.1722809572 0.00753464155925 1.2128e-05
pedestrian -1 -1 -10 290.07 155.37 354.274 236.469 1.20686750447 1.1688725698 0.355999837618 -6.63240808265 0.456453017196 16.5950290421 0.00753464155925 3.0881e-08
