pedestrian -1 -1 -10 404.42 175.88 427.756 222.106 2.36873983753 0.824910389897 0.195999562347 -6.31198740234 1.49164570185 23.9159004906 0.00753464155925 0.0030097
pedestrian -1 -1 -10 412.95 170.97 431.494 219.385 2.38473811329 0.681924498318 0.117999994396 -6.64217461761 1.47408591871 25.7555203431 0.00753464155925 0.0020448
pedestrian -1 -1 -10 418.41 165.0 437.57 213.256 2.35474143565 0.862904426924 0.384000183814 -6.82953757151 1.4111160344 27.573393048 0.00753464155925 0.00082766
pedestrian -1 -1 -10 428.31 160.2 441.899 209.212 1.85879596006 1.18486965757 0.316999815224 -6.79014508912 0.912109609977 28.1148860581 0.00753464155925 0.00056499
pedestrian -1 -1 -10 781.69 143.74 797.261 189.109 1.91079023706 0.637928692667 0.699999833405 4.30686491874 1.17900582601 16.9526784389 0.00753464155925 0.00038079
pedestrian -1 -1 -10 403.44 168.44 436.773 233.518 2.38473811329 0.773915381562 0.117999994396 -6.6425211735 1.47340499704 25.7095262071 0.00753464155925 0.0003674
pedestrian -1 -1 -10 422.05 160.27 445.195 222.137 2.36574026513 1.07788293489 0.386000038243 -6.8259607583 1.41618515538 27.9159194602 0.00753464155925 0.00028709
pedestrian -1 -1 -10 35.334 92.986 70.805 172.426 1.49983528853 1.19386897301 0.504999959854 -6.49393812854 0.866913294851 8.32443690701 0.00753464155925 0.00016527
pedestrian -1 -1 -10 292.09 123.7 315.017 176.594 0.941896594969 1.17787140845 0.217999868418 -6.43267393852 0.199230312837 15.5077206118 0.00753464155925 0.00010312
pedestrian -1 -1 -10 820.99 152.73 845.587 212.807 1.09288001323 0.697923493229 0.638999743359 8.34383533959 0.149848200017 26.3637436259 0.00753464155925 4.6206e-05
pedestrian -1 -1 -10 149.25 257.02 198.112 338.453 1.13587534951 1.02288817783 0.699999833405 -3.83034573207 1.68435169459 6.76786134062 0.00753464155925 3.2626e-05
pedestrian -1 -1 -10 244.55 143.92 305.946 228.371 0.953895260811 1.12687640012 0.0999998740214 -6.4251731706 0.270506530581 13.9729854318 0.00753464155925 9.0258e-07
pedestrian -1 -1 -10 764.84 168.21 801.98 229.436 0.789913262129 0.206976149805 0.691999938851 4.30229216029 1.19176996682 18.5489481104 0.00753464155925 8.9455e-07
pedestrian -1 -1 -10 800.19 189.17 836.019 281.146 0.442951357008 1.05088451179 0.665999685503 3.00987481865 1.31819519935 11.1592263968 0.00753464155925 7.8883e-08
pedestrian -1 -1 -10 1153.0 137.35 1204.56 272.13 1.28185922837 0.775915017533 1.19399964022 4.40680469561 0.905480654012 5.77577769338 0.00753464155925 7.4926e-08
pedestrian -1 -1 -10 1173.0 119.47 1234.13 228.08 0.270970249317 0.211976670088 0.323999782564 5.97642186831 0.191683290473 7.0682151681 0.00753464155925 1.4307e-08
pedestrian -1 -1 -10 979.5 234.25 1053.82 357.88 1.70381288719 1.07088277864 1.19899951472 3.20251945271 1.51316514528 5.77047738058 0.00753464155925 8.0082e-09
pedestrian -1 -1 -10 972.21 113.16 1062.97 374.32 1.65381842446 0.894901939962 1.19699966029 3.12687461247 1.51291706771 5.68266874683 0.00753464155925 2.5321e-09
pedestrian -1 -1 -10 1013.7 159.31 1082.7 266.98 1.74180877721 0.979892666951 1.19899975313 3.41815318327 1.50333541195 5.72377308881 0.00753464155925 1.8841e-09
pedestrian -1 -1 -10 994.4 187.11 1056.89 331.93 1.65681809744 0.894901939962 1.1979995875 3.17937219506 1.51287884386 5.68229595913 0.00753464155925 8.0104e-12
