pedestrian -1 -1 -10 242.61 145.98 261.047 194.389 1.61882230055 0.663928728145 0.635999484878 -11.9197669207 0.680310652884 24.6732119156 0.00753464155925 0.59465
pedestrian -1 -1 -10 240.17 143.1 270.352 202.557 1.61882230055 0.663928728145 0.635999484878 -11.9197669207 0.680310652884 24.6732119156 0.00753464155925 0.17705
pedestrian -1 -1 -10 234.58 147.43 253.638 195.135 0.557938800089 0.0979888375887 0.981998143002 -18.0983987769 -0.659422100519 36.2543392755 0.00753464155925 0.022662
pedestrian -1 -1 -10 228.3 143.86 264.795 214.514 0.557938800089 0.0979888375887 0.981998143002 -18.0983987769 -0.659422100519 36.2543392755 0.00753464155925 0.0018661
pedestrian -1 -1 -10 406.11 150.7 429.524 201.248 0.566937755703 0.272972718991 0.0539998842878 -10.3769922963 -0.625749618496 39.9977512088 0.00753464155925 0.00040971
pedestrian -1 -1 -10 225.34 138.88 282.336 234.354 1.61882230055 0.663928728145 0.635999484878 -11.9197669207 0.680310652884 24.6732119156 0.00753464155925 0.00017412
pedestrian -1 -1 -10 339.25 198.85 363.745 254.955 1.28585885691 1.16387204951 0.912999827331 -4.50825536903 1.78462033099 12.2958573239 0.00753464155925 6.2054e-05
pedestrian -1 -1 -10 231.76 159.56 252.667 213.099 0.417954097704 0.238972232488 0.573999229199 -12.6937329725 0.331472252152 25.3209080786 0.00753464155925 2.9317e-05
pedestrian -1 -1 -10 335.09 186.29 354.885 237.358 1.39184716559 1.1828700216 1.16199934675 -4.72086814577 1.66859912223 12.9625528272 0.00753464155925 2.0954e-05
pedestrian -1 -1 -10 198.6 158.77 272.764 257.948 0.466948740838 0.964894443595 1.03799978907 -9.36401213863 0.794789603855 18.1843424968 0.00753464155925 9.3329e-07
pedestrian -1 -1 -10 143.27 181.43 190.574 249.801 0.367959603309 0.489946095083 0.864999983168 -5.11873450242 0.639874965047 8.84513176907 0.00753464155925 1.9807e-07
pedestrian -1 -1 -10 154.21 186.6 208.095 262.529 0.472948064447 0.616932991752 0.876999586581 -9.98396045411 0.882436652567 17.1886221136 0.00753464155925 9.6599e-08
pedestrian -1 -1 -10 25.065 213.17 91.098 341.59 1.18586978245 0.780914584247 1.09399952778 -9.88453223199 1.56667993465 13.2924841318 0.00753464155925 4.2842e-08
