pedestrian -1 -1 -10 1066.0 237.0 1089.38 289.975 0.472948094246 0.201978490231 0.288000018651 6.24559121318 1.50764240832 9.36451952827 0.00753464155925 0.0028383
pedestrian -1 -1 -10 960.98 219.2 973.872 263.367 0.451950372219 0.161982910093 0.230999875882 6.21586704602 1.54345977935 12.2544564434 0.00753464155925 0.0019602
pedestrian -1 -1 -10 92.308 207.73 115.594 262.492 1.33085387337 1.0548847373 0.32100000092 -14.5876622965 2.4267045174 20.8593026453 0.00753464155925 0.0014661
pedestrian -1 -1 -10 887.84 203.13 904.231 246.627 1.22086589891 0.516943564622 0.733999981307 8.75615630965 1.48367951998 21.4306603737 0.00753464155925 0.00097675
pedestrian -1 -1 -10 105.53 196.99 122.127 241.44 0.611932772163 0.206978056945 0.413999430765 -26.0340155441 1.79491411496 38.3599812264 0.00753464155925 0.00035478
pedestrian -1 -1 -10 1228.2 256.64 1242.01 307.712 2.10676863826 0.325964502588 0.449000221137 6.94247878113 1.47535309051 7.90063746236 0.00753464155925 0.0002456
pedestrian -1 -1 -10 1231.5 123.0 1241.8 188.83 1.80280211412 0.325964502588 0.449000221137 6.94238505766 1.17138656637 7.90288820926 0.00753464155925 0.00016867
pedestrian -1 -1 -10 1063.9 217.77 1099.44 285.06 0.63293049419 0.511943997908 1.06599965843 7.81247417917 1.42988788512 12.1494339532 0.00753464155925 7.0956e-05
pedestrian -1 -1 -10 1228.7 97.557 1241.95 150.352 1.45684008634 0.325964502588 0.449000221137 6.9422783855 0.825424538588 7.90544991557 0.00753464155925 5.683e-05
pedestrian -1 -1 -10 21.244 237.76 46.953 288.086 0.334963234065 1.02788726776 0.411999576335 -11.4881065919 1.30523503216 14.1367541124 0.00753464155925 5.5496e-05
pedestrian -1 -1 -10 1059.4 209.03 1085.85 268.711 0.63293049419 0.636930305036 1.12899936448 7.69744789259 1.43089713356 12.212794334 0.00753464155925 5.3637e-05
pedestrian -1 -1 -10 1222.7 214.14 1241.98 314.2 2.10676863826 0.325964502588 0.449000221137 6.94247878113 1.47535309051 7.90063746236 0.00753464155925 6.1693e-06
pedestrian -1 -1 -10 1116.2 147.86 1220.85 212.68 1.03788602227 0.159984227692 1.125999106 24.5819583926 0.492418212449 31.5326463996 0.00753464155926 1.9904e-07
pedestrian -1 -1 -10 31.891 195.32 82.181 269.832 0.118986868985 0.328962526191 0.0169992394863 -14.4570743917 1.70937003114 19.3527600215 0.00753464155925 1.5538e-07
pedestrian -1 -1 -10 1083.2 170.2 1142.76 244.926 0.37695864832 0.660927843833 0.402000304189 8.90937249216 0.698602545501 12.8546980331 0.00753464155925 2.8507e-08
pedestrian -1 -1 -10 1102.6 166.67 1157.08 236.175 0.314965404273 0.17198108995 0.62999992159 9.44234033277 0.556235299915 13.2578873896 0.00753464155925 2.9561e-09
