pedestrian -1 -1 -10 338.89 169.09 358.263 211.466 0.325964218854 0.200978195461 0.502999151751 -14.700159352 -0.10621059855 40.7939574383 0.00753464155925 0.0067606
pedestrian -1 -1 -10 218.23 144.54 235.962 189.78 1.9867818681 1.09388192981 0.151999427043 -14.3963149885 0.958084272269 27.3918565058 0.00753464155925 0.0020847
pedestrian -1 -1 -10 553.78 159.85 567.985 198.651 0.338962803004 0.295969009447 0.595999773688 -2.88342316728 1.61772373956 46.063737043 0.00753464155925 0.0020639
pedestrian -1 -1 -10 622.79 174.27 638.781 213.496 1.46783880407 0.830910251382 0.577999832127 0.954828472488 1.92315071731 36.8038775797 0.00753464155925 0.0020261
pedestrian -1 -1 -10 324.7 129.87 343.212 177.446 0.57493689358 0.694923562487 0.0710000774481 -14.4790190799 -0.637717638281 38.7487200902 0.00753464155925 0.0010493
pedestrian -1 -1 -10 738.21 156.72 756.983 200.038 1.33285366529 0.553940167588 0.393999932798 5.70795043458 0.37120666397 28.4393876839 0.00753464155925 0.0004313
pedestrian -1 -1 -10 736.57 172.26 757.289 221.657 1.32985397369 0.515944223421 0.343999757368 5.73280759804 0.370907213961 28.4201799442 0.00753464155925 0.00033399
pedestrian -1 -1 -10 384.93 132.37 408.036 190.061 0.364959911706 0.0539911247983 0.0679998189671 -14.4230611711 -0.0613294577912 49.5091958408 0.00753464155925 0.00021177
pedestrian -1 -1 -10 610.62 173.0 639.901 216.663 1.46783880407 0.753919021848 0.577999832127 0.954538424574 1.92258082392 36.7653830576 0.00753464155925 0.0001102
pedestrian -1 -1 -10 361.57 108.39 413.755 203.209 0.346961881282 0.539941762218 0.499999846944 -14.5975474915 -0.708036508128 48.3107831612 0.00753464155925 8.159e-05
pedestrian -1 -1 -10 332.87 142.91 362.995 214.21 0.59193498707 0.702922106372 0.501000250996 -14.6986804855 -0.659343812251 40.7911016764 0.00753464155925 6.611e-05
pedestrian -1 -1 -10 230.35 135.82 249.293 187.291 1.69781362318 1.18687024711 0.716000337769 -14.6949189504 0.635837383707 29.4565220348 0.00753464155925 6.0071e-05
pedestrian -1 -1 -10 385.59 117.84 425.13 194.176 0.378958373191 0.0369946958261 0.015000338731 -14.4098741203 -0.0466668124769 52.3908808707 0.00753464155925 1.166e-05
pedestrian -1 -1 -10 564.82 164.83 575.463 196.041 0.376958596171 0.259969840542 0.389999747102 -3.02279141374 0.680388942895 58.4686550414 0.00753464155925 7.0363e-06
pedestrian -1 -1 -10 1134.0 170.88 1192.66 267.181 1.36485010505 1.14887406455 1.15399969062 2.79553977415 1.40890596943 3.7082934912 0.00753464155925 5.7024e-07
pedestrian -1 -1 -10 1166.3 165.96 1230.83 246.304 1.49383596492 1.19686890375 0.633999630449 5.7873754513 0.886605382125 6.78886476067 0.00753464155925 1.1537e-07
