pedestrian -1 -1 -10 1131.1 132.74 1148.78 179.938 1.64881891859 1.19786872174 0.641000551462 9.68210175927 0.884123967719 12.660016901 0.00753464155925 0.059313
pedestrian -1 -1 -10 280.63 199.3 316.501 258.596 1.09987919927 0.945896471512 0.497999992515 -6.1232823619 1.55041995262 14.1063645827 0.00753464155925 0.013159
pedestrian -1 -1 -10 296.95 203.21 313.163 258.096 1.20086812127 1.12587705892 0.50900014555 -6.22666128958 1.57962250645 14.6565342768 0.00753464155925 0.011808
pedestrian -1 -1 -10 774.18 150.44 790.869 192.342 0.0999890208244 0.0 0.0 9.24913649646 0.364770818229 39.5562126272 0.0 0.0074831
pedestrian -1 -1 -10 1138.5 129.04 1158.8 176.073 1.64881891859 1.18687024711 0.820999847864 9.77229850245 0.884450703626 12.6858358556 0.00753464155925 0.0050141
pedestrian -1 -1 -10 1124.9 133.15 1161.66 178.89 1.62182193255 1.19686938054 0.853999830133 9.79006612344 0.852958868331 12.855991897 0.00753464155925 0.0038536
pedestrian -1 -1 -10 1126.0 138.25 1140.38 178.226 1.62182193255 1.19287010859 0.770000222057 9.74920510382 0.85522462366 13.0072870909 0.00753464155925 0.0029285
pedestrian -1 -1 -10 189.13 203.85 226.086 278.456 2.33374371362 1.19586908577 0.818999516598 -7.22464672454 1.61228544178 13.3847788799 0.00753464155925 0.0022796
pedestrian -1 -1 -10 768.24 147.76 783.04 186.104 0.0999890208244 0.0 0.0 9.24913649646 0.364770818229 39.5562126272 0.0 0.0017808
pedestrian -1 -1 -10 748.2 149.67 764.967 202.555 0.365959848639 0.0489944187943 0.0919999794671 10.6186223734 -0.0611498572048 50.8342259505 0.00753464155925 0.0014166
pedestrian -1 -1 -10 783.36 151.91 800.715 198.025 1.07588184524 0.69992408277 0.388999819887 7.05111357346 0.996103900049 26.4558431386 0.00753464155925 0.00099419
pedestrian -1 -1 -10 760.55 149.9 790.511 199.277 0.352961264489 0.325964502588 0.580999196539 10.8116434225 -0.0764117653084 47.4479357025 0.00753464155925 0.00098066
pedestrian -1 -1 -10 160.53 219.03 185.386 281.375 2.33574358749 1.17687111368 1.08599963323 -7.24918532913 1.62849304046 12.1820728386 0.00753464155925 0.00077119
pedestrian -1 -1 -10 758.65 151.97 776.44 196.349 0.352961264489 0.325964502588 0.580999196539 10.8116434225 -0.0764117653084 47.4479357025 0.00753464155925 0.00059389
pedestrian -1 -1 -10 1135.4 125.71 1152.46 166.82 1.64881891859 1.18687024711 0.664999758288 9.69396164629 0.883841380197 12.6414288421 0.00753464155925 0.0005424
pedestrian -1 -1 -10 189.42 219.01 206.838 271.668 2.35174168445 1.19086951905 0.967999638833 -7.3013146027 1.63505133782 13.0956120834 0.00753464155925 0.00035795
pedestrian -1 -1 -10 1147.5 123.48 1162.31 171.287 1.7358094387 1.18087038563 0.770000222057 9.74539407096 0.979631283925 12.4942470582 0.00753464155925 0.00032689
pedestrian -1 -1 -10 1064.3 132.48 1096.15 203.762 1.61482267201 0.596934724898 0.268999971062 9.81049976801 0.83541843324 14.5762834007 0.00753464155925 0.00016506
pedestrian -1 -1 -10 738.44 144.33 757.788 196.328 0.49094609487 0.536941831476 0.62999992159 6.04615244798 0.0776157470635 31.1108229493 0.00753464155925 0.0001301
pedestrian -1 -1 -10 1124.3 119.77 1146.09 167.815 1.53883104098 1.17487147771 0.881999699491 9.80658401089 0.770961453924 13.1945135101 0.00753464155925 8.7261e-05
pedestrian -1 -1 -10 94.457 234.15 127.178 297.778 2.32974414468 1.19686938054 1.11799968828 -7.43782541951 1.64165849287 10.7670591318 0.00753464155925 7.0992e-05
pedestrian -1 -1 -10 1116.4 112.7 1135.4 168.714 1.54583030152 1.18186972683 0.801000349897 9.84347565733 0.780665930171 13.3786693551 0.00753464155925 2.0039e-05
pedestrian -1 -1 -10 854.49 162.08 946.681 228.117 0.597934325578 0.824909913112 0.944999882385 3.11081972213 0.742751552639 7.55963431029 0.00753464155925 1.5829e-05
pedestrian -1 -1 -10 827.7 150.38 914.136 221.211 2.24575343537 0.862906334064 1.16999971814 9.15890200207 1.310897214 25.050268131 0.00753464155925 6.0821e-06
pedestrian -1 -1 -10 819.93 173.62 892.2 238.283 2.05677411592 1.00188913942 1.18999969295 8.75775331617 1.30373769644 25.1565130082 0.00753464155925 1.0794e-07
