pedestrian -1 -1 -10 776.07 141.31 840.816 323.31 1.87099166363 0.715999118055 0.436998395292 2.17527919023 1.46263546305 7.5565354087 0.00692802392802 0.99914
pedestrian -1 -1 -10 728.99 146.02 863.93 310.72 1.8649916485 0.892999043882 0.436998395292 2.17588404164 1.45653252398 7.64502981601 0.00692802392802 0.026135
pedestrian -1 -1 -10 649.43 192.83 661.27 232.926 2.28398980498 1.18299976288 0.742997180927 1.18784046769 1.45838762232 12.7747601739 0.00692802392802 0.0068998
pedestrian -1 -1 -10 652.27 194.14 665.11 238.694 2.24298997968 0.859999073875 0.7509971671 1.19004837285 1.41766812487 12.5242149785 0.00692802392802 0.0060554
pedestrian -1 -1 -10 761.08 181.09 783.275 235.138 0.763996574283 0.0900000915968 0.813997073107 4.08726597907 0.749832821839 17.637352555 0.00692802392802 0.0055309
pedestrian -1 -1 -10 658.29 193.59 671.126 237.026 2.28398980498 1.13199920235 0.900996580004 1.26666160445 1.45820004166 12.7487129454 0.00692802392802 0.004274
pedestrian -1 -1 -10 645.2 193.04 656.777 229.388 1.99399107993 0.670999072256 1.18199548336 1.2415823799 0.972432831653 17.8501158135 0.00692802392802 0.0026873
pedestrian -1 -1 -10 668.4 189.16 682.303 232.672 1.46999338865 0.903999669667 1.03599606354 1.33771838047 1.43159352162 13.1106719747 0.00692802392802 0.001154
pedestrian -1 -1 -10 663.53 155.78 684.32 205.306 1.46999338865 0.952999422838 1.03599606354 1.3375486461 1.43162201456 13.0861726861 0.00692802392802 0.00098338
pedestrian -1 -1 -10 583.48 166.0 603.32 216.642 1.1139949888 0.572999565915 1.19299553885 -0.179308979745 0.976449879206 17.7674755362 0.00692802392802 0.00090507
pedestrian -1 -1 -10 656.61 203.18 674.044 256.661 1.49599329531 1.1269990913 0.947996454062 1.29298301797 1.45784409323 12.9994947805 0.00692802392802 0.00078996
pedestrian -1 -1 -10 666.53 177.71 683.686 218.926 2.26098990589 1.19099917763 1.03599606354 1.33371579774 1.43508372578 12.6887336663 0.00692802392802 0.00057928
pedestrian -1 -1 -10 643.25 192.24 670.668 249.935 1.49599329531 1.13299960603 0.773997082641 1.20545889533 1.45817171588 12.9240994516 0.00692802392802 0.00056509
pedestrian -1 -1 -10 651.76 215.75 670.276 266.845 2.16099032909 0.748999088062 0.623997669737 1.12605257628 1.33590763436 12.4691095451 0.00692802392802 0.00014128
pedestrian -1 -1 -10 767.14 164.1 795.109 248.328 1.46999337375 0.765999274906 0.988996368293 3.24626135248 0.621280714627 12.2764870005 0.00692802392802 4.0363e-05
pedestrian -1 -1 -10 681.28 158.99 697.825 205.245 1.46599341333 0.838999179659 0.753997117211 1.47894514303 1.43116799751 13.1421964367 0.00692802392802 3.3874e-05
pedestrian -1 -1 -10 990.8 198.32 1028.85 258.114 2.26898982674 1.09999963602 1.19299583687 6.72497407061 1.39241401491 11.6408031344 0.00692802392802 2.5091e-05
pedestrian -1 -1 -10 773.87 158.14 806.246 264.5 1.8649916485 0.892999043882 0.436998395292 2.17588404164 1.45653252398 7.64502981601 0.00692802392802 1.234e-05
pedestrian -1 -1 -10 982.34 185.3 1021.13 242.136 2.26898982674 1.12299843025 1.1949956844 6.58664188555 1.39284989701 11.5932607677 0.00692802392802 5.2004e-06
