pedestrian -1 -1 -10 892.88 171.73 906.312 213.055 0.870904384135 0.223974485917 0.515999636052 15.9918470385 1.3889378067 38.765851696 0.00753464155925 0.43522
pedestrian -1 -1 -10 885.97 171.89 902.158 218.797 2.36274057352 0.530941969992 0.423000206208 9.13526061452 1.47596621408 23.0275896907 0.00753464155925 0.12949
pedestrian -1 -1 -10 882.95 174.14 894.991 216.181 2.36274057352 0.530941969992 0.423000206208 9.13526061452 1.47596621408 23.0275896907 0.00753464155925 0.04297
pedestrian -1 -1 -10 218.24 215.98 252.595 298.972 2.0417758367 1.19586908577 0.304999734974 -5.30501530433 1.77960423561 10.2412449604 0.00753464155925 0.0070404
pedestrian -1 -1 -10 322.59 134.23 346.293 188.512 0.568937540172 0.319964641104 0.458999493284 -6.69835932235 -0.204286597844 18.1633004292 0.00753464155925 0.0030421
pedestrian -1 -1 -10 820.61 149.79 845.999 201.303 2.46972881913 0.875907305373 1.10000004475 10.723560706 1.37209002627 33.9089551793 0.00753464155925 0.0014789
pedestrian -1 -1 -10 214.88 231.86 236.297 292.436 2.0417758367 1.19786872174 0.30199995333 -5.33887800551 1.77694865793 10.0605151691 0.00753464155925 0.00092898
pedestrian -1 -1 -10 293.89 207.0 312.334 260.543 2.04077589977 1.19886806294 0.310999775099 -5.00642667547 1.79815379054 11.9114440519 0.00753464155925 0.00078584
pedestrian -1 -1 -10 286.45 219.65 309.019 270.386 2.03977600753 1.19786872174 0.322999855349 -5.0410640029 1.79495827925 11.6942151988 0.00753464155925 0.00072748
pedestrian -1 -1 -10 318.94 134.7 354.234 218.738 1.56582805681 1.194868791 0.305000211811 -4.83599242741 1.33599359443 12.9206251605 0.00753464155925 0.00035453
pedestrian -1 -1 -10 814.7 162.08 834.298 204.643 2.45673023498 1.06688446027 0.810999622043 10.5797880579 1.37360885665 34.0054319866 0.00753464155925 3.0227e-05
