pedestrian -1 -1 -10 327.24 182.96 340.126 223.312 0.954895167945 0.7999135099 0.745999107883 -12.1241914184 1.94678032148 31.7730719849 0.00753464155925 0.0043338
pedestrian -1 -1 -10 331.38 181.61 345.389 223.069 0.724920400977 0.39995580138 0.586999713501 -12.0462716353 1.71378716352 31.5742035363 0.00753464155925 0.0017176
pedestrian -1 -1 -10 317.32 182.71 330.721 224.746 0.95389529061 0.7999135099 0.661999499807 -12.1971889757 1.9468334708 31.7736138176 0.00753464155925 0.00074502
pedestrian -1 -1 -10 320.37 183.63 343.847 228.822 0.954895167945 0.7999135099 0.745999107883 -12.1241914184 1.94678032148 31.7730719849 0.00753464155925 0.00046474
pedestrian -1 -1 -10 558.9 209.25 579.679 253.713 2.26575116087 1.0058903185 0.620999771996 -0.581541294419 1.78169471131 13.6197525589 0.00753464155925 0.00028038
pedestrian -1 -1 -10 312.18 185.81 334.453 231.093 0.943896338465 0.564938642215 0.776999235723 -12.1405796522 1.93405348005 31.6557859471 0.00753464155925 7.0631e-05
pedestrian -1 -1 -10 555.62 210.45 572.257 259.489 2.31074629652 1.144875031 0.620999771996 -0.582051015892 1.82566107434 13.5499290048 0.00753464155925 6.7474e-05
pedestrian -1 -1 -10 555.89 199.85 589.22 263.445 1.76580605861 0.859906403322 0.339999869696 -0.721333155304 1.78287758672 13.6900976495 0.00753464155925 6.5502e-05
pedestrian -1 -1 -10 408.87 199.23 421.438 236.001 1.93078796256 0.645929143692 1.05299965096 -5.63796966888 1.91389759658 21.7935379584 0.00753464155925 6.3185e-05
pedestrian -1 -1 -10 564.0 206.49 595.739 281.717 2.31074629652 1.1808713392 0.908999749669 -0.418988432187 1.81781258857 13.026744693 0.00753464155925 2.4641e-05
pedestrian -1 -1 -10 569.38 208.11 593.768 256.911 2.31074629652 1.17487052414 0.92599970441 -0.426395776105 1.819965138 13.1717886268 0.00753464155925 2.4348e-05
pedestrian -1 -1 -10 809.47 220.47 831.152 270.164 0.543940219408 0.880903057807 0.784999845533 3.17040457448 1.39938672155 9.96339738677 0.00753464155925 1.366e-05
pedestrian -1 -1 -10 548.08 203.27 577.11 271.093 2.31074629652 1.144875031 0.620999771996 -0.582051015892 1.82566107434 13.5499290048 0.00753464155925 6.5744e-06
pedestrian -1 -1 -10 335.54 186.02 350.361 227.432 0.706922370554 1.16187145997 0.995999985029 -10.323031163 1.71979895578 28.6075895279 0.00753464155925 4.6437e-06
pedestrian -1 -1 -10 573.55 205.75 606.283 273.765 2.30574685025 1.18586995234 1.15699968088 -0.297076596368 1.80862997635 12.7493871499 0.00753464155925 3.006e-06
