pedestrian -1 -1 -10 775.67 145.93 789.642 185.773 0.378958313593 0.0869922701006 0.363999255336 13.7598121173 -0.79051115703 57.5643826997 0.00753464155925 0.067668
pedestrian -1 -1 -10 411.46 136.77 427.81 193.778 1.8627954098 0.857905813781 0.668999467147 -7.25600430968 0.908738669546 28.0029602835 0.00753464155925 0.023543
pedestrian -1 -1 -10 769.71 146.93 796.111 189.286 1.30485670507 0.182978611008 0.419999947727 10.0026294445 0.879283739705 39.6273477544 0.00753464155925 0.015759
pedestrian -1 -1 -10 818.57 163.77 832.633 200.609 0.842907446265 0.18497920055 0.0690002230188 6.01110576696 1.28495553062 19.375201336 0.00753464155925 0.0095869
pedestrian -1 -1 -10 854.13 132.63 885.938 213.764 0.896901537535 1.16087211877 0.371000176349 5.77430653948 1.28852670675 15.2847677383 0.00753464155925 0.0074476
pedestrian -1 -1 -10 1024.6 138.27 1055.09 210.303 1.44484131992 1.1938694498 0.433999882406 5.60147407904 0.825401551982 9.19864113486 0.00753464155925 0.0060935
pedestrian -1 -1 -10 769.03 144.31 783.621 189.098 0.379958250526 0.123986965927 0.410999172284 13.7364518852 -0.790220210522 57.5830637355 0.00753464155925 0.0042082
pedestrian -1 -1 -10 814.88 165.91 826.137 201.13 1.84079787004 0.465948556286 0.122000180092 6.24594733754 1.02104132861 21.0884604798 0.00753464155925 0.0038715
pedestrian -1 -1 -10 780.46 145.56 791.852 174.49 0.790913139464 0.182978611008 0.367000467491 10.0289699678 0.365320880339 39.6309539162 0.00753464155925 0.0032837
pedestrian -1 -1 -10 901.55 223.93 924.773 267.304 2.31374598813 1.18886988308 0.730999722826 5.75888287572 1.62160066586 13.2711626408 0.00753464155925 0.0018736
pedestrian -1 -1 -10 866.7 195.98 939.445 286.572 2.34074303376 1.13287530803 0.74599958472 5.75347092891 1.64070475428 13.5481586028 0.00753464155925 0.0013916
pedestrian -1 -1 -10 906.66 216.41 928.135 259.004 2.31374592853 1.15587350563 0.730999722826 5.75939906791 1.61063066502 13.3408302391 0.00753464155925 0.0013566
pedestrian -1 -1 -10 791.16 150.47 809.402 195.137 2.07977159262 0.287968558422 0.337999717243 7.15165980089 1.15565262885 25.963085286 0.00753464155925 0.0013368
pedestrian -1 -1 -10 841.24 144.26 874.698 203.743 0.355960836896 1.10687908683 0.0420002808749 5.61297732453 1.27740286169 16.3462907607 0.00753464155925 0.0012059
pedestrian -1 -1 -10 785.33 145.39 802.377 188.623 0.0999890208244 0.0669940032467 0.175000137165 15.0564687955 -0.345769037668 57.2579236225 0.00753464155925 0.00094127
pedestrian -1 -1 -10 838.67 160.27 856.233 206.61 1.8597957778 0.600933996841 0.969999493263 6.22170907158 1.08022348647 18.1279988972 0.00753464155925 0.0009106
pedestrian -1 -1 -10 895.66 206.41 933.572 271.035 2.32274500334 1.194868791 0.730999722826 5.75912118133 1.62207434651 13.303224926 0.00753464155925 0.00082289
pedestrian -1 -1 -10 833.62 163.21 848.877 206.049 2.04477540911 1.04588685221 0.143000082111 5.63456500253 1.28841130493 17.1030690694 0.00753464155925 0.00080616
pedestrian -1 -1 -10 776.4 151.9 804.52 207.709 0.101988805294 0.668929248428 0.536000087694 15.4024198836 0.402291462492 59.7696051026 0.00753464155925 0.00048941
pedestrian -1 -1 -10 703.26 169.33 722.499 216.034 0.102988712428 0.0299993074206 0.563999957052 8.4437483219 1.81216949571 57.9754196346 0.00753464155925 0.00031779
pedestrian -1 -1 -10 887.47 194.21 920.579 264.125 2.33674340522 1.14187414669 0.74599958472 5.75350359687 1.63677173565 13.5526875101 0.00753464155925 0.00028136
pedestrian -1 -1 -10 60.888 219.08 76.896 258.275 2.5497200191 0.638929941007 0.487000316316 -14.3117296786 2.09204626151 18.9469351132 0.00753464155925 0.00025205
pedestrian -1 -1 -10 794.02 164.02 808.701 211.254 2.2437535615 0.287968558422 0.410999649121 7.18820929508 1.31960802307 25.9615964489 0.00753464155925 0.00022668
pedestrian -1 -1 -10 696.36 181.36 749.676 285.15 0.261971235037 0.143984279211 0.183999839725 2.08651111376 1.06091656 12.8583859485 0.00753464155925 0.00022244
pedestrian -1 -1 -10 1228.3 110.02 1241.95 158.126 1.2768597821 1.19786872174 0.729999795612 5.70725379576 0.669606783807 6.65055569012 0.00753464155925 0.00015737
pedestrian -1 -1 -10 782.91 140.18 815.007 196.821 0.573936956647 0.427954519259 0.106999841361 7.26223484174 0.163837493407 27.1919588509 0.00753464155925 0.00014009
pedestrian -1 -1 -10 694.16 174.01 710.152 221.636 0.102988712428 0.211978577228 1.00199954832 7.85039828551 1.81384537492 58.063876813 0.00753464155925 0.0001107
pedestrian -1 -1 -10 691.45 177.61 724.31 243.684 0.580936217188 0.772916040361 0.675999672905 2.4618480832 0.96691124709 15.983241973 0.00753464155925 0.00010276
pedestrian -1 -1 -10 792.29 135.24 807.761 183.963 1.89579177905 0.287968558422 0.337999717243 7.15160307349 0.971672815274 25.9644475807 0.00753464155925 9.4417e-05
pedestrian -1 -1 -10 1222.9 106.78 1241.18 186.719 1.2768597821 1.19686890375 0.748999843201 5.7169682612 0.670021735723 6.67898012476 0.00753464155925 8.1199e-05
pedestrian -1 -1 -10 201.92 201.3 215.948 233.421 1.08088132131 0.347961451844 0.56999952034 -15.1039299822 1.96824105319 28.1016276288 0.00753464155925 8.0189e-05
pedestrian -1 -1 -10 802.45 167.83 821.686 213.123 1.98378223609 0.226976323799 0.121000252877 6.54142310962 1.27409996695 22.9273006382 0.00753464155925 5.9849e-05
pedestrian -1 -1 -10 53.717 121.92 71.439 178.897 1.55482931673 0.938896315257 0.724999205864 -14.3864669031 0.640993718906 18.8085949586 0.00753464155925 4.4957e-05
pedestrian -1 -1 -10 1211.8 107.02 1241.33 225.26 1.2768597821 1.19886901651 0.748999843201 5.71693812661 0.669962526524 6.67498072795 0.00753464155925 3.2141e-05
pedestrian -1 -1 -10 931.27 144.95 1024.49 238.688 1.76780587101 1.19886901651 0.928000166062 5.61317092455 1.10720521426 10.8745034161 0.00753464155925 2.9438e-05
pedestrian -1 -1 -10 688.52 175.48 700.548 216.513 0.101988775495 0.136982215816 0.541999650982 7.4378811621 1.81507122492 58.1294681146 0.00753464155925 2.3499e-05
pedestrian -1 -1 -10 404.45 133.6 419.13 191.799 1.50683451927 0.6859256774 0.598999793751 -7.29046501268 0.554076268071 28.0918469861 0.00753464155925 1.4145e-05
pedestrian -1 -1 -10 36.006 170.03 79.289 251.12 0.102988712428 0.0389971925071 0.246997757643 -32.9216907378 1.15849082618 43.583246585 0.00753464155925 1.3571e-05
pedestrian -1 -1 -10 837.66 176.59 911.191 297.43 1.25586208987 1.16387204951 0.371000176349 5.77356214219 1.64580718175 15.1686257963 0.00753464155925 1.2864e-05
pedestrian -1 -1 -10 198.81 195.47 224.339 236.03 1.08088132131 0.400955142581 0.741999399024 -15.0177328347 1.96857070118 28.1274766763 0.00753464155925 1.1983e-05
pedestrian -1 -1 -10 12.723 125.65 56.903 224.897 0.846907045003 0.87190612629 0.839000445076 -14.4908312947 -0.0691109431921 18.6621326641 0.00753464155925 1.1624e-05
pedestrian -1 -1 -10 26.147 147.88 68.811 243.642 0.100988913059 0.0549942802785 0.515998682378 -33.7622561664 0.476798782886 43.7766837678 0.00753464155912 4.1858e-06
pedestrian -1 -1 -10 184.1 197.5 218.237 235.897 0.622931542045 0.653927687578 0.798000091416 -22.8397995558 1.86144016298 41.1618999771 0.00753464155925 4.0844e-06
pedestrian -1 -1 -10 958.18 155.79 1046.89 227.917 1.60182408786 1.19286915503 0.928000166062 5.60765442772 0.949459984471 10.1485511337 0.00753464155925 4.0417e-06
pedestrian -1 -1 -10 417.49 207.33 438.542 251.047 0.505944344293 0.639929282208 0.786000011166 -5.497386571 1.84525650941 21.4759062568 0.00753464155925 1.8816e-06
pedestrian -1 -1 -10 786.43 177.8 808.195 226.19 0.630930709721 1.00289038776 0.930999709287 2.85096212473 0.954053804221 11.2822223009 0.00753464155925 1.3016e-06
pedestrian -1 -1 -10 779.41 180.63 797.0 234.766 1.46983864069 1.19286915503 1.19299971301 2.76896487947 1.79054868895 11.1096427007 0.00753464155925 3.2826e-07
