pedestrian -1 -1 -10 307.68 161.9 349.22 272.5 1.86479525387 1.04088537836 0.609999946786 -5.01788285097 1.63610023899 12.9877754618 0.00753464155925 0.97463
pedestrian -1 -1 -10 341.66 163.05 379.199 249.541 1.84879703772 0.719920442484 0.344999684583 -5.52438688551 1.65862777011 16.1760786013 0.00753464155925 0.96278
pedestrian -1 -1 -10 245.99 170.33 283.503 270.58 1.73180981761 0.772915086791 0.763999705095 -6.67885446256 1.68786892923 14.0496843826 0.00753464155925 0.89668
pedestrian -1 -1 -10 233.27 173.16 306.269 261.254 1.82879916323 0.847907633924 0.763999705095 -6.67860184945 1.68842402826 14.087897758 0.00753464155925 0.86364
pedestrian -1 -1 -10 266.47 166.88 298.608 261.207 1.82879916323 0.957894287341 0.707000039163 -6.64628900663 1.6899997599 14.1956456636 0.00753464155925 0.84394
pedestrian -1 -1 -10 318.23 160.41 364.242 261.16 1.84179777717 0.592934499385 0.609999946786 -5.01620238321 1.61641851979 13.2119148305 0.00753464155925 0.8146
pedestrian -1 -1 -10 934.14 151.89 963.786 254.02 1.6868147937 0.868904288408 1.14799941207 5.75685812286 1.44264931302 12.2580468186 0.00753464155925 0.59459
pedestrian -1 -1 -10 270.19 163.32 333.957 269.25 2.39973645211 1.19586908577 1.11399950259 -6.32808355987 1.67538022702 14.9817992947 0.00753464155925 0.55154
pedestrian -1 -1 -10 284.41 165.53 306.032 257.112 2.40473589838 1.19386849623 1.11399950259 -6.33087703991 1.67488794507 14.6108131562 0.00753464155925 0.31434
pedestrian -1 -1 -10 302.18 163.91 331.416 259.453 1.86479525387 1.04088537836 0.609999946786 -5.01788285097 1.63610023899 12.9877754618 0.00753464155925 0.23005
pedestrian -1 -1 -10 238.57 175.85 266.211 263.302 1.73180981761 0.746917912023 0.763999705095 -6.67895240133 1.68767649669 14.0366861642 0.00753464155925 0.20839
pedestrian -1 -1 -10 345.75 162.08 367.503 209.711 1.755807194 0.719920442484 0.344999684583 -5.52441555752 1.56563792639 16.1767671528 0.00753464155925 0.19381
pedestrian -1 -1 -10 332.02 164.2 354.207 242.099 1.85479639112 0.577937706384 0.615000059696 -5.98378913605 1.67490412864 17.0534646905 0.00753464155925 0.18379
pedestrian -1 -1 -10 318.02 167.3 347.233 244.853 1.86479525387 0.916899366002 0.609999946786 -5.01741576031 1.6370179904 13.0497667083 0.00753464155925 0.13015
pedestrian -1 -1 -10 274.88 170.82 298.095 234.326 1.82879916323 0.941896245999 0.589000044767 -6.58723041019 1.69007522197 14.2032005535 0.00753464155925 0.12657
pedestrian -1 -1 -10 268.71 172.32 288.359 227.704 1.82879916323 0.960894218083 0.766999963576 -6.67629942131 1.68999939643 14.1943714543 0.00753464155925 0.089175
pedestrian -1 -1 -10 292.7 172.35 312.807 243.372 2.39973645211 1.19186981382 1.11399950259 -6.32806849347 1.67540982985 14.9837988739 0.00753464155925 0.064757
pedestrian -1 -1 -10 301.71 171.79 319.374 234.676 2.40473589838 0.935897338085 1.11399950259 -6.32607804377 1.68431713268 15.2477253818 0.00753464155925 0.045153
pedestrian -1 -1 -10 257.35 172.39 283.684 242.446 1.82879916323 0.868905241978 0.763999705095 -6.67852274548 1.68857945374 14.098396264 0.00753464155925 0.039467
pedestrian -1 -1 -10 947.03 157.27 974.516 231.87 1.67581596422 1.11887690266 1.06699958564 5.93772987784 1.42833507239 12.0417846691 0.00753464155925 0.026569
pedestrian -1 -1 -10 286.71 171.81 304.522 221.635 2.40473589838 1.17687111368 1.11399950259 -6.33057192201 1.67548744836 14.6513077342 0.00753464155925 0.023648
pedestrian -1 -1 -10 349.32 184.31 368.245 249.112 1.84879703772 0.719920442484 0.344999684583 -5.52438688551 1.65862777011 16.1760786013 0.00753464155925 0.019677
pedestrian -1 -1 -10 357.19 169.59 381.129 245.919 1.85479639112 0.612933719809 1.13799966309 -5.72216489592 1.67497278001 17.0689947303 0.00753464155925 0.016544
pedestrian -1 -1 -10 519.12 173.02 530.927 201.08 0.331963542462 0.186979790091 0.46799979189 -4.93000523434 1.55145286024 44.2723385587 0.00753464155925 0.013685
pedestrian -1 -1 -10 337.19 163.98 353.625 215.687 1.85479639112 0.584936909069 0.718000192199 -5.93226415947 1.67491844129 17.0565767167 0.00753464155925 0.013243
pedestrian -1 -1 -10 310.99 184.05 338.274 264.101 1.86479525387 1.10087922535 0.609999946786 -5.0181088649 1.63565616117 12.9577793898 0.00753464155925 0.010616
pedestrian -1 -1 -10 929.76 147.65 986.477 246.669 1.67581596422 1.08688081998 1.05099979653 5.92991102086 1.42869615915 12.0658417163 0.00753464155925 0.0078698
pedestrian -1 -1 -10 311.53 162.85 329.338 218.684 0.0999890208244 0.0 0.0 -21.5624795996 0.64022355958 54.9823933259 0.0 0.0045175
pedestrian -1 -1 -10 557.94 124.94 618.716 267.09 1.76780587101 0.883902988549 0.996999703628 -0.215454374205 1.14863360531 11.6734116096 0.00753464155925 0.0043308
pedestrian -1 -1 -10 250.58 170.63 272.205 224.221 1.73180981761 0.717921760083 0.763999705095 -6.67906163811 1.68746186554 14.0221884998 0.00753464155925 0.0042287
pedestrian -1 -1 -10 320.56 159.26 339.362 224.251 1.86479525387 0.916899366002 0.609999946786 -5.01741576031 1.6370179904 13.0497667083 0.00753464155925 0.0040038
pedestrian -1 -1 -10 871.09 125.16 889.482 190.617 1.66681694901 0.434952768374 0.309999847885 5.68802936762 0.949035471913 14.9861002262 0.00753464155925 0.0030536
pedestrian -1 -1 -10 338.76 179.74 364.62 251.002 1.84879703772 0.480948209997 0.344999684583 -5.52528716205 1.65685888426 16.0565958767 0.00753464155925 0.0029548
pedestrian -1 -1 -10 711.41 171.53 728.869 225.942 1.33485341251 0.738919368137 0.634999796082 1.64818376182 1.60267657303 12.0850025368 0.00753464155925 0.0027751
pedestrian -1 -1 -10 929.61 152.77 969.56 213.303 1.6868147937 0.868904288408 1.14799941207 5.75685812286 1.44264931302 12.2580468186 0.00753464155925 0.0026766
pedestrian -1 -1 -10 220.09 171.17 270.7 257.382 1.90279103959 0.952895674197 0.597999866536 -6.76118108533 1.76325346203 14.1404668829 0.00753464155925 0.0018118
pedestrian -1 -1 -10 101.55 129.6 121.132 176.235 1.23186476564 0.177981905004 0.603000456283 -17.7887711884 0.168359004313 26.1213416457 0.00753464155925 0.0014873
pedestrian -1 -1 -10 235.74 177.47 258.175 241.283 1.90279103959 0.952895674197 0.674999984109 -6.72268211626 1.76322543115 14.1401772164 0.00753464155925 0.0013453
pedestrian -1 -1 -10 358.42 194.59 375.593 249.689 1.85479639112 0.612933719809 1.13799966309 -5.72216489592 1.67497278001 17.0689947303 0.00753464155925 0.0012013
pedestrian -1 -1 -10 110.47 216.17 120.82 243.133 0.795912704934 0.258972406481 0.24399940651 -15.8908791523 2.05566534194 23.5700281647 0.00753464155925 0.00106
pedestrian -1 -1 -10 351.81 166.22 401.985 245.972 1.83179891443 0.572937186101 1.0009996211 -5.33253231104 1.65198777524 17.0862321991 0.00753464155925 0.0010371
pedestrian -1 -1 -10 697.32 165.8 728.366 237.731 1.33585328985 0.751917478736 0.779999851831 1.57563651011 1.60263314563 12.0790565448 0.00753464155925 0.00098397
pedestrian -1 -1 -10 953.21 179.52 981.622 250.781 1.62882119309 0.884903283319 1.12399972841 6.06717057253 1.38509612275 12.3011377307 0.00753464155925 0.00091698
pedestrian -1 -1 -10 936.36 151.21 961.24 200.539 1.69081430304 0.974893577022 1.17599975827 5.77085913288 1.44663862921 12.2579118695 0.00753464155925 0.00088945
pedestrian -1 -1 -10 869.25 105.33 888.303 173.377 1.47483805716 0.434952768374 0.309999847885 5.68797017384 0.75705658006 14.9875217509 0.00753464155925 0.00065026
pedestrian -1 -1 -10 243.22 169.54 265.681 219.361 1.82879916323 0.917899660773 0.763999705095 -6.67833816953 1.68894211317 14.1228927781 0.00753464155925 0.00051697
pedestrian -1 -1 -10 890.19 146.21 955.878 241.461 1.66581713128 0.716921465312 0.989999468067 5.67976989473 1.49038785071 12.5067999154 0.00753464155925 0.00045427
pedestrian -1 -1 -10 868.61 116.34 900.468 192.273 0.119986805918 0.790913717674 0.370000725972 17.9027720585 -1.28114075093 46.1479396094 0.00753464155925 0.00038123
pedestrian -1 -1 -10 912.87 155.81 969.445 241.674 1.70081319559 1.02388799582 1.12599958284 5.74658230836 1.45806936137 12.3535127478 0.00753464155925 0.00033113
pedestrian -1 -1 -10 302.94 156.77 320.768 206.889 2.24975294471 0.817910233643 1.11399950259 -6.32600529205 1.5295710158 15.2648705539 0.00753464155925 0.00027435
pedestrian -1 -1 -10 325.93 192.47 347.874 264.029 1.86479525387 0.857905813781 0.609999946786 -5.01719351478 1.63745466397 13.0792626471 0.00753464155925 0.00018829
pedestrian -1 -1 -10 507.85 169.74 523.475 197.736 0.0999890208244 0.244975908251 0.391999124694 -8.15652338795 0.808214534404 66.0739403511 0.00753464155925 0.00016375
pedestrian -1 -1 -10 863.88 110.71 883.876 197.515 1.66681694901 0.434952768374 0.309999847885 5.68802936762 0.949035471913 14.9861002262 0.00753464155925 0.00014465
pedestrian -1 -1 -10 716.42 173.82 736.682 222.569 2.20775756026 1.12987633086 0.611999801215 1.65718807045 1.59829407427 11.7959209409 0.00753464155925 0.00013158
pedestrian -1 -1 -10 557.58 155.21 570.412 199.205 0.98389196825 0.561938711473 0.627999813841 -0.400763367604 0.363729046697 11.6046150539 0.00753464155925 7.9545e-05
pedestrian -1 -1 -10 963.65 192.41 986.68 237.178 1.63682021177 0.916899366002 1.18099987118 6.21778909215 1.39322240333 12.3159437595 0.00753464155925 5.3494e-05
pedestrian -1 -1 -10 879.57 130.83 909.245 185.44 0.101988656298 0.0230001047357 0.258998791567 29.8381413888 -1.39482846921 73.3423224328 0.00753464155925 1.7171e-05
pedestrian -1 -1 -10 878.27 142.6 928.801 244.05 2.32674451268 0.441952924629 0.746000061557 10.0103892796 1.40346490236 24.0434442185 0.00753464155925 3.1547e-06
pedestrian -1 -1 -10 902.64 134.79 1005.95 255.26 1.68281516517 1.01488915716 1.1779996127 5.81099653709 1.43692215882 12.1436785051 0.00753464155925 1.6275e-06
