pedestrian -1 -1 -10 466.71 146.82 485.845 199.674 1.33785308921 0.359961174812 0.663999831074 -6.22363113232 0.282868661735 33.9983897071 0.00753464155925 0.0012927
pedestrian -1 -1 -10 472.9 137.68 495.358 197.01 0.332963449596 0.138984712497 0.484000057835 -8.04284931594 0.523194508701 48.6576218924 0.00753464155925 0.0011396
pedestrian -1 -1 -10 481.53 147.8 503.866 206.023 0.593934786439 0.381958124067 0.828999742418 -6.6432947138 0.7264305635 43.7348204648 0.00753464155925 0.00044849
pedestrian -1 -1 -10 636.79 145.67 654.836 195.853 0.0999890208244 0.0 0.0 4.24496070813 0.577279505261 73.8224958869 0.0 0.00020403
pedestrian -1 -1 -10 475.3 159.33 494.659 209.863 0.332963449596 0.138984712497 0.484000057835 -8.04284931594 0.523194508701 48.6576218924 0.00753464155925 8.0683e-05
pedestrian -1 -1 -10 433.97 160.6 464.886 211.791 0.100988913059 0.526942698049 0.76499963231 -6.41898413889 0.226442935083 30.5085608048 0.00753464155925 5.7889e-05
pedestrian -1 -1 -10 662.95 173.75 677.701 227.47 0.891902061463 0.693924221286 0.380999806124 1.65606044038 1.20296609658 19.2630713473 0.00753464155925 2.5363e-05
pedestrian -1 -1 -10 464.24 109.88 493.581 199.392 1.33785308921 0.359961174812 0.663999831074 -6.22363113232 0.282868661735 33.9983897071 0.00753464155925 1.5768e-05
pedestrian -1 -1 -10 289.35 96.986 330.257 209.076 1.36385028731 1.14987364415 0.280000600934 -11.4715528108 0.379972048876 27.6408027148 0.00753464155925 1.143e-05
pedestrian -1 -1 -10 473.25 117.24 508.594 207.41 0.600933942684 0.223974485917 0.595000084892 -6.64189086057 -0.640962552401 43.9211304878 0.00753464155925 6.138e-06
pedestrian -1 -1 -10 668.71 175.55 682.714 230.791 1.47683783045 1.15887343637 0.649999896394 1.98305112183 1.61989770402 17.7200527958 0.00753464155925 4.8844e-06
pedestrian -1 -1 -10 674.52 180.42 687.897 231.789 1.36385024261 0.924897909888 0.702999853468 2.0063004837 1.61342454032 17.2830780075 0.00753464155925 4.8404e-06
pedestrian -1 -1 -10 482.38 169.2 509.205 223.2 0.235974096536 0.229976254541 0.278999720045 -4.08230986806 0.801635818495 25.8883036952 0.00753464155925 1.0628e-06
pedestrian -1 -1 -10 55.313 152.42 126.765 255.8 1.38384805751 1.19386849623 0.286000164222 -10.906742314 0.581898990775 15.3670133458 0.00753464155925 3.6747e-08
