pedestrian -1 -1 -10 205.68 155.22 296.047 318.29 1.69799241424 0.806999613332 0.944996384742 -4.13708404357 1.40709918893 8.38282342404 0.00692802392802 0.99976
pedestrian -1 -1 -10 647.52 217.01 661.11 261.865 2.25898994058 1.15599935393 0.723997198867 1.18643547263 1.44137383685 12.7902651093 0.00692802392802 0.0049198
pedestrian -1 -1 -10 636.14 129.67 651.46 167.295 1.53699310571 0.374999745871 0.913996632039 1.01570508775 0.637782733984 14.5924779833 0.00692802392802 0.0047403
pedestrian -1 -1 -10 643.83 218.35 656.235 259.057 2.25898994058 1.09299871761 0.637997556132 1.14265035944 1.44162407834 12.6770658308 0.00692802392802 0.0025203
pedestrian -1 -1 -10 269.82 214.51 287.166 274.559 0.965995678306 0.743999930683 0.99799639744 -4.55890320094 1.39316562496 10.2187009725 0.00692802392802 0.0018384
pedestrian -1 -1 -10 652.2 217.93 667.574 262.051 2.24598998725 0.704999445944 0.595997718135 1.12128895495 1.42890473999 12.4832020382 0.00692802392802 0.0016326
pedestrian -1 -1 -10 210.43 160.3 277.904 262.54 1.69799241424 0.806999613332 0.944996384742 -4.13708404357 1.40709918893 8.38282342404 0.00692802392802 0.00084208
pedestrian -1 -1 -10 262.92 209.1 282.73 280.947 1.69799241424 0.806999613332 0.883996743498 -4.10658495558 1.40701531911 8.38261202469 0.00692802392802 0.00080461
pedestrian -1 -1 -10 215.19 186.1 253.643 311.02 1.69799241424 0.745999784369 0.944996384742 -4.13729534602 1.40713465981 8.35232424151 0.00692802392802 0.0005275
pedestrian -1 -1 -10 662.55 177.64 676.536 214.874 1.47599343359 1.15699975761 0.983996332232 1.31899765454 1.44076689843 13.0043065544 0.00692802392802 0.00045913
pedestrian -1 -1 -10 324.27 204.3 346.394 270.051 0.220998944342 0.114000243179 0.0989996053641 -6.89568878951 1.46311368916 18.5236101921 0.00692802392802 0.00032007
pedestrian -1 -1 -10 668.21 175.41 680.598 212.451 2.24998991787 1.15599935393 1.02299610091 1.3362722459 1.43190340195 12.840222139 0.00692802392802 0.000139
pedestrian -1 -1 -10 673.05 174.41 685.528 213.685 1.46699341089 0.955999680204 0.986996282343 1.35718039817 1.43154687724 13.1045391163 0.00692802392802 0.00010533
pedestrian -1 -1 -10 241.45 154.22 304.906 289.58 1.28799421713 0.88799893283 0.69399763815 -6.20921690766 1.14060997388 13.806741524 0.00692802392802 0.00010303
