pedestrian -1 -1 -10 835.03 80.77 893.519 239.88 1.62582144189 0.790913717674 0.859999870258 3.73127930635 1.00782555025 10.5000492349 0.00753464155925 0.26278
pedestrian -1 -1 -10 26.299 121.69 51.283 188.458 0.102988712428 0.667926092948 0.566997354511 -41.7047894036 -0.494030491668 53.8647950285 0.00753464155925 0.0097148
pedestrian -1 -1 -10 302.62 179.21 313.524 204.877 0.582935971858 0.377960759264 0.167000719448 -14.0896625153 1.01262754393 34.1162759281 0.00753464155925 0.0090883
pedestrian -1 -1 -10 298.65 176.58 309.626 205.559 0.355960903944 0.318965299903 0.339998141162 -20.5264062862 0.560110716955 50.0904919708 0.00753464155925 0.0070494
pedestrian -1 -1 -10 64.99 166.06 89.23 226.195 0.380958180009 0.140983394899 0.114997828567 -35.0598736034 0.544529582081 47.8930966855 0.00753464155925 0.0043762
pedestrian -1 -1 -10 623.54 156.98 638.844 188.82 0.364959911706 0.294965853967 0.725999729125 1.7993326252 -0.0428109754588 50.8273884696 0.00753464155925 0.00078259
pedestrian -1 -1 -10 49.55 128.22 66.428 182.372 1.50383484257 0.64293112009 0.297000794094 -17.365957293 0.484157908601 23.1535849672 0.00753464155925 0.0002562
pedestrian -1 -1 -10 193.08 120.74 225.125 203.252 0.113987422711 1.00988768331 0.715999384095 -30.7617519226 -1.19201073622 56.4881297545 0.00753464155925 0.00018075
pedestrian -1 -1 -10 837.13 102.51 873.828 176.732 1.48583682704 0.790913717674 0.859999870258 3.73123614421 0.867840935398 10.5010857633 0.00753464155925 0.0001776
pedestrian -1 -1 -10 1090.2 98.722 1121.74 178.235 1.32985395134 0.41495545509 0.450998168218 19.6809738839 0.181149631047 28.2083777501 0.00753464155925 0.00012942
pedestrian -1 -1 -10 833.27 101.32 854.43 196.351 1.48583682704 0.790913717674 0.687999753155 3.64523851981 0.867903549763 10.5017328099 0.00753464155925 5.8559e-06
