pedestrian -1 -1 -10 338.87 152.7 350.921 187.42 1.15287335361 0.401956390921 0.586000263123 -12.0067407531 0.286458081277 33.8635154058 0.00753464155925 0.035056
pedestrian -1 -1 -10 294.95 151.38 352.983 232.092 1.14287455046 0.51394363388 0.599999244128 -9.90694750914 1.56466449912 26.5266905499 0.00753464155925 6.2689e-05
pedestrian -1 -1 -10 319.02 148.2 358.518 216.176 0.534941248895 0.190980969173 0.472999427963 -12.9502253027 0.299539806343 34.6354635037 0.00753464155925 6.2503e-05
pedestrian -1 -1 -10 327.19 193.0 344.633 257.91 1.30685654914 1.01588849836 0.625999735894 -5.09772589767 1.73599210399 12.9722667967 0.00753464155925 2.5363e-05
pedestrian -1 -1 -10 325.25 146.67 342.004 187.539 0.338962743406 0.0329973310229 1.06100049919 -17.1504811534 -0.705511040581 45.4710284119 0.00753464155925 1.4613e-05
pedestrian -1 -1 -10 333.84 197.76 351.39 250.685 0.102988682629 0.121986376385 0.00500011291032 -9.14581432469 0.745585763037 23.5799771291 0.00753464155925 8.4664e-06
pedestrian -1 -1 -10 311.1 162.62 351.998 257.357 1.15187350607 0.757916386651 0.767999413954 -9.82202791216 1.57540819648 26.6479748309 0.00753464155925 3.4726e-06
pedestrian -1 -1 -10 324.21 158.27 364.222 252.346 1.16087258088 1.02388799582 0.864999506331 -9.7725244731 1.58634069644 26.7805253219 0.00753464155925 1.6836e-06
pedestrian -1 -1 -10 118.38 161.6 182.504 237.277 0.326964111088 0.59993370207 0.587999163878 -9.94074941164 0.439781917444 15.3250121091 0.00753464155925 7.0062e-08
pedestrian -1 -1 -10 49.959 161.05 124.521 249.108 0.101988801569 0.215976895601 0.478999944925 -10.555068521 0.207849851736 14.8313401975 0.00753464155924 5.0034e-09
pedestrian -1 -1 -10 84.616 159.2 159.894 265.04 0.227974962384 0.48494652837 0.156999539953 -10.0438435324 0.342719154604 15.3840009454 0.00753464155925 1.2526e-09
pedestrian -1 -1 -10 70.373 178.85 157.316 235.806 0.380958187459 1.18087038563 1.18999921611 -9.75582609424 0.793295120729 14.3521516667 0.00753464155925 6.2658e-10
