pedestrian -1 -1 -10 302.03 131.38 316.359 179.081 0.723920493843 0.807911100216 0.342999830154 -5.38488480607 0.878445975139 13.8709330615 0.00753464155925 0.15654
pedestrian -1 -1 -10 494.25 147.27 519.499 204.286 0.341962435009 0.478947620455 0.709999820807 -7.10017093593 0.554413002954 50.6023943683 0.00753464155925 0.045737
pedestrian -1 -1 -10 297.36 127.58 327.407 191.843 0.332963427247 0.648929074434 0.297999767635 -7.49650031457 0.179986424613 19.4945638004 0.00753464155925 0.0415
pedestrian -1 -1 -10 385.8 168.1 398.117 195.449 0.0999890208244 0.0 0.0 -20.9348395689 0.900884079362 70.9890152618 0.0 0.017946
pedestrian -1 -1 -10 299.83 126.63 338.191 222.1 0.356960788729 0.166981523237 0.262000003722 -8.11412576866 0.0581871216553 20.0912789005 0.00753464155925 0.0027409
pedestrian -1 -1 -10 505.17 155.24 522.047 203.011 0.345962011397 0.11498908084 0.30399980776 -4.67714085164 0.593790914786 38.0998594199 0.00753464155925 0.00095365
pedestrian -1 -1 -10 1072.1 236.33 1093.04 301.893 2.10076934445 1.19686890375 0.703999780682 4.51033348352 1.54194660478 6.48823574613 0.00753464155925 0.00051839
pedestrian -1 -1 -10 149.88 257.44 173.542 307.254 2.03477657616 1.19786872174 1.07199969855 -3.21036626942 1.50509131194 5.09576628763 0.00753464155925 0.00021949
pedestrian -1 -1 -10 1074.3 224.3 1102.81 315.815 2.10076934445 1.19086951905 0.827999815204 4.57016028351 1.54353192101 6.59777656755 0.00753464155925 4.7338e-05
pedestrian -1 -1 -10 135.87 198.11 172.73 248.195 2.07377223921 1.19886853972 1.08099975874 -3.05030432065 1.55014925549 4.76863716317 0.00753464155925 2.433e-06
