pedestrian -1 -1 -10 414.36 181.51 425.978 217.605 0.592934864405 0.324965161387 0.398999092034 -11.0023724019 1.76318848687 42.1785941704 0.00753464155925 0.057452
pedestrian -1 -1 -10 407.83 179.03 418.758 212.937 0.592934864405 0.324965161387 0.398999092034 -11.0023724019 1.76318848687 42.1785941704 0.00753464155925 0.013601
pedestrian -1 -1 -10 409.54 178.15 430.943 224.855 0.592934864405 0.324965161387 0.398999092034 -11.0023724019 1.76318848687 42.1785941704 0.00753464155925 0.0018101
pedestrian -1 -1 -10 36.571 136.87 52.82 178.288 0.392956834676 0.181979269808 0.931003285565 -35.7531095108 -0.905222818557 46.6762004494 0.00753464155925 0.0014115
pedestrian -1 -1 -10 281.99 181.66 296.226 223.855 0.964894060491 0.346962110643 0.258999745241 -11.7685928303 1.6093992081 26.7672698064 0.00753464155925 0.0013694
pedestrian -1 -1 -10 402.45 174.46 425.465 213.916 0.592934864405 0.324965161387 0.398999092034 -11.0023724019 1.76318848687 42.1785941704 0.00753464155925 0.00079582
pedestrian -1 -1 -10 1091.2 177.95 1111.43 226.507 2.22275595867 0.726920598739 0.60799961552 6.92022534108 1.5612361944 10.3232266467 0.00753464155925 0.00050012
pedestrian -1 -1 -10 272.22 184.03 285.425 224.989 0.101988775495 0.0220007635349 0.268999017388 -30.6982681477 1.80703472241 68.2897968758 0.00753464155925 0.00032273
pedestrian -1 -1 -10 567.97 210.06 588.196 259.85 1.32285473549 1.17887074966 1.1949996494 -0.413997933052 1.57434280436 9.54551890473 0.00753464155925 0.00024588
pedestrian -1 -1 -10 1096.6 172.47 1117.14 211.555 1.28885845912 0.554937601649 1.17299997662 18.9880919527 1.19570398969 27.1961368915 0.00753464155924 0.00014501
pedestrian -1 -1 -10 1075.7 173.17 1110.27 242.532 2.22775540495 0.726920598739 0.60799961552 6.92022688258 1.56623564068 10.3231896278 0.00753464155925 0.00013443
pedestrian -1 -1 -10 807.25 142.53 825.308 187.911 0.103988530165 0.268967725629 0.557000943387 17.7842676711 -0.845420788964 61.7884230892 0.00753464155925 5.8482e-05
pedestrian -1 -1 -10 799.63 144.89 820.548 194.975 1.36485011995 1.05988525758 1.12199987398 8.13617994638 1.30777259735 28.5044764328 0.00753464155925 5.8082e-05
pedestrian -1 -1 -10 278.69 177.45 305.438 222.358 0.964894060491 0.346962110643 0.258999745241 -11.7685928303 1.6093992081 26.7672698064 0.00753464155925 5.6863e-05
pedestrian -1 -1 -10 1087.8 154.85 1110.14 214.129 2.22275595867 0.726920598739 0.60799961552 6.92022534108 1.5612361944 10.3232266467 0.00753464155925 3.0889e-05
pedestrian -1 -1 -10 588.98 215.01 641.786 307.334 0.893901816133 0.483946233599 1.1929996534 0.0706659651533 0.324907631285 8.93460330602 0.00753464155925 2.6726e-05
pedestrian -1 -1 -10 667.68 100.73 722.468 261.18 0.896901507736 0.480947256427 0.874999732152 0.913983733868 0.324967382911 8.97377696518 0.00753464155925 7.4942e-06
pedestrian -1 -1 -10 798.05 133.35 833.046 196.132 0.103988530165 0.268967725629 0.557000943387 17.7842676711 -0.845420788964 61.7884230892 0.00753464155925 6.4248e-06
pedestrian -1 -1 -10 266.77 161.28 292.546 220.022 0.101988775495 0.0220007635349 0.268999017388 -30.6982681477 1.80703472241 68.2897968758 0.00753464155925 7.5637e-08
