pedestrian -1 -1 -10 760.0 153.0 780.514 192.738 1.36585002708 0.446953444913 0.791999574454 9.62171658256 0.940158141086 41.7640633584 0.00753464155925 0.21116
pedestrian -1 -1 -10 833.59 161.6 848.613 201.466 1.32285473549 0.806912712585 0.513999781623 9.23131116045 0.895069997753 27.4923850176 0.00753464155925 0.13097
pedestrian -1 -1 -10 765.36 139.76 784.815 196.16 1.09987922907 0.434953721944 0.676999838538 9.67917802134 0.674234301561 41.7715998367 0.00753464155925 0.012389
pedestrian -1 -1 -10 827.01 159.22 837.95 200.92 0.853906245946 0.464949215085 0.789999720024 12.9534793821 0.942200201408 41.4290974901 0.00753464155925 0.01151
pedestrian -1 -1 -10 50.112 144.62 70.604 204.132 0.6159324007 0.605932609984 0.548999618321 -27.6729753619 -0.773137992386 37.0916983021 0.00753464155925 0.0059739
pedestrian -1 -1 -10 831.79 150.63 868.882 197.435 1.32085498082 1.17287184174 0.802999250652 9.37409602656 0.889604867839 27.2643437115 0.00753464155925 0.0029574
pedestrian -1 -1 -10 824.98 156.66 847.389 205.807 0.853906245946 0.362959198414 0.681999951449 13.0070935125 0.941405949705 41.3776976454 0.00753464155925 0.0012437
pedestrian -1 -1 -10 852.96 160.18 870.189 195.187 1.30985615134 1.01189017999 1.03799978907 9.64265513827 0.878611820946 27.0058658701 0.00753464155925 0.0004344
pedestrian -1 -1 -10 755.21 143.29 774.95 198.202 1.36585002708 0.446953444913 0.699000144609 9.57521818377 0.940191996297 41.7644132126 0.00753464155925 0.00027869
pedestrian -1 -1 -10 814.15 162.69 827.16 199.314 0.0999890208244 0.0 0.0 14.4170538171 0.847163746823 49.1814681725 0.0 0.00012099
pedestrian -1 -1 -10 720.06 139.49 734.71 180.47 0.356960893025 0.175983222603 0.343000306991 9.0193833539 -0.734280839703 53.4650341046 0.00753464155925 0.00011394
pedestrian -1 -1 -10 36.895 130.76 64.828 198.325 0.60293381655 0.534941241935 0.304000761434 -27.6079840296 -0.7669430503 35.9593643013 0.00753464155925 8.5228e-05
pedestrian -1 -1 -10 855.6 144.34 874.941 193.533 1.30385682774 0.754918363048 0.925999357959 9.78268328898 0.873607410623 26.8763227519 0.00753464155925 6.7711e-05
pedestrian -1 -1 -10 844.26 150.08 881.865 194.53 1.30985615134 0.992891254335 1.015999483 9.68558207808 0.878439882868 26.9960431559 0.00753464155925 1.0994e-05
pedestrian -1 -1 -10 1115.3 92.788 1177.78 277.368 1.52683233416 0.206978056945 0.380999448496 9.92128628353 0.767247897168 13.3536378148 0.00753464155925 5.2439e-07
pedestrian -1 -1 -10 1128.0 41.827 1242.05 374.997 1.88079344023 1.17987009086 1.11099972094 6.98203171309 1.22944364942 8.65141070734 0.00753464155925 3.0878e-20
pedestrian -1 -1 -10 1139.3 83.272 1186.78 216.392 1.77380519462 1.18387031637 0.905999859991 6.92699959767 1.12544223376 8.8516004397 0.00753464155925 1.79e-22
