pedestrian -1 -1 -10 660.18 154.67 679.797 196.761 2.20175823665 0.795912330817 0.790999885658 2.2404944508 1.34179382185 24.5520384323 0.00753464155925 0.10548
pedestrian -1 -1 -10 668.13 157.32 682.022 202.314 2.35974088192 0.752917773507 0.78899979281 2.24138120772 1.49945749089 24.5293644433 0.00753464155925 0.059223
pedestrian -1 -1 -10 665.06 144.7 684.092 191.349 1.92078907001 0.752917773507 0.78899979281 2.24124586358 1.06050567899 24.5326147007 0.00753464155925 0.038492
pedestrian -1 -1 -10 720.35 168.88 733.451 211.125 2.28774876023 0.937897927626 1.0349996498 2.07545451031 1.6544635663 12.0275620294 0.00753464155925 0.017429
pedestrian -1 -1 -10 658.08 128.69 681.369 191.362 1.59982427359 0.795912330817 0.790999885658 2.24030885358 0.739859858795 24.5564955054 0.00753464155925 0.014132
pedestrian -1 -1 -10 724.42 166.34 746.123 217.726 2.28774876023 1.13787582832 1.14499974964 2.12969962973 1.6529432746 11.9271621083 0.00753464155925 0.010047
pedestrian -1 -1 -10 656.27 143.75 673.801 193.349 1.92078907001 0.795912330817 0.733999742889 2.2119085535 1.06084540536 24.5543333219 0.00753464155925 0.0052597
pedestrian -1 -1 -10 731.83 170.16 749.183 224.551 2.15176377391 0.587935886242 0.516999920895 2.12878030945 1.5191653109 12.0771632087 0.00753464155925 0.0037559
pedestrian -1 -1 -10 714.53 167.92 729.69 206.41 2.27475017608 0.802912487072 0.939999650266 2.02846037572 1.64249873544 12.0955064632 0.00753464155925 0.0021874
pedestrian -1 -1 -10 663.56 157.08 675.85 212.406 2.49372611357 0.795912330817 0.790999885658 2.24058447468 1.63376169877 24.5498765305 0.00753464155925 0.00074105
pedestrian -1 -1 -10 726.86 155.3 761.79 214.649 2.15176377391 0.587935886242 0.516999920895 2.12878030945 1.5191653109 12.0771632087 0.00753464155925 0.00073568
pedestrian -1 -1 -10 738.25 152.67 755.887 205.675 2.12876629722 0.587935886242 0.516999920895 2.12877321853 1.4961678342 12.0773334956 0.00753464155925 0.00063519
pedestrian -1 -1 -10 714.73 167.21 740.01 220.298 2.28774876023 0.935898291655 1.01799969505 2.06696230672 1.65448455633 12.0286257711 0.00753464155925 0.00057546
pedestrian -1 -1 -10 1021.8 159.66 1041.97 202.593 2.2147568208 1.17487433842 0.517000040104 19.1796098759 1.00313476884 32.6441491111 0.00753464155925 0.00032725
pedestrian -1 -1 -10 719.03 160.4 744.546 241.099 2.28774876023 0.957895240911 1.08999969972 2.10287842133 1.65429552303 12.0173567521 0.00753464155925 0.00019899
pedestrian -1 -1 -10 896.06 164.52 909.027 206.158 2.20275811398 0.540941103419 0.451000075566 10.0449647278 1.27259260695 24.4587598996 0.00753464155925 8.1847e-05
pedestrian -1 -1 -10 1016.8 162.66 1030.32 200.984 2.2147568208 1.18987208499 0.42900072317 19.1368733616 1.00564621419 32.8119565952 0.00753464155925 4.9554e-05
pedestrian -1 -1 -10 871.59 154.41 891.616 204.288 1.23386449051 0.615933650551 0.428000319118 10.5445966761 1.31198313353 28.1452505396 0.00753464155925 2.1629e-05
