pedestrian -1 -1 -10 836.31 83.671 893.603 230.401 1.62082199562 0.760917270963 0.912999827331 3.71124341253 1.00178933019 10.429243138 0.00753464155925 0.22351
pedestrian -1 -1 -10 623.57 150.97 637.358 186.043 0.363960034371 0.211978577228 0.721999781848 1.80120792358 -0.0440565570146 50.8108826287 0.00753464155925 0.0072754
pedestrian -1 -1 -10 301.25 175.84 313.417 202.243 1.23886396658 0.244972093972 0.176999991594 -14.0491106477 1.66921474838 34.1576128426 0.00753464155925 0.0036442
pedestrian -1 -1 -10 64.279 166.66 88.325 225.664 0.380958180009 0.324965161387 0.249999923472 -35.059577321 0.544129516447 47.8660943154 0.00753464155924 0.0035223
pedestrian -1 -1 -10 34.282 123.67 55.443 184.999 0.102988712428 0.307964918136 0.42900072317 -41.0277590337 -1.00049976948 52.8520523469 0.00753464155925 0.0015183
pedestrian -1 -1 -10 842.14 93.95 879.041 175.762 1.41984408856 0.760917270963 0.912999827331 3.71118144404 0.800811423127 10.4307312966 0.00753464155925 0.00094356
pedestrian -1 -1 -10 619.58 157.27 634.691 189.324 0.363960034371 0.211978577228 0.721999781848 1.80120792358 -0.0440565570146 50.8108826287 0.00753464155925 0.00084348
pedestrian -1 -1 -10 186.02 116.52 222.557 200.312 0.110987850304 0.806910805445 0.591998872737 -30.982503104 -1.19430772584 56.2562731231 0.00753464155925 0.00022093
pedestrian -1 -1 -10 370.78 152.53 387.539 199.364 0.0999890208244 0.206978056945 0.121999703255 -17.5284972055 0.624654163406 54.3016376261 0.00753464155925 2.4211e-05
pedestrian -1 -1 -10 415.48 148.26 426.897 186.869 0.358960588097 0.479950775935 0.199999748043 -12.3315027035 -0.0633501145506 48.3792678705 0.00753464155925 2.2696e-05
pedestrian -1 -1 -10 831.31 108.17 865.245 172.518 1.48583682704 0.760917270963 0.775999785345 3.64270432633 0.867853912001 10.4307432202 0.00753464155925 1.5208e-05
pedestrian -1 -1 -10 41.489 123.87 74.051 184.277 1.14087475109 0.717921760083 0.242000505755 -17.3422498649 0.120809883327 23.1986051671 0.00753464155925 1.3258e-05
