pedestrian -1 -1 -10 1067.3 174.68 1146.65 338.97 1.58482594222 0.554939032004 0.495000210871 4.95485511527 1.60010884869 7.25631325552 0.00753464155925 0.9865
pedestrian -1 -1 -10 1058.2 296.38 1073.62 332.475 1.58482594222 0.554939032004 0.495000210871 4.95485511527 1.60010884869 7.25631325552 0.00753464155925 0.10281
pedestrian -1 -1 -10 1092.3 198.7 1135.72 336.37 1.58482594222 0.554939032004 0.495000210871 4.95485511527 1.60010884869 7.25631325552 0.00753464155925 0.025503
pedestrian -1 -1 -10 1076.9 179.03 1122.3 320.13 1.58482594222 0.554939032004 0.495000210871 4.95485511527 1.60010884869 7.25631325552 0.00753464155925 0.024179
pedestrian -1 -1 -10 1105.7 179.21 1121.0 235.877 1.58482594222 0.554939032004 0.495000210871 4.95485511527 1.60010884869 7.25631325552 0.00753464155925 0.011817
pedestrian -1 -1 -10 476.16 169.66 486.023 193.754 0.0999890208244 0.0489944187943 0.192999780703 -10.7179847922 1.14652293517 62.0686744415 0.00753464155925 0.0013815
pedestrian -1 -1 -10 1094.4 179.75 1119.84 252.171 1.58482594222 0.554939032004 0.495000210871 4.95485511527 1.60010884869 7.25631325552 0.00753464155925 0.00060641
pedestrian -1 -1 -10 1053.1 202.09 1098.28 336.49 1.60082425522 1.15187423369 0.216000013988 7.18580540826 1.65354027408 11.024853072 0.00753464155925 1.9044e-05
pedestrian -1 -1 -10 82.107 112.83 122.82 208.232 1.74680817878 0.577937706384 0.683999805878 -19.5789205779 0.627543832406 27.8830857816 0.00753464155925 5.2013e-07
pedestrian -1 -1 -10 1116.0 208.97 1153.03 354.5 1.58482594222 0.554939032004 0.495000210871 4.95485511527 1.60010884869 7.25631325552 0.00753464155925 1.1257e-07
