pedestrian -1 -1 -10 1154.8 153.7 1176.21 195.711 1.64181971765 0.344961521102 1.19299947459 11.8597161457 0.824368907857 15.1312847651 0.00753464155925 0.0079558
pedestrian -1 -1 -10 1148.1 146.0 1168.33 198.611 1.49683565652 0.367959718698 1.1869999113 11.709762279 0.679664291744 15.144985654 0.00753464155925 0.0027163
pedestrian -1 -1 -10 1149.8 162.94 1161.31 196.117 0.560938383671 0.412954865549 0.650999823609 11.0188332426 0.647870266329 14.5831571065 0.00753464155925 0.00024659
pedestrian -1 -1 -10 1138.2 147.41 1176.12 207.517 0.560938383671 0.412954865549 0.650999823609 11.0188332426 0.647870266329 14.5831571065 0.00753464155925 0.00015571
pedestrian -1 -1 -10 1117.8 143.88 1176.44 243.696 0.560938383671 0.412954865549 0.650999823609 11.0188332426 0.647870266329 14.5831571065 0.00753464155925 7.6094e-05
pedestrian -1 -1 -10 1137.6 145.66 1159.72 196.249 1.49683565652 0.219975213974 1.17499983105 11.5083856825 0.681025163587 15.2284939296 0.00753464155925 6.5188e-05
pedestrian -1 -1 -10 1190.3 164.13 1238.73 242.888 1.50083518076 0.937897450842 1.19699966029 3.09646335641 1.55046435982 3.62342580918 0.00753464155925 6.3367e-05
pedestrian -1 -1 -10 724.3 171.23 741.739 221.33 1.47283822799 1.19286915503 0.792999740087 2.48685046932 1.64722598145 13.1031871714 0.00753464155925 5.8875e-05
pedestrian -1 -1 -10 799.18 169.46 820.069 215.866 1.38984741091 0.444950948232 0.159999798434 9.65556100066 0.962728301421 33.7675478218 0.00753464155925 4.6415e-05
pedestrian -1 -1 -10 437.14 162.99 473.695 218.3 1.40184604323 0.836908205726 0.505999887069 -2.85296965584 1.57817266469 13.3499466394 0.00753464155925 3.5136e-05
pedestrian -1 -1 -10 725.53 169.76 752.591 233.208 1.44884088886 1.03288683447 0.827999815204 2.52618114076 1.61991967539 12.9490959138 0.00753464155925 1.9193e-06
