pedestrian -1 -1 -10 516.32 175.74 530.12 213.262 0.101988805294 0.319964641104 0.813999403687 -7.25745785882 1.23118041227 66.0384168893 0.00753464155925 0.020647
pedestrian -1 -1 -10 375.55 171.54 392.729 224.164 1.82879916323 1.19786872174 0.747999915986 -4.12944574913 1.59648898041 12.6458547193 0.00753464155925 0.0005818
pedestrian -1 -1 -10 373.35 168.47 405.857 232.085 1.82879916323 1.1818706804 0.690999773218 -4.12399462233 1.60032028162 12.9047929649 0.00753464155925 7.0909e-05
pedestrian -1 -1 -10 387.82 169.88 402.969 218.472 1.76380630207 1.18586995234 0.597999866536 -4.10285536719 1.60348862187 13.1191355041 0.00753464155925 4.5895e-05
pedestrian -1 -1 -10 4.506 209.64 63.584 339.36 1.27585993457 1.13987546429 1.1869999113 -6.768895518 0.991817158287 8.57403590683 0.00753464155925 1.0533e-05
pedestrian -1 -1 -10 758.57 152.57 793.277 215.305 1.22686526349 0.661928138603 0.543000055033 5.43844549092 1.34855201385 21.9602733884 0.00753464155925 1.0485e-05
pedestrian -1 -1 -10 750.72 156.35 779.098 221.216 1.15487317346 0.753917114708 0.892999852527 5.43967253106 1.32054433044 23.8504060581 0.00753464155925 1.0009e-05
pedestrian -1 -1 -10 21.715 127.01 48.934 207.443 1.19086922872 1.17487052414 0.170000024255 -8.54329134345 0.497307525857 10.7648972281 0.00753464155925 9.2432e-06
pedestrian -1 -1 -10 590.72 176.36 605.183 232.439 0.265970803975 0.433952473604 0.537999822914 -0.502944458955 1.11556561547 25.8279050792 0.00753464155925 2.1205e-06
pedestrian -1 -1 -10 1008.3 238.25 1058.17 291.75 2.1167675308 1.19886806294 1.14699948486 4.36351912642 1.54920358897 7.37747524993 0.00753464155925 8.8333e-07
