pedestrian -1 -1 -10 668.36 168.2 682.696 214.999 1.65899256915 0.388999675348 0.607997756997 2.98305911286 1.17081586406 25.5576674278 0.00692802392802 0.30023
pedestrian -1 -1 -10 789.75 152.15 814.654 216.727 0.798996429145 0.334998857451 0.371998343731 4.53423398309 0.347890747378 15.6332189986 0.00692802392802 0.1965
pedestrian -1 -1 -10 776.45 151.77 820.428 227.727 0.798996429145 0.334998857451 0.371998343731 4.53423398309 0.347890747378 15.6332189986 0.00692802392802 0.12852
pedestrian -1 -1 -10 676.69 168.82 694.095 218.141 1.50499333292 0.388999675348 0.985996358577 3.17184152101 1.01629690878 25.5562693619 0.00692802392802 0.11821
pedestrian -1 -1 -10 661.86 164.7 673.495 203.031 0.873996081948 0.401000704813 0.608997919181 4.15658606876 0.302074088179 44.3574459256 0.00692802392802 0.025764
pedestrian -1 -1 -10 686.02 166.02 696.095 207.989 1.50499333292 0.388999675348 1.07999586828 3.21884014689 1.01616766668 25.5559435987 0.00692802392802 0.011094
pedestrian -1 -1 -10 810.69 159.87 858.984 218.476 0.636997160315 0.362998716406 0.39899866959 5.26371824371 0.372273435155 16.1633006418 0.00692802392802 0.010103
pedestrian -1 -1 -10 1124.6 99.579 1146.53 144.169 1.57399297059 0.750999418585 0.769997089555 4.73279538825 0.894720049519 6.56080496247 0.00692802392802 0.0071615
pedestrian -1 -1 -10 806.49 158.83 818.595 200.01 1.85199175477 1.16899983341 0.533997914707 7.02949158566 0.616100735837 22.5438025172 0.00692802392802 0.0053606
pedestrian -1 -1 -10 839.41 155.68 869.355 230.383 0.976995621622 0.886999482823 0.666997312292 4.63506670062 0.125706219435 12.0530702006 0.00692802392802 0.0046148
pedestrian -1 -1 -10 1139.9 98.04 1160.73 139.47 1.55699302703 0.748999088062 0.769997089555 4.73276501756 0.87772126914 6.55979509806 0.00692802392802 0.0034655
pedestrian -1 -1 -10 818.16 163.93 841.388 203.317 0.636997160315 0.362998716406 0.39899866959 5.26371824371 0.372273435155 16.1633006418 0.00692802392802 0.0034527
pedestrian -1 -1 -10 793.86 158.53 839.981 219.415 1.8489917472 1.15099828921 0.516998257014 7.03640884275 0.61634368559 22.3147508787 0.00692802392802 0.0027475
pedestrian -1 -1 -10 1120.5 108.98 1141.65 154.917 1.67699255496 0.742999527003 0.769997089555 4.732909705 0.997724285764 6.5568640235 0.00692802392802 0.0026833
pedestrian -1 -1 -10 771.21 145.2 804.198 218.142 2.19099022597 0.688998709106 0.709997372077 4.60238547461 1.16358435164 17.482932073 0.00692802392802 0.0025183
pedestrian -1 -1 -10 1129.4 108.21 1151.72 156.108 1.69999245405 0.763999421219 0.769997089555 4.73301416334 1.0207119736 6.56737687347 0.00692802392802 0.002181
pedestrian -1 -1 -10 1128.6 83.419 1165.95 144.026 1.5029932484 0.771999312801 0.769997089555 4.73276747077 0.822708133424 6.57126290527 0.00692802392802 0.0021595
pedestrian -1 -1 -10 1098.5 158.31 1121.0 205.443 1.8079919517 0.774999093331 0.769997089555 4.73319843097 1.12770509238 6.57293720419 0.00692802392802 0.0020941
pedestrian -1 -1 -10 1117.9 182.87 1141.63 229.345 1.81599193215 0.794999060704 0.769997089555 4.73327874188 1.13569344302 6.58294152349 0.00692802392802 0.0016497
pedestrian -1 -1 -10 147.58 158.94 176.211 215.313 0.676996976882 0.551000221692 0.6369967383 -16.1369697604 0.572177707624 26.7550342474 0.00692802392802 0.0015495
pedestrian -1 -1 -10 802.48 162.58 824.241 208.209 0.798996429145 0.334998857451 0.371998343731 4.53423398309 0.347890747378 15.6332189986 0.00692802392802 0.0015184
pedestrian -1 -1 -10 1118.3 152.93 1140.62 196.224 1.79299194366 0.688999185943 0.769997089555 4.73288811829 1.1157550703 6.52993313484 0.00692802392802 0.0014493
pedestrian -1 -1 -10 1093.2 93.62 1115.24 143.823 1.5099932462 0.765999274906 0.769997089555 4.73275909697 0.830711602844 6.56826810587 0.00692802392802 0.0013288
pedestrian -1 -1 -10 1143.0 76.821 1178.85 140.207 1.49799327552 0.77899927754 0.682997523054 4.77629735146 0.822584445283 6.57446415913 0.00692802392802 0.001234
pedestrian -1 -1 -10 784.37 150.81 805.267 191.353 2.10699061006 0.688998709106 0.709997372077 4.60226964581 1.07958473573 17.4828840293 0.00692802392802 0.00084391
pedestrian -1 -1 -10 1128.3 151.79 1151.59 194.969 1.79299194366 0.688999185943 0.769997089555 4.73288811829 1.1157550703 6.52993313484 0.00692802392802 0.00071224
pedestrian -1 -1 -10 1118.3 156.58 1150.6 213.804 1.80699196905 0.765999274906 0.769997089555 4.73316863464 1.1277103257 6.56843797491 0.00692802392802 0.0004039
pedestrian -1 -1 -10 814.14 158.49 826.455 198.005 0.957995727658 0.99800042231 0.0779997757721 6.81376293242 0.306540051998 21.8079385677 0.00692802392802 0.00024919
pedestrian -1 -1 -10 1120.9 173.35 1155.07 229.091 1.80699196905 0.765999274906 0.769997089555 4.73316863464 1.1277103257 6.56843797491 0.00692802392802 0.00022415
pedestrian -1 -1 -10 914.42 166.38 942.748 227.579 1.00799548626 1.19199958131 0.118999988026 6.90640347916 0.340187456649 14.8991358807 0.00692802392802 0.00018501
pedestrian -1 -1 -10 1129.5 197.01 1151.72 247.427 1.81599193215 0.785999242279 0.769997089555 4.73324756665 1.13569867634 6.57844172227 0.00692802392802 0.00017499
pedestrian -1 -1 -10 778.84 141.89 796.287 184.089 1.98499117643 0.598998617509 0.709997372077 4.60178965938 0.957637636374 17.4378152856 0.00692802392802 0.00014291
pedestrian -1 -1 -10 734.45 153.81 761.597 218.942 2.24798995256 0.781999058069 0.695997485682 4.5467522964 1.08733788562 21.3287905628 0.00692802392802 0.00010839
pedestrian -1 -1 -10 134.56 163.01 162.355 234.255 1.76799207926 0.900000915968 0.314999351222 -18.0626461105 0.468310659963 28.654167282 0.00692802392803 7.7662e-05
pedestrian -1 -1 -10 161.16 157.84 178.306 204.73 1.35799390078 1.11099930814 0.23700052912 -18.0704563093 -0.197899826288 29.7302114989 0.00692802392802 5.721e-05
pedestrian -1 -1 -10 1017.3 196.37 1032.89 255.199 1.81199194193 0.982999135479 0.790997395983 6.99278910527 1.18938990625 11.8914831137 0.00692802392802 4.0221e-05
pedestrian -1 -1 -10 137.21 166.62 156.144 214.947 1.98299115151 0.818999689123 0.314999351222 -18.0632231641 0.468357761478 28.6135446714 0.00692802392802 3.3706e-05
pedestrian -1 -1 -10 750.65 151.29 796.261 249.753 2.20499010235 0.688998709106 0.642997711402 4.56890575369 1.17767634741 17.4831722732 0.00692802392802 2.0284e-05
