pedestrian -1 -1 -10 674.47 171.98 704.553 259.07 1.67181646606 1.0808809585 0.833999855329 1.92826015099 1.73691563317 15.2208321047 0.00753464155925 0.76664
pedestrian -1 -1 -10 541.86 166.9 557.104 212.437 2.58271644795 0.889901896463 1.07299974497 -2.01190264846 1.70047018113 25.1636693316 0.00753464155925 0.057572
pedestrian -1 -1 -10 686.95 167.74 709.375 245.644 1.67181646606 0.953895015398 0.77699971256 1.90023927853 1.73787634038 15.2845377026 0.00753464155925 0.021476
pedestrian -1 -1 -10 417.8 140.53 431.433 185.509 0.357960591566 0.274967587113 0.283999356118 -12.8716830547 -0.734476173466 52.6753569571 0.00753464155925 0.01489
pedestrian -1 -1 -10 681.95 199.34 697.474 257.116 1.67181646606 1.10887776924 0.796999687364 1.90965511867 1.73672186863 15.2069732874 0.00753464155925 0.011191
pedestrian -1 -1 -10 423.38 140.94 437.014 188.173 0.380958187459 0.28496862768 0.288000018651 -12.8293757586 -0.0408352745031 52.7829557004 0.00753464155925 0.0086284
pedestrian -1 -1 -10 291.44 134.97 320.055 205.702 1.55982870341 1.06088459878 0.196999489562 -13.2873470508 1.12466379542 32.0650213306 0.00753464155925 0.0058254
pedestrian -1 -1 -10 531.98 163.17 551.94 219.898 2.43673244989 0.695922903687 0.780999779046 -2.03245738981 1.55546364241 25.2298998516 0.00753464155925 0.0029553
pedestrian -1 -1 -10 220.58 225.92 238.987 272.047 2.16276254379 0.787913786932 0.842999677098 -5.13321681601 1.53555163035 9.97742259236 0.00753464155925 0.0026064
pedestrian -1 -1 -10 408.28 137.03 439.392 189.031 0.357960591566 0.274967587113 0.283999356118 -12.8716830547 -0.734476173466 52.6753569571 0.00753464155925 0.0024698
pedestrian -1 -1 -10 670.55 175.87 690.744 246.048 1.63682022295 0.721920078456 0.659999883797 1.84260414511 1.70463978099 15.4012211527 0.00753464155925 0.0023856
pedestrian -1 -1 -10 215.92 220.23 261.895 318.022 2.16276254379 0.787913786932 1.0359994578 -5.036719657 1.53548137133 9.97669654723 0.00753464155925 0.002066
pedestrian -1 -1 -10 544.88 163.52 563.799 207.197 2.58271644795 0.889901896463 0.887999858826 -1.91940532352 1.70040283437 25.1629733812 0.00753464155925 0.001416
pedestrian -1 -1 -10 688.84 170.74 704.794 214.157 1.67181646606 0.977892554195 0.796999687364 1.91014857732 1.73769142853 15.2724640359 0.00753464155925 0.00091649
pedestrian -1 -1 -10 434.83 148.5 452.612 193.431 1.06388317008 0.397955211839 0.221000126899 -4.97277561256 0.236461481594 22.2029970086 0.00753464155925 0.00090605
pedestrian -1 -1 -10 70.046 137.19 90.887 181.534 1.05588410484 0.109986653417 0.497000542137 -15.4362322625 0.092914441703 21.6638173977 0.00753464155925 0.00075653
pedestrian -1 -1 -10 97.66 134.99 164.92 261.43 1.78380414676 1.18186972683 0.588000117552 -13.8959253244 0.856121054781 20.7961841451 0.00753464155925 0.0006783
pedestrian -1 -1 -10 230.82 200.37 258.41 282.26 1.45484021247 1.03888574239 0.267000116632 -9.99082742582 1.853342976 19.9509503998 0.00753464155925 0.00057743
pedestrian -1 -1 -10 552.3 162.79 568.712 204.812 0.839907780736 0.15798363815 0.140000062048 -2.02307496625 0.44319728093 31.6243571364 0.00753464155925 0.00039783
pedestrian -1 -1 -10 537.7 144.98 558.316 203.747 2.27475017608 0.5719378449 0.938999723051 -1.9440427061 1.39433504246 25.2924279394 0.00753464155925 0.00029591
pedestrian -1 -1 -10 675.59 167.26 697.688 230.629 1.67181646606 1.0558840785 0.743999730291 1.88335553253 1.73713342483 15.233668761 0.00753464155925 0.00027898
pedestrian -1 -1 -10 233.8 220.21 255.053 270.972 1.45484021247 0.98589205165 0.267000116632 -9.99102706816 1.85295071374 19.9244543065 0.00753464155925 0.00024929
pedestrian -1 -1 -10 514.16 141.78 541.661 235.416 2.21675663507 0.47094907657 0.586999951919 -2.25198314194 1.45404470869 19.0460739692 0.00753464155925 0.00018925
pedestrian -1 -1 -10 181.84 204.11 262.825 304.86 1.01488852323 0.560939370273 0.161000202486 -9.97946450096 1.7482419513 18.6589861538 0.00753464155925 0.00017063
pedestrian -1 -1 -10 429.23 143.73 444.749 188.594 0.100988957758 0.0589916450816 0.444000108227 -15.9438468075 -0.86660527189 68.880793778 0.00753464155925 0.00015139
pedestrian -1 -1 -10 437.78 155.38 458.45 205.937 1.06388317008 0.397955211839 0.221000126899 -4.97277561256 0.236461481594 22.2029970086 0.00753464155925 0.00013403
pedestrian -1 -1 -10 16.33 225.09 36.879 270.755 1.10387882781 0.89290230399 1.12499965562 -4.84075064902 1.26098281567 5.89338291304 0.00753464155925 0.00012272
pedestrian -1 -1 -10 118.47 111.99 199.793 255.56 0.908900184752 0.692922972945 0.360999950529 -14.1244794444 0.462584961577 23.1780844074 0.00753464155925 8.4577e-05
pedestrian -1 -1 -10 449.79 154.74 465.972 209.24 0.100988957758 0.136978401537 1.01499907894 -14.2562307836 -0.324643079022 70.5652877384 0.00753464155925 6.9821e-05
pedestrian -1 -1 -10 545.04 162.52 575.437 217.012 0.839907780736 0.15798363815 0.140000062048 -2.02307496625 0.44319728093 31.6243571364 0.00753464155925 6.1132e-05
pedestrian -1 -1 -10 443.84 161.93 461.144 213.1 0.540940587403 0.400957049721 0.414999834816 -4.22323603991 0.898941707247 17.5305285992 0.00753464155925 5.8821e-05
pedestrian -1 -1 -10 522.33 195.3 537.882 236.374 0.382957882531 0.434951814805 0.206000026586 -2.44133681228 1.42929565728 23.4989085506 0.00753464155925 4.5031e-05
pedestrian -1 -1 -10 59.189 134.07 152.888 251.06 1.89779159332 1.18187163397 0.610999874001 -13.9069414758 0.976247061803 19.7911933059 0.00753464155925 4.464e-05
pedestrian -1 -1 -10 142.81 134.73 178.309 207.401 0.910899969221 0.931897112573 0.360999950529 -14.1235785441 0.466353646016 23.297553278 0.00753464155925 3.5351e-05
pedestrian -1 -1 -10 400.9 127.2 423.646 183.108 0.357960710762 0.560939370273 0.510000072765 -12.8781904007 -0.0661093912363 47.3597788238 0.00753464155925 3.3947e-05
pedestrian -1 -1 -10 557.78 157.65 576.561 208.671 1.69081431794 0.354960654529 0.562999910628 -1.83713853488 0.580829811213 37.6905537236 0.00753464155925 2.2256e-05
pedestrian -1 -1 -10 424.18 144.43 450.994 210.125 0.100988838561 0.0419952161094 0.458000042906 -16.2405406021 -0.329863001951 70.3327808381 0.00753464155925 1.2808e-05
pedestrian -1 -1 -10 408.18 151.74 431.889 200.949 0.341962435009 0.483948140739 0.334000485222 -12.9117930126 0.541370877683 49.4797138125 0.00753464155925 1.2001e-05
pedestrian -1 -1 -10 1050.1 148.8 1121.98 291.7 1.1528734132 1.19786872174 0.242999956132 5.91475573365 0.51409119568 8.78567111061 0.00753464155925 1.0603e-05
pedestrian -1 -1 -10 391.09 147.1 467.88 235.958 1.25486218274 1.18887083665 1.1389995903 -4.30606385347 1.60483578642 17.5199865028 0.00753464155925 9.169e-06
pedestrian -1 -1 -10 138.34 151.35 200.685 227.608 1.44584122706 1.14087575906 0.67300012968 -13.9665443351 0.471600713189 23.4597733323 0.00753464155925 6.7368e-06
pedestrian -1 -1 -10 506.12 183.6 525.617 241.635 2.21675663507 0.47094907657 0.586999951919 -2.25198314194 1.45404470869 19.0460739692 0.00753464155925 6.1233e-06
pedestrian -1 -1 -10 659.93 160.61 693.68 225.532 0.586935540797 0.117987104443 0.577999891732 3.60193559125 1.36305366129 39.8766279022 0.00753464155925 3.0159e-06
pedestrian -1 -1 -10 125.77 178.73 217.645 291.51 0.690924154399 0.658928207861 0.579000295783 -10.3006981983 1.48749742982 17.1766636053 0.00753464155925 2.7539e-06
pedestrian -1 -1 -10 507.65 162.39 534.634 246.089 2.21675663507 0.47094907657 0.586999951919 -2.25198314194 1.45404470869 19.0460739692 0.00753464155925 2.6978e-06
pedestrian -1 -1 -10 175.44 207.85 228.207 297.76 1.35885084104 1.18786958831 0.660000599052 -10.2430938503 1.6996285845 17.8666295974 0.00753464155925 7.7697e-07
pedestrian -1 -1 -10 378.63 169.4 420.3 246.539 1.15187353587 0.682925746658 0.864999983168 -5.16679377419 1.45588934847 18.3660296242 0.00753464155925 6.8365e-07
pedestrian -1 -1 -10 1043.7 243.03 1096.42 341.512 1.56682800865 1.19786896013 1.0599996183 2.40244173972 1.68074044463 3.68022233829 0.00753464155925 5.993e-07
pedestrian -1 -1 -10 59.372 166.35 120.602 263.374 0.145983974218 0.690924290544 0.93899984226 -4.926470707 0.271096555826 6.91073229303 0.00753464155925 5.9554e-07
pedestrian -1 -1 -10 134.1 201.21 192.311 289.575 0.673926031109 0.613932584225 0.492999879604 -4.32891627066 0.838483275152 6.42117163851 0.00753464155925 8.9502e-08
pedestrian -1 -1 -10 1009.2 247.33 1080.37 343.537 1.56682800865 1.1938692114 0.944999643967 2.34522212816 1.68133000012 3.7176497939 0.00753464155925 4.5493e-08
pedestrian -1 -1 -10 853.51 197.37 914.052 267.926 2.25875195992 1.17687111368 0.310999775099 6.29346862652 1.50384620915 16.1468677717 0.00753464155925 5.9079e-09
pedestrian -1 -1 -10 879.18 178.35 935.54 263.008 2.02977712989 1.18586899877 0.195000111969 6.20456331752 1.31146348334 15.1040463822 0.00753464155925 5.6094e-10
