pedestrian -1 -1 -10 419.8 168.16 442.623 216.787 1.79880245579 0.698922834429 0.640999597788 -5.77806449355 1.516091462 22.4780996813 0.00753464155925 0.0041409
pedestrian -1 -1 -10 516.31 177.38 535.822 232.116 2.0387761451 1.03988699073 0.732999815674 -2.48868108951 1.37931094943 21.0794265535 0.00753464155925 0.00051263
pedestrian -1 -1 -10 399.93 156.59 443.82 268.45 1.79880245579 0.889901896463 0.830999596848 -5.87378127677 1.51474699126 22.3833276211 0.00753464155925 0.00045337
pedestrian -1 -1 -10 682.69 142.12 701.306 186.765 0.104988467098 0.265969702026 0.97500008301 8.33500610427 -0.851325408904 69.100213127 0.00753464155925 0.00023422
pedestrian -1 -1 -10 525.92 182.74 544.939 231.84 0.517943110706 0.375958262583 1.06999972491 -2.30390207135 1.42115171417 23.5635015281 0.00753464155925 0.00020439
pedestrian -1 -1 -10 504.64 185.04 524.242 245.298 0.385957633732 0.116985856102 0.726999775549 -2.92747739899 1.4193771606 23.4167282495 0.00753464155925 9.8684e-05
pedestrian -1 -1 -10 57.924 256.15 93.753 318.357 2.1657622354 1.18586947556 1.19599973307 -5.81839449501 1.5491414749 7.89511816764 0.00753464155925 8.8205e-05
pedestrian -1 -1 -10 371.25 158.74 440.574 303.62 0.65892766249 1.15187232655 0.568999593126 -5.98310649575 1.61348605089 21.7441648783 0.00753464155925 6.7025e-05
pedestrian -1 -1 -10 689.47 133.93 709.534 184.079 0.306966311095 0.286967310081 0.431000100762 5.58310345842 -0.630975156857 42.1309586275 0.00753464155925 4.2117e-05
pedestrian -1 -1 -10 388.08 218.18 435.689 311.49 1.14887387407 1.17287184174 0.628999755957 -2.87342633201 1.6319723312 9.48389878238 0.00753464155925 1.874e-05
pedestrian -1 -1 -10 675.14 144.66 699.725 213.943 0.569937447306 0.353961313328 0.661999976644 4.33948003102 0.369996195523 39.7756346148 0.00753464155925 1.7841e-05
pedestrian -1 -1 -10 697.87 130.66 716.153 179.022 0.313965512039 0.273968245912 0.524999934658 6.13656824099 -0.0988450195091 40.9433011009 0.00753464155925 1.0259e-05
pedestrian -1 -1 -10 537.52 187.45 555.022 234.791 0.817910185099 0.533941900734 0.915999608975 -1.87932819732 1.55699758335 23.6395231309 0.00753464155925 9.5853e-06
pedestrian -1 -1 -10 527.81 180.01 557.514 237.921 0.682925016522 0.533941900734 1.15599954504 -2.07236425517 1.42215293289 23.6419747316 0.00753464155925 2.3695e-06
