pedestrian -1 -1 -10 787.54 170.18 801.71 199.587 1.1008791064 0.526942698049 0.518999894533 10.3299602554 1.35413810372 38.8832424594 0.00753464155925 0.044291
pedestrian -1 -1 -10 246.22 210.89 257.596 243.799 0.104988496897 0.367959718698 0.23199932626 -11.8132812692 0.631660496585 23.3397410948 0.00753464155925 0.0018679
pedestrian -1 -1 -10 868.88 169.1 886.061 215.681 1.01188886142 0.375960169723 0.206000265005 10.9225795866 1.707845893 28.8900031278 0.00753464155925 0.001157
pedestrian -1 -1 -10 592.59 173.43 611.527 211.675 2.72370088053 0.503942593313 0.533999830933 -0.227721515781 1.6978488977 32.9633869388 0.00753464155925 0.0010235
pedestrian -1 -1 -10 779.27 174.54 801.74 210.425 0.794912768001 1.08787825404 1.11799968828 9.53978899099 1.77099554641 37.1470193776 0.00753464155925 0.00097087
pedestrian -1 -1 -10 873.55 161.84 891.137 204.971 0.103988530165 0.372960238981 0.503999555803 27.8079353448 -0.406744397827 71.4327428845 0.00753464155925 0.00091331
pedestrian -1 -1 -10 245.01 198.38 266.023 242.979 0.104988496897 0.400955142581 0.307999516618 -11.851404592 0.631443929472 23.3235297559 0.00753464155925 0.00087024
pedestrian -1 -1 -10 875.5 153.68 910.238 201.453 0.0999890208244 0.0419952161094 0.239000247274 28.0980621584 0.504373159457 70.2303781171 0.00753464155925 0.00084746
pedestrian -1 -1 -10 857.72 151.38 893.07 208.057 0.0999890208244 0.0 0.0 27.2197398445 0.534700553498 72.6468794922 0.0 0.000425
pedestrian -1 -1 -10 290.84 182.02 315.168 241.109 2.0877707305 0.589935522213 0.705999158275 -15.5875681145 1.85983052139 37.3816092734 0.00753464155925 2.2115e-05
pedestrian -1 -1 -10 608.96 125.4 631.125 171.197 1.31685545658 0.433952473604 0.554999822359 0.304843276228 0.445336060191 25.0484104212 0.00753464155925 1.7409e-05
pedestrian -1 -1 -10 239.18 180.15 268.281 241.609 0.272970004919 0.373959580182 0.175000137165 -11.2579638896 1.06058998274 22.7483711108 0.00753464155925 8.4756e-06
pedestrian -1 -1 -10 265.43 171.58 302.794 235.292 0.0999890208244 0.0 0.0 -24.3446703757 1.00545916202 54.0018097626 0.0 2.683e-06
pedestrian -1 -1 -10 288.68 156.13 324.287 250.577 2.29674777544 0.589935522213 0.705999158275 -15.5876325494 1.85983052139 37.3831566624 0.00753464155925 1.1031e-06
pedestrian -1 -1 -10 590.96 122.84 621.323 198.823 1.49683568632 0.433952473604 0.554999822359 0.304898770407 0.625316289927 25.0470777417 0.00753464155925 6.9057e-07
