pedestrian -1 -1 -10 381.2 131.06 421.506 232.62 2.08877066743 1.194868791 0.536999538071 -4.70274475173 1.34783176667 16.5658196049 0.00753464155925 0.31973
pedestrian -1 -1 -10 386.62 170.23 407.568 232.981 2.07877177488 1.19686938054 0.541999650982 -4.7601622154 1.34106754241 16.4442608314 0.00753464155925 0.057195
pedestrian -1 -1 -10 66.265 190.56 99.786 271.925 1.84479743898 1.19786872174 0.924999907581 -7.02491667446 1.18175419704 9.77753033542 0.00753464155925 0.049317
pedestrian -1 -1 -10 427.26 83.23 469.711 211.33 1.51483368695 1.18987017785 0.475999686444 -4.06052650871 0.741820109446 18.5504776733 0.00753464155925 0.018721
pedestrian -1 -1 -10 425.25 123.51 454.653 194.585 1.59182519531 1.16687198026 0.640999597788 -4.27771202159 0.826615262431 18.1898780572 0.00753464155925 0.013062
pedestrian -1 -1 -10 383.54 134.45 398.086 177.739 1.65281854713 1.1938694498 0.466999387838 -4.84108487447 0.923647845841 16.142356019 0.00753464155925 0.010355
pedestrian -1 -1 -10 391.92 93.525 461.677 236.455 1.59782457852 1.19286820146 0.648999492343 -4.4077290272 0.836755410228 17.7886970531 0.00753464155925 0.0089005
pedestrian -1 -1 -10 920.39 195.98 959.097 285.426 0.666926770568 0.868905241978 0.471999977585 5.93182169156 1.04723675329 12.7731045231 0.00753464155925 0.0043897
pedestrian -1 -1 -10 394.5 151.41 416.235 234.52 2.03477651656 1.18987017785 0.536999538071 -4.66940042214 1.28750196064 16.7475873169 0.00753464155925 0.0040371
pedestrian -1 -1 -10 399.17 123.05 441.308 232.92 1.94378660631 1.18587090591 0.535000160479 -4.5179745862 1.19121473485 17.2072618223 0.00753464155925 0.0037167
pedestrian -1 -1 -10 381.71 130.06 406.799 209.361 1.89979146718 1.194868791 0.484000057835 -4.80574515574 1.17209809367 16.2417532746 0.00753464155925 0.0027285
pedestrian -1 -1 -10 454.46 180.58 468.039 221.49 2.00078032958 1.17287184174 0.43699966405 -3.8638383671 1.23753758446 19.2148456897 0.00753464155925 0.0017518
pedestrian -1 -1 -10 412.49 114.1 450.697 245.6 1.92778833055 1.194868791 0.630999848805 -4.4271981235 1.16760783165 17.7103783665 0.00753464155925 0.0016437
pedestrian -1 -1 -10 388.85 134.04 404.469 182.829 1.66181750274 1.19287010859 0.468999719104 -4.74517537003 0.923347063379 16.3962389795 0.00753464155925 0.0012733
pedestrian -1 -1 -10 423.86 123.7 442.346 186.675 1.61082316267 1.18986827071 0.661999499807 -4.36609488795 0.847952717729 17.9388348611 0.00753464155925 0.0010892
pedestrian -1 -1 -10 459.05 179.78 473.601 221.499 2.00078032958 1.19286820146 0.469999884737 -3.79647949907 1.24114612113 19.4613195088 0.00753464155925 0.00052301
pedestrian -1 -1 -10 370.47 122.84 407.789 229.65 1.94778617525 1.19486974457 0.497999992515 -4.90123427456 1.21720075234 16.0421333813 0.00753464155925 0.00047495
pedestrian -1 -1 -10 404.6 156.56 426.319 236.045 2.09876955998 1.19286820146 0.523999530607 -4.54836960346 1.3473611357 17.080808397 0.00753464155925 0.00031087
pedestrian -1 -1 -10 934.05 205.58 952.471 281.171 0.75991653979 0.563938347445 0.304999734974 4.39702227747 0.969700210872 9.16250527774 0.00753464155925 0.00028668
pedestrian -1 -1 -10 380.26 156.74 403.093 229.965 2.05977386713 1.18887083665 0.511999927194 -4.83479273852 1.33190918212 16.2277891176 0.00753464155925 0.00024286
pedestrian -1 -1 -10 443.73 111.31 478.386 203.57 1.65681811606 1.16387395665 0.45599971164 -3.80209369703 0.896188378004 19.39641322 0.00753464155925 0.0002184
pedestrian -1 -1 -10 456.1 92.35 500.578 213.89 1.50983424067 1.15387291609 0.866999837597 -3.67576167747 0.704682237403 20.4483540965 0.00753464155925 0.00019083
pedestrian -1 -1 -10 284.82 185.54 301.329 226.395 1.95678513086 1.17487147771 0.90499945594 -5.92422375749 1.26151060874 13.3188748205 0.00753464155925 0.00015343
pedestrian -1 -1 -10 439.57 109.09 463.537 187.54 1.40984522581 1.16987000386 0.452999691577 -4.01192262934 0.639032241199 18.7018768857 0.00753464155925 0.00015335
pedestrian -1 -1 -10 415.64 123.5 443.941 206.631 1.81480076134 1.1958681322 0.627999590324 -4.45235184136 1.05641651992 17.628865824 0.00753464155925 0.00015104
pedestrian -1 -1 -10 2.3924 110.87 90.5364 290.07 1.8337986095 1.18886988308 0.885999885187 -7.16004493718 1.17267756513 9.42905305206 0.00753464155925 0.00012128
pedestrian -1 -1 -10 450.96 180.49 473.27 239.036 2.00078032958 1.169871911 0.452999929996 -3.83418747555 1.23879690232 19.3011166903 0.00753464155925 9.1769e-05
pedestrian -1 -1 -10 907.62 181.11 942.06 268.521 1.41084504354 1.14887430294 0.794999832935 6.19814322984 1.80393307171 13.6415227962 0.00753464155925 8.7226e-05
pedestrian -1 -1 -10 443.15 171.04 464.829 234.647 2.10376906585 1.19187076739 0.526999550669 -3.96124849719 1.33579209238 18.8903434862 0.00753464155925 8.5305e-05
pedestrian -1 -1 -10 34.17 127.03 109.095 282.01 1.83279873216 1.19086951905 0.862999651902 -7.05614879022 1.17032645588 9.74734140685 0.00753464155925 4.2759e-05
pedestrian -1 -1 -10 291.15 184.85 306.089 228.804 1.9637843914 1.1938694498 0.910999496065 -5.87528739209 1.26631825981 13.4430037076 0.00753464155925 4.1537e-05
pedestrian -1 -1 -10 464.67 174.44 482.807 218.554 2.00178020692 1.19287010859 0.733999981307 -3.74562328757 1.20075527556 19.9776126807 0.00753464155925 3.074e-05
pedestrian -1 -1 -10 465.66 184.68 482.524 247.021 0.948895844336 0.880903057807 1.15399969062 -2.59042483263 1.4868188705 13.8070315896 0.00753464155925 2.8605e-05
pedestrian -1 -1 -10 52.068 165.61 90.159 275.74 1.83279873216 1.19286915503 0.872999400885 -7.06623889656 1.17015611254 9.73541869264 0.00753464155925 1.7193e-05
pedestrian -1 -1 -10 451.13 155.2 490.979 240.961 1.85779602313 1.194868791 0.447999578667 -3.69815470006 1.1976258848 19.7672070629 0.00753464155925 1.6702e-05
pedestrian -1 -1 -10 465.16 171.84 493.575 247.137 2.00577977586 1.17487243128 0.822000013497 -3.69944849393 1.20500116759 20.2662718996 0.00753464155925 1.0039e-05
pedestrian -1 -1 -10 573.39 144.79 637.613 207.195 1.29385797989 0.737918119797 1.04399968018 -0.0500541457502 0.266037946532 33.2536984686 0.00753464155925 5.6201e-07
pedestrian -1 -1 -10 350.46 112.28 399.365 226.89 1.91378980947 1.18586995234 0.721999901057 -5.17505299418 1.1878873997 15.5368081911 0.00753464155925 8.4548e-08
