pedestrian -1 -1 -10 919.11 140.3 956.218 259.64 1.74080882538 0.47094907657 0.393999932798 5.91116157001 1.40210129741 12.8359639712 0.00753464155925 0.95667
pedestrian -1 -1 -10 928.46 173.53 959.289 253.598 1.74080882538 0.47094907657 0.393999932798 5.91116157001 1.40210129741 12.8359639712 0.00753464155925 0.070631
pedestrian -1 -1 -10 369.16 128.88 405.014 218.243 2.12176703667 0.486946164341 0.61999969577 -7.28083611302 1.2356881821 24.3512211056 0.00753464155925 0.01056
pedestrian -1 -1 -10 923.05 144.32 946.343 239.162 1.74080882538 0.47094907657 0.393999932798 5.91116157001 1.40210129741 12.8359639712 0.00753464155925 0.0072767
pedestrian -1 -1 -10 910.48 149.57 937.469 227.586 1.74080882538 0.47094907657 0.393999932798 5.91116157001 1.40210129741 12.8359639712 0.00753464155925 0.0027595
pedestrian -1 -1 -10 914.06 144.48 933.702 193.716 2.07777183795 1.13287721517 0.66100004943 9.49281421901 1.21949270275 20.9843015771 0.00753464155925 0.001475
pedestrian -1 -1 -10 920.53 140.86 939.78 196.914 1.5798264885 0.47094907657 0.393999932798 5.91111193354 1.24111896053 12.8371559791 0.00753464155925 0.0013722
pedestrian -1 -1 -10 909.77 154.63 927.903 206.033 1.6608176254 1.1468737134 0.466999864675 9.39779674972 1.23218894961 21.2267768373 0.00753464155925 0.001221
pedestrian -1 -1 -10 930.39 143.88 946.055 196.9 1.74080882538 0.47094907657 0.393999932798 5.91116157001 1.40210129741 12.8359639712 0.00753464155925 0.00098557
pedestrian -1 -1 -10 366.08 139.38 383.922 190.665 0.0999890208244 0.0669901889673 0.197000443236 -20.1784894038 0.452685160511 62.6362963668 0.00753464155925 0.00059044
pedestrian -1 -1 -10 482.29 173.31 494.55 208.634 1.61982214808 0.187979131292 0.179999773238 -5.13490654152 0.629009005651 31.0137374603 0.00753464155925 0.0002861
pedestrian -1 -1 -10 801.33 128.04 821.771 172.474 0.121986679784 0.457950012401 0.800999396223 11.0921803062 -1.07828433931 38.9647705993 0.00753464155925 0.00015637
pedestrian -1 -1 -10 928.7 146.86 979.265 236.355 1.53983094811 1.18387031637 0.376999739637 9.34820854881 1.21648954026 19.1507014006 0.00753464155925 4.707e-05
pedestrian -1 -1 -10 910.96 112.4 978.806 257.74 1.74080882538 0.47094907657 0.393999932798 5.91116157001 1.40210129741 12.8359639712 0.00753464155925 2.2649e-05
pedestrian -1 -1 -10 258.53 179.75 288.122 239.394 0.865904922962 0.318965299903 0.93399972935 -17.6292807356 1.65710595365 38.1855597845 0.00753464155925 1.5644e-05
pedestrian -1 -1 -10 889.69 149.81 941.693 241.915 1.53883104098 1.14287444146 0.388999819887 9.36357105788 1.11575063438 21.600907171 0.00753464155925 1.2577e-05
