pedestrian -1 -1 -10 877.97 273.36 925.192 368.615 0.842907416466 0.72192055524 0.200999913676 2.27165292907 1.6314391719 5.47282673766 0.00753464155925 0.0055346
pedestrian -1 -1 -10 337.08 162.84 353.363 201.991 1.95378543926 0.708921967856 0.637999339307 -11.4346945446 0.903408688431 31.4541698981 0.00753464155925 0.00025849
pedestrian -1 -1 -10 308.71 155.89 343.926 233.606 1.38184821344 0.590934863414 0.922999099478 -12.2262492021 1.53652096654 31.8925882176 0.00753464155925 1.8288e-05
pedestrian -1 -1 -10 417.95 186.89 439.564 235.09 1.30885628891 0.702922106372 0.747999439149 -4.99507664082 1.66170509769 19.7110373239 0.00753464155925 7.0822e-06
pedestrian -1 -1 -10 349.09 136.1 368.347 189.342 1.59782453382 0.745920477962 0.855999684562 -11.4309258614 0.506749470432 33.5711711623 0.00753464155925 2.6753e-06
pedestrian -1 -1 -10 291.62 164.44 331.722 235.203 2.01977817774 0.275970742593 0.355000387241 -10.9825424143 1.05437633152 26.7428675878 0.00753464155925 2.4086e-06
pedestrian -1 -1 -10 409.74 183.53 447.004 246.104 1.30885628891 0.732919506653 0.779000043826 -5.0064634232 1.66193551306 19.7261221228 0.00753464155925 1.5218e-06
pedestrian -1 -1 -10 298.16 154.27 370.014 234.197 1.38184821344 0.377956944985 0.960999194657 -12.15044919 1.53804283566 31.9985098713 0.00753464155925 1.2432e-06
pedestrian -1 -1 -10 275.2 162.94 318.237 237.88 2.32374488067 1.10387915609 1.14499963043 -7.28139280577 1.56804675374 16.8782693112 0.00753464155925 1.1665e-06
pedestrian -1 -1 -10 329.04 152.57 386.541 222.18 1.59782453382 0.745920477962 0.855999684562 -11.4309258614 0.506749470432 33.5711711623 0.00753464155925 2.4223e-07
pedestrian -1 -1 -10 891.62 118.91 945.543 189.273 1.61282285774 0.206977103375 1.00399964116 3.33843137932 1.14480603846 7.98253753924 0.00753464155925 2.0584e-07
pedestrian -1 -1 -10 129.21 162.78 171.709 237.03 2.25875195992 1.00189009299 0.551000426425 -8.13366211896 1.5421376493 12.4589822075 0.00753464155925 1.4811e-07
pedestrian -1 -1 -10 390.72 188.9 431.886 259.942 1.32985401094 0.644929802491 1.18999969295 -5.25628132916 1.68246358468 19.6838502259 0.00753464155925 1.1588e-07
pedestrian -1 -1 -10 119.39 172.42 159.827 246.793 2.25675220525 1.17787045488 0.551000426425 -8.13455171409 1.53839120737 12.3410137363 0.00753464155925 3.6896e-08
pedestrian -1 -1 -10 996.73 200.7 1064.09 324.27 0.961894363301 1.194868791 0.642999929055 5.57240821299 0.939862705242 9.08907645889 0.00753464155925 4.0296e-09
pedestrian -1 -1 -10 365.2 181.41 409.045 253.468 1.20286786104 0.420955316574 1.18299924877 -5.91655487599 1.55447734435 19.5897658558 0.00753464155925 7.2086e-10
