pedestrian -1 -1 -10 793.24 153.06 808.975 205.846 1.5849929288 0.346999886916 0.480998140426 7.44236963143 0.747897859078 26.098338511 0.00692802392802 0.98764
pedestrian -1 -1 -10 776.75 152.52 788.934 205.025 1.46999340355 0.665999914878 0.804996805542 6.71079193815 0.770053872322 26.852017006 0.00692802392802 0.84442
pedestrian -1 -1 -10 759.94 156.66 773.902 203.018 1.46999340355 0.623000676439 0.872996389983 6.48605808435 0.770628972909 26.8910759682 0.00692802392802 0.83351
pedestrian -1 -1 -10 768.68 155.65 787.277 200.618 1.46999340355 0.682000651715 0.968996224049 6.6288496249 0.770270054637 26.8605855361 0.00692802392802 0.49281
pedestrian -1 -1 -10 787.52 153.4 799.543 202.015 1.5849929288 0.346999886916 0.480998140426 7.44236963143 0.747897859078 26.098338511 0.00692802392802 0.27284
pedestrian -1 -1 -10 764.35 156.74 777.997 199.67 1.46999340355 0.682000651715 1.00099616874 6.54985206141 0.77048729102 26.8611330946 0.00692802392802 0.21889
pedestrian -1 -1 -10 777.53 153.86 801.471 203.428 0.324998511374 0.085998476877 0.191999668132 11.6459276889 -0.792923800871 42.0330488227 0.00692802392802 0.16679
pedestrian -1 -1 -10 782.54 151.75 796.632 194.299 0.324998511374 0.085998476877 0.191999668132 11.6459276889 -0.792923800871 42.0330488227 0.00692802392802 0.10897
pedestrian -1 -1 -10 754.64 159.2 767.661 202.467 1.46999340355 0.612001004328 0.663997064158 6.38159903429 0.770909934716 26.8972999768 0.00692802392802 0.072701
pedestrian -1 -1 -10 206.98 161.8 242.069 250.113 1.64699264318 1.07500003444 0.674997179255 -7.47598905371 1.30780611516 14.0660099674 0.00692802392802 0.027983
pedestrian -1 -1 -10 265.75 173.9 284.877 242.525 1.47599335909 0.532998677495 0.862996675488 -7.75240958934 1.25818752723 17.0220401366 0.00692802392802 0.016963
pedestrian -1 -1 -10 214.73 164.8 259.918 245.316 1.64699264318 1.18799892026 0.674997179255 -7.4754590649 1.30771714711 14.1425080186 0.00692802392802 0.010092
pedestrian -1 -1 -10 214.44 164.67 244.117 220.862 1.64699264318 1.15199964656 0.674997179255 -7.47625577915 1.30785088977 14.0275110852 0.00692802392802 0.0060975
pedestrian -1 -1 -10 719.27 155.76 731.517 201.766 1.15799485147 0.188999047945 0.123999606856 6.02417919162 -0.431612181122 33.4572202738 0.00692802392802 0.0044787
pedestrian -1 -1 -10 390.85 159.71 407.191 197.137 1.12499494702 0.579000080647 0.998996798042 -8.97308346899 0.413344998438 31.1900679098 0.00692802392802 0.0028904
pedestrian -1 -1 -10 272.77 172.83 293.396 228.119 1.47599335909 0.532998677495 0.862996675488 -7.75240958934 1.25818752723 17.0220401366 0.00692802392802 0.0025286
pedestrian -1 -1 -10 232.02 171.53 275.906 251.447 0.502997778356 0.390998575361 0.672997808558 -14.1915396853 0.599832775537 29.3607544455 0.00692802392802 0.0014377
pedestrian -1 -1 -10 285.95 170.36 297.766 216.826 0.331998568773 0.0529975531961 0.217000146459 -18.2351469852 -0.722373329042 41.0336180642 0.00692802392806 0.0012265
pedestrian -1 -1 -10 206.3 162.84 228.478 223.243 1.64699264318 1.07500003444 0.674997179255 -7.47598905371 1.30780611516 14.0660099674 0.00692802392802 0.0011663
pedestrian -1 -1 -10 678.0 147.41 700.094 200.659 2.04099086076 0.382001617957 0.881996657548 3.46996370166 0.632690268167 28.8610276021 0.00692802392802 0.00096203
pedestrian -1 -1 -10 186.71 151.69 234.415 269.94 0.434998033941 0.123998557937 0.103999701029 -8.86650578936 0.800209505302 16.1943101245 0.00692802392803 0.00089679
pedestrian -1 -1 -10 290.46 164.53 306.423 216.068 2.20799010992 0.665999914878 0.29499896856 -5.32167935822 1.36186412163 12.3162785366 0.00692802392802 0.00069168
pedestrian -1 -1 -10 224.24 169.25 251.32 235.746 1.64699264318 1.18799892026 0.674997179255 -7.4754590649 1.30771714711 14.1425080186 0.00692802392802 0.0003037
pedestrian -1 -1 -10 738.51 164.3 764.335 219.217 2.12099054605 0.502999918527 0.157999399076 2.98914883629 1.23307400264 13.9511426756 0.00692802392802 0.0001515
pedestrian -1 -1 -10 674.19 138.04 692.219 195.928 1.86899163872 0.382001617957 1.10199586005 3.35972956941 0.460993528134 28.8616916524 0.00692802392802 0.00013199
pedestrian -1 -1 -10 665.25 141.08 701.045 214.055 2.04099086076 0.382001617957 1.08199595423 3.36996645539 0.63296525184 28.8617207163 0.00692802392802 0.00011317
pedestrian -1 -1 -10 295.51 157.9 324.409 230.464 0.677996963263 0.477998409592 0.690997390017 -11.801754294 0.757155083397 29.4367809087 0.00692802392802 0.00010964
pedestrian -1 -1 -10 153.15 124.31 243.676 267.29 1.03399537802 0.895999301248 0.252999309376 -8.64986131406 1.04155139481 15.3717211887 0.00692802392802 5.5517e-05
pedestrian -1 -1 -10 197.48 162.17 277.699 259.393 1.64699264318 1.07500003444 0.674997179255 -7.47598905371 1.30780611516 14.0660099674 0.00692802392802 4.1348e-05
pedestrian -1 -1 -10 248.26 175.65 266.658 235.464 0.502997778356 0.390998575361 0.672997808558 -14.1915396853 0.599832775537 29.3607544455 0.00692802392802 3.4136e-05
pedestrian -1 -1 -10 164.49 148.7 206.596 253.58 2.37498935908 1.15800016129 0.344998017872 -14.3050913748 1.03577937085 24.4303378981 0.00692802392802 2.719e-05
pedestrian -1 -1 -10 178.98 163.79 218.269 258.886 1.03399537802 0.918000552818 0.252999309376 -8.64978510207 1.04153860127 15.3827215505 0.00692802392802 1.3278e-05
pedestrian -1 -1 -10 241.39 172.56 260.664 234.46 0.502997778356 0.390998575361 0.672997808558 -14.1915396853 0.599832775537 29.3607544455 0.00692802392802 8.5771e-06
pedestrian -1 -1 -10 1134.4 124.37 1164.21 196.971 0.0999995529652 0.0 0.0 13.0147132488 -0.289822956429 16.7926600956 0.0 3.8473e-06
