pedestrian -1 -1 -10 438.49 160.04 465.059 225.414 1.60482380926 0.455949422859 0.571999851607 -4.30111648512 1.31673216966 20.0166485293 0.00753464155925 0.97823
pedestrian -1 -1 -10 411.9 162.96 462.428 224.787 0.835908234147 0.263971019625 0.232999730312 -5.25336715374 0.985165796782 22.8394280939 0.00753464155925 0.011653
pedestrian -1 -1 -10 1098.8 239.86 1118.48 281.514 2.19575894284 1.19786872174 0.255000036382 3.59987010763 1.65086388081 5.16150247753 0.00753464155925 0.010287
pedestrian -1 -1 -10 91.725 184.65 112.474 232.016 1.79880248559 1.08288154804 1.19599973307 -6.12111511924 1.24188743665 8.74284828577 0.00753464155925 0.0042796
pedestrian -1 -1 -10 87.439 187.02 102.984 228.993 1.79480297624 1.17287184174 1.19099962016 -6.1729537417 1.23725930978 8.69827150484 0.00753464155925 0.0028817
pedestrian -1 -1 -10 903.2 194.8 922.399 240.513 2.22675546801 1.04288549112 0.692999866065 3.31663777006 1.66202689718 7.52452656169 0.00753464155925 0.0017673
pedestrian -1 -1 -10 451.82 157.78 471.474 204.011 1.24286353552 0.782913266648 0.966999711619 -4.5118824977 1.13360778349 23.1722030859 0.00753464155925 0.0015565
pedestrian -1 -1 -10 444.75 153.41 479.057 216.741 1.24286353552 0.782913266648 0.966999711619 -4.5118824977 1.13360778349 23.1722030859 0.00753464155925 0.00074509
pedestrian -1 -1 -10 433.54 161.53 454.526 225.283 1.60482380926 0.455949422859 0.571999851607 -4.30111648512 1.31673216966 20.0166485293 0.00753464155925 0.0006382
pedestrian -1 -1 -10 896.49 277.28 929.053 344.215 2.23175491429 1.1888694063 0.692999866065 3.31608934853 1.66594576234 7.45149965715 0.00753464155925 0.00052188
pedestrian -1 -1 -10 590.84 145.65 618.172 194.098 0.102988712428 0.154981800269 0.481999845778 0.00737578377887 -0.313446706169 76.3724810863 0.00753464155925 0.00050098
pedestrian -1 -1 -10 907.38 204.34 929.297 251.145 2.23175491429 1.17887122644 0.692999866065 3.31576539943 1.66530925903 7.40850584348 0.00753464155925 0.00033033
pedestrian -1 -1 -10 496.62 152.12 511.329 199.016 1.34685211933 0.38595739601 0.667999778351 -3.79035235666 0.632460505617 25.0877197884 0.00753464155925 0.00017401
pedestrian -1 -1 -10 458.91 154.98 475.787 199.329 1.24286353552 0.782913266648 1.11699976107 -4.43688459578 1.13355317795 23.1716388012 0.00753464155925 0.00016443
pedestrian -1 -1 -10 638.55 187.58 651.656 227.835 2.27774986768 1.12587610535 0.190999926274 1.32354531314 1.44164795475 23.6259029018 0.00753464155925 6.6054e-05
pedestrian -1 -1 -10 464.86 147.98 481.994 193.723 1.16587198246 0.550940236846 1.142999776 -4.53241562292 0.454976237062 25.0240898353 0.00753464155925 5.5895e-06
