pedestrian -1 -1 -10 252.37 165.63 288.094 264.074 1.51383372021 0.640929576979 0.979999719083 -4.484739701 1.30594840602 10.0956490587 0.00753464155925 0.83255
pedestrian -1 -1 -10 324.93 162.16 351.682 241.412 1.73380957973 0.765915884106 1.01999943027 -3.69526659216 1.47029663592 10.01738608 0.00753464155925 0.19254
pedestrian -1 -1 -10 268.72 164.43 300.411 246.529 1.51383372021 0.721921032025 1.05299941254 -4.44793576946 1.30652133473 10.1358690194 0.00753464155925 0.096258
pedestrian -1 -1 -10 253.53 181.41 275.933 251.827 1.51383372021 0.640929576979 0.88099929544 -4.53423851176 1.30598444581 10.096021488 0.00753464155925 0.04931
pedestrian -1 -1 -10 116.49 190.5 140.882 243.207 1.95278553212 1.19286915503 0.692999866065 -2.96851168067 1.43776140428 4.74578597136 0.00753464155925 0.035401
pedestrian -1 -1 -10 336.97 171.72 355.518 227.562 1.73380957973 0.765915884106 1.00499956838 -3.68776687349 1.47029117541 10.0173296521 0.00753464155925 0.027716
pedestrian -1 -1 -10 264.52 161.5 288.078 235.274 1.51383372021 0.721921032025 0.935999583779 -4.50643402805 1.30656392697 10.1363091606 0.00753464155925 0.027275
pedestrian -1 -1 -10 303.13 167.82 348.577 242.657 1.73380957973 0.696923198458 1.19499956744 -3.89450105322 1.47095257432 10.0533824404 0.00753464155925 0.020149
pedestrian -1 -1 -10 329.44 162.75 366.658 221.647 1.73380957973 0.765915884106 1.01999943027 -3.69526659216 1.47029663592 10.01738608 0.00753464155925 0.013965
pedestrian -1 -1 -10 259.54 157.43 313.296 279.56 1.55982867361 0.721921032025 1.07199946013 -4.43842183271 1.35250937141 10.1354569696 0.00753464155925 0.011058
pedestrian -1 -1 -10 330.14 157.28 347.846 214.407 1.73380957973 0.765915884106 1.01999943027 -3.69526659216 1.47029663592 10.01738608 0.00753464155925 0.0087045
pedestrian -1 -1 -10 275.76 168.08 323.231 244.59 2.00977937459 1.1758712957 0.461999990183 -2.8785349346 1.47620833102 6.53570769661 0.00753464155925 0.0068077
pedestrian -1 -1 -10 312.01 161.44 363.933 255.809 1.73380957973 0.765915884106 1.01999943027 -3.69526659216 1.47029663592 10.01738608 0.00753464155925 0.0035707
pedestrian -1 -1 -10 304.6 188.47 323.3 225.741 1.73380957973 0.655928277119 1.18599950725 -4.07184142567 1.47138525396 10.0752147911 0.00753464155925 0.0026845
pedestrian -1 -1 -10 48.085 186.05 70.823 234.225 2.02377777648 1.18587042913 0.523999530607 -5.94892428585 1.60409156467 7.54718963907 0.00753464155925 0.002357
pedestrian -1 -1 -10 17.245 172.33 75.547 270.417 1.61782236361 1.19086999584 0.523999530607 -5.94940065023 1.61089910021 7.46357622292 0.00753464155925 0.0020331
pedestrian -1 -1 -10 16.705 166.63 49.107 231.104 1.57682685649 1.19386897301 0.523999530607 -5.94956020052 1.56961494074 7.44438221176 0.00753464155925 0.0017007
pedestrian -1 -1 -10 108.72 186.83 136.061 257.626 1.95278553212 1.18786958831 0.692999866065 -2.96883186497 1.43713229816 4.70329181411 0.00753464155925 0.0015209
pedestrian -1 -1 -10 339.87 166.66 376.499 232.008 0.348961755149 0.0669940032467 0.168000169826 -13.6258302221 1.67458039614 39.7985360156 0.00753464155925 0.0014624
pedestrian -1 -1 -10 280.82 172.62 301.174 229.14 1.67981550336 0.721921032025 1.09099950772 -4.42888508168 1.47248928445 10.1344970403 0.00753464155925 0.001323
pedestrian -1 -1 -10 242.83 176.76 271.005 246.785 0.63293049419 0.958894582111 0.0549993346655 -12.1978635366 1.53640179071 25.2619197676 0.00753464155925 0.00056706
pedestrian -1 -1 -10 770.02 214.49 787.715 260.332 1.30685645974 0.587935886242 0.447999817085 3.66399565815 1.508117156 15.9810465428 0.00753464155925 0.00052289
pedestrian -1 -1 -10 37.838 173.66 75.714 247.986 2.2177564528 1.18687024711 0.523999530607 -5.94885225807 1.60435060359 7.5661232429 0.00753464155925 0.00051936
pedestrian -1 -1 -10 50.58 182.47 85.312 243.886 2.22475571334 1.19686842697 0.523999530607 -5.94785242889 1.60631933329 7.69915662252 0.00753464155925 0.00039005
pedestrian -1 -1 -10 486.14 122.93 505.569 182.694 1.60082421053 0.557939439531 0.708999893593 -2.88822575304 0.818239480983 19.9783483693 0.00753464155925 0.00027206
pedestrian -1 -1 -10 220.98 190.63 240.68 237.724 0.773914986376 1.12587610535 0.0710000774481 -12.1718939582 1.76552243359 23.5146338467 0.00753464155925 0.00024583
pedestrian -1 -1 -10 228.44 182.33 252.408 239.899 0.125986189124 0.910899504518 0.0139999346793 -14.5314985309 1.21496217696 28.8480010543 0.00753464155925 0.00014169
pedestrian -1 -1 -10 47.38 270.56 70.392 318.497 2.2177564528 1.1888694063 0.523999530607 -5.94897279823 1.60411376327 7.55012541729 0.00753464155925 0.00013758
pedestrian -1 -1 -10 295.51 182.72 321.445 239.779 0.715921385765 0.546940964903 0.107999768576 -12.2829809245 1.64593699609 30.2242383814 0.00753464155925 0.00013178
pedestrian -1 -1 -10 492.79 127.47 512.215 182.896 1.60082421053 0.761915658594 0.708999893593 -2.88745731647 0.819749324384 20.0803335838 0.00753464155925 6.7994e-05
pedestrian -1 -1 -10 192.7 185.92 229.236 240.93 0.870904399034 1.06788189433 0.121999703255 -12.1601491494 1.80728576139 22.3514853787 0.00753464155925 4.0471e-05
pedestrian -1 -1 -10 475.93 125.29 500.213 196.256 0.433952341796 0.0989881787895 0.821999775079 -4.47047115018 -0.29692651944 26.3165140884 0.00753464155925 2.248e-06
