pedestrian -1 -1 -10 1051.5 149.38 1069.81 194.02 2.04977497458 1.19786872174 0.374999885208 5.48396619984 1.42017303927 8.6381220811 0.00753464155925 0.0021949
pedestrian -1 -1 -10 53.136 173.56 85.251 245.796 2.04877497805 1.16787227503 0.341999902939 -9.29680977166 1.3098253147 12.3896202815 0.00753464155925 0.0021018
pedestrian -1 -1 -10 1058.5 154.5 1078.65 196.983 2.12776641988 1.19186981382 0.309999847885 5.44557363829 1.51036954716 8.51463671713 0.00753464155925 0.0019299
pedestrian -1 -1 -10 944.7 148.15 962.755 192.265 2.02577750135 1.19786872174 0.295999913205 5.41663009354 1.36396230026 11.3226547575 0.00753464155925 0.0016244
pedestrian -1 -1 -10 227.15 138.35 245.494 182.19 1.67081657755 1.17487052414 0.659000195 -9.58516889839 0.842187109102 18.6832863107 0.00753464155925 0.001543
pedestrian -1 -1 -10 971.99 150.33 992.082 195.903 2.07377226901 1.19786872174 0.435999736835 5.48019551197 1.42620260056 10.4634904918 0.00753464155925 0.0014027
pedestrian -1 -1 -10 222.19 140.66 238.613 180.264 1.66581707168 1.18986827071 0.659000195 -9.58564129897 0.836262447583 18.6208319503 0.00753464155925 0.0013261
pedestrian -1 -1 -10 979.88 125.0 999.88 187.625 1.75780697846 1.19186886025 0.401999827352 5.49566615406 1.10741246584 10.2757288058 0.00753464155925 0.0010464
pedestrian -1 -1 -10 1049.1 138.26 1075.26 186.544 1.92178900695 1.1938694498 0.374999885208 5.48387400132 1.29208345466 8.63207076046 0.00753464155925 0.00092367
pedestrian -1 -1 -10 1105.1 138.76 1125.69 191.702 1.94078685511 1.19086951905 0.408999794691 5.48885743685 1.32623650221 7.69703953212 0.00753464155925 0.00069796
pedestrian -1 -1 -10 737.54 176.92 756.208 230.8 2.57371749233 0.587934932672 0.713000079288 5.60569242485 1.80354527193 28.6591701001 0.00753464155925 0.00025094
pedestrian -1 -1 -10 36.174 175.38 57.073 229.883 2.02577756095 1.18987017785 0.341999902939 -9.29837832987 1.29274799917 12.181686282 0.00753464155925 0.00014186
pedestrian -1 -1 -10 924.51 179.44 970.175 298.61 2.40173626638 1.19086951905 0.346999539012 5.46105667973 1.74345011363 11.560017502 0.00753464155925 0.0001323
pedestrian -1 -1 -10 44.561 174.43 67.485 238.097 2.03477657616 1.19086951905 0.341999902939 -9.29729248011 1.29488695575 12.3262327646 0.00753464155925 8.6027e-05
pedestrian -1 -1 -10 743.0 183.95 761.892 231.61 2.43273294055 0.587934932672 0.713000079288 5.6057358953 1.80354527193 28.6581261676 0.00753464155925 4.0497e-05
pedestrian -1 -1 -10 910.24 186.5 949.3 314.14 2.35074180711 1.19886901651 0.700999999038 5.65730703549 1.66375734805 12.1294199599 0.00753464155925 1.7761e-05
pedestrian -1 -1 -10 47.417 133.92 97.459 308.26 2.05677411592 1.11987719743 0.341999902939 -9.29580531436 1.31979318933 12.5225430809 0.00753464155925 9.9959e-06
pedestrian -1 -1 -10 830.26 142.24 918.65 212.939 1.45983971834 1.16487234429 0.540999723767 5.66255463796 0.720120050648 15.666243061 0.00753464155925 9.3462e-06
pedestrian -1 -1 -10 732.56 169.89 765.948 240.279 2.43273294055 0.587934932672 0.713000079288 5.6057358953 1.80354527193 28.6581261676 0.00753464155925 9.0073e-06
pedestrian -1 -1 -10 906.24 150.71 962.334 291.15 2.31374586893 1.18687024711 0.337999717243 5.47513786754 1.66254246568 12.0395240606 0.00753464155925 1.2856e-06
pedestrian -1 -1 -10 1219.1 87.259 1242.03 187.769 1.66481719434 1.19786872174 0.385000111029 5.49304671699 1.06207588616 6.53821576005 0.00753464155925 2.0553e-08
