pedestrian -1 -1 -10 835.62 199.97 864.035 274.079 2.23875417483 1.19686938054 0.906999548787 2.73675310223 1.67956431405 7.8067635279 0.00753464155925 0.055216
pedestrian -1 -1 -10 844.58 199.61 911.2 353.56 1.48283716524 1.19786872174 0.76499963231 2.79151436959 1.65082848922 6.94356243852 0.00753464155925 0.0080533
pedestrian -1 -1 -10 843.31 201.72 873.253 288.748 2.23875417483 1.19886901651 0.893999541323 2.72782741641 1.67480264423 7.48485681777 0.00753464155925 0.0069909
pedestrian -1 -1 -10 687.45 175.39 716.523 244.637 2.66370758485 0.997889867479 1.02399961597 2.64846130258 1.87497006942 20.5959458232 0.00753464155925 0.005312
pedestrian -1 -1 -10 693.19 170.88 713.59 219.432 2.65770820164 1.08488213758 0.965999784404 2.67858854143 1.87716192608 20.7451624843 0.00753464155925 0.0018592
pedestrian -1 -1 -10 418.81 213.04 434.841 265.289 1.78680377877 1.18886988308 0.684999733093 -2.36897568736 1.60622819426 8.37904807782 0.00753464155925 0.0018549
pedestrian -1 -1 -10 856.84 207.59 879.142 271.795 2.22875528228 1.1938694498 0.790999647239 2.79653307033 1.66123683528 7.24693347142 0.00753464155925 0.0016227
pedestrian -1 -1 -10 413.14 209.25 429.702 256.56 1.7848040241 1.19586860898 0.678999692968 -2.35951166799 1.59923866569 8.04251908144 0.00753464155925 0.0013691
pedestrian -1 -1 -10 1123.8 287.4 1147.33 334.483 1.6318208698 1.19686866536 0.807999601981 2.90689327376 1.68132825412 3.74140255187 0.00753464155925 0.0010869
pedestrian -1 -1 -10 682.86 184.97 701.145 241.788 0.549939602615 0.274967587113 0.214000159559 4.45434964731 1.61887008943 40.1676878807 0.00753464155925 0.0010052
pedestrian -1 -1 -10 1129.5 292.59 1154.46 343.306 1.6318208698 1.19586908577 0.772999765283 2.88877231782 1.68011979194 3.65904573471 0.00753464155925 0.00091354
pedestrian -1 -1 -10 855.34 204.96 890.21 293.662 1.96178460693 1.19186933704 0.789999720024 2.79520385013 1.65944609014 7.12397658584 0.00753464155925 0.00079605
pedestrian -1 -1 -10 867.21 253.88 923.132 358.62 1.4268432895 1.19686890375 0.729999795612 2.76401877193 1.63996358077 6.41094247524 0.00753464155925 0.0007594
pedestrian -1 -1 -10 287.9 147.97 322.384 226.308 0.770915354371 1.0128890444 0.694999958913 -3.11870845902 0.586087639003 8.06823562848 0.00753464155925 0.00053264
pedestrian -1 -1 -10 683.72 175.21 704.472 223.713 0.549939602615 0.274967587113 0.214000159559 4.45434964731 1.61887008943 40.1676878807 0.00753464155925 0.00051641
pedestrian -1 -1 -10 422.85 203.31 439.378 256.375 1.78680377877 1.18387031637 0.684999733093 -2.36735216266 1.60941813619 8.59451870967 0.00753464155925 0.00050597
pedestrian -1 -1 -10 867.77 211.23 888.87 280.22 1.96178460693 1.19386897301 0.844999769945 2.82271062992 1.65944086952 7.12476947097 0.00753464155925 0.00049405
pedestrian -1 -1 -10 457.43 173.69 470.213 215.176 2.66670721686 0.738921275277 0.589999971982 -6.93766552376 1.59428827429 34.1997193866 0.00753464155925 0.00045188
pedestrian -1 -1 -10 749.09 213.47 767.258 264.979 2.36873989713 1.10088017892 0.666999851136 2.6378983166 1.74504727931 11.4149987037 0.00753464155925 0.00039111
pedestrian -1 -1 -10 679.62 184.91 694.93 228.821 2.66370758485 1.10787842804 0.967999638833 2.41647189238 1.87907791214 20.8636704502 0.00753464155925 0.00034547
pedestrian -1 -1 -10 459.72 177.98 476.941 223.102 1.85179669952 0.630931397122 0.152999831095 -6.62817293292 1.63026864626 35.2179647075 0.00753464155925 9.1518e-05
pedestrian -1 -1 -10 287.53 139.19 310.204 201.384 1.87479411662 1.15287357489 0.839000445076 -9.20066525905 0.989051046079 22.0671912845 0.00753464155925 7.6872e-05
pedestrian -1 -1 -10 397.58 202.72 431.889 261.314 1.73180983996 1.18986970107 0.692999866065 -2.36811496917 1.59606123164 7.82720932664 0.00753464155925 7.6713e-05
pedestrian -1 -1 -10 424.23 223.61 441.627 272.105 1.79180322504 1.19486974457 0.662999903859 -2.37626923425 1.61654901835 8.73803698764 0.00753464155925 7.6353e-05
pedestrian -1 -1 -10 1119.1 278.01 1160.81 343.208 1.6318208698 1.19886853972 0.791999574454 2.89853186684 1.68062355951 3.69346938465 0.00753464155925 7.604e-05
pedestrian -1 -1 -10 292.96 138.68 339.872 218.822 0.770915354371 1.08388136602 0.802999965907 -3.06444253563 0.586573812173 8.10332449691 0.00753464155925 6.6698e-05
pedestrian -1 -1 -10 672.02 125.12 692.699 175.177 1.49683565652 0.844906749612 0.765999797943 2.31230871303 0.706765571193 20.5006205626 0.00753464155925 2.7478e-05
pedestrian -1 -1 -10 749.34 226.28 770.567 287.745 2.36873989713 1.18886892951 0.697999740557 2.65403065801 1.74627940504 11.4988706102 0.00753464155925 2.6928e-05
pedestrian -1 -1 -10 469.7 192.14 491.713 234.613 0.865904893163 0.620932263695 0.792999740087 -3.43658263498 1.73808385227 20.4729929958 0.00753464155925 2.4316e-05
pedestrian -1 -1 -10 467.0 171.53 486.55 221.263 0.304966496827 0.0939914727855 0.185999813363 -7.0416450293 -0.099972403619 39.170288127 0.00753464155925 2.0793e-05
pedestrian -1 -1 -10 522.96 163.52 536.306 210.464 0.0999890208244 0.0 0.0 -6.00615134408 1.04613146025 57.9846016713 0.0 1.1056e-05
pedestrian -1 -1 -10 1103.0 276.85 1143.27 342.312 1.6318208698 1.19486902939 0.789999720024 2.8933381072 1.68221179435 3.80049976304 0.00753464155925 1.0703e-05
pedestrian -1 -1 -10 0.0 124.02 71.824 243.25 2.24575343537 0.781913925447 1.17500078473 -15.3134455586 1.30597634646 19.7144744166 0.00753464155925 9.015e-06
pedestrian -1 -1 -10 872.11 215.42 899.924 288.057 1.48283716524 1.19886853972 0.86499974475 2.84217221221 1.65208730129 7.030674037 0.00753464155925 8.0907e-06
pedestrian -1 -1 -10 674.19 121.29 702.911 191.079 1.63782014871 1.05888400924 0.992999726548 2.42563799131 0.847252959137 20.4707266644 0.00753464155925 4.9006e-06
pedestrian -1 -1 -10 459.67 169.92 492.93 234.314 0.492945879339 0.825909731098 0.574999871669 -3.57637145941 0.907211344893 21.6272424148 0.00753464155925 3.4461e-06
pedestrian -1 -1 -10 1141.8 273.6 1188.88 342.269 1.6318208698 1.19886877812 0.806999674766 2.90486397537 1.6783237151 3.53843448203 0.00753464155925 3.8413e-07
