pedestrian -1 -1 -10 138.67 159.95 172.337 251.418 1.63099272698 0.608999793288 0.973996319715 -8.74689406473 1.21716922649 14.1897219471 0.00692802392802 0.98898
pedestrian -1 -1 -10 349.71 152.33 429.055 343.11 1.87699157447 1.15099924288 0.636997572761 -1.96274847874 1.5177071662 6.1057284623 0.00692802392802 0.92298
pedestrian -1 -1 -10 174.83 166.12 211.906 252.021 1.70299243182 0.746999234376 0.887996200144 -8.25448738659 1.28792723435 14.0883484435 0.00692802392802 0.87843
pedestrian -1 -1 -10 152.58 159.01 175.714 242.95 1.66299252957 0.77599949701 1.09999529727 -8.68443044841 1.24909289905 14.1058057415 0.00692802392802 0.55801
pedestrian -1 -1 -10 512.38 164.81 534.351 239.327 1.60599278063 1.04299856076 0.512998204324 -1.99785424846 1.36694193464 17.3502308424 0.00692802392802 0.42723
pedestrian -1 -1 -10 438.61 163.8 450.315 200.646 0.0999995529652 0.0 0.0 -14.2226564249 0.225847714383 65.265156821 0.0 0.37203
pedestrian -1 -1 -10 553.86 168.84 576.279 238.207 1.61699274257 0.872998599672 0.56299784968 -0.950082061659 1.37676667183 17.599984029 0.00692802392802 0.31896
pedestrian -1 -1 -10 164.16 165.18 197.399 247.014 1.66299252957 0.746999234376 1.17199553044 -8.39653879748 1.24831780937 14.0893097888 0.00692802392802 0.20029
pedestrian -1 -1 -10 146.45 183.55 169.608 248.073 1.66299252957 0.77599949701 1.05399594302 -8.70742957307 1.24915614463 14.1059651561 0.00692802392802 0.20004
pedestrian -1 -1 -10 435.26 163.49 446.458 198.917 0.99199552536 0.603999682236 0.930996259929 -6.17220401874 -0.372219796535 27.5512367645 0.00692802392802 0.12362
pedestrian -1 -1 -10 539.84 168.61 571.61 233.959 1.61699274257 0.872998599672 0.56299784968 -0.950082061659 1.37676667183 17.599984029 0.00692802392802 0.094136
pedestrian -1 -1 -10 345.9 153.8 387.245 336.39 1.86899159402 1.10499927024 0.582997755506 -1.99101965902 1.50999309398 5.92391559687 0.00692802392802 0.068783
pedestrian -1 -1 -10 270.76 161.3 286.603 199.103 2.12999050915 0.544000256953 0.270998890835 -5.93598353504 1.26175268303 13.0204805267 0.00692802392802 0.052749
pedestrian -1 -1 -10 385.85 161.81 442.234 257.569 1.87699157447 1.19499936184 0.636997572761 -1.96098184883 1.51741060594 6.36072204587 0.00692802392802 0.048317
pedestrian -1 -1 -10 630.63 176.38 640.931 201.038 0.392998240888 0.352000951642 0.453998291403 2.47631810323 0.33414734438 46.5979613138 0.00692802392802 0.03967
pedestrian -1 -1 -10 368.8 162.45 449.154 312.54 1.87599165142 1.19799914237 0.636997572761 -1.96031467804 1.51629845495 6.457219251 0.00692802392802 0.039625
pedestrian -1 -1 -10 136.09 180.48 161.16 244.369 1.63099272698 0.568999858542 0.794997091047 -8.83625297007 1.21739207707 14.2103417713 0.00692802392802 0.024718
pedestrian -1 -1 -10 187.99 185.45 206.927 247.732 1.62399278879 0.746999234376 0.796996938579 -8.20887991451 1.28780211736 14.0880782619 0.00692802392802 0.022512
pedestrian -1 -1 -10 504.84 165.72 549.925 236.818 1.60599278063 0.804999759645 0.512998204324 -1.99540867279 1.36653140126 17.7032227725 0.00692802392802 0.016145
pedestrian -1 -1 -10 149.03 157.89 190.354 256.537 1.66299252957 0.77599949701 1.18699581744 -8.64093123324 1.24897328002 14.105504234 0.00692802392802 0.011783
pedestrian -1 -1 -10 143.38 159.68 163.428 223.839 1.63099272698 0.589000302752 0.928996412397 -8.7693242 1.21721946838 14.1998774034 0.00692802392802 0.010768
pedestrian -1 -1 -10 991.61 182.95 1003.26 226.733 0.522997640073 0.297000683739 0.908996983407 17.1061171762 1.42544275411 30.3048970749 0.00692802392803 0.0086227
pedestrian -1 -1 -10 567.98 167.59 582.637 222.303 1.3619938761 0.602998324882 0.458998267859 -0.776332388221 1.17305313709 25.6728902536 0.00692802392802 0.0085314
pedestrian -1 -1 -10 356.69 164.32 372.101 211.641 1.77499203235 1.0879990834 0.606997714022 -1.97839097438 1.41583318777 6.03327588904 0.00692802392802 0.0076498
pedestrian -1 -1 -10 155.09 158.32 172.947 203.683 1.66299252957 0.77599949701 1.13499596692 -8.66693053396 1.24904477582 14.1056844438 0.00692802392802 0.0072119
pedestrian -1 -1 -10 203.34 165.25 222.462 208.71 1.34399394989 0.596999717497 0.194998962595 -14.1789430016 0.527762970682 25.891008855 0.00692802392802 0.0049691
pedestrian -1 -1 -10 574.1 169.74 587.013 217.093 1.3619938761 0.602998324882 0.458998267859 -0.776332388221 1.17305313709 25.6728902536 0.00692802392802 0.0047666
pedestrian -1 -1 -10 432.44 162.34 456.809 202.493 0.0999995529652 0.0 0.0 -14.2226564249 0.225847714383 65.265156821 0.0 0.004464
pedestrian -1 -1 -10 528.22 163.34 556.966 236.011 1.67799243331 0.858001127536 0.385998587752 -1.87550861851 1.32651829335 25.2929908516 0.00692802392802 0.0044518
pedestrian -1 -1 -10 431.65 165.45 442.715 197.979 0.0999995529652 0.0439986884448 0.116999186823 -14.9876799657 -0.197998608085 64.3509388612 0.00692802392802 0.0031058
pedestrian -1 -1 -10 176.0 165.2 203.87 223.114 1.66299252957 0.746999234376 0.941996851861 -8.28154222057 1.24800157886 14.0885127092 0.00692802392802 0.0031025
pedestrian -1 -1 -10 504.14 169.13 521.896 232.955 1.60599278063 1.09999963602 0.512998204324 -1.99765679763 1.36690878901 17.378730696 0.00692802392802 0.0029489
pedestrian -1 -1 -10 496.7 166.44 532.265 233.892 1.60599278063 0.991999907578 0.500998165461 -2.00403078229 1.36698808905 17.3247737149 0.00692802392802 0.0026499
pedestrian -1 -1 -10 996.0 182.87 1007.49 224.96 0.522997640073 0.291999619013 0.76099682199 17.180132803 1.42523635718 30.3068846403 0.00692802392802 0.0025722
pedestrian -1 -1 -10 118.49 160.08 163.128 247.556 2.12699050158 0.662000207505 0.279998681564 -15.0650899619 0.827401350851 23.0964723511 0.00692802392802 0.002472
pedestrian -1 -1 -10 188.49 163.86 206.004 212.978 1.62399278879 0.746999234376 0.796996938579 -8.20887991451 1.28780211736 14.0880782619 0.00692802392802 0.0020711
pedestrian -1 -1 -10 376.57 242.87 415.417 339.493 1.87699157447 1.19499936184 0.636997572761 -1.96098184883 1.51741060594 6.36072204587 0.00692802392802 0.0019643
pedestrian -1 -1 -10 477.65 168.78 489.159 203.189 0.631997179985 0.203998427429 0.702996952044 -6.68096625426 0.300029320205 41.6771014251 0.00692802392802 0.0014336
pedestrian -1 -1 -10 357.01 160.99 380.387 225.035 1.82599180341 1.17099921025 0.606997714022 -1.97885063856 1.46692192687 5.95680700724 0.00692802392802 0.0013082
pedestrian -1 -1 -10 141.25 156.92 159.884 200.681 1.95599120259 0.527999520116 0.676997503622 -16.2791102148 0.555939245903 25.5527263742 0.00692802392802 0.0012762
pedestrian -1 -1 -10 562.35 171.1 590.792 218.628 1.3619938761 0.602998324882 0.458998267859 -0.776332388221 1.17305313709 25.6728902536 0.00692802392802 0.0012341
pedestrian -1 -1 -10 278.17 165.27 300.185 200.314 0.372998349368 0.378001910585 0.20899884899 -17.1407689271 0.35085871214 39.9447332363 0.00692802392802 0.00098154
pedestrian -1 -1 -10 286.8 168.03 298.108 196.808 0.372998349368 0.378001910585 0.20899884899 -17.1407689271 0.35085871214 39.9447332363 0.00692802392802 0.00063816
pedestrian -1 -1 -10 572.84 171.34 596.482 211.611 1.3619938761 0.602998324882 0.458998267859 -0.776332388221 1.17305313709 25.6728902536 0.00692802392802 0.00057725
pedestrian -1 -1 -10 292.04 168.82 302.564 196.315 0.604997290671 0.360999816394 0.0609986875733 -17.8415751988 -1.294546554 41.1070706233 0.00692802392802 0.00048443
pedestrian -1 -1 -10 344.5 163.68 380.26 265.5 1.86899159402 1.15899913446 0.591997784653 -1.98633269786 1.50994931917 5.95088369066 0.00692802392802 0.0004091
pedestrian -1 -1 -10 282.77 167.16 307.661 194.73 0.10099953562 0.253997630606 0.344999925214 -17.0988843035 0.0830424831527 40.5573057446 0.00692802392802 0.00033034
pedestrian -1 -1 -10 347.75 158.5 420.553 265.25 1.87699157447 1.1499988392 0.606997714022 -1.97803555893 1.51779667756 6.06433336184 0.00692802392802 0.00029124
pedestrian -1 -1 -10 557.42 167.19 597.485 246.246 1.3619938761 0.602998324882 0.458998267859 -0.776332388221 1.17305313709 25.6728902536 0.00692802392802 0.00018945
pedestrian -1 -1 -10 299.15 168.77 309.745 195.421 0.10099953562 0.253997630606 0.344999925214 -17.0988843035 0.0830424831527 40.5573057446 0.00692802392802 0.00015294
pedestrian -1 -1 -10 988.74 179.02 1018.92 244.795 0.443997997046 0.159999738984 0.89299724948 13.0825446426 1.50125018457 22.6902185381 0.00692802392803 0.00011824
pedestrian -1 -1 -10 497.05 170.13 507.487 211.298 0.101999518275 0.188999047945 0.731997125435 -7.21484603184 0.435533819565 52.1420229195 0.00692802392802 0.0001094
pedestrian -1 -1 -10 344.56 170.24 365.993 218.051 1.84199176431 1.15899913446 0.591997784653 -1.98636992848 1.48294948947 5.95086824805 0.00692802392802 6.6948e-05
pedestrian -1 -1 -10 367.34 250.94 401.362 337.434 1.86899159402 1.1659990992 0.636997572761 -1.9616475732 1.50952052737 6.26621973733 0.00692802392802 5.5921e-05
pedestrian -1 -1 -10 731.51 137.05 775.807 203.62 1.95399123728 1.13400191706 1.18899566497 8.11220259555 0.207535356908 37.0356239528 0.00692802392802 3.5938e-05
pedestrian -1 -1 -10 1103.2 147.31 1151.5 250.17 0.10899951607 1.08000109916 0.909996430337 27.515154009 0.583639144062 36.5076977604 0.00692802392802 3.4481e-05
pedestrian -1 -1 -10 119.86 154.61 142.756 240.599 2.12699050158 0.773999643324 0.241998717444 -15.0471850611 0.827532856069 22.9383436119 0.00692802392802 3.0448e-05
pedestrian -1 -1 -10 1.5714 172.96 37.0474 227.36 2.02399091721 0.590999202764 1.19699600877 -16.5749793439 0.776088924765 20.0163562001 0.00692802392802 2.3308e-05
pedestrian -1 -1 -10 1.2447 126.78 39.5867 227.09 2.02399091721 0.511998783279 1.18699581744 -16.5417066119 0.775952242133 20.0556267343 0.00692802392802 3.8372e-06
pedestrian -1 -1 -10 520.51 188.79 537.006 241.192 1.60599278063 1.08999941392 0.512998204324 -1.9963959071 1.3666971261 17.5607263651 0.00692802392802 3.482e-06
pedestrian -1 -1 -10 2.2761 162.76 56.1531 232.768 2.01999098659 0.344999079556 1.1919959131 -16.2666100344 0.775096815601 20.1402244612 0.00692802392802 2.1474e-06
pedestrian -1 -1 -10 7.1555 97.189 122.046 248.839 1.65899253935 0.694999223839 1.19599560817 -15.248610571 0.429889320087 20.4899882716 0.00692802392802 1.0818e-06
