pedestrian -1 -1 -10 30.886 151.53 115.092 313.65 1.75299219042 0.601999351712 0.708997448311 -6.18334273788 1.36023663891 7.95040309385 0.00692802392802 0.99878
pedestrian -1 -1 -10 23.208 160.14 73.269 301.06 1.75299219042 0.601999351712 0.825997111969 -6.2418411645 1.36039750446 7.95080856596 0.00692802392802 0.0073222
pedestrian -1 -1 -10 692.08 148.63 711.932 186.107 1.95999125242 0.556000332745 1.19199543627 2.06941994967 1.06402613792 14.4619240597 0.00692802392802 0.0015962
pedestrian -1 -1 -10 4.9584 140.08 162.718 308.73 1.75299219042 0.601999351712 0.659997369094 -6.15884328678 1.36016926756 7.95023327999 0.00692802392802 0.00093245
pedestrian -1 -1 -10 680.76 155.92 702.897 199.77 2.05999082923 0.617000161707 1.17599558313 1.88135185639 1.16457815452 14.432785126 0.00692802392802 0.00040192
pedestrian -1 -1 -10 346.53 213.98 371.245 273.556 1.01499542445 1.19399943499 1.17999539741 -3.62968491734 1.37922345042 10.5502266745 0.00692802392802 0.0003259
pedestrian -1 -1 -10 327.62 198.09 349.869 273.467 0.977995589376 1.14199942446 1.19399552222 -3.87179687223 1.39308847301 10.37793762 0.00692802392802 9.0117e-05
pedestrian -1 -1 -10 30.115 134.98 86.589 249.31 1.75299219042 0.601999351712 0.737997144866 -6.19784223786 1.36027651126 7.95050359473 0.00692802392802 3.9193e-05
pedestrian -1 -1 -10 683.94 149.51 715.341 207.516 2.05999082923 0.617000161707 1.17599570234 2.00234848741 1.16424542438 14.4319464579 0.00692802392802 3.5086e-05
pedestrian -1 -1 -10 762.07 163.36 787.759 241.844 0.762996576726 0.0990008636954 0.671997407957 4.10331867181 0.74978010191 17.6447426935 0.00692802392802 2.4271e-05
pedestrian -1 -1 -10 67.372 142.69 102.825 276.62 1.75299219042 0.601999351712 0.659997369094 -6.15884328678 1.36016926756 7.95023327999 0.00692802392802 6.1998e-07
