pedestrian -1 -1 -10 648.43 158.75 659.407 197.795 1.32385466312 0.363960446755 0.116999947972 1.89971417194 0.383138500538 29.0189143352 0.00753464155925 0.19462
pedestrian -1 -1 -10 936.21 143.49 1077.22 359.96 1.93678731597 1.19786872174 0.798999780212 2.85849015916 1.41083900561 4.8586823766 0.00753464155925 0.046164
pedestrian -1 -1 -10 315.96 48.128 400.161 253.288 1.53583134937 0.838907841697 0.532999829213 -5.09171268925 0.830951548357 14.7340561246 0.00753464155925 0.034266
pedestrian -1 -1 -10 649.67 159.56 668.069 208.606 1.29185812092 0.411953617209 0.59399980005 2.54766876637 1.08454416279 37.7796226903 0.00753464155925 0.0078461
pedestrian -1 -1 -10 327.2 93.886 372.159 258.626 1.63682027137 0.838907841697 0.532999829213 -5.09168155085 0.931940470356 14.7333083432 0.00753464155925 0.0053665
pedestrian -1 -1 -10 876.54 88.243 905.839 152.08 1.51083411801 1.18986970107 0.131000001861 2.46896129116 0.967038025566 6.27422921668 0.00753464155925 0.0032699
pedestrian -1 -1 -10 866.74 89.426 895.626 152.645 1.51083411801 1.19386897301 0.137000041986 2.46144255065 0.964961222995 6.47134382439 0.00753464155925 0.0028586
pedestrian -1 -1 -10 856.93 99.943 885.475 162.719 1.5538293798 1.19786872174 0.160000036853 2.44563135622 1.00327104078 6.69424464337 0.00753464155925 0.0023245
pedestrian -1 -1 -10 1026.6 189.35 1071.78 308.41 1.91778943801 1.19886853972 0.932999802135 2.93072997416 1.38734576649 4.6258133251 0.00753464155925 0.0022363
pedestrian -1 -1 -10 892.09 103.44 920.786 169.076 1.62982104063 1.19886901651 0.120000087244 2.47943385207 1.08895179252 5.99868819672 0.00753464155925 0.0021631
pedestrian -1 -1 -10 1136.2 78.614 1242.0 369.684 1.84679722345 1.19886853972 1.03799978907 3.26532036781 1.3494652411 3.97223770841 0.00753464155925 0.0020627
pedestrian -1 -1 -10 983.87 168.46 1064.42 335.64 1.92878817809 1.19786872174 0.853999591714 2.89125591626 1.40137963394 4.76150281698 0.00753464155925 0.0019057
pedestrian -1 -1 -10 1041.0 194.52 1081.66 273.518 1.90679057873 1.19786872174 0.884999719554 2.91600868403 1.3769432435 4.53048342655 0.00753464155925 0.0018093
pedestrian -1 -1 -10 1200.1 117.26 1235.4 219.18 1.84979691505 1.19886853972 0.840999822668 3.30286138531 1.34858752293 3.71195393893 0.00753464155925 0.0017055
pedestrian -1 -1 -10 881.45 114.44 910.427 177.9 1.70481285393 1.19686890375 0.133999783505 2.47280264571 1.16159963197 6.17724259197 0.00753464155925 0.0015152
pedestrian -1 -1 -10 1040.8 217.43 1066.13 272.183 1.91678950107 1.19786872174 0.950999684092 2.93958874394 1.38406567487 4.60728509223 0.00753464155925 0.0014474
pedestrian -1 -1 -10 902.45 87.466 931.055 151.616 1.51183396554 1.19486926778 0.144000009326 2.50172989345 0.976660107708 5.77727873879 0.00753464155925 0.0013599
pedestrian -1 -1 -10 1020.7 206.01 1041.36 258.717 1.92678842342 1.19786872174 0.873999804937 2.90188587025 1.39864655157 4.71244183429 0.00753464155925 0.0010498
pedestrian -1 -1 -10 1012.0 208.19 1033.3 265.792 1.92878817809 1.19786872174 0.859999631839 2.88839912266 1.40166306628 4.78052282132 0.00753464155925 0.0010282
pedestrian -1 -1 -10 870.99 113.96 900.271 178.008 1.68781464124 1.19186933704 0.133000094709 2.46288050114 1.14272626658 6.38799974828 0.00753464155925 0.00097345
pedestrian -1 -1 -10 1012.7 132.3 1041.37 190.888 1.85079679239 1.19886853972 0.874999732152 2.90169774242 1.32331399704 4.75750225749 0.00753464155925 0.00094647
pedestrian -1 -1 -10 998.13 185.22 1041.44 328.65 1.92878817809 1.19886853972 0.8529996645 2.88511395219 1.40208749022 4.80904554209 0.00753464155925 0.00088112
pedestrian -1 -1 -10 902.48 114.93 931.706 181.365 1.73480950177 1.19886901651 0.116000139967 2.4861820568 1.19840243389 5.82677053851 0.00753464155925 0.00078784
pedestrian -1 -1 -10 1218.5 121.06 1240.02 208.185 1.84179777717 1.19786896013 1.03599969622 3.35016755435 1.34214580019 3.81914868088 0.00753464155925 0.00054795
pedestrian -1 -1 -10 861.38 113.62 890.25 178.663 1.68881457817 1.19886853972 0.14499993654 2.45252237954 1.13897014866 6.60667109068 0.00753464155925 0.00038676
pedestrian -1 -1 -10 941.69 135.01 960.586 186.392 1.80880134833 1.19786872174 0.633999630449 2.76499212065 1.28090436949 5.26441912713 0.00753464155925 0.00028683
pedestrian -1 -1 -10 937.04 144.09 956.024 193.844 1.90679060853 1.19886853972 0.649999657976 2.76780014136 1.37742456434 5.36720830791 0.00753464155925 0.00028625
pedestrian -1 -1 -10 1035.3 254.47 1077.15 324.042 1.91678950107 1.19786872174 0.959999744279 2.9440057743 1.3838995688 4.59625259574 0.00753464155925 0.00028435
pedestrian -1 -1 -10 1071.1 189.2 1098.19 250.586 1.81780036354 1.19886901651 0.979999719083 2.99269524745 1.36525225219 4.41890485426 0.00753464155925 0.00022967
pedestrian -1 -1 -10 851.45 114.74 878.853 178.483 1.69481390178 1.19786872174 0.153999996728 2.44078748602 1.14245116422 6.84128491136 0.00753464155925 0.00022894
pedestrian -1 -1 -10 1214.0 115.4 1241.37 260.88 1.84179777717 1.19886877812 1.04899970368 3.34370163758 1.34221714611 3.82369711556 0.00753464155925 0.00020254
pedestrian -1 -1 -10 1078.3 196.54 1112.41 269.68 1.81780036354 1.19886853972 0.987999613638 3.0313400787 1.36452813774 4.37161773894 0.00753464155925 0.00020148
pedestrian -1 -1 -10 473.31 176.93 494.917 220.325 0.10298865283 0.0609941417626 0.923999980366 -6.46086982985 1.30643435364 38.0619474978 0.00753464155925 0.00018119
pedestrian -1 -1 -10 1016.3 193.27 1050.38 262.54 1.92378873182 1.19686890375 0.86999985766 2.89964018138 1.39516723474 4.67998354712 0.00753464155925 0.00014229
pedestrian -1 -1 -10 948.72 130.62 970.857 187.119 1.83279876196 1.19886853972 0.652999678038 2.77678158539 1.30647873253 5.16861590657 0.00753464155925 0.0001172
pedestrian -1 -1 -10 945.38 141.41 964.607 206.869 1.91978922248 1.19786872174 0.655999698101 2.77592812579 1.39169180225 5.25051632726 0.00753464155925 0.00011123
pedestrian -1 -1 -10 657.41 183.3 687.912 234.461 0.975892770775 0.332963705273 0.093000025891 1.3832475643 1.63682422479 15.7953486131 0.00753464155925 0.00010978
pedestrian -1 -1 -10 458.65 179.04 493.75 233.491 0.101988775495 0.0499937599951 0.677999765753 -6.58390758903 1.30644248132 38.0573654866 0.00753464155925 9.1594e-05
pedestrian -1 -1 -10 431.4 122.63 459.837 200.935 1.53283165032 0.48594682314 0.688999918788 -7.18340981561 0.488970902293 33.2899142462 0.00753464155925 7.7432e-05
pedestrian -1 -1 -10 998.24 136.08 1038.35 206.85 1.92778836035 1.19886853972 0.8529996645 2.88506844112 1.40099885692 4.80305373092 0.00753464155925 7.3033e-05
pedestrian -1 -1 -10 920.9 115.49 956.419 183.384 1.74180870271 1.19686890375 0.646999637913 2.76005318183 1.21003314986 5.47553870626 0.00753464155925 6.7626e-05
pedestrian -1 -1 -10 936.95 121.29 957.874 176.649 1.75480734646 1.19786919852 0.661999738226 2.77371171553 1.22535552247 5.36278945709 0.00753464155925 5.0382e-05
pedestrian -1 -1 -10 1172.7 111.63 1216.69 213.27 1.84179777717 1.19786872174 1.02199976154 3.28411857277 1.34405969569 3.9456354441 0.00753464155925 4.8645e-05
pedestrian -1 -1 -10 323.48 117.46 342.068 179.481 1.54483042418 0.931897112573 0.133999783505 -4.91000865511 0.869632033573 12.8964274812 0.00753464155925 3.4152e-05
pedestrian -1 -1 -10 891.32 125.8 920.926 194.846 1.82679943835 1.19786872174 0.120000087244 2.47955862495 1.28605601288 6.00572857962 0.00753464155925 3.3553e-05
pedestrian -1 -1 -10 443.93 129.97 463.465 180.71 1.31585547495 0.524944015647 0.821999775079 -7.11683175746 0.272234969493 33.3105185766 0.00753464155925 2.7736e-05
pedestrian -1 -1 -10 933.89 129.9 963.337 211.985 1.90679060853 1.19786872174 0.655999698101 2.77660030266 1.37702574583 5.34064426169 0.00753464155925 2.6205e-05
pedestrian -1 -1 -10 434.22 174.19 463.909 252.19 1.22186587309 1.18687024711 1.17399966542 -1.92116906153 1.44833282302 8.67187067621 0.00753464155925 2.5772e-05
pedestrian -1 -1 -10 326.43 113.52 357.49 222.61 1.63682027137 0.788913128132 0.532999829213 -5.09186989519 0.931570406685 14.708311696 0.00753464155925 1.5226e-05
pedestrian -1 -1 -10 98.203 259.3 128.645 338.959 2.36074075926 0.827908890285 0.947999664029 -5.3035242618 1.76640275108 7.7314437693 0.00753464155925 1.2939e-05
pedestrian -1 -1 -10 472.3 173.64 507.648 242.929 0.911899906154 0.941898153139 0.726999775549 -2.62799225366 1.60763591355 17.5062627797 0.00753464155925 1.2111e-05
pedestrian -1 -1 -10 572.06 145.05 607.834 193.96 0.0999890208244 0.00800235816508 0.24500004898 -1.83230064184 -0.314907062856 77.8180390719 0.00753464155925 1.1298e-05
pedestrian -1 -1 -10 876.96 131.03 907.295 196.576 1.85579620886 1.19686890375 0.131000001861 2.46909402299 1.31205192491 6.2751744165 0.00753464155925 1.0115e-05
pedestrian -1 -1 -10 953.97 109.56 989.469 182.972 1.7298099959 1.19686890375 0.685999898726 2.79470054168 1.20439570048 5.09621980521 0.00753464155925 9.3809e-06
pedestrian -1 -1 -10 951.82 190.95 1006.44 360.54 1.94678623831 1.19886853972 0.741999875861 2.80351913233 1.42187678554 5.06153522363 0.00753464155925 7.9955e-06
pedestrian -1 -1 -10 944.47 113.91 977.658 203.67 1.80580165673 1.19686842697 0.640999597788 2.77064531758 1.27923435402 5.15186333685 0.00753464155925 7.3519e-06
pedestrian -1 -1 -10 1120.1 292.29 1163.64 367.585 1.85379642439 1.19786848335 1.00899975408 3.12643505 1.35972706657 4.186713431 0.00753464155925 8.4773e-07
pedestrian -1 -1 -10 1.6393 324.42 46.1893 368.232 2.19375909877 1.17687111368 1.19399940181 -5.98195203996 1.82090742913 7.39796625671 0.00753464155925 1.4532e-09
