pedestrian -1 -1 -10 541.28 148.67 585.195 276.29 1.85999164581 0.676999586989 0.433998355774 -0.63211950852 1.36534517159 11.0814650287 0.00692802392802 0.99779
pedestrian -1 -1 -10 664.47 208.28 681.376 259.959 2.25898994058 1.18899932394 1.0689960512 1.31156284052 1.43408752521 12.7388880969 0.00692802392802 0.0024638
pedestrian -1 -1 -10 647.89 132.67 661.852 169.779 1.53199313283 0.431999867461 1.16799565657 1.11040523017 0.636572107072 14.5483218906 0.00692802392802 0.00065358
pedestrian -1 -1 -10 690.54 150.64 712.05 191.725 1.95999125242 0.598999571183 1.19399540301 2.03539666678 1.06412370271 14.4586598199 0.00692802392802 0.00054447
pedestrian -1 -1 -10 682.27 157.66 702.962 202.697 2.19399017394 0.598999571183 1.15899580623 1.87922375735 1.29855297335 14.4598783791 0.00692802392802 0.00024346
pedestrian -1 -1 -10 346.97 212.99 372.316 273.423 1.01899547428 1.18599906657 1.17799554987 -3.62255492232 1.38318331766 10.5681801263 0.00692802392802 0.00024333
pedestrian -1 -1 -10 692.9 149.05 722.372 204.84 2.06099075228 0.631000091184 1.19699565114 2.16592154124 1.16478295677 14.4418131964 0.00692802392802 6.3391e-05
pedestrian -1 -1 -10 554.61 146.55 578.989 221.515 1.85999164581 0.712999814362 0.433998355774 -0.631994804299 1.36532423777 11.0994647104 0.00692802392802 3.1279e-05
pedestrian -1 -1 -10 540.49 142.92 560.652 201.049 1.60899284035 0.702999592257 0.433998355774 -0.63237555234 1.11433124735 11.09432116 0.00692802392802 2.1608e-05
pedestrian -1 -1 -10 589.08 142.82 607.003 188.365 1.86099165827 0.586999495392 1.19699550213 -0.0593642621217 0.850063066198 17.8130633084 0.00692802392802 1.7591e-05
pedestrian -1 -1 -10 550.83 140.11 572.806 257.64 1.86499161869 0.619999465399 0.433998355774 -0.632310061478 1.37037828955 11.0529685116 0.00692802392802 5.2865e-06
pedestrian -1 -1 -10 524.12 141.26 574.973 233.178 1.63299275748 1.02199866654 0.726997268187 -1.19501132414 1.44073624098 12.9721314074 0.00692802392802 1.9854e-06
