pedestrian -1 -1 -10 448.05 196.84 462.685 232.341 1.54183072792 0.272970811851 0.529999570732 -5.58238611639 1.76200047717 25.9205578582 0.00753464155925 0.0048079
pedestrian -1 -1 -10 454.82 199.67 466.559 229.577 1.67881565583 0.794911082477 0.867999764812 -5.48011549599 1.27564840294 28.2693250609 0.00753464155925 0.0012426
pedestrian -1 -1 -10 832.8 158.65 849.956 203.862 2.11076820719 0.659927549062 0.930999470869 9.20275055621 1.11190578795 28.5648689974 0.00753464155925 0.00085476
pedestrian -1 -1 -10 443.6 192.52 458.418 232.838 0.582936031456 0.564938642215 0.785000083951 -5.56268052284 1.83948424095 26.8242907751 0.00753464155925 0.00070462
pedestrian -1 -1 -10 728.96 176.73 746.281 230.577 0.601933879617 0.366960377497 0.779999971041 8.16282734416 1.819156921 44.0547053238 0.00753464155925 0.00041804
pedestrian -1 -1 -10 837.08 164.43 857.374 216.157 1.41084512549 1.09687995341 0.150999976665 11.1392304279 1.79507034186 33.3061415285 0.00753464155925 0.00034332
pedestrian -1 -1 -10 978.76 123.62 1004.59 179.687 1.8367982415 1.0678828479 1.12199987398 6.34715318197 1.1434470994 11.7995755983 0.00753464155925 0.00031674
pedestrian -1 -1 -10 975.0 106.32 1012.95 175.628 1.58882550371 0.778914948275 0.883000103543 6.42766303324 0.897555436393 11.9452934419 0.00753464155925 0.00024262
pedestrian -1 -1 -10 820.66 150.2 857.66 213.966 2.11076820719 0.549940895645 1.16499960523 9.08533944953 1.11117684523 28.5107575159 0.00753464155925 0.00020534
pedestrian -1 -1 -10 955.51 204.42 973.782 245.152 2.31674562013 0.900900371091 0.931999874921 7.28106508497 1.57662972271 14.8225966325 0.00753464155925 0.00014093
pedestrian -1 -1 -10 947.58 197.53 969.796 245.136 0.559938495162 0.571935937761 0.445999008982 8.44093383844 1.50114671383 16.7167348171 0.00753464155925 0.00011184
pedestrian -1 -1 -10 734.75 178.29 752.039 233.212 0.106988221768 0.164982840835 0.334000008385 8.13689535268 1.9436087403 40.8379510374 0.00753464155925 7.0361e-05
pedestrian -1 -1 -10 913.31 187.95 950.655 247.471 2.32474475801 1.17187154697 1.06499973121 6.77916597344 1.58614190831 14.9038072826 0.00753464155925 4.7487e-05
pedestrian -1 -1 -10 790.47 158.93 858.687 237.842 0.622931616543 1.1578731416 1.06299963836 2.90431134793 0.807245757836 9.88024079814 0.00753464155925 1.7764e-05
pedestrian -1 -1 -10 730.74 172.62 759.054 240.69 0.106988221768 0.164982840835 0.334000008385 8.13689535268 1.9436087403 40.8379510374 0.00753464155925 5.0183e-06
pedestrian -1 -1 -10 578.72 138.78 594.572 190.507 0.464948956369 0.231973029803 0.804999820337 -0.984296384051 0.0667959264654 29.6820595148 0.00753464155925 2.8391e-06
