pedestrian -1 -1 -10 773.48 159.51 816.981 287.04 1.8367982862 0.439951381518 0.747999677568 2.80096647481 1.63010871522 10.5449145951 0.00753464155925 0.9575
pedestrian -1 -1 -10 815.95 184.81 836.353 240.448 1.8367982862 0.439951381518 0.609999708367 2.86996450642 1.63005847816 10.5443954535 0.00753464155925 0.17893
pedestrian -1 -1 -10 782.46 174.13 843.283 273.892 1.8367982862 0.439951381518 0.747999677568 2.80096647481 1.63010871522 10.5449145951 0.00753464155925 0.16592
pedestrian -1 -1 -10 794.52 179.82 824.24 275.935 1.8367982862 0.439951381518 0.747999677568 2.80096647481 1.63010871522 10.5449145951 0.00753464155925 0.052784
pedestrian -1 -1 -10 808.39 184.12 846.5 250.908 1.46283940994 0.324965161387 0.781999348633 5.3152308911 0.910971287724 17.6663323031 0.00753464155925 0.044117
pedestrian -1 -1 -10 1206.0 119.21 1240.89 214.273 2.04277565444 0.568937914158 1.1829982951 17.2363073026 1.04568480898 20.1051575585 0.00753464155925 0.029838
pedestrian -1 -1 -10 753.61 158.15 793.801 270.04 1.8367982862 0.439951381518 0.597999866536 2.7259686921 1.63016332066 10.5454788788 0.00753464155925 0.020842
pedestrian -1 -1 -10 1215.7 154.47 1236.96 205.398 2.04277565444 0.565937983416 1.16999971814 17.3140653366 1.04613905665 20.1390688722 0.00753464155924 0.015626
pedestrian -1 -1 -10 811.32 180.37 833.548 221.032 1.08688064492 0.57093659656 0.347000015849 4.51806371548 0.344907100599 16.8198179618 0.00753464155925 0.015296
pedestrian -1 -1 -10 869.92 174.64 899.944 227.982 2.16676205314 0.694923562487 1.19699966029 6.80222652254 1.3808157715 17.4493542851 0.00753464155925 0.012918
pedestrian -1 -1 -10 802.72 178.95 830.993 244.076 1.8367982862 0.439951381518 0.747999677568 2.80096647481 1.63010871522 10.5449145951 0.00753464155925 0.012394
pedestrian -1 -1 -10 364.26 183.48 374.578 207.994 0.101988835093 0.246970776373 0.612001231726 -16.0263160249 1.2033510415 49.6121216104 0.00753464155925 0.01097
pedestrian -1 -1 -10 824.4 181.82 847.85 224.006 2.13776525283 0.801912192301 0.376999739637 6.04878588266 1.36642483843 17.5265393972 0.00753464155925 0.0099166
pedestrian -1 -1 -10 912.17 172.22 934.803 227.683 2.15376352858 1.15787409517 1.191000097 7.86854330881 1.34067099386 17.8893799008 0.00753464155925 0.0051657
pedestrian -1 -1 -10 820.47 177.78 854.395 261.634 1.46383928728 0.353961313328 0.797999614579 5.32333972611 0.91118009418 17.6807771799 0.00753464155925 0.0050675
pedestrian -1 -1 -10 1228.5 156.06 1241.73 206.167 2.10576876092 0.702924013512 1.18799936168 17.6620506381 1.07584472385 20.2689913689 0.00753464155925 0.0049357
pedestrian -1 -1 -10 800.1 183.76 819.876 253.469 1.8367982862 0.439951381518 0.747999677568 2.80096647481 1.63010871522 10.5449145951 0.00753464155925 0.004188
pedestrian -1 -1 -10 845.0 133.84 857.502 174.23 1.70481282413 0.596934724898 0.704999707897 6.31441688168 0.934796725103 17.6302372528 0.00753464155925 0.0041402
pedestrian -1 -1 -10 842.09 166.58 861.498 217.679 2.15376352858 0.645929143692 0.805999509133 6.26387226162 1.38342153777 17.6027963945 0.00753464155925 0.0040798
pedestrian -1 -1 -10 824.88 171.26 861.201 233.957 2.23475460589 1.17687111368 1.06299939994 3.91625961621 1.58387101677 12.131860814 0.00753464155925 0.0038418
pedestrian -1 -1 -10 456.81 180.17 470.285 215.747 0.103988559964 0.263971019625 0.207999642597 -5.97331962301 0.664506663061 32.0814566052 0.00753464155925 0.0038141
pedestrian -1 -1 -10 843.97 162.65 890.021 232.175 2.15676316059 0.950894131086 1.06299987678 6.39121899341 1.38107061226 17.4493736314 0.00753464155925 0.0022298
pedestrian -1 -1 -10 834.88 166.57 855.351 218.713 2.23475460589 1.17687111368 1.05199948533 3.92175941785 1.5838670124 12.1318194335 0.00753464155925 0.0021256
pedestrian -1 -1 -10 860.95 144.09 907.156 236.391 2.16376242113 0.694923562487 1.19099962016 6.76922863761 1.38083979774 17.4495803573 0.00753464155925 0.0017297
pedestrian -1 -1 -10 0.0 176.65 42.98 252.777 0.657927755356 1.16487234429 0.752999075223 -8.86741941777 1.09501639663 11.2636162258 0.00753464155925 0.0015638
pedestrian -1 -1 -10 904.9 173.95 924.103 226.377 2.14476451337 0.927899747769 1.18500005687 7.61868699446 1.33915000099 17.7762027795 0.00753464155925 0.0011871
pedestrian -1 -1 -10 844.86 136.83 871.052 195.254 1.91978919268 0.875903491093 0.877999513796 6.31193236313 1.14770924325 17.4891763024 0.00753464155925 0.00083208
pedestrian -1 -1 -10 0.0 184.67 18.979 230.943 0.32096477258 1.12587705892 0.331000226741 -9.11336363407 0.765459742613 11.5533929716 0.00753464155925 0.00079655
pedestrian -1 -1 -10 786.45 143.35 807.477 189.223 1.48283718014 0.361959857213 0.747999677568 2.80056351995 1.27557031152 10.508540876 0.00753464155925 0.00064026
pedestrian -1 -1 -10 765.62 152.96 802.892 240.105 1.8367982862 0.439951381518 0.742999803076 2.79846660832 1.63011053536 10.5449334041 0.00753464155925 0.00053282
pedestrian -1 -1 -10 776.93 145.83 795.657 191.952 1.96478426874 0.765914930536 1.05699983666 4.03273733288 1.23997096192 16.6011926536 0.00753464155925 0.0005144
pedestrian -1 -1 -10 11.613 162.72 54.549 249.544 0.753917231081 0.529940721651 0.486999362642 -22.3838806145 1.31288749283 28.2497747225 0.00753464155925 0.00034042
pedestrian -1 -1 -10 295.12 182.69 309.068 218.884 1.25286242807 0.395956529437 0.831999524062 -14.561444424 1.92546139334 34.5563366979 0.00753464155925 0.00017544
pedestrian -1 -1 -10 794.91 149.51 811.201 199.008 1.18287012064 0.787913786932 0.60799961552 4.39504400527 0.439867437467 16.8795584896 0.00753464155925 0.00013381
pedestrian -1 -1 -10 38.79 157.82 60.12 205.886 0.298967173219 0.667926092948 0.743999253454 -25.3302274992 0.297028469232 33.4083521365 0.00753464155925 0.00012504
pedestrian -1 -1 -10 290.23 185.68 316.472 222.917 1.25286242807 0.395956529437 0.831999524062 -14.561444424 1.92546139334 34.5563366979 0.00753464155925 0.00012238
pedestrian -1 -1 -10 766.87 151.14 793.898 206.761 2.17176155901 0.761917565733 1.14099944473 3.91769872146 1.44682474684 16.5865273018 0.00753464155925 0.00011526
pedestrian -1 -1 -10 858.0 139.46 874.945 188.546 1.9377872231 0.950894131086 1.0359994578 6.38265223609 1.16310074081 17.4510442036 0.00753464155925 6.1142e-05
pedestrian -1 -1 -10 498.12 178.31 524.916 245.437 1.44284158015 1.11487763072 0.755999810541 -2.10462485949 1.77618582162 17.2302169606 0.00753464155925 3.5173e-05
pedestrian -1 -1 -10 863.22 145.94 882.272 205.223 2.16076272953 0.875903491093 1.17899953991 6.51449665881 1.38153614423 17.4859720768 0.00753464155925 2.8561e-05
pedestrian -1 -1 -10 279.51 181.91 296.506 219.998 0.796912463073 0.273972060191 0.806999913185 -14.9582899723 1.92377317307 34.4899676828 0.00753464155925 2.5608e-05
pedestrian -1 -1 -10 873.32 128.75 892.995 172.023 1.62482162416 0.694923562487 1.13999951752 6.72556352291 0.841930672084 17.4538982782 0.00753464155925 2.1731e-05
pedestrian -1 -1 -10 819.2 161.65 841.03 210.392 1.67881565583 0.491946684624 0.770999672435 5.33729286061 0.912191640658 17.7512581477 0.00753464155925 1.4835e-05
pedestrian -1 -1 -10 777.39 142.37 813.623 225.782 1.69681367135 0.398956460179 0.747999677568 2.80076887311 1.48982065366 10.5254542447 0.00753464155925 7.2494e-06
pedestrian -1 -1 -10 868.82 136.1 886.185 199.802 2.16376242113 0.819909869614 1.18899976573 6.65170284216 1.38185086605 17.5129595444 0.00753464155925 6.0572e-06
pedestrian -1 -1 -10 454.66 174.11 480.969 219.939 0.104988467098 0.263971019625 0.312999629529 -5.92082142382 0.664468439206 32.0810690101 0.00753464155925 5.7e-06
pedestrian -1 -1 -10 879.64 142.66 897.819 211.946 2.16776199007 0.797912920359 1.19399940181 6.91111110411 1.38149910854 17.5000385753 0.00753464155925 3.1903e-06
pedestrian -1 -1 -10 75.042 169.1 149.686 235.342 1.56482820928 0.481947551197 1.10799946246 -16.5736011343 0.871546702635 24.4260079346 0.00753464155924 9.516e-07
pedestrian -1 -1 -10 99.222 178.59 153.809 246.558 1.15387332034 0.909900163317 1.18199979839 -12.0524546217 1.76579572512 18.3408290996 0.00753464155925 1.6635e-07
