pedestrian -1 -1 -10 180.85 214.59 230.004 312.998 0.808911169888 1.1938694498 0.985999759208 -6.89019562781 1.91888881718 12.2102724063 0.00753464155925 0.0094372
pedestrian -1 -1 -10 681.01 198.0 707.039 270.211 1.52383267236 0.581936024757 0.792999740087 1.697639657 1.96682250488 13.5813450096 0.00753464155925 0.0085565
pedestrian -1 -1 -10 689.82 191.74 728.356 268.097 2.1397650373 1.06188393998 0.938999603842 2.77973120365 1.84518243891 20.4094940899 0.00753464155925 0.0027739
pedestrian -1 -1 -10 683.65 200.63 697.103 251.291 1.52383267236 0.581936024757 0.792999740087 1.697639657 1.96682250488 13.5813450096 0.00753464155925 0.0015159
pedestrian -1 -1 -10 750.85 204.75 769.734 248.436 2.30674672758 0.814909349331 1.18999945453 4.13719339648 1.75067645709 19.3532563271 0.00753464155925 0.0012103
pedestrian -1 -1 -10 185.5 172.64 202.048 223.131 0.846907030103 0.567937619388 0.872999877722 -5.05063938523 0.244861403204 8.78600227318 0.00753464155925 0.0010679
pedestrian -1 -1 -10 185.67 225.9 208.405 289.936 2.11176808453 0.58593434313 0.695999886128 -9.73886265684 1.9251906343 16.7139044807 0.00753464155925 0.00079009
pedestrian -1 -1 -10 116.75 186.57 136.461 232.569 0.103988530165 0.211974762949 0.127000769839 -25.7660496567 1.78145575864 37.9988531473 0.00753464155925 0.00030181
pedestrian -1 -1 -10 748.73 196.49 775.131 259.307 2.30674672758 0.822909800356 1.18199979839 4.20216157326 1.75056991241 19.3487671675 0.00753464155925 0.0001718
pedestrian -1 -1 -10 185.32 176.38 215.362 250.023 1.14287455046 0.310964848878 0.353000532811 -17.0974547481 1.97985397739 31.031837765 0.00753464155924 0.00010266
pedestrian -1 -1 -10 165.38 174.81 205.601 281.6 2.20075829971 0.672924706091 0.388999819887 -9.58575048838 1.87844001406 16.6705957147 0.00753464155925 5.538e-05
pedestrian -1 -1 -10 259.54 169.37 271.931 210.828 0.744918178621 0.804910215904 0.64899996918 -15.3101095838 0.486904110514 31.8606406618 0.00753464155925 4.7258e-05
pedestrian -1 -1 -10 174.81 206.1 212.226 290.712 2.24675325311 0.58593434313 0.695999886128 -9.73890427747 1.9251906343 16.7149039902 0.00753464155925 2.3486e-05
pedestrian -1 -1 -10 182.18 206.25 206.204 259.502 2.24675325311 0.672924706091 0.695999886128 -9.73923199497 1.92454672676 16.6714100434 0.00753464155925 1.5089e-05
pedestrian -1 -1 -10 171.68 220.56 199.592 294.871 0.796912403474 0.562938052674 0.61999969577 -6.36755166676 1.88023141195 10.7021108513 0.00753464155925 1.4312e-05
pedestrian -1 -1 -10 177.95 211.91 199.856 270.145 2.24675325311 0.734918189055 0.746999511935 -9.76496463325 1.92410641326 16.640606037 0.00753464155925 8.1452e-06
pedestrian -1 -1 -10 110.18 182.21 147.224 238.887 0.101988894691 0.140983394899 0.257999341189 -25.1757319121 1.81340228098 39.0325625113 0.00753464155925 5.9114e-06
pedestrian -1 -1 -10 296.41 178.18 320.785 232.413 0.463949079034 0.689924949343 0.583000004642 -12.3534472686 1.19671625612 29.3299297027 0.00753464155925 4.0788e-06
pedestrian -1 -1 -10 81.994 193.63 115.41 269.731 1.62382165929 0.364959787956 0.238000796896 -16.0255386837 1.8164373827 22.8816169984 0.00753464155925 1.8377e-06
pedestrian -1 -1 -10 1231.0 187.73 1242.05 243.718 0.953895320409 0.604933268784 1.1889992889 6.94631526991 1.23661337255 7.97912054095 0.00753464155925 7.5823e-07
pedestrian -1 -1 -10 1161.4 153.19 1204.58 215.525 1.06888264429 0.937897927626 1.11399997943 6.92482172845 0.424625019515 8.72875665085 0.00753464155925 2.2793e-07
pedestrian -1 -1 -10 1111.7 232.0 1162.82 320.147 1.47383820962 1.09887958938 0.770000222057 5.96630608078 1.80982766455 7.8848542562 0.00753464155925 1.388e-08
