pedestrian -1 -1 -10 741.55 144.93 766.742 207.537 0.332963479395 0.31396477962 0.505999887069 7.10439765812 -0.760588855645 35.3331722719 0.00753464155925 0.00045118
pedestrian -1 -1 -10 1016.3 172.9 1050.95 275.64 0.890902146879 1.03888669596 0.692999627647 6.35701105654 0.991123583096 10.3540556007 0.00753464155925 0.0002672
pedestrian -1 -1 -10 887.04 236.08 910.356 288.432 1.46683897888 1.1938694498 0.704999707897 3.56882900639 1.57769296242 8.31785984447 0.00753464155925 0.00024823
pedestrian -1 -1 -10 982.69 257.12 1002.05 301.696 1.48583679724 1.05188528334 1.19699942187 3.95066660446 1.59432907633 7.36374639656 0.00753464155925 0.00014355
pedestrian -1 -1 -10 891.92 220.98 915.725 272.437 1.48983645558 1.19386897301 0.734999670103 3.55251813577 1.5981109251 8.14282659894 0.00753464155925 8.4093e-05
pedestrian -1 -1 -10 842.46 207.29 876.151 294.682 1.3548512423 0.263971019625 0.716999788147 4.84004135034 1.52965621572 14.9860850964 0.00753464155925 2.9045e-05
pedestrian -1 -1 -10 1113.3 166.31 1159.4 254.696 1.19486879766 1.06988248387 1.19699966029 5.53461005007 1.4890829396 7.47923322764 0.00753464155925 7.4883e-06
pedestrian -1 -1 -10 846.94 208.05 867.824 267.311 1.27885961127 0.637930599807 0.598999793751 4.98042269399 1.4563314523 15.1725764594 0.00753464155925 6.637e-06
pedestrian -1 -1 -10 865.0 226.95 889.514 293.309 1.48983645558 1.13187596683 0.706999800745 3.66254399451 1.58584880657 9.21032703465 0.00753464155925 5.2106e-06
pedestrian -1 -1 -10 880.54 211.49 920.345 276.883 1.46683897888 1.19186981382 0.704999707897 3.56820370777 1.57646436007 8.23487158594 0.00753464155925 4.016e-06
pedestrian -1 -1 -10 1067.8 175.47 1107.28 242.383 0.417954103291 0.3569602905 0.233000207149 7.32184187371 0.471446242808 10.754033986 0.00753464155925 1.3836e-06
pedestrian -1 -1 -10 1137.6 156.82 1183.09 245.134 0.527942025602 0.700923423971 0.766999963576 7.91314277482 0.578597019835 10.6537936054 0.00753464155925 1.272e-06
pedestrian -1 -1 -10 863.64 204.6 901.714 286.69 1.46183953261 1.19686842697 0.714999695299 3.65396700261 1.58273797529 8.99970118822 0.00753464155925 7.9802e-07
