pedestrian -1 -1 -10 215.69 178.24 247.851 245.342 1.34685215657 0.488946753882 0.654999532468 -9.44301952074 1.53140393755 18.0885331475 0.00753464155925 0.98093
pedestrian -1 -1 -10 815.08 95.825 869.694 235.405 1.71981116295 0.815910597671 0.813999880524 3.6159277594 1.087970945 11.2480311685 0.00753464155925 0.24885
pedestrian -1 -1 -10 853.69 166.27 867.619 217.475 2.02877719295 0.815910597671 0.725999848334 3.66002179511 1.39690493976 11.2454123553 0.00753464155925 0.085089
pedestrian -1 -1 -10 70.873 152.49 99.508 224.339 0.0999890208244 0.0 0.0 -37.0187544253 0.605952513719 51.5518700764 0.0 0.019752
pedestrian -1 -1 -10 64.038 157.16 77.942 198.762 2.26875091207 0.744917322482 0.530000524406 -17.5888638576 1.23778205502 23.8618677181 0.00753464155925 0.011604
pedestrian -1 -1 -10 814.4 113.15 829.543 171.405 1.42884310377 0.815910597671 0.718999880995 3.56833938849 0.797037469312 11.2505430472 0.00753464155925 0.0084781
pedestrian -1 -1 -10 819.18 109.18 852.131 179.088 1.50583467173 0.815910597671 0.813999880524 3.61586178299 0.873994453787 11.2496155762 0.00753464155925 0.0070096
pedestrian -1 -1 -10 232.47 178.72 254.162 247.401 1.34685215657 0.457950012401 0.589999971982 -9.41040388681 1.53160971493 18.1037865568 0.00753464155925 0.0038159
pedestrian -1 -1 -10 811.39 108.17 840.114 181.97 1.50583467173 0.815910597671 0.751999863264 3.58486265179 0.874017024072 11.2498488139 0.00753464155925 0.0033686
pedestrian -1 -1 -10 160.54 183.65 172.886 228.296 0.622931601643 0.469947828229 0.161000202486 -14.7281706985 1.01737190795 24.4829829349 0.00753464155925 0.0019174
pedestrian -1 -1 -10 57.922 156.83 86.621 207.943 2.26875091207 0.744917322482 0.530000524406 -17.5888638576 1.23778205502 23.8618677181 0.00753464155925 0.0012644
pedestrian -1 -1 -10 856.06 160.72 874.13 215.268 2.29774765277 0.405955662864 0.241999552081 8.07196839163 1.42624476193 22.5292862432 0.00753464155925 0.0010628
pedestrian -1 -1 -10 848.85 152.53 881.477 214.2 0.599934132396 0.172981384721 0.637999339307 13.0186964936 1.03477447787 35.3225124376 0.00753464155925 0.00079137
pedestrian -1 -1 -10 1216.7 161.86 1230.92 205.321 0.301966849922 0.540941103419 0.176000541217 28.1004091278 0.247657081153 32.231912082 0.00753464155925 0.0007551
pedestrian -1 -1 -10 1041.1 110.5 1068.99 192.419 0.106988221768 0.264970360826 0.565000361104 26.1671508423 -1.33765946848 41.0547173847 0.00753464155925 0.00024619
pedestrian -1 -1 -10 618.42 151.91 633.412 187.561 0.366959725974 0.266972857507 0.820999788259 1.54618489629 -0.0391425502228 51.6723731095 0.00753464155925 0.00019769
pedestrian -1 -1 -10 200.77 122.85 223.69 206.755 0.112987604974 0.849909177035 0.586999713501 -31.0417635297 -1.20300939524 57.2194956925 0.00753464155925 9.2141e-05
pedestrian -1 -1 -10 1207.3 163.76 1220.14 203.459 0.100988913059 0.0249987871373 0.194999635132 27.6139101855 0.509614612054 31.8001522583 0.00753464155925 6.3272e-05
pedestrian -1 -1 -10 191.78 108.92 234.625 232.44 0.100988913059 1.04088633193 0.751998671171 -31.9219330497 0.716272451505 58.8083453486 0.00753464155925 3.7055e-06
pedestrian -1 -1 -10 809.26 109.43 850.5 262.18 2.16676205314 1.0438853091 0.897999727019 3.58022282534 1.53328943898 11.1330004727 0.00753464155925 3.2514e-06
