pedestrian -1 -1 -10 367.26 160.24 395.367 239.154 1.72299232334 0.677999036995 0.570997955061 -5.36662393806 1.29128234458 17.305912326 0.00692802392802 0.99907
pedestrian -1 -1 -10 308.62 155.18 331.085 211.955 1.74399213791 0.718999375421 0.746996935596 -10.0083500037 0.959277816293 25.0023628011 0.00692802392802 0.99761
pedestrian -1 -1 -10 677.89 163.27 691.988 206.762 1.5349931553 0.679000394349 0.596997641901 4.00533042697 1.17032052851 33.1428429038 0.00692802392802 0.92303
pedestrian -1 -1 -10 215.92 154.57 236.735 198.964 1.38999380767 0.211999749521 0.380999088131 -16.2718995654 0.487382685446 31.2690674105 0.00692802392802 0.91263
pedestrian -1 -1 -10 211.93 157.29 227.265 198.784 0.547997534275 0.96200114861 0.175998026864 -18.1396288113 -0.196526471402 33.9447663834 0.00692802392802 0.50158
pedestrian -1 -1 -10 345.07 164.13 355.83 190.182 0.325998553634 0.228999936365 0.358998857938 -15.6705083871 -0.201920997301 44.9475554314 0.00692802392802 0.39196
pedestrian -1 -1 -10 193.47 159.92 207.564 198.587 0.981995639205 0.568000408536 0.219000947662 -18.176784244 -0.627973549958 31.7992181751 0.00692802392802 0.24817
pedestrian -1 -1 -10 191.58 158.72 220.303 196.852 1.00299557298 1.16399876868 0.25599955751 -18.1928803543 -0.628330885076 32.150324603 0.00692802392802 0.1034
pedestrian -1 -1 -10 530.64 183.5 551.923 241.322 1.43599354625 0.843999290711 0.997996218627 -1.00772202431 1.41776588739 10.7468668308 0.00692802392802 0.09754
pedestrian -1 -1 -10 516.96 177.47 531.772 222.68 1.43599354625 1.04399896444 1.18699557902 -1.19652396913 1.41817068325 10.848177719 0.00692802392802 0.094407
pedestrian -1 -1 -10 570.28 167.66 582.524 200.053 1.0549952969 0.460998222748 0.490998093339 -1.26212775066 0.519945202336 39.1760089135 0.00692802392802 0.070428
pedestrian -1 -1 -10 510.52 174.68 543.576 246.805 1.43599354625 0.919999452831 1.18999552913 -1.13645518598 1.41807642283 10.7857601171 0.00692802392802 0.065566
pedestrian -1 -1 -10 525.2 175.76 548.039 229.35 1.43599354625 0.971999463368 1.08799591405 -1.0522774005 1.41781519906 10.8111772826 0.00692802392802 0.041694
pedestrian -1 -1 -10 534.89 176.19 561.05 252.968 1.41799362004 0.843999290711 0.917996476114 -0.967747934351 1.39965596768 10.7465792899 0.00692802392802 0.030547
pedestrian -1 -1 -10 271.15 159.76 306.179 233.616 1.61499282569 0.815999431756 1.14299583389 -6.74203114896 1.27429902559 15.3624370804 0.00692802392802 0.024252
pedestrian -1 -1 -10 301.18 156.81 314.763 207.137 0.0999995529652 0.0 0.0 -20.2050870694 -0.186314985509 49.2317266367 0.0 0.02144
pedestrian -1 -1 -10 359.93 159.93 370.803 200.76 0.325998553634 0.110999985813 0.340999276479 -15.0410706916 -0.203892122433 45.1531984828 0.00692802392802 0.021293
pedestrian -1 -1 -10 280.29 161.99 302.393 218.895 1.61499282569 0.815999431756 1.1909955125 -6.70903183478 1.27420828037 15.3622083511 0.00692802392802 0.016482
pedestrian -1 -1 -10 289.71 155.84 310.981 232.838 1.63399267495 0.774999093331 1.02299639893 -6.62515012097 1.29300098509 15.3411373259 0.00692802392802 0.014843
pedestrian -1 -1 -10 177.51 161.15 190.467 198.911 1.59799288958 1.14499968182 0.590999291393 -17.9220226866 0.0316794232381 30.6143326386 0.00692802392802 0.013098
pedestrian -1 -1 -10 499.73 170.78 532.639 260.9 1.43599354625 0.97599917074 1.09399587388 -1.26325768037 1.41839308866 10.8146395591 0.00692802392802 0.012043
pedestrian -1 -1 -10 225.52 143.49 241.919 198.93 1.38999380767 0.211999749521 0.380999088131 -16.2718995654 0.487382685446 31.2690674105 0.00692802392802 0.0065337
pedestrian -1 -1 -10 287.66 159.79 305.21 209.644 1.39799378812 0.508000983254 0.832997055167 -10.3798343594 0.608464942145 24.8602253979 0.00692802392802 0.0055997
pedestrian -1 -1 -10 533.65 169.29 547.641 214.376 1.41599361748 0.822999396495 1.0269961536 -0.99937029599 1.3057401896 12.4972332292 0.00692802392802 0.0055789
pedestrian -1 -1 -10 545.49 183.55 564.715 249.258 1.41599361748 0.699999334891 0.899996537029 -0.896299232475 1.30552710502 12.4350173012 0.00692802392802 0.0055291
pedestrian -1 -1 -10 363.98 163.03 382.63 226.623 1.72299232334 0.677999036995 0.570997955061 -5.36662393806 1.29128234458 17.305912326 0.00692802392802 0.0051887
pedestrian -1 -1 -10 175.25 159.58 209.623 198.867 0.974995701015 0.899999008621 0.460998711435 -18.3023900989 -0.62719571113 31.4220828247 0.00692802392802 0.0043159
pedestrian -1 -1 -10 537.68 168.0 570.927 235.888 1.41599361748 0.760999163853 0.899996537029 -0.896087930028 1.30549163414 12.4655164837 0.00692802392802 0.0036825
pedestrian -1 -1 -10 317.43 155.76 335.396 210.912 1.74399213791 0.589999752758 0.556998068666 -9.91290599953 0.958941570275 25.0662026076 0.00692802392802 0.0020379
pedestrian -1 -1 -10 549.38 166.83 581.753 234.606 1.0549952969 0.204997877435 0.232999045924 -1.3907015774 0.520228990571 39.2379004421 0.00692802392802 0.0015029
pedestrian -1 -1 -10 269.83 157.15 294.372 205.137 1.61499282569 0.89100014387 1.18899566497 -6.91941974557 1.27468673521 15.451168281 0.00692802392802 0.0013118
pedestrian -1 -1 -10 378.9 164.65 400.303 236.973 1.14599482492 1.12099762289 1.11999567993 -7.04409619106 -0.0783645301489 23.6609337805 0.00692802392802 0.0012563
pedestrian -1 -1 -10 166.31 159.07 190.818 199.441 1.59799288958 1.18900027761 0.590999291393 -17.921669363 0.031620111575 30.6653310215 0.00692802392802 0.001206
pedestrian -1 -1 -10 163.53 153.65 178.997 195.904 2.04099092036 1.19099917763 0.57999774579 -17.8378027963 0.485424476089 29.7599971395 0.00692802392802 0.0010946
pedestrian -1 -1 -10 284.25 158.24 300.804 196.284 1.58699295372 0.815999431756 1.17599570234 -6.72557022068 1.24625378134 15.362306702 0.00692802392802 0.0010564
pedestrian -1 -1 -10 512.8 162.48 575.874 289.24 1.43599354625 0.843999290711 0.97199629337 -0.994722373949 1.41773013949 10.7467767259 0.00692802392802 0.00081744
pedestrian -1 -1 -10 562.13 165.68 582.422 222.911 1.0549952969 0.460998222748 0.490998093339 -1.26212775066 0.519945202336 39.1760089135 0.00692802392802 0.00062227
pedestrian -1 -1 -10 474.47 168.12 544.879 275.36 1.43599354625 1.04799867181 1.0059962048 -1.30700705286 1.41847221436 10.8509434159 0.00692802392802 0.00057876
pedestrian -1 -1 -10 351.14 164.54 379.764 215.358 2.31198967695 0.402999604826 0.170999361705 -6.40056982597 1.24298118382 19.1852235851 0.00692802392802 0.00049949
pedestrian -1 -1 -10 503.91 170.13 519.606 215.575 0.1059995085 0.43900269322 0.19999905826 -6.91281940925 0.456891333438 53.7239935762 0.00692802392802 0.00036284
pedestrian -1 -1 -10 690.7 158.58 709.234 201.928 0.100999550521 0.325000542694 0.266999195771 6.96033761499 -0.26614186478 48.2779075658 0.00692802392802 0.0003218
pedestrian -1 -1 -10 17.559 160.55 56.773 211.82 1.33799405768 1.00100067968 0.613998014846 -18.1103882004 -0.00987109683225 22.8085477364 0.00692802392802 0.00021282
pedestrian -1 -1 -10 508.29 204.78 532.224 272.015 1.43399358094 0.853999512816 1.11899575616 -1.27448533359 1.41621350757 10.9987205292 0.00692802392802 0.0002039
pedestrian -1 -1 -10 525.2 180.95 572.161 263.605 1.41799362004 0.971999463368 0.88899666035 -0.952804984186 1.39954166416 10.810477339 0.00692802392802 0.00014753
pedestrian -1 -1 -10 274.41 142.34 327.573 240.459 1.74999215305 0.758000813834 0.931996660531 -10.3289843725 0.960181817471 24.9850805481 0.00692802392802 0.00014713
pedestrian -1 -1 -10 870.91 197.75 890.558 247.028 0.499997740984 0.336999664811 1.14599560519 5.66370804827 1.32053806588 14.0976609092 0.00692802392802 7.5593e-05
pedestrian -1 -1 -10 540.73 174.72 587.484 290.83 1.41599361748 0.760999163853 0.789997054986 -0.841089510146 1.3053403933 12.4651352713 0.00692802392802 4.5045e-05
pedestrian -1 -1 -10 554.11 192.8 573.879 245.058 1.41599361748 0.760999163853 0.789997054986 -0.841089510146 1.3053403933 12.4651352713 0.00692802392802 3.3482e-05
pedestrian -1 -1 -10 10.411 137.54 70.122 214.67 1.34199405909 1.13199920235 0.613998014846 -18.1099371815 -0.00894727751252 22.874044282 0.00692802392802 1.3853e-05
pedestrian -1 -1 -10 85.045 163.63 121.492 198.016 1.86099165827 1.15299909657 0.783997452785 -18.1073147821 0.421554189911 25.9258006051 0.00692802392802 8.3452e-06
pedestrian -1 -1 -10 255.18 154.08 290.988 231.193 1.60799276829 0.779999204383 1.14299583389 -7.09159680068 1.26802342374 15.5718601 0.00692802392802 4.6262e-06
pedestrian -1 -1 -10 77.217 149.34 128.063 200.981 2.01399103105 1.16599957604 0.822996863836 -17.9785985652 0.583698337159 25.4894985103 0.00692802392802 3.9249e-06
pedestrian -1 -1 -10 227.61 128.24 301.09 230.95 0.0999995529652 0.22100052162 0.286997671091 -22.9923255123 -0.430971049091 48.6562363001 0.00692802392801 1.0509e-06
pedestrian -1 -1 -10 23.525 168.08 73.953 222.304 0.770996526443 0.478999766945 0.513998008881 -16.6996560004 0.63787232115 21.3848221618 0.00692802392802 2.3347e-07
pedestrian -1 -1 -10 1118.3 185.52 1159.22 239.634 0.812996305526 0.270999724797 0.94099645126 16.8361348059 1.61561057877 22.066616995 0.00692802392803 2.94e-08
