pedestrian -1 -1 -10 804.21 166.28 825.483 215.191 1.58782570087 0.845907997952 0.878999917847 5.99144306274 1.54838487242 20.8926728082 0.00753464155925 0.11445
pedestrian -1 -1 -10 635.1 144.44 648.326 195.411 0.359960487782 0.311966097218 0.450999837148 3.00360720822 0.613139191356 54.583587193 0.00753464155925 0.05534
pedestrian -1 -1 -10 647.78 145.09 661.136 186.058 0.346961881282 0.0669940032467 0.455999950058 3.03475816623 -0.0591242017775 48.0888114384 0.00753464155925 0.03475
pedestrian -1 -1 -10 792.45 168.76 823.521 222.522 0.855906030415 0.692924880085 1.06899991691 11.9170447147 0.956785472425 42.3708345689 0.00753464155925 0.023115
pedestrian -1 -1 -10 633.25 143.04 661.577 193.473 0.34896169555 0.263971019625 0.683999805878 2.92036654734 -0.0578185427699 48.0371599052 0.00753464155925 0.019877
pedestrian -1 -1 -10 814.37 164.03 831.111 217.0 1.58782570087 0.945897425082 0.773000003701 6.04406483101 1.54760615722 20.8422807531 0.00753464155925 0.012942
pedestrian -1 -1 -10 802.26 167.21 836.9 232.444 1.58782570087 0.824910389897 0.878999917847 5.9906105814 1.54674919227 20.7821877133 0.00753464155925 0.0028296
pedestrian -1 -1 -10 950.64 127.51 968.989 175.347 1.15587310481 0.662927479804 1.19899951472 5.00147280232 0.520822835241 10.0801530821 0.00753464155925 0.0023919
pedestrian -1 -1 -10 654.19 139.99 666.21 198.222 0.365959789041 0.110987901758 0.898999892652 3.80189477033 -0.0422594093256 51.7584285095 0.00753464155925 0.0019192
pedestrian -1 -1 -10 624.13 142.94 651.371 196.588 0.0999890208244 0.0 0.0 2.58072838298 1.01934490982 57.1411873133 0.0 0.0018437
pedestrian -1 -1 -10 805.35 185.48 818.818 223.65 1.58782570087 0.945897425082 0.878999917847 5.99106637406 1.54764474508 20.8426795137 0.00753464155925 0.00055947
pedestrian -1 -1 -10 303.96 178.62 319.069 223.395 0.908900184752 1.11387733595 1.17699968548 -6.17163603081 1.19287443818 15.0817422332 0.00753464155925 0.00013533
pedestrian -1 -1 -10 646.04 140.0 674.575 197.933 0.365959789041 0.110987901758 0.898999892652 3.80189477033 -0.0422594093256 51.7584285095 0.00753464155925 5.8833e-05
pedestrian -1 -1 -10 706.69 109.49 735.614 175.79 1.33985288858 0.405955662864 0.334999935599 2.31911062065 0.672804225029 14.2895538954 0.00753464155925 2.3461e-06
pedestrian -1 -1 -10 1107.3 148.6 1241.97 372.58 1.68581488285 1.19586884737 0.202000079309 2.8886649227 1.51414500469 3.72991274245 0.00753464155925 1.7424e-06
pedestrian -1 -1 -10 1021.5 88.003 1070.99 194.413 1.15887273681 0.950896038226 1.19499980586 6.02712948315 0.515530009068 9.76548302077 0.00753464155925 1.1188e-07
