pedestrian -1 -1 -10 187.87 180.43 219.534 247.633 1.44784106367 0.524942108508 0.390000223939 -9.78522545633 1.62128290956 17.5934602076 0.00753464155925 0.96887
pedestrian -1 -1 -10 819.45 115.1 841.866 162.826 1.46683891928 0.895901757947 0.695999886128 3.59331195833 0.843008600793 10.9119086223 0.00753464155925 0.24886
pedestrian -1 -1 -10 818.67 96.795 871.491 214.855 1.60182408786 0.895901757947 0.849999644437 3.67035004552 0.975937953127 10.9103593963 0.00753464155925 0.046587
pedestrian -1 -1 -10 616.78 152.35 634.353 199.413 0.363960034371 0.236973550086 0.729999795612 1.65473877608 -0.0420118235872 51.2805207536 0.00753464155925 0.046159
pedestrian -1 -1 -10 66.809 155.5 89.687 212.232 0.100988957758 0.15698048267 0.116001093641 -34.7092640613 -0.451343094592 47.98913634 0.00753464155925 0.036337
pedestrian -1 -1 -10 824.53 110.15 860.61 172.754 1.53883098138 0.895901757947 0.849999644437 3.67033062255 0.912944846645 10.9108258343 0.00753464155925 0.0096078
pedestrian -1 -1 -10 1076.4 121.62 1099.56 176.504 0.100988957758 0.0189951113737 0.247997208021 34.8231378629 -0.165695721688 51.8716041671 0.00753464155925 0.0049942
pedestrian -1 -1 -10 183.47 135.53 224.075 256.11 0.102988682629 0.797912920359 0.630000875264 -32.2025177165 1.12496276397 57.8948001177 0.00753464155925 0.0016974
pedestrian -1 -1 -10 1071.6 108.6 1106.22 187.75 0.100988957758 0.0189951113737 0.247997208021 34.8231378629 -0.165695721688 51.8716041671 0.00753464155925 0.0015461
pedestrian -1 -1 -10 1070.0 121.43 1090.26 184.4 0.970893413899 0.670927930829 0.180999700453 19.4706916995 0.034393648282 29.4976555434 0.00753464155925 0.0010842
pedestrian -1 -1 -10 304.75 175.98 315.464 208.398 1.00788930738 0.549938988505 0.119999848826 -14.1734143535 1.44378021612 34.4607175872 0.00753464155925 0.00081572
pedestrian -1 -1 -10 1058.4 115.93 1079.44 177.362 0.113987422711 0.523942767307 0.129999120972 19.5743168139 -0.833960815191 30.2209860212 0.00753464155925 0.00080122
pedestrian -1 -1 -10 28.863 127.68 49.924 187.669 0.102988712428 0.218977779913 0.369998818624 -41.7652615108 -1.3296697652 53.2850413846 0.00753464155922 0.00080006
pedestrian -1 -1 -10 623.11 144.14 640.171 192.013 0.363960034371 0.236973550086 0.729999795612 1.65473877608 -0.0420118235872 51.2805207536 0.00753464155925 0.00060633
pedestrian -1 -1 -10 197.6 179.12 240.76 240.244 0.316965144044 0.557939439531 0.433999882406 -14.4608767564 1.3643446097 27.7290175262 0.00753464155925 0.00021281
pedestrian -1 -1 -10 159.88 175.46 201.361 241.776 0.670926309707 0.165982182036 1.07099977134 -15.9268320099 1.37473175228 27.2914661222 0.00753464155925 0.00010051
pedestrian -1 -1 -10 629.09 141.46 644.834 187.042 0.380958187459 0.171978229241 0.55599982408 2.72861906605 -0.762919849821 59.305834298 0.00753464155925 7.3643e-05
pedestrian -1 -1 -10 70.295 149.13 101.551 219.416 0.0999890208244 0.0 0.0 -36.7145176323 1.38727741447 51.1079509317 0.0 5.8388e-05
pedestrian -1 -1 -10 985.82 148.73 998.534 195.087 0.397956280949 0.208976739346 0.818999993435 26.8754651211 -0.129110005739 50.028882714 0.00753464155925 1.12e-05
