pedestrian -1 -1 -10 555.84 164.51 568.199 191.203 2.1397650075 0.95689589971 1.18199955997 -1.54388137974 1.25350374934 25.252993953 0.00753464155925 0.10582
pedestrian -1 -1 -10 560.08 164.32 572.141 191.997 2.14476451337 0.749917842765 1.16199970438 -1.39387143625 1.25938577777 25.3863326499 0.00753464155925 0.031502
pedestrian -1 -1 -10 564.9 163.17 576.644 194.015 2.14776420497 0.839908136468 1.19199960698 -1.22453817744 1.25992884658 25.4300772105 0.00753464155925 0.0056143
pedestrian -1 -1 -10 615.63 160.66 641.353 221.46 0.334963219166 0.165982182036 0.71299972166 1.7090847635 0.53421952503 49.7406561033 0.00753464155925 0.0046824
pedestrian -1 -1 -10 1227.1 191.79 1242.01 247.473 2.06277343953 0.902901437417 0.704999707897 6.18123620005 1.45767133597 6.67463952948 0.00753464155925 0.0012369
pedestrian -1 -1 -10 568.06 162.44 583.478 200.805 2.15976285219 0.979892190166 1.19799964711 -1.04471963966 1.27141087437 25.5376554402 0.00753464155925 0.001056
pedestrian -1 -1 -10 1212.9 175.52 1242.01 262.593 2.06277343953 0.810911507743 0.719999569791 6.18908247102 1.45834679008 6.72057676082 0.00753464155925 0.00054499
pedestrian -1 -1 -10 576.25 160.52 591.423 207.229 2.16776199007 0.943896835541 1.07699963265 -0.84810775069 1.2814584531 25.684105613 0.00753464155925 0.00011477
pedestrian -1 -1 -10 1207.0 151.2 1242.03 321.35 2.06277343953 0.797912920359 0.696999813343 6.17763188767 1.45845137911 6.72716239272 0.00753464155925 2.8583e-05
pedestrian -1 -1 -10 22.403 123.27 70.137 208.14 1.70581270146 0.865905311236 0.931999874921 -9.92650883377 0.9569410285 13.1141494585 0.00753464155925 1.2037e-05
