pedestrian -1 -1 -10 643.01 164.31 659.512 212.569 1.68999238908 0.598998617509 0.621997643392 1.90186336935 1.20317242682 26.1041905596 0.00692802392802 0.99413
pedestrian -1 -1 -10 753.93 151.45 806.078 308.05 1.75999212861 0.664999511198 0.483998269351 2.23919430528 1.44992546877 8.89767526686 0.00692802392802 0.98023
pedestrian -1 -1 -10 689.85 169.88 706.043 214.808 1.429993641 0.56099853645 0.668997636659 3.74122668246 1.23721640043 26.8776576314 0.00692802392802 0.97777
pedestrian -1 -1 -10 801.63 153.6 850.87 300.88 1.73799219728 0.521999005384 0.61999779586 2.8814708717 1.43161303822 9.37072920398 0.00692802392802 0.97386
pedestrian -1 -1 -10 268.8 158.0 289.196 209.919 1.7419921726 0.52499926275 0.634996890768 -11.2306048928 0.961016434373 24.6808258673 0.00692802392802 0.97381
pedestrian -1 -1 -10 531.88 170.0 546.046 214.998 1.55899306685 0.402999604826 0.557997992432 -2.23791987763 1.20856731771 26.1239548965 0.00692802392802 0.97269
pedestrian -1 -1 -10 666.07 169.08 681.192 216.546 1.39899379173 0.311000613216 0.446998348205 2.80895972021 1.20264373238 26.1290755779 0.00692802392802 0.90603
pedestrian -1 -1 -10 192.14 161.28 207.826 197.76 2.12399049401 1.0599987476 0.965995975916 -17.7786516452 0.511248838601 31.5191130193 0.00692802392802 0.50076
pedestrian -1 -1 -10 183.74 163.37 197.463 197.431 1.41499365717 0.845000648065 0.85599577862 -18.0900794267 -0.197148813049 31.7433653356 0.00692802392802 0.331
pedestrian -1 -1 -10 663.94 166.48 697.103 218.204 1.39899379173 0.311000613216 0.446998348205 2.80895972021 1.20264373238 26.1290755779 0.00692802392802 0.30324
pedestrian -1 -1 -10 652.51 165.86 686.678 217.077 1.39899379173 0.311000613216 0.446998348205 2.80895972021 1.20264373238 26.1290755779 0.00692802392802 0.27818
pedestrian -1 -1 -10 779.11 216.42 799.523 276.469 1.75999212861 0.664999511198 0.483998269351 2.23919430528 1.44992546877 8.89767526686 0.00692802392802 0.20718
pedestrian -1 -1 -10 769.8 157.25 815.439 270.91 1.75999212861 0.664999511198 0.483998269351 2.23919430528 1.44992546877 8.89767526686 0.00692802392802 0.17849
pedestrian -1 -1 -10 649.48 165.63 664.958 210.175 1.68999238908 0.598998617509 0.621997643392 1.90186336935 1.20317242682 26.1041905596 0.00692802392802 0.12939
pedestrian -1 -1 -10 787.14 212.12 806.312 285.711 1.75999212861 0.664999511198 0.483998269351 2.23919430528 1.44992546877 8.89767526686 0.00692802392802 0.12711
pedestrian -1 -1 -10 820.55 217.89 843.222 284.357 1.73799219728 0.521999005384 0.61999779586 2.8814708717 1.43161303822 9.37072920398 0.00692802392802 0.11093
pedestrian -1 -1 -10 767.34 192.92 802.785 296.86 1.75999212861 0.664999511198 0.483998269351 2.23919430528 1.44992546877 8.89767526686 0.00692802392802 0.10793
pedestrian -1 -1 -10 659.01 167.92 676.474 216.418 0.0999995529652 0.0 0.0 4.75803984457 0.707849404268 49.22782205 0.0 0.094669
pedestrian -1 -1 -10 276.78 158.47 292.451 204.53 1.7419921726 0.52499926275 0.634996890768 -11.2306048928 0.961016434373 24.6808258673 0.00692802392802 0.069119
pedestrian -1 -1 -10 783.65 158.77 810.24 247.013 0.924995853007 0.62799792647 0.701997028278 9.31452365167 1.21891707938 32.9369687037 0.00692802392802 0.066714
pedestrian -1 -1 -10 678.02 168.55 699.252 215.336 1.429993641 0.56099853645 0.580997907974 3.69722787503 1.2373373933 26.8779626018 0.00692802392802 0.061088
pedestrian -1 -1 -10 771.13 215.91 792.235 281.549 1.73499226421 0.534000034849 0.483998269351 2.23870605233 1.42500177943 8.83216280187 0.00692802392802 0.04973
pedestrian -1 -1 -10 671.02 162.76 688.062 214.951 1.39899379173 0.311000613216 0.446998348205 2.80895972021 1.20264373238 26.1290755779 0.00692802392802 0.045099
pedestrian -1 -1 -10 202.79 161.12 217.593 196.477 1.00499547869 1.18800082761 0.231000032854 -18.0255336938 -0.627931795816 32.2721686374 0.00692802392802 0.041015
pedestrian -1 -1 -10 187.23 160.69 219.077 197.67 2.12399049401 1.15699689659 0.965995975916 -17.7779623149 0.511133122241 31.6186102665 0.00692802392802 0.039727
pedestrian -1 -1 -10 798.16 158.25 834.92 267.24 1.73799219728 0.521999005384 0.61999779586 2.8814708717 1.43161303822 9.37072920398 0.00692802392802 0.03189
pedestrian -1 -1 -10 791.12 149.87 818.905 223.852 1.4759934485 0.343997722203 0.570997955061 10.7654043515 0.652502003329 35.9170106729 0.00692802392802 0.025019
pedestrian -1 -1 -10 814.9 155.22 857.354 264.85 1.73799219728 0.521999005384 0.61999779586 2.8814708717 1.43161303822 9.37072920398 0.00692802392802 0.021647
pedestrian -1 -1 -10 758.43 215.75 792.962 312.439 1.75999212861 0.664999511198 0.483998269351 2.23919430528 1.44992546877 8.89767526686 0.00692802392802 0.017632
pedestrian -1 -1 -10 775.36 164.96 799.221 251.301 1.75999212861 0.664999511198 0.483998269351 2.23919430528 1.44992546877 8.89767526686 0.00692802392802 0.015454
pedestrian -1 -1 -10 696.42 169.46 711.879 212.874 1.429993641 0.56099853645 0.621997643392 3.7647261146 1.23715177905 26.877494749 0.00692802392802 0.014427
pedestrian -1 -1 -10 782.94 149.42 807.795 212.779 2.1129905656 0.880000471758 1.15399594898 7.9122575617 0.654404441279 28.8912355499 0.00692802392802 0.012867
pedestrian -1 -1 -10 373.59 162.04 384.941 188.217 0.10199957788 0.223003236327 0.344999925214 -18.4113073247 -0.922520337519 59.9452059342 0.00692802392803 0.0092808
pedestrian -1 -1 -10 786.88 211.73 800.3 258.7 1.75999212861 0.664999511198 0.483998269351 2.23919430528 1.44992546877 8.89767526686 0.00692802392802 0.0078054
pedestrian -1 -1 -10 483.07 165.19 494.419 195.956 0.0999995529652 0.238002615811 0.458997910233 -9.26839017403 -0.216335561119 61.3472215927 0.00692802392802 0.0067847
pedestrian -1 -1 -10 209.84 165.36 222.002 198.599 0.829996308684 0.45099990799 0.0620000418454 -18.3503654838 -0.849023879969 34.0098078578 0.00692802392802 0.0066693
pedestrian -1 -1 -10 174.94 157.68 207.927 197.908 1.41499365717 0.845000648065 0.85599577862 -18.0900794267 -0.197148813049 31.7433653356 0.00692802392802 0.0045699
pedestrian -1 -1 -10 760.41 148.88 797.33 245.299 1.75999212861 0.664999511198 0.483998269351 2.23919430528 1.44992546877 8.89767526686 0.00692802392802 0.0044732
pedestrian -1 -1 -10 370.83 160.79 387.496 198.769 0.10199957788 0.223003236327 0.344999925214 -18.4113073247 -0.922520337519 59.9452059342 0.00692802392803 0.0043401
pedestrian -1 -1 -10 792.65 194.95 832.694 289.166 1.73799219728 0.521999005384 0.61999779586 2.8814708717 1.43161303822 9.37072920398 0.00692802392802 0.0032714
pedestrian -1 -1 -10 162.85 151.92 179.813 197.732 2.03399086297 1.14699858184 0.196999763798 -18.0477821349 0.475913822465 29.8384474323 0.00692802392802 0.0029446
pedestrian -1 -1 -10 813.88 211.9 854.423 288.015 1.73799219728 0.521999005384 0.61999779586 2.8814708717 1.43161303822 9.37072920398 0.00692802392802 0.0026452
pedestrian -1 -1 -10 739.85 147.35 785.95 253.76 1.75999212861 0.664999511198 0.483998269351 2.23919430528 1.44992546877 8.89767526686 0.00692802392802 0.0016534
pedestrian -1 -1 -10 449.42 165.51 465.928 201.422 1.37399390638 0.151000874233 0.675997103021 -6.88917844817 1.04012976435 33.3492674958 0.00692802392802 0.0016354
pedestrian -1 -1 -10 803.26 154.76 827.239 218.974 1.73799219728 0.521999005384 0.61999779586 2.8814708717 1.43161303822 9.37072920398 0.00692802392802 0.00095131
pedestrian -1 -1 -10 812.92 150.76 836.974 218.413 1.73799219728 0.521999005384 0.61999779586 2.8814708717 1.43161303822 9.37072920398 0.00692802392802 0.00076168
pedestrian -1 -1 -10 788.37 164.77 804.572 224.212 2.1129905656 0.756999456481 1.12999539442 7.98382927655 0.654277977694 28.8292374775 0.00692802392802 0.00047261
pedestrian -1 -1 -10 760.68 140.93 781.858 216.882 1.78399201036 0.718999375421 1.12799602373 7.09935737574 0.319218462464 29.2651787239 0.00692802392802 0.00044564
pedestrian -1 -1 -10 568.47 159.37 601.423 198.864 0.0999995529652 0.0679931179851 0.208999206616 -1.6023937995 -0.236401613709 65.6521945265 0.00692802392802 0.00040895
pedestrian -1 -1 -10 597.48 173.98 609.569 211.712 0.338998506963 0.110999985813 0.0099999622262 0.235056801167 0.988440081227 40.3836265192 0.00692802392802 0.00030189
pedestrian -1 -1 -10 283.57 154.76 312.625 196.399 0.100999595225 0.0400008884196 0.39899866959 -23.0778934409 -0.87294097959 54.9539705245 0.00692802392793 0.00011834
pedestrian -1 -1 -10 831.08 159.63 848.073 207.482 1.10699502081 0.281997489561 0.542997228601 13.2722588134 0.524854984584 39.181789534 0.00692802392802 0.00010261
pedestrian -1 -1 -10 17.654 144.5 61.84 212.499 1.87599157691 1.09699937866 0.568996200187 -18.0924784169 0.523967145332 22.9067346107 0.00692802392802 8.1751e-05
pedestrian -1 -1 -10 744.68 158.95 768.056 214.691 0.899995929003 0.87300050702 0.810996824973 6.9540350424 1.16455029764 31.9547483356 0.00692802392802 7.9075e-05
pedestrian -1 -1 -10 78.163 152.33 126.75 200.782 2.0219910115 1.15799825395 0.854996331689 -18.037027046 0.588765188768 25.5719063535 0.00692802392802 2.7093e-05
pedestrian -1 -1 -10 792.83 127.45 822.798 195.38 1.93199132085 0.606999939602 0.89799686831 8.24705317999 0.472639998503 28.752306172 0.00692802392802 1.163e-05
pedestrian -1 -1 -10 298.98 154.93 314.378 194.503 0.10099953562 0.0680007473744 0.381998535062 -22.3925657749 -0.870633430203 54.7812217526 0.00692802392807 1.1109e-05
pedestrian -1 -1 -10 23.022 167.87 73.22 220.758 0.763996588252 0.446000750612 0.657998475233 -16.7596461352 0.631034464688 21.3877335417 0.00692802392803 7.0711e-07
