pedestrian -1 -1 -10 112.35 211.75 144.861 290.762 2.37373934341 1.19886901651 1.18099939434 -7.20544133361 1.69220167322 10.8809012686 0.00753464155925 0.00031317
pedestrian -1 -1 -10 1030.9 130.86 1052.59 177.125 1.7848040241 1.18387031637 0.859999870258 7.06821900673 1.0902262481 11.4094926817 0.00753464155925 0.00027868
pedestrian -1 -1 -10 858.64 187.75 880.203 230.764 2.27475017608 1.11687822026 0.828999742418 6.90014930301 1.46507299702 19.4294426727 0.00753464155925 0.00015672
pedestrian -1 -1 -10 1028.9 140.63 1058.77 198.813 1.08888039959 1.17787140845 0.854999757347 7.06587359182 0.395029755623 11.4636570707 0.00753464155925 0.00013375
pedestrian -1 -1 -10 849.39 173.97 879.922 227.432 2.26175171112 1.12187683341 1.05899969109 6.78348738508 1.44889431149 19.209934577 0.00753464155925 7.7557e-05
pedestrian -1 -1 -10 785.84 124.29 819.685 199.9 1.55882881862 0.561938711473 1.02399985439 9.02141833441 0.481771911329 33.1411111309 0.00753464155925 7.4819e-05
pedestrian -1 -1 -10 759.33 167.14 781.3 217.44 0.301966864822 0.355959995729 0.667999539932 8.47016277854 1.28572956696 37.4896590459 0.00753464155925 6.4604e-05
pedestrian -1 -1 -10 841.22 148.97 878.088 235.04 2.26175171112 1.10987901758 1.18399965282 6.72028099505 1.44754836989 19.1164169626 0.00753464155925 4.0578e-05
pedestrian -1 -1 -10 831.56 149.05 862.375 238.061 2.37973866701 1.12487676415 1.11599935702 6.51572278135 1.57040063783 19.435557332 0.00753464155925 2.3273e-05
pedestrian -1 -1 -10 698.86 178.43 730.81 258.86 1.45983965874 0.907900527346 0.811999668467 2.23455479493 1.75146072147 13.9180610427 0.00753464155925 1.235e-05
