pedestrian -1 -1 -10 362.13 163.26 375.453 198.719 1.27086050319 0.304966894533 0.668999467147 -12.0268820435 1.49507652654 36.192472098 0.00753464155925 0.0037169
pedestrian -1 -1 -10 372.42 162.28 385.197 208.248 1.62182193255 0.453948833318 1.06299939994 -12.4505728438 1.4154264292 39.8484454853 0.00753464155925 0.00234
pedestrian -1 -1 -10 371.41 162.66 395.097 221.326 1.06788276696 0.719920442484 0.594999608055 -5.70077880601 0.669108594289 19.1066794975 0.00753464155925 0.0021362
pedestrian -1 -1 -10 988.2 154.8 1007.31 195.37 0.693923816203 0.382959372408 0.428999769496 16.2909126171 0.639869997426 29.9986677504 0.00753464155924 0.0020711
pedestrian -1 -1 -10 378.05 162.31 392.422 208.767 1.06788276696 0.911898845719 0.759999519399 -5.61900442281 0.66762749336 19.010072308 0.00753464155925 0.0020268
pedestrian -1 -1 -10 359.55 165.2 389.312 213.135 1.62282180989 0.245975249452 1.1629997508 -12.6754330995 1.4138872346 39.7351543081 0.00753464155925 0.0018187
pedestrian -1 -1 -10 357.32 162.51 371.158 198.415 1.27086050319 0.304966894533 0.718999642576 -12.0518814236 1.49509472844 36.1926601935 0.00753464155925 0.0013928
pedestrian -1 -1 -10 382.85 161.34 411.721 229.935 1.47483805716 1.1708712522 1.07299962577 -5.2965580373 1.06615188649 18.4511786191 0.00753464155925 0.0011465
pedestrian -1 -1 -10 390.03 161.77 411.34 208.137 1.47283824289 1.18387031637 1.09899964069 -5.16175572136 1.06370669233 18.2916636752 0.00753464155925 0.0010793
pedestrian -1 -1 -10 194.05 169.29 213.69 215.337 1.64281965458 1.16387300308 1.16199934675 -8.81364013762 1.21188846888 15.8559042362 0.00753464155925 0.00055099
pedestrian -1 -1 -10 941.47 155.14 955.184 196.12 0.736919085443 0.12798623787 0.119000398448 14.7503399713 1.09282345697 31.4815929194 0.00753464155925 0.00041379
pedestrian -1 -1 -10 828.59 154.17 846.897 196.958 2.1167675904 0.791913058874 0.830999120011 10.302133727 1.07221115373 31.8056667222 0.00753464155925 0.00029447
pedestrian -1 -1 -10 682.51 164.45 699.657 195.918 0.287968388437 0.265973516306 0.466999864675 4.73688323862 0.362472840216 39.3496049116 0.00753464155925 0.00014959
pedestrian -1 -1 -10 338.77 217.01 362.254 279.145 0.934897382851 1.1828700216 0.864999506331 -3.65546246676 1.6721806114 9.73364583778 0.00753464155925 6.5393e-05
pedestrian -1 -1 -10 922.95 160.59 937.659 194.401 1.30385682774 0.244972093972 0.805001012429 15.926634513 1.03922902382 34.8716884338 0.00753464155925 5.9579e-05
pedestrian -1 -1 -10 186.87 172.34 218.854 228.149 1.39884641123 1.14787496174 1.13599933182 -8.56662366242 1.27964479661 15.3071587532 0.00753464155925 2.8995e-05
pedestrian -1 -1 -10 241.93 162.74 272.136 223.398 0.581936109423 0.155981141469 0.686000613981 -18.9242711019 0.653991889839 38.9396655306 0.00753464155925 2.5064e-05
pedestrian -1 -1 -10 337.19 224.29 383.522 304.533 0.888902429458 1.14387473623 0.698999667772 -3.57289897074 1.67123943702 9.67318925585 0.00753464155925 4.9289e-06
