pedestrian -1 -1 -10 291.87 169.34 312.635 241.176 1.80280205452 0.67192727203 1.02399937755 -7.599947669 1.63935917247 18.434972782 0.00753464155925 0.68316
pedestrian -1 -1 -10 296.37 165.46 330.563 241.134 1.86779485608 0.44295226583 1.01999919185 -7.44979477926 1.70254714929 18.318871193 0.00753464155925 0.61427
pedestrian -1 -1 -10 306.58 161.49 338.533 231.187 1.79380297971 0.44295226583 0.815999734954 -7.3478207521 1.62848100963 18.3186516476 0.00753464155925 0.20694
pedestrian -1 -1 -10 297.07 165.78 316.768 219.239 1.80280205452 0.67192727203 1.15299904815 -7.53544965932 1.63931221185 18.4344874986 0.00753464155925 0.061876
pedestrian -1 -1 -10 234.32 196.79 252.588 238.673 0.883902923586 0.746917912023 0.768000367628 -9.63316051758 1.62061659778 19.036349631 0.00753464155925 0.04545
pedestrian -1 -1 -10 317.25 161.1 339.259 211.121 1.79080340731 0.44295226583 0.686999587522 -7.28332342888 1.62543447642 18.3181885731 0.00753464155925 0.013867
pedestrian -1 -1 -10 284.02 169.34 309.493 221.489 1.70881237817 0.588936181012 0.691999223595 -7.7656014161 1.64009433744 18.4770201449 0.00753464155925 0.011913
pedestrian -1 -1 -10 310.93 161.09 330.065 202.205 1.66481719434 0.409954934807 0.901999674296 -7.39098358586 1.4992822833 18.3034320599 0.00753464155925 0.0052305
pedestrian -1 -1 -10 291.79 165.43 310.327 203.062 1.80280205452 0.67192727203 0.947999187192 -7.63794668862 1.63938683933 18.4352586868 0.00753464155925 0.0049163
pedestrian -1 -1 -10 224.56 189.08 241.233 238.587 0.30596643376 0.191978403234 0.449000221137 -14.4891462544 1.35385580423 27.6272891325 0.00753464155925 0.0025528
pedestrian -1 -1 -10 886.3 176.93 904.033 228.11 0.426953140852 0.079991160276 0.130000074646 9.47443910168 1.22007731396 23.7120896302 0.00753464155925 0.0013905
pedestrian -1 -1 -10 688.4 169.71 713.648 242.105 0.26697068131 0.591936111754 0.686999587522 3.16981960478 0.301819387821 25.396228358 0.00753464155925 0.00053704
pedestrian -1 -1 -10 323.69 154.82 342.804 197.326 0.246972881317 0.290968489164 0.435000286458 -10.6176288251 0.20939771604 29.2513507307 0.00753464155925 0.00037331
pedestrian -1 -1 -10 118.33 124.57 151.763 178.856 0.371959172247 0.257971158141 0.426000464689 -19.6570264482 -0.372505434232 29.4945241039 0.00753464155925 0.00032744
pedestrian -1 -1 -10 318.6 161.19 357.637 214.237 1.3728493045 0.793913648416 0.899999343029 -8.87123680316 1.57000912602 24.5012312595 0.00753464155925 0.00019169
pedestrian -1 -1 -10 222.86 187.64 256.051 241.258 0.327963988423 0.310964848878 0.170000024255 -14.5420488481 0.829614198216 28.4232207681 0.00753464155925 0.00014985
pedestrian -1 -1 -10 326.05 168.16 346.366 220.625 1.3728493045 0.779915243046 0.84499905469 -8.89878890495 1.56992553116 24.4944391608 0.00753464155925 1.2139e-05
pedestrian -1 -1 -10 238.04 183.22 273.319 231.582 2.24475349844 0.67092602369 0.764999155473 -14.033570421 1.40653372718 28.8540971038 0.00753464155925 6.9419e-06
pedestrian -1 -1 -10 1217.7 163.58 1242.03 247.833 0.965893878228 0.736918778596 1.08299889791 13.309198404 1.47697347606 15.4927518268 0.00753464155925 7.5719e-08
