pedestrian -1 -1 -10 449.17 150.65 489.494 228.401 2.44973103404 1.17487052414 0.363000043376 -3.93255522058 1.64752015546 20.6968230371 0.00753464155925 0.0023416
pedestrian -1 -1 -10 146.4 188.7 167.282 237.39 2.2927483257 1.19786872174 0.881999699491 -6.63959224785 1.63266541678 10.3953530191 0.00753464155925 0.0010771
pedestrian -1 -1 -10 458.24 155.35 480.642 213.537 2.43673244989 1.19086951905 0.356999764833 -3.96718336583 1.63331770213 20.6141854048 0.00753464155925 0.00091945
pedestrian -1 -1 -10 446.29 172.48 470.947 229.434 2.47072875606 1.1938694498 0.368999845083 -4.11563392255 1.6686324775 20.0214517018 0.00753464155925 0.00085113
pedestrian -1 -1 -10 513.47 147.48 531.224 198.769 2.20975725533 1.17687111368 0.331999915537 -2.8119491183 1.34936228132 24.3125162253 0.00753464155925 0.00038741
pedestrian -1 -1 -10 530.68 157.55 544.392 216.21 2.49672580517 1.19386754266 0.676999838538 -2.62099131481 1.60265496677 25.6911426065 0.00753464155925 0.00029882
pedestrian -1 -1 -10 307.43 165.43 350.111 220.987 2.35974094152 1.18687024711 0.780999898255 -5.45570286181 1.64463877739 14.6978462295 0.00753464155925 0.00027848
pedestrian -1 -1 -10 1096.3 198.63 1168.59 335.23 2.05677417552 1.18987017785 0.374999885208 9.24973468069 1.48614372648 12.5743702314 0.00753464155925 0.00013958
pedestrian -1 -1 -10 344.32 152.97 365.624 202.431 2.19275922144 1.19786872174 0.883999553921 -5.40088510439 1.4712599038 15.1473264584 0.00753464155925 7.9517e-05
pedestrian -1 -1 -10 527.0 151.07 550.626 223.485 2.52272297347 0.981892779707 0.709999820807 -2.60277100902 1.62401596128 25.9189136202 0.00753464155925 6.8022e-05
pedestrian -1 -1 -10 538.64 150.45 559.961 199.924 2.3477422347 0.752917773507 0.691999700432 -2.07136525881 1.41215258631 27.9765347947 0.00753464155925 6.1323e-05
pedestrian -1 -1 -10 1054.0 183.56 1083.98 266.21 1.20586764204 0.717920806513 0.736999762951 6.53840267867 1.40332196071 10.7794773415 0.00753464155925 1.8994e-05
pedestrian -1 -1 -10 1019.8 138.94 1087.86 248.41 1.60482377946 1.169871911 0.386999965458 9.96977908521 0.792528203125 16.2113698476 0.00753464155925 4.5428e-06
