pedestrian -1 -1 -10 326.06 204.45 370.057 288.634 1.80080235945 1.16087307234 0.708999893593 -4.54515931013 2.30632810167 12.814795155 0.00753464155925 0.26891
pedestrian -1 -1 -10 320.48 203.91 343.922 272.012 1.84479743898 1.07288241461 0.672999652843 -4.56470483574 2.34727218144 12.6076340672 0.00753464155925 0.0051709
pedestrian -1 -1 -10 338.75 192.04 366.176 312.58 1.80080235945 1.13287530803 0.708999893593 -4.54505383456 2.30653534269 12.8287936398 0.00753464155925 0.0039916
pedestrian -1 -1 -10 316.91 209.53 331.686 266.923 1.38984747051 0.551939578046 0.454999784425 -8.49237061658 2.76966342797 21.2432959261 0.00753464155925 0.0032408
pedestrian -1 -1 -10 342.01 259.18 361.767 309.875 1.80080235945 1.13287530803 0.708999893593 -4.54505383456 2.30653534269 12.8287936398 0.00753464155925 0.0020444
pedestrian -1 -1 -10 350.39 202.81 371.091 253.449 1.76880580794 1.13287530803 0.708999893593 -4.54506370022 2.27453879118 12.8290305611 0.00753464155925 0.0018742
pedestrian -1 -1 -10 328.57 198.31 350.067 266.007 1.84479743898 1.13887516952 0.708999893593 -4.54604226024 2.34856168547 12.6954858446 0.00753464155925 0.0012096
pedestrian -1 -1 -10 336.58 255.28 356.124 315.173 1.80080235945 1.13887516952 0.708999893593 -4.54605582545 2.30456660594 12.69581161 0.00753464155925 0.00065069
pedestrian -1 -1 -10 334.36 195.71 355.415 278.216 1.80080235945 1.18786958831 0.708999893593 -4.5452610137 2.30612827195 12.8012972802 0.00753464155925 0.00032268
pedestrian -1 -1 -10 342.55 197.39 362.763 264.556 1.76880580794 1.16087307234 0.708999893593 -4.54516917578 2.27433155016 12.8150320763 0.00753464155925 0.00010379
pedestrian -1 -1 -10 66.543 176.37 88.354 233.961 0.298967173219 0.17198204352 0.172000832358 -24.1102834252 -0.710443623646 32.9620151461 0.00753464155925 9.2673e-05
pedestrian -1 -1 -10 655.97 195.62 668.201 229.591 2.79069349635 0.457950012401 0.45399985721 3.02384433142 3.06038579478 39.6761440086 0.00753464155925 7.3904e-05
pedestrian -1 -1 -10 330.09 219.85 352.122 298.911 1.84479743898 1.08188125327 0.708999893593 -4.5458275479 2.34898355763 12.7239819938 0.00753464155925 2.0824e-05
pedestrian -1 -1 -10 1167.9 148.6 1208.78 196.067 0.558938632726 0.114987173701 0.19599908551 23.1079481247 0.644631899417 28.4420259263 0.00753464155923 1.1478e-05
pedestrian -1 -1 -10 1153.7 145.97 1199.84 210.394 0.358960588097 0.206974242665 0.461000301387 25.9745012375 0.781454896 32.8015259221 0.00753464155925 5.9973e-06
pedestrian -1 -1 -10 805.2 180.99 820.651 228.71 1.79480291665 0.903900301833 1.15099967055 7.7225805796 1.02886793211 26.9456877508 0.00753464155925 5.3773e-06
