pedestrian -1 -1 -10 414.54 175.68 436.095 229.147 1.40784544134 0.480948209997 0.510999999979 -5.15195984816 1.50316671431 20.3453862795 0.00753464155925 0.61299
pedestrian -1 -1 -10 362.16 173.15 376.42 217.33 0.961894365163 1.08188125327 0.414999834816 -5.49512189953 0.218496833372 16.3076297158 0.00753464155925 0.17742
pedestrian -1 -1 -10 368.61 169.52 403.105 238.281 1.4888364665 0.403956026893 0.551999876802 -4.47878450989 1.45156392424 14.5933845153 0.00753464155925 0.13481
pedestrian -1 -1 -10 358.43 172.58 387.993 233.837 0.922898664862 0.868904288408 0.33300008117 -5.3385518138 1.02948067505 16.0366194006 0.00753464155925 0.094417
pedestrian -1 -1 -10 439.41 173.11 456.091 212.988 0.706922359379 0.439950427948 0.45599971164 -4.00922271041 0.767763157235 18.9477826898 0.00753464155925 0.082472
pedestrian -1 -1 -10 399.65 175.87 437.612 236.936 1.40784544134 0.480948209997 0.510999999979 -5.15195984816 1.50316671431 20.3453862795 0.00753464155925 0.032613
pedestrian -1 -1 -10 430.38 169.87 447.537 215.035 2.36674008286 1.05988525758 0.240000174488 -5.1706391446 1.51787835187 22.4932026404 0.00753464155925 0.028374
pedestrian -1 -1 -10 447.54 174.27 462.565 215.231 0.706922359379 0.439950427948 0.45599971164 -4.00922271041 0.767763157235 18.9477826898 0.00753464155925 0.027136
pedestrian -1 -1 -10 352.93 172.75 372.026 217.721 1.08688064492 0.639931189348 0.209999973863 -7.55227695199 0.675595016654 22.3041145031 0.00753464155925 0.021194
pedestrian -1 -1 -10 383.56 171.31 413.851 229.39 0.590935139534 0.412954865549 0.177999918809 -4.44769380092 0.966627385948 15.4062946425 0.00753464155925 0.013169
pedestrian -1 -1 -10 376.15 168.88 397.775 212.271 1.4888364665 0.403956026893 0.551999876802 -4.47878450989 1.45156392424 14.5933845153 0.00753464155925 0.0084198
pedestrian -1 -1 -10 432.51 167.63 458.35 223.628 0.706922359379 0.439950427948 0.45599971164 -4.00922271041 0.767763157235 18.9477826898 0.00753464155925 0.0078058
pedestrian -1 -1 -10 153.05 240.83 182.154 318.451 2.02477765382 1.19286915503 0.307999993455 -2.67686655668 1.51888289635 4.36086774813 0.00753464155925 0.0067882
pedestrian -1 -1 -10 395.03 171.74 414.622 217.213 2.07177245474 1.09588061221 0.321999928135 -5.29407244326 1.27901135122 19.2550387299 0.00753464155925 0.0067724
pedestrian -1 -1 -10 392.19 172.05 424.469 233.309 1.94678623831 1.11687631312 0.321999928135 -5.29631028879 1.15669459995 18.9634003962 0.00753464155925 0.0031995
pedestrian -1 -1 -10 141.74 232.05 172.649 313.114 2.03077703702 1.18586995234 0.316999815224 -2.66337097467 1.52289558863 4.22723254478 0.00753464155925 0.0031345
pedestrian -1 -1 -10 68.327 280.34 115.088 366.764 2.10576876092 1.19886853972 1.18699967288 -2.70805027492 1.60162573573 3.73439071564 0.00753464155925 0.002732
pedestrian -1 -1 -10 141.18 185.45 171.523 264.003 2.03477654636 1.19486926778 0.317999980858 -2.66282823664 1.52697614873 4.23269848715 0.00753464155925 0.0023386
pedestrian -1 -1 -10 162.57 220.83 190.379 301.172 2.05077482212 1.17787093167 0.342999830154 -2.65900879892 1.54555563874 4.40703713811 0.00753464155925 0.0012551
pedestrian -1 -1 -10 240.36 111.7 273.459 166.16 1.50583467173 1.1958681322 0.320000073705 -5.62464204571 0.84020005849 11.4867639502 0.00753464155925 0.0011483
pedestrian -1 -1 -10 10.141 121.27 189.431 375.0 2.10876842273 1.19786896013 1.19399964022 -2.71498965296 1.60273398477 3.8089592825 0.00753464155925 0.001137
pedestrian -1 -1 -10 146.7 201.98 166.485 256.774 2.12376676155 1.19286915503 0.75799966497 -2.44302566163 1.61537691498 4.20138827411 0.00753464155925 0.0011033
pedestrian -1 -1 -10 242.17 107.94 261.579 153.075 1.58382605744 0.125986125113 0.16399998413 -2.70732274097 1.05893183572 6.05137509143 0.00753464155925 0.00081222
pedestrian -1 -1 -10 116.14 182.3 135.426 225.924 2.02277786935 1.19786872174 0.773999930916 -2.91255262833 1.51376064602 4.00515521588 0.00753464155925 0.00058877
pedestrian -1 -1 -10 110.07 175.19 152.065 242.935 2.02377774668 1.19686866536 0.773999930916 -2.91218001723 1.51449336736 4.05465566163 0.00753464155925 0.0001371
pedestrian -1 -1 -10 59.212 190.76 80.648 248.67 2.07877180468 1.19786896013 1.11399974101 -2.76153087513 1.57574974572 3.60545926173 0.00753464155925 0.00011607
pedestrian -1 -1 -10 57.061 183.21 88.969 262.841 2.10376897645 1.19686890375 1.19399964022 -2.71645342551 1.59985489908 3.61444900142 0.00753464155925 3.2025e-05
pedestrian -1 -1 -10 124.35 143.35 160.186 202.193 1.86779494547 1.19186933704 0.211999828293 -2.71654503564 1.35872311506 4.14584586217 0.00753464155925 2.3037e-05
pedestrian -1 -1 -10 6.2286 96.74 86.8806 271.49 1.85579623866 0.841907534047 0.312999867947 -2.78099806555 1.35798025242 3.62018096033 0.00753464155925 1.4621e-05
pedestrian -1 -1 -10 1140.9 255.74 1218.1 350.448 1.63282073223 1.19786872174 0.956999724217 2.60600457699 1.64693931236 3.16260602485 0.00753464155925 1.3517e-07
