pedestrian -1 -1 -10 261.42 158.13 317.697 301.94 1.77099210173 0.64899877436 0.53499807689 -3.85468588385 1.4187492841 8.88185079693 0.00692802392802 0.99951
pedestrian -1 -1 -10 707.17 169.04 723.682 213.631 1.00799551606 0.543000806947 1.13599565227 2.88995558109 0.99190495513 17.8382921935 0.00692802392802 0.0034178
pedestrian -1 -1 -10 262.29 159.6 297.106 259.71 1.77099210173 0.64899877436 0.53499807689 -3.85468588385 1.4187492841 8.88185079693 0.00692802392802 0.00081286
pedestrian -1 -1 -10 701.58 172.71 719.099 226.259 1.00399546623 0.513999590639 1.01199604542 2.82785129144 0.988092259194 17.8242193765 0.00692802392802 0.00036153
pedestrian -1 -1 -10 297.87 243.18 320.521 294.991 0.961995688081 0.691998966472 0.966996376517 -4.05019815674 1.37872551262 10.2511627903 0.00692802392802 0.00022925
pedestrian -1 -1 -10 257.47 203.02 277.013 272.775 0.842996262014 0.894999851242 0.278998757798 -4.94964493845 1.3611301126 10.3179446523 0.00692802392802 7.915e-05
pedestrian -1 -1 -10 271.78 204.96 306.487 297.523 1.77099210173 0.64899877436 0.53499807689 -3.85468588385 1.4187492841 8.88185079693 0.00692802392802 6.6618e-05
pedestrian -1 -1 -10 281.07 157.14 334.613 295.91 1.84699172229 0.369000184812 1.1909955125 -6.36492384748 0.892179258633 15.4297467484 0.00692802392802 2.1676e-05
pedestrian -1 -1 -10 248.6 206.76 270.628 273.947 2.13399043977 1.15799920762 1.07099560071 -6.5988840174 1.33293284853 13.587167313 0.00692802392802 1.2388e-05
pedestrian -1 -1 -10 280.04 160.52 310.741 247.104 1.77099210173 0.64899877436 0.53499807689 -3.85468588385 1.4187492841 8.88185079693 0.00692802392802 1.1229e-05
pedestrian -1 -1 -10 251.01 188.39 285.759 280.622 1.41099363714 1.15399854657 0.966996376517 -6.5456676238 1.17167891747 13.6830340723 0.00692802392802 9.3689e-06
