pedestrian -1 -1 -10 359.75 155.07 378.273 205.919 1.99378100944 1.07588234535 1.19599949465 -4.4884906699 1.31189503237 13.6071261316 0.00753464155925 0.0022433
pedestrian -1 -1 -10 364.85 171.29 384.592 220.081 1.98278229916 1.0058903185 1.18899952731 -4.42973224188 1.30137181484 13.6417624522 0.00753464155925 0.0016543
pedestrian -1 -1 -10 276.22 152.24 344.703 245.287 2.04377565097 1.17687111368 0.192000330325 -9.34712257088 1.15498864179 22.5971618912 0.00753464155925 0.000421
pedestrian -1 -1 -10 222.05 72.837 327.33 243.077 1.61482267201 1.18286906803 0.126999816165 -9.35515399946 0.760783780844 20.1515464153 0.00753464155925 0.0003643
pedestrian -1 -1 -10 353.79 155.54 388.055 217.762 1.99378100944 1.06988248387 1.16199958517 -4.46446882393 1.31192196997 13.6099454067 0.00753464155925 0.00021656
pedestrian -1 -1 -10 292.33 168.46 328.534 242.921 2.04377565097 1.17687111368 0.192000330325 -9.34712257088 1.15498864179 22.5971618912 0.00753464155925 0.00017878
pedestrian -1 -1 -10 369.23 168.1 401.392 235.492 1.84779713058 0.847906680354 0.449999671515 -9.25987944767 1.03743484143 31.004454955 0.00753464155925 0.00015724
pedestrian -1 -1 -10 374.93 164.9 396.993 212.852 2.08177140689 1.13087662563 0.539000346175 -9.30338463941 1.03956180034 31.148003206 0.00753464155925 0.00014381
pedestrian -1 -1 -10 371.75 167.43 448.619 237.143 0.863905140355 0.512944292679 1.08600011007 -6.29145710878 1.03046858478 23.5593862715 0.00753464155925 0.00011645
pedestrian -1 -1 -10 329.25 154.99 403.707 234.55 1.98278229916 1.04788553461 1.18299972561 -4.53788728077 1.30113959576 13.6215780089 0.00753464155925 3.4319e-05
pedestrian -1 -1 -10 382.79 166.54 420.23 230.526 0.409955017563 0.85690647258 0.666999612718 -6.29646190212 0.983520486535 22.4115993638 0.00753464155925 3.4221e-05
pedestrian -1 -1 -10 498.64 181.82 518.983 224.882 1.55782897853 0.75691704545 0.839999895454 -3.31483194124 1.28381416661 23.5073395737 0.00753464155925 3.2912e-05
pedestrian -1 -1 -10 248.76 133.87 363.89 249.45 1.87579399395 1.17687111368 0.216999941203 -9.29096291488 1.00250814052 22.0266747635 0.00753464155925 2.7787e-05
pedestrian -1 -1 -10 248.03 67.393 300.607 244.333 1.62482156456 1.18786958831 0.133999783505 -9.35727143969 0.768502036635 20.335047729 0.00753464155925 2.2126e-05
pedestrian -1 -1 -10 362.25 155.09 414.736 241.055 0.64992858768 1.01688879313 0.623999881465 -6.34864095891 1.33502699779 21.7674776932 0.00753464155925 1.2293e-05
pedestrian -1 -1 -10 416.42 177.5 463.764 249.017 1.05888369215 1.11287799475 1.12099970835 -3.07916655472 1.4878966723 13.1174163509 0.00753464155925 4.3571e-06
pedestrian -1 -1 -10 292.59 174.14 369.61 250.761 1.84179780697 1.11587697192 0.27499953435 -9.33316285262 1.10847199206 24.1149610818 0.00753464155925 2.7834e-06
pedestrian -1 -1 -10 713.54 178.7 729.817 238.361 1.23986389234 1.10387915609 0.608999781153 2.82803611684 1.32597578439 15.9375382404 0.00753464155925 1.3527e-06
pedestrian -1 -1 -10 440.24 179.36 485.425 243.845 1.14887382192 0.72792089351 1.14399946479 -4.14040436409 1.39838553114 21.1440104056 0.00753464155925 6.6503e-07
