pedestrian -1 -1 -10 253.85 177.3 267.954 225.856 1.02188779867 0.186979790091 1.1849991032 -9.31784823122 1.39429045948 19.5704198227 0.00753464155925 0.17385
pedestrian -1 -1 -10 0.0 165.32 12.599 205.063 1.31885516469 0.690924290544 1.19299852092 -18.1807907031 0.291399327071 22.2580854693 0.00753464155925 0.032433
pedestrian -1 -1 -10 242.35 181.03 278.048 226.913 1.02188779867 0.18598044889 1.1609989427 -9.32984420701 1.3943065936 19.5710097653 0.00753464155925 0.023971
pedestrian -1 -1 -10 196.62 175.6 294.393 265.777 1.03588627505 0.194978333977 1.16699945966 -9.78352637719 1.41321985671 19.6137565141 0.00753464155925 0.0032646
pedestrian -1 -1 -10 901.83 186.99 913.188 218.043 0.358960588097 0.288969806762 0.347000015849 16.9897885768 1.71504198157 40.2264202575 0.00753464155925 0.00072765
pedestrian -1 -1 -10 236.68 180.75 302.218 249.266 2.00178026652 0.392956598695 1.08499970602 -7.30758129104 1.25220304847 15.6720916701 0.00753464155925 0.00066377
pedestrian -1 -1 -10 385.97 226.48 405.395 274.221 1.91878933024 1.18287097517 0.346000088635 -5.86808348701 2.27773805656 20.0820614009 0.00753464155925 0.00041426
pedestrian -1 -1 -10 0.0 142.02 36.176 197.488 1.3038567998 0.660926890263 1.13799823258 -17.743797063 0.288104036005 22.1887205343 0.00753464155925 0.0004007
pedestrian -1 -1 -10 22.092 7.4738 163.232 354.914 2.20475792825 0.894900509607 1.03000037135 -11.4921966961 1.38358058336 16.3342669433 0.00753464155925 0.0001918
pedestrian -1 -1 -10 903.86 184.54 921.577 219.409 0.358960588097 0.288969806762 0.347000015849 16.9897885768 1.71504198157 40.2264202575 0.00753464155925 0.00017356
pedestrian -1 -1 -10 278.36 197.71 300.479 260.693 1.48883654844 1.19286915503 0.925999596377 -3.42429749341 1.82903658604 7.44036566665 0.00753464155925 0.0001586
pedestrian -1 -1 -10 0.70896 155.53 35.599 225.987 1.3038567998 0.608932540726 1.13799823258 -17.7439929406 0.287719170917 22.1627240975 0.00753464155925 9.456e-05
pedestrian -1 -1 -10 0.0 143.32 20.013 183.471 1.31585547309 0.690924290544 1.18900071941 -18.0977919698 0.291338896854 22.2574387819 0.00753464155925 3.695e-05
pedestrian -1 -1 -10 212.76 184.27 271.071 294.97 1.03388649058 0.201977536661 1.16399920118 -9.87999702842 1.41334192456 19.6179672573 0.00753464155925 3.6784e-05
pedestrian -1 -1 -10 0.11041 126.45 21.1004 173.06 1.31285590068 0.660926890263 1.10000004475 -18.0534049759 0.2910844549 22.2420834856 0.00753464155925 2.8203e-05
pedestrian -1 -1 -10 0.53344 118.98 35.0224 178.178 1.30785642834 0.647927826094 1.10599865436 -17.849746239 0.288277431537 22.1960470189 0.00753464155925 2.2837e-05
pedestrian -1 -1 -10 175.36 181.88 254.926 285.23 1.35885082614 1.19386897301 0.941999623904 -3.44645966401 1.70214033015 6.09576369322 0.00753464155925 1.1571e-05
pedestrian -1 -1 -10 896.32 173.46 919.165 216.657 0.358960588097 0.288969806762 0.347000015849 16.9897885768 1.71504198157 40.2264202575 0.00753464155925 8.3516e-06
pedestrian -1 -1 -10 38.902 36.962 136.875 285.022 1.58182630277 0.795912330817 1.03000037135 -11.4927616843 0.759916241835 16.2893868109 0.00753464155925 4.9618e-06
pedestrian -1 -1 -10 43.544 194.56 120.596 268.171 2.67570617247 0.895901757947 0.763999705095 -11.6239368273 1.8568090295 16.4792601267 0.00753464155925 2.2147e-06
pedestrian -1 -1 -10 25.974 80.484 77.57 231.664 0.66292717183 1.18786958831 0.505998456558 -17.411785043 -0.365811123643 23.0187690421 0.00753464155924 9.9804e-07
pedestrian -1 -1 -10 177.82 138.72 228.694 228.441 0.437951914459 0.712923146939 0.817000139005 -14.7421632585 0.362703041392 26.3991746332 0.00753464155925 2.9633e-08
pedestrian -1 -1 -10 50.698 211.74 103.818 285.11 0.504944526556 0.920898637945 0.919999794671 -13.8182358335 1.87780882702 18.6002064575 0.00753464155925 1.6219e-08
