pedestrian -1 -1 -10 393.79 158.75 416.839 234.402 1.35385135007 0.97189364628 0.700000071824 -4.38085076483 0.656274298461 14.9204649521 0.00753464155925 0.028963
pedestrian -1 -1 -10 381.66 153.33 407.093 231.769 1.35385135007 1.16687198026 0.867999764812 -4.46667516922 0.652745848095 14.6786300912 0.00753464155925 0.013218
pedestrian -1 -1 -10 238.31 227.83 254.933 278.917 0.276969514259 0.901901619431 0.173999733113 -7.88709688951 1.57402629925 15.8234491822 0.00753464155925 0.0065105
pedestrian -1 -1 -10 763.84 132.63 781.378 176.092 1.59182525491 0.734918189055 0.805999509133 5.15490434231 0.765749885419 21.6311915055 0.00753464155925 0.0064661
pedestrian -1 -1 -10 380.37 154.08 393.003 215.434 1.29185815072 1.16587168549 0.722999828272 -4.51264743671 0.609994513996 14.0855689517 0.00753464155925 0.0032815
pedestrian -1 -1 -10 238.32 219.77 270.015 291.964 0.276969514259 0.721921032025 0.147999718184 -7.87477528819 1.5726846079 15.7333636336 0.00753464155925 0.0011942
pedestrian -1 -1 -10 401.62 174.89 434.397 252.951 1.19286901319 0.581936978327 0.903000078347 -4.60134575801 1.01428716162 17.271959525 0.00753464155925 0.001137
pedestrian -1 -1 -10 247.78 224.62 266.311 277.365 1.39684661186 1.13687553355 1.15199959777 -5.10033999208 1.6934707251 10.506741513 0.00753464155925 0.0011092
pedestrian -1 -1 -10 404.88 176.15 424.809 222.125 1.35385135007 0.655927323549 0.603999906661 -4.33275410208 0.656431783416 14.9331020279 0.00753464155925 0.00095238
pedestrian -1 -1 -10 232.23 216.96 249.47 263.65 0.276969514259 0.901901619431 0.173999733113 -7.88709688951 1.57402629925 15.8234491822 0.00753464155925 0.00090783
pedestrian -1 -1 -10 237.0 214.01 255.849 259.697 1.0978794148 0.821910459155 0.489000170746 -8.21242170758 1.46504082474 16.6957099134 0.00753464155925 0.00087194
pedestrian -1 -1 -10 270.07 197.24 293.058 249.619 1.94178673244 1.14287444146 0.517999967319 -3.87474345841 1.36106863666 8.64620497155 0.00753464155925 0.0008549
pedestrian -1 -1 -10 423.77 189.93 437.811 229.854 0.692923849471 0.861905085723 0.542000127819 -3.99202888332 1.37711626798 15.5910663769 0.00753464155925 0.00082372
pedestrian -1 -1 -10 254.57 193.57 281.076 251.625 1.36684996402 1.0798816173 0.900999747081 -5.0964094194 1.68424503031 10.8291706878 0.00753464155925 0.00064902
pedestrian -1 -1 -10 349.38 127.31 373.001 174.384 0.782914032318 0.481947551197 0.799999945845 -4.49051145612 0.799926015716 13.0636830561 0.00753464155925 0.00044929
pedestrian -1 -1 -10 755.9 131.2 772.707 180.544 1.59182525491 0.701922765171 0.643999856269 5.07403111168 0.766053093224 21.648298175 0.00753464155925 0.00043761
pedestrian -1 -1 -10 411.33 182.67 430.057 225.191 1.19186913586 0.581936978327 0.81800006622 -4.55884726317 1.01325634115 17.2716471675 0.00753464155925 0.00034991
pedestrian -1 -1 -10 368.43 151.91 394.948 217.669 1.60282402479 1.16687293383 0.95299977694 -4.27807133131 0.918941840365 13.3489283538 0.00753464155925 0.00030682
pedestrian -1 -1 -10 386.85 180.72 406.858 241.32 0.759916495092 1.00788900091 0.770999910853 -3.46836277344 1.22341955091 11.1102738492 0.00753464155925 0.00029382
pedestrian -1 -1 -10 428.84 187.13 443.829 228.073 1.71381180954 1.07888036896 0.334000008385 -4.27094899546 1.5462502745 18.1610744972 0.00753464155925 0.00026113
pedestrian -1 -1 -10 413.1 182.97 449.165 240.324 0.692923849471 0.861905085723 0.542000127819 -3.99202888332 1.37711626798 15.5910663769 0.00753464155925 0.00020329
pedestrian -1 -1 -10 755.63 127.85 784.343 186.528 1.59182525491 0.734918189055 0.749999770416 5.12690526546 0.765770271382 21.6314021707 0.00753464155925 0.000178
pedestrian -1 -1 -10 246.42 196.77 281.44 279.155 1.36684996402 1.13787487475 0.900999747081 -5.09662789654 1.68381576097 10.8001748821 0.00753464155925 0.00017023
pedestrian -1 -1 -10 277.97 262.46 295.107 311.635 0.615932356933 1.13087614885 0.481999964987 -3.83232971635 0.0380240819195 7.83454497478 0.00753464155925 0.00017017
pedestrian -1 -1 -10 264.78 186.71 297.526 273.275 1.94178673244 1.14287444146 0.517999967319 -3.87474345841 1.36106863666 8.64620497155 0.00753464155925 0.00014998
pedestrian -1 -1 -10 235.17 205.16 264.097 268.819 1.0978794148 1.13587523878 0.537000491745 -8.18960502123 1.46269936597 16.5385514073 0.00753464155925 0.00014808
pedestrian -1 -1 -10 246.75 207.75 266.244 256.838 1.38584781218 1.17187154697 1.02800004008 -5.16074123644 1.6966465947 10.7185975416 0.00753464155925 0.00012665
pedestrian -1 -1 -10 626.08 132.69 645.686 169.667 0.108987976438 0.258970499341 0.233999895945 1.18628329068 -0.978935020133 36.4139814402 0.00753464155925 9.0012e-05
pedestrian -1 -1 -10 381.88 175.19 416.529 250.335 1.35385135007 0.933897702114 0.83700011381 -4.44920570543 0.65660541962 14.9399777648 0.00753464155925 8.9074e-05
pedestrian -1 -1 -10 419.15 190.13 438.624 250.61 1.2538623054 0.447950878974 0.378000143689 -4.21894308228 0.657888964489 15.0354967331 0.00753464155925 7.2158e-05
pedestrian -1 -1 -10 20.637 152.26 72.979 244.389 2.0417758069 1.194868791 1.15399992903 -7.55964474006 1.612215282 9.71713675761 0.00753464155925 5.3081e-05
pedestrian -1 -1 -10 252.51 247.49 290.612 311.053 0.117987051248 0.361960810783 0.576000037302 -5.95765929012 1.739072312 12.5278389035 0.00753464155925 2.2379e-05
pedestrian -1 -1 -10 356.73 146.74 388.74 221.904 1.60282402479 1.169871911 1.12699951005 -4.36505743741 0.919027381261 13.3510823687 0.00753464155925 1.1464e-05
pedestrian -1 -1 -10 267.63 250.03 300.132 323.936 0.615932356933 1.11087883556 0.481999964987 -3.83240505193 0.0378760606863 7.82454660195 0.00753464155925 1.1845e-06
pedestrian -1 -1 -10 5.7172 124.73 89.2822 227.82 1.60682359373 1.1828700216 1.16699945966 -7.65007879039 1.17868337504 9.88003862251 0.00753464155925 7.6832e-07
pedestrian -1 -1 -10 2.1317 132.53 59.8697 206.671 1.6088233782 1.19286915503 1.19199954738 -7.84079245845 1.17839279662 9.85249042982 0.00753464155925 3.5749e-08
