pedestrian -1 -1 -10 725.32 167.17 754.206 261.434 1.66099582951 0.822997908173 1.11300005389 2.51064572922 1.43395710152 12.6510572537 0.00702763010872 0.8763
pedestrian -1 -1 -10 722.8 164.07 743.478 248.563 1.66099582951 0.822997908173 1.02299989979 2.46564676336 1.43395521858 12.6513734907 0.00702763010872 0.13919
pedestrian -1 -1 -10 717.58 157.05 780.545 254.491 1.12699718869 0.377997412313 0.723000061673 3.8673247051 0.641635015352 18.5740005388 0.00702763010872 0.037523
pedestrian -1 -1 -10 691.47 163.64 751.131 250.361 1.15099711764 1.01399741807 1.12899996737 3.2414873978 0.664561414517 18.5994238844 0.00702763010872 0.026051
pedestrian -1 -1 -10 715.16 166.53 735.983 240.904 1.21599698234 0.993997963702 1.18799998361 2.47622602472 1.35804113305 13.9441649721 0.00702763010872 0.02409
pedestrian -1 -1 -10 515.55 162.22 529.909 193.875 0.102999763131 0.252997723074 0.568999776812 -7.31486370618 0.106609248275 67.6793715788 0.00702763010872 0.019066
pedestrian -1 -1 -10 708.77 167.25 729.612 235.25 1.15099711764 1.01399741807 1.06600000256 3.20998819322 0.664560096459 18.5996452499 0.00702763010872 0.0094653
pedestrian -1 -1 -10 728.64 164.69 747.18 226.144 1.64599588136 0.717998626975 0.921999946743 2.5707754524 1.41907806331 12.5981168342 0.00702763010872 0.0079895
pedestrian -1 -1 -10 719.79 165.26 737.24 213.443 1.66099582951 0.712997571293 0.931000129045 2.42003453152 1.43382927708 12.7066955642 0.00702763010872 0.007856
pedestrian -1 -1 -10 347.59 158.91 360.054 200.039 0.306999233723 0.123996426352 0.322999959621 -14.21252847 -0.30671990488 41.1384593452 0.00702763010872 0.0072988
pedestrian -1 -1 -10 351.31 160.4 368.912 201.133 0.884997780919 0.892999336316 0.486000069157 -14.3231015083 0.262766176702 42.6954113778 0.00702763010872 0.0045359
pedestrian -1 -1 -10 734.35 161.77 760.102 239.614 1.12699718869 0.377997412313 0.723000061673 3.8673247051 0.641635015352 18.5740005388 0.00702763010872 0.0039264
pedestrian -1 -1 -10 916.07 195.14 935.702 237.916 1.33499667227 0.151999095688 0.812999738928 5.82635154401 1.22720222993 13.0241675816 0.00702763010872 0.0034667
pedestrian -1 -1 -10 719.05 197.86 747.243 261.148 1.05599729705 1.15499686154 1.17300011688 2.68240611774 1.19750997113 14.1820409831 0.00702763010872 0.0007028
pedestrian -1 -1 -10 553.8 146.68 569.406 188.39 0.0999997496605 0.0 0.0 -3.57731988816 -1.17589105029 71.9338303073 0.0 0.00069041
pedestrian -1 -1 -10 539.16 145.82 569.438 187.482 0.100999764085 0.212996906993 0.616999636471 -4.29776675269 -0.64242341877 66.3974482163 0.00702763010872 0.00067734
pedestrian -1 -1 -10 701.11 165.59 723.348 225.273 1.15099711764 1.01399741807 0.896999850958 3.12549020399 0.664556560713 18.6002390724 0.00702763010872 0.000391
pedestrian -1 -1 -10 1159.0 168.03 1218.77 232.291 0.997997443915 1.13199715523 0.698999416588 11.5798469789 1.17127489297 13.5020015757 0.00702763010872 0.00034837
pedestrian -1 -1 -10 1203.9 145.97 1225.24 214.008 1.61699597156 0.840999419816 0.519000062079 15.0789457918 0.417671230998 16.9126074255 0.00702763010872 0.00034593
pedestrian -1 -1 -10 1180.7 154.05 1224.24 219.907 0.993997505426 1.0819970888 0.859999671049 13.6857929361 1.01407065273 15.8339152522 0.00702763010872 0.0001035
pedestrian -1 -1 -10 692.25 164.7 713.963 217.814 1.26399681044 0.847997464552 0.620999823458 2.98507547048 0.777363201749 18.684355286 0.00702763010872 6.0475e-05
pedestrian -1 -1 -10 748.69 131.26 794.343 220.954 1.54099612701 0.998998065713 0.795000089579 4.15381230853 0.523625487755 16.3636936083 0.00702763010872 4.7472e-05
pedestrian -1 -1 -10 682.58 163.69 695.785 206.33 0.328999171078 0.208999114197 0.537999638965 4.77911975726 -0.0769689012703 35.2598267399 0.00702763010872 3.202e-05
pedestrian -1 -1 -10 1025.9 123.86 1062.36 183.355 1.73699564612 1.10399734691 0.522000321528 15.7543678886 0.289392735844 24.582146104 0.00702763010872 2.2702e-05
pedestrian -1 -1 -10 741.18 142.68 764.13 192.127 1.12699718869 0.377997412313 0.723000061673 3.8673247051 0.641635015352 18.5740005388 0.00702763010872 1.0064e-05
pedestrian -1 -1 -10 734.96 137.23 774.456 221.706 1.12699718869 0.377997412313 0.673000108521 3.89232406435 0.641636061429 18.573824852 0.00702763010872 7.6653e-06
pedestrian -1 -1 -10 724.04 147.96 759.762 215.725 1.62599595051 0.926997741172 1.17999996727 2.54446858452 1.39885490068 12.6967816 0.00702763010872 5.1102e-06
pedestrian -1 -1 -10 1147.7 180.09 1186.76 234.501 1.23999685168 0.819997656232 0.807000173703 11.4961388694 1.09057573344 14.2541554238 0.00702763010872 4.8704e-06
pedestrian -1 -1 -10 745.65 181.29 794.019 252.29 0.527998651505 1.1679973175 1.02099968709 3.65776415661 0.918145409048 14.798668654 0.00702763010872 3.1785e-06
pedestrian -1 -1 -10 91.518 135.18 173.975 230.527 0.812997949362 1.16399714053 1.19399978726 -4.13581445435 0.5871647183 6.27413835427 0.00702763010872 2.57e-06
pedestrian -1 -1 -10 1210.9 116.72 1226.0 186.261 0.548998641491 0.248998022935 0.368999487368 16.9805747139 -0.28552253174 20.1249496195 0.00702763010872 1.5389e-06
pedestrian -1 -1 -10 682.72 160.3 709.28 226.88 0.668998330951 0.461998744616 0.547999868014 4.06802086635 0.462265532728 30.2700207987 0.00702763010872 9.8279e-07
pedestrian -1 -1 -10 757.56 200.62 804.312 256.258 1.50599627781 0.637997948484 0.746999991502 2.9124653013 1.37434960121 12.4817695538 0.00702763010872 3.6798e-07
pedestrian -1 -1 -10 281.88 120.34 323.198 209.9 1.29999676347 0.694997966993 0.810998930179 -15.6505903946 0.20759307814 37.4350054292 0.00702763010872 2.5864e-07
