pedestrian -1 -1 -10 902.84 129.44 992.128 362.43 1.79080342221 1.18087038563 0.849999644437 2.988959516 1.55712197411 6.02911510679 0.00753464155925 0.20497
pedestrian -1 -1 -10 890.43 131.69 944.833 349.28 1.79180323994 1.15887343637 0.675999911324 2.90334109616 1.56089399118 6.2127371199 0.00753464155925 0.057651
pedestrian -1 -1 -10 837.63 82.795 892.685 294.405 1.84379756164 0.861906039293 0.845999458742 3.70895970093 1.22605523906 10.4470931876 0.00753464155925 0.02523
pedestrian -1 -1 -10 850.37 115.16 956.78 330.81 1.78380410207 1.05988382723 0.675999911324 2.90528610175 1.556721295 6.47126055735 0.00753464155925 0.018289
pedestrian -1 -1 -10 941.81 171.54 992.772 362.03 1.79080342221 1.18986970107 0.897999727019 3.02540269948 1.55403759581 5.82235786939 0.00753464155925 0.0092925
pedestrian -1 -1 -10 624.16 152.78 637.801 186.571 0.341962435009 0.257971158141 0.652999916457 2.11039186734 0.554244534968 50.9745559802 0.00753464155925 0.0074092
pedestrian -1 -1 -10 300.16 179.35 312.645 221.047 0.769915417437 0.580935729987 0.163999507293 -8.47366878805 1.4137215736 20.30800855 0.00753464155925 0.0058072
pedestrian -1 -1 -10 26.693 123.06 51.266 189.059 0.102988712428 0.589935522213 0.492999879604 -41.7539761288 -0.494364872845 53.8401675221 0.00753464155925 0.0038905
pedestrian -1 -1 -10 629.32 148.08 642.373 184.844 0.384957696799 0.345962769442 0.603999668242 2.83372108651 -0.75769858623 58.9199432389 0.00753464155925 0.0027003
pedestrian -1 -1 -10 65.701 164.0 90.374 225.17 0.380958180009 0.165982182036 0.163001964263 -35.0589382404 0.544402989421 47.8845873784 0.00753464155925 0.0012119
pedestrian -1 -1 -10 41.9 124.72 59.395 180.67 1.50383484257 0.724920962767 0.45699868518 -17.4340229897 0.484074197653 23.1450980005 0.00753464155925 0.00069534
pedestrian -1 -1 -10 294.83 177.74 317.422 232.239 0.769915417437 0.580935729987 0.163999507293 -8.47366878805 1.4137215736 20.30800855 0.00753464155925 0.0003641
pedestrian -1 -1 -10 186.8 110.29 223.197 206.475 0.111987668041 0.87090297081 0.67300012968 -31.0005440355 -1.1933610167 56.1843920045 0.00753464155925 0.00029666
pedestrian -1 -1 -10 895.66 138.87 971.942 263.89 1.79080342221 1.18686977033 0.815999734954 2.97320311185 1.5595767652 6.19422045351 0.00753464155925 0.00029629
pedestrian -1 -1 -10 960.95 299.83 990.736 359.087 1.79080342221 1.18687024711 1.05799976387 3.09274568815 1.5566317865 6.0003366159 0.00753464155925 0.00019637
pedestrian -1 -1 -10 877.49 205.14 924.077 331.91 1.79180323994 1.15887295959 0.614999821278 2.87441646613 1.56400991605 6.42193764177 0.00753464155925 9.2593e-05
pedestrian -1 -1 -10 836.41 101.2 873.329 177.612 1.48383707237 0.861906039293 0.845999458742 3.70884871257 0.866094749791 10.4497585467 0.00753464155925 8.7206e-05
pedestrian -1 -1 -10 49.099 127.62 67.321 181.649 1.50383484257 0.724920962767 0.45699868518 -17.4340229897 0.484074197653 23.1450980005 0.00753464155925 7.3254e-05
pedestrian -1 -1 -10 848.45 137.2 907.843 298.54 2.05377442432 0.861906039293 0.830999596848 3.71652416279 1.43602664124 10.4454819675 0.00753464155925 5.7312e-05
pedestrian -1 -1 -10 858.6 175.14 883.172 247.218 2.05377442432 0.861906039293 0.845999458742 3.70902444412 1.43603210174 10.4455383954 0.00753464155925 3.9035e-05
pedestrian -1 -1 -10 370.72 153.98 387.238 199.119 0.367959603309 0.462946718405 0.866998407086 -17.0733902561 0.619806305462 53.9952214626 0.00753464155925 1.7832e-05
pedestrian -1 -1 -10 39.473 124.28 73.84 183.611 1.50383484257 0.724920962767 0.45699868518 -17.4340229897 0.484074197653 23.1450980005 0.00753464155925 1.6774e-05
pedestrian -1 -1 -10 871.12 160.64 914.613 309.55 1.78380410207 1.18786958831 0.664999758288 2.90172235492 1.56052954256 6.7282666999 0.00753464155925 1.6392e-05
pedestrian -1 -1 -10 854.26 149.58 888.244 272.34 2.05377442432 0.861906039293 0.845999458742 3.70902444412 1.43603210174 10.4455383954 0.00753464155925 7.9954e-06
pedestrian -1 -1 -10 834.46 99.389 857.798 201.789 1.48283719504 0.861906039293 0.733999742889 3.65285074796 0.866135521805 10.4501724744 0.00753464155925 1.2846e-06
pedestrian -1 -1 -10 893.42 93.983 948.01 234.313 0.378958432789 0.204975560264 1.08399930196 21.1610055209 -0.109808541222 48.3252723487 0.00753464155925 9.2218e-07
