pedestrian -1 -1 -10 1150.7 192.06 1176.36 242.783 1.96478420914 0.637930599807 1.19499932902 8.87838628904 1.25614728744 11.7497778661 0.00753464155925 0.011122
pedestrian -1 -1 -10 581.44 168.04 592.371 199.41 0.0999890208244 0.0369946958261 0.231999922306 -1.13500717708 0.31730258126 36.3912122565 0.00753464155925 0.0032266
pedestrian -1 -1 -10 590.16 168.19 601.271 200.58 0.106988221768 0.239973480828 0.781999765865 -0.551785283407 0.959957406521 26.1224396563 0.00753464155925 0.0016484
pedestrian -1 -1 -10 571.8 169.49 600.537 203.013 0.56193830943 0.339962907958 1.14899963731 -0.735693401813 1.12733247804 26.0747080261 0.00753464155925 0.00054421
pedestrian -1 -1 -10 1164.3 194.89 1186.11 242.17 1.94278666937 0.620931310125 1.19399987864 9.06983983647 1.23394371195 11.7440006536 0.00753464155925 0.00047926
pedestrian -1 -1 -10 583.31 168.57 606.17 206.857 0.107988099103 0.253971886198 0.821999715474 -0.571837736411 0.959868350992 26.1155985316 0.00753464155925 0.00047401
pedestrian -1 -1 -10 1141.0 195.19 1170.18 248.016 1.96478420914 0.637930599807 1.19499932902 8.76038963453 1.25623320012 11.7506656736 0.00753464155925 0.0004179
pedestrian -1 -1 -10 589.86 168.14 612.114 213.913 0.528941917837 0.224977641397 0.55899981434 -0.252651543761 0.597803500689 38.4888764341 0.00753464155925 0.00015046
pedestrian -1 -1 -10 1121.9 192.26 1149.53 254.462 1.96178451753 0.648929074434 0.986999686423 8.5504358756 1.25346781543 11.7577669642 0.00753464155925 4.9513e-05
pedestrian -1 -1 -10 578.73 163.23 599.713 220.499 0.0999890208244 0.0369946958261 0.231999922306 -1.13500717708 0.31730258126 36.3912122565 0.00753464155925 3.22e-05
pedestrian -1 -1 -10 683.9 166.85 703.754 222.433 2.24575343537 0.738917460998 0.728999749188 1.99116798973 1.52695115876 16.7849299676 0.00753464155925 2.9379e-05
pedestrian -1 -1 -10 579.45 166.48 622.936 218.301 0.528941917837 0.224977641397 0.55899981434 -0.252651543761 0.597803500689 38.4888764341 0.00753464155925 8.6879e-06
