pedestrian -1 -1 -10 981.23 154.1 1080.59 310.01 1.68099249303 0.654999289093 0.979995862311 5.196685504 1.43220700719 8.51520225572 0.00692802392802 0.99874
pedestrian -1 -1 -10 669.3 147.1 721.698 299.18 1.84699178189 0.770999385958 0.864996761438 1.33001455665 1.43518392138 9.11491162379 0.00692802392802 0.99779
pedestrian -1 -1 -10 775.07 149.3 840.199 289.01 1.84199180901 1.18899932394 0.954996337655 2.82608828183 1.41989159814 10.134557369 0.00692802392802 0.99159
pedestrian -1 -1 -10 702.79 149.17 769.023 292.26 1.84699178189 1.19299903131 1.19199555548 1.76306831102 1.43373453278 9.33791556845 0.00692802392802 0.97988
pedestrian -1 -1 -10 393.54 161.62 405.522 198.294 1.28299423307 0.588000852746 0.912996678471 -10.9002613987 0.773556913539 38.2744215444 0.00692802392802 0.95773
pedestrian -1 -1 -10 748.03 156.32 817.237 291.45 1.84199180901 1.15599935393 1.19499556519 2.465219675 1.4213592586 9.72154880636 0.00692802392802 0.87964
pedestrian -1 -1 -10 373.92 160.19 384.702 204.309 1.49799330533 0.374000295865 0.77999680405 -11.463895543 0.73120729632 36.4411069823 0.00692802392802 0.74163
pedestrian -1 -1 -10 375.21 159.35 394.555 217.039 2.36898946315 0.8689988923 1.01799630327 -7.09850851756 1.14796731455 23.5020220204 0.00692802392802 0.69575
pedestrian -1 -1 -10 365.87 160.27 376.584 199.621 1.49799330533 0.374000295865 0.686996741282 -11.5103944574 0.731335164263 36.4414292818 0.00692802392802 0.67226
pedestrian -1 -1 -10 734.67 162.29 788.011 288.37 1.80199198127 0.786999169122 1.16799571617 2.08827833246 1.43264936812 9.50269131243 0.00692802392802 0.5059
pedestrian -1 -1 -10 368.4 158.17 386.607 213.57 1.49799330533 0.374000295865 0.77999680405 -11.463895543 0.73120729632 36.4411069823 0.00692802392802 0.39557
pedestrian -1 -1 -10 306.46 160.45 317.604 195.78 1.59499287456 0.377002460578 0.564998412465 -13.7067537928 0.674188850138 33.1219395467 0.00692802392802 0.37396
pedestrian -1 -1 -10 1023.2 175.28 1071.19 306.46 1.68099249303 0.654999289093 0.979995862311 5.196685504 1.43220700719 8.51520225572 0.00692802392802 0.31257
pedestrian -1 -1 -10 794.08 152.2 831.196 272.83 1.84099176675 1.17699924815 1.13199571879 3.03364120148 1.41814577793 10.2861220953 0.00692802392802 0.22919
pedestrian -1 -1 -10 194.23 161.51 214.181 197.216 1.23799447715 1.09299967129 0.546996923665 -17.5551757133 0.514348836426 31.7705903289 0.00692802392802 0.21889
pedestrian -1 -1 -10 740.8 155.16 762.798 290.8 1.80199198127 1.05299878287 1.18999558874 2.01879988319 1.43275463264 9.57817492763 0.00692802392802 0.20784
pedestrian -1 -1 -10 309.75 161.75 329.669 198.97 1.15299481899 0.33400322214 0.546997877335 -12.8944101765 0.668830217284 33.2270653745 0.00692802392802 0.19448
pedestrian -1 -1 -10 781.83 149.78 817.771 276.32 1.84199180901 1.19399943499 1.07399584884 2.76648949902 1.42007207673 10.1204699884 0.00692802392802 0.14674
pedestrian -1 -1 -10 182.72 161.14 193.729 198.003 1.66899254471 1.16000096865 0.795996537977 -17.7385592992 0.500883856134 30.8690721266 0.00692802392802 0.13117
pedestrian -1 -1 -10 293.03 159.37 319.661 199.569 1.59499287456 0.377002460578 0.564998412465 -13.7067537928 0.674188850138 33.1219395467 0.00692802392802 0.096488
pedestrian -1 -1 -10 801.73 162.22 848.118 277.82 0.568997438252 0.260999502692 0.58399791769 8.16379317187 1.35393212324 25.2096130032 0.00692802392802 0.085561
pedestrian -1 -1 -10 784.29 157.12 804.856 249.794 1.84199180901 1.18599906657 1.09099598337 2.71274164282 1.42026105988 10.0848419175 0.00692802392802 0.051351
pedestrian -1 -1 -10 687.11 159.92 726.401 275.69 1.84699178189 0.8329996186 1.01699614108 1.40622718873 1.4349388813 9.1453842296 0.00692802392802 0.037872
pedestrian -1 -1 -10 192.72 159.61 231.228 198.452 1.00199559033 1.12899894499 0.152999303411 -18.0855026539 -0.62977200257 32.2770832612 0.00692802392802 0.03743
pedestrian -1 -1 -10 804.1 163.71 829.047 240.837 1.85099171251 0.919999452831 0.937996441544 3.1323254018 1.42759812956 10.5269494356 0.00692802392802 0.034904
pedestrian -1 -1 -10 661.73 153.19 711.756 249.864 1.83399182856 0.711999410682 0.762997146358 1.27879367328 1.42235851766 9.08575839694 0.00692802392802 0.03137
pedestrian -1 -1 -10 201.71 164.19 219.43 198.021 1.43299362808 1.17499844079 0.299998110555 -18.1165666711 -0.198660597046 32.2545489055 0.00692802392802 0.030143
pedestrian -1 -1 -10 358.7 158.89 380.468 206.567 1.49799330533 0.374000295865 0.686996741282 -11.5103944574 0.731335164263 36.4414292818 0.00692802392802 0.029889
pedestrian -1 -1 -10 706.97 155.12 730.156 273.95 1.84699178189 1.06299900497 1.19399558182 1.531839141 1.43440928631 9.30551758137 0.00692802392802 0.02894
pedestrian -1 -1 -10 211.88 162.4 226.64 196.249 1.00999546647 1.00199822234 0.337998074675 -18.2057948326 0.0525252355677 34.0582494441 0.00692802392802 0.027982
pedestrian -1 -1 -10 771.42 159.11 804.742 276.03 1.84199180901 1.16899983341 1.1249958948 2.56663369124 1.42084644488 9.92535084414 0.00692802392802 0.025412
pedestrian -1 -1 -10 692.38 149.86 708.504 214.177 1.79499196857 0.932999932302 0.95799634737 1.37700269638 1.38296203885 9.19555791383 0.00692802392802 0.021466
pedestrian -1 -1 -10 288.88 158.71 308.581 198.033 0.10099953562 0.102001121062 0.153998750342 -22.693805766 -0.85060977045 52.8642840965 0.006928023928 0.014417
pedestrian -1 -1 -10 797.93 155.53 821.971 227.469 1.84099176675 1.19299903131 1.1909955125 3.00367784027 1.41830481781 10.2193283051 0.00692802392802 0.012272
pedestrian -1 -1 -10 788.35 151.08 809.854 226.96 1.84199180901 1.18699947025 1.03299611343 2.74186904749 1.42015979952 10.1031403088 0.00692802392802 0.0094744
pedestrian -1 -1 -10 1049.2 203.18 1069.5 259.506 1.7749920547 0.617999611713 0.739996992398 5.31693984071 1.52585507385 8.53292367756 0.00692802392802 0.0081899
pedestrian -1 -1 -10 675.53 147.77 694.467 200.078 0.363998371363 0.0719985473996 1.05699619115 6.15220543462 -0.859373281699 50.4252163331 0.00692802392802 0.0081778
pedestrian -1 -1 -10 995.06 159.09 1045.42 227.341 1.68099249303 0.654999289093 0.979995862311 5.196685504 1.43220700719 8.51520225572 0.00692802392802 0.0074896
pedestrian -1 -1 -10 759.27 171.55 791.251 272.42 1.84299173206 1.16999928341 1.1979954557 2.36951581737 1.42265668029 9.6922123099 0.00692802392802 0.0068209
pedestrian -1 -1 -10 695.9 149.15 720.033 225.461 0.395998233557 0.235999901103 0.428998289911 6.16911814572 0.559479452493 41.7765195504 0.00692802392802 0.0065282
pedestrian -1 -1 -10 747.72 151.73 769.798 216.074 1.38399383724 0.56299934381 0.706997123944 6.88048125698 -0.0783715373744 29.4344696934 0.00692802392802 0.0062933
pedestrian -1 -1 -10 676.82 148.08 706.889 229.174 1.83399182856 0.81499998175 0.833996859724 1.31464946959 1.42220100457 9.1370113911 0.00692802392802 0.005266
pedestrian -1 -1 -10 482.67 164.99 494.111 195.325 0.0999995529652 0.221999971626 0.460997757765 -9.26744570719 -0.216329005356 61.339213532 0.00692802392802 0.0051526
pedestrian -1 -1 -10 810.1 167.12 843.626 226.684 0.923995810747 1.03799940338 0.922996392966 8.36050484605 1.22204792404 25.5063977681 0.00692802392802 0.0046449
pedestrian -1 -1 -10 1003.9 155.06 1026.25 223.286 1.67399255484 0.581999384339 0.867996294318 5.14042454229 1.42540350862 8.47908731952 0.00692802392802 0.0043064
pedestrian -1 -1 -10 676.61 169.0 704.549 261.915 1.83399182856 0.711999410682 0.799996948294 1.29729312987 1.42230764578 9.08563017104 0.00692802392802 0.0041068
pedestrian -1 -1 -10 1003.5 156.27 1056.19 274.4 1.68099249303 0.654999289093 0.979995862311 5.196685504 1.43220700719 8.51520225572 0.00692802392802 0.0036746
pedestrian -1 -1 -10 218.75 157.52 233.069 197.412 2.00799095631 1.0859977992 0.386997677057 -18.2743656615 0.296946622844 34.7264441868 0.00692802392802 0.0036307
pedestrian -1 -1 -10 711.5 163.94 750.899 280.56 1.84699178189 1.17899910184 1.19399552222 1.70101451097 1.43391432717 9.33034512343 0.00692802392802 0.0033986
pedestrian -1 -1 -10 402.91 162.29 412.814 193.863 0.0999995529652 0.129997165322 0.223999135986 -14.8738052351 -0.201308118157 55.6049313657 0.00692802392802 0.0033054
pedestrian -1 -1 -10 808.2 158.06 831.082 211.036 1.7989919439 0.762999971213 0.865996685204 3.16893996251 1.42740784158 10.6052275127 0.00692802392802 0.0032594
pedestrian -1 -1 -10 174.68 158.18 192.27 199.338 2.05999082923 1.15700071129 0.71299666654 -17.7821250097 0.501254412096 30.6486415861 0.00692802392802 0.0027466
pedestrian -1 -1 -10 783.17 147.81 804.002 199.868 1.65499260873 1.19799914237 1.18999558874 2.79125624839 1.23283475841 10.268193752 0.00692802392802 0.0026498
pedestrian -1 -1 -10 734.15 149.14 775.896 239.298 1.1209950462 0.693999773832 0.813996596271 6.84231868932 1.156839018 31.9708843386 0.00692802392802 0.0025463
pedestrian -1 -1 -10 800.19 148.7 825.096 197.796 1.73099224418 0.878999114405 0.913996602237 3.14430158799 1.30754182195 10.5472973055 0.00692802392802 0.0018164
pedestrian -1 -1 -10 348.96 158.41 359.415 191.481 0.0999995529652 0.0 0.0 -24.3627599437 -0.519500141682 70.7806755038 0.0 0.0017223
pedestrian -1 -1 -10 703.53 147.38 718.7 199.164 0.0999995529652 0.0949973416283 0.140999264548 7.48962042203 -0.498421903219 48.1199679318 0.00692802392802 0.0014058
pedestrian -1 -1 -10 446.46 165.34 458.124 200.515 1.37299386412 0.311000613216 0.77499718522 -6.99609471949 1.03932763675 33.4340114886 0.00692802392802 0.0012034
pedestrian -1 -1 -10 163.04 151.46 179.581 196.279 2.03299093992 1.18699947025 0.200000011931 -18.0405712891 0.47594204194 29.7963972357 0.00692802392802 0.00093318
pedestrian -1 -1 -10 773.36 159.54 791.548 233.293 1.84199180901 1.12499923761 1.18999546953 2.47924233989 1.42123433017 9.79695386133 0.00692802392802 0.00082852
pedestrian -1 -1 -10 698.61 182.41 720.687 268.963 1.84699178189 1.000999726 1.0899959404 1.44330816136 1.43474082157 9.22912928051 0.00692802392802 0.00071459
pedestrian -1 -1 -10 684.41 145.23 702.831 209.182 1.58899291903 0.770999385958 0.847996746118 1.32115899322 1.17720843223 9.11482297577 0.00692802392802 0.00070522
pedestrian -1 -1 -10 1042.0 187.13 1087.87 303.32 1.03599541783 0.197999820044 1.00099664557 11.8147103866 1.58989836903 18.1846488429 0.00692802392802 0.00062508
pedestrian -1 -1 -10 179.52 156.8 215.46 206.112 1.41299373656 1.09799882866 0.385998230126 -18.1649523225 -0.197633483241 31.473377807 0.00692802392802 0.00056989
pedestrian -1 -1 -10 821.3 169.01 841.018 218.825 0.923995810747 0.784999315435 0.969996147815 8.44587872329 1.22166844597 25.632309096 0.00692802392802 0.00055881
pedestrian -1 -1 -10 818.98 159.21 835.699 202.981 1.97299114615 0.38199971061 1.12999587126 11.6664264054 0.659823364897 36.0844918577 0.00692802392802 0.0005376
pedestrian -1 -1 -10 734.13 148.48 750.919 206.997 1.66899255961 1.17799869816 1.19699553193 1.85262115244 1.30045934494 9.36274409116 0.00692802392802 0.00051096
pedestrian -1 -1 -10 18.184 163.14 54.082 212.949 0.434998063743 0.241000965829 0.355997656134 -16.9208953256 0.478195536562 21.6363707854 0.00692802392803 0.00050539
pedestrian -1 -1 -10 687.57 188.15 713.576 260.069 1.84699178189 0.792999683854 0.937996441544 1.36658972864 1.43507075944 9.12565852226 0.00692802392802 0.00043351
pedestrian -1 -1 -10 667.68 153.1 689.154 210.747 0.340998472273 0.201999527416 1.12899594749 5.64673581876 -0.261955044525 50.4064251888 0.00692802392802 0.0004324
pedestrian -1 -1 -10 1038.9 186.25 1065.0 302.81 1.7749920547 0.617999611713 0.775996632151 5.2989404532 1.52590457059 8.53304843731 0.00692802392802 0.00033681
pedestrian -1 -1 -10 788.52 142.9 820.015 203.227 1.65499260873 1.19699969236 1.02699633241 2.83418354576 1.23281108691 10.185393825 0.00692802392802 0.00033239
pedestrian -1 -1 -10 668.15 158.92 696.635 286.91 1.83399182856 0.702999592257 0.697997333214 1.24626337216 1.42245312073 9.081483858 0.00692802392802 0.00020902
pedestrian -1 -1 -10 711.76 146.06 752.243 229.9 1.83399182856 1.19199958131 1.19699553193 1.72194986299 1.42078182641 9.39569424234 0.00692802392802 0.00016789
pedestrian -1 -1 -10 1045.2 198.15 1079.13 269.743 1.7749920547 0.617999611713 0.713997067141 5.32993949107 1.52581932595 8.53283357264 0.00692802392802 7.4444e-05
pedestrian -1 -1 -10 821.6 176.22 852.438 255.105 1.0729951933 0.96000034125 0.970996071581 8.4444376559 1.3708616765 25.4669021785 0.00692802392802 7.3631e-05
pedestrian -1 -1 -10 345.14 155.99 366.226 199.998 0.100999595225 0.0410003384259 0.321997387078 -21.2867619707 -1.2850873807 62.1267603869 0.00692802392802 7.1826e-05
pedestrian -1 -1 -10 739.39 140.91 755.372 187.849 0.349998435378 0.0950011563229 0.0210007832628 10.0464803876 -0.847996339784 47.7006927617 0.00692802392802 6.1004e-05
pedestrian -1 -1 -10 753.82 139.97 788.065 236.922 1.78399198055 1.18899932394 1.19599548896 2.34105533504 1.36363258715 9.78187730973 0.00692802392802 5.3891e-05
pedestrian -1 -1 -10 734.87 193.42 758.252 291.748 1.80199198127 1.06399940865 1.19299559845 1.85417402152 1.43355909844 9.27180846379 0.00692802392802 5.176e-05
pedestrian -1 -1 -10 726.42 146.72 758.92 261.89 1.80199198127 1.19399848132 1.19899561788 1.86509515601 1.43337692307 9.40473624433 0.00692802392802 4.0373e-05
pedestrian -1 -1 -10 758.88 157.72 779.55 236.418 1.85199175477 1.12199898025 1.1979954557 2.27036472808 1.43195684847 9.66890406468 0.00692802392802 1.6805e-05
pedestrian -1 -1 -10 85.451 164.93 122.741 198.465 2.02099102885 1.19199862763 0.786995793577 -18.0717848225 0.587820745764 25.6071473542 0.00692802392802 8.4891e-06
pedestrian -1 -1 -10 983.12 163.16 1020.0 262.367 0.96799570322 0.208000042148 0.403998765255 10.3004847159 1.62405352783 18.2032194396 0.00692802392802 2.8354e-06
pedestrian -1 -1 -10 23.829 167.93 72.04 218.956 0.420998127758 0.139999294774 0.211999097123 -16.0094803479 0.443760474838 20.6935008152 0.00692802392802 1.318e-06
pedestrian -1 -1 -10 12.969 143.75 78.931 224.059 1.87699161917 1.11599846551 0.615998816049 -18.1108930119 0.524003481149 22.9193617679 0.00692802392802 1.139e-06
pedestrian -1 -1 -10 77.238 146.82 135.658 196.632 2.03199095726 1.17399899078 0.786995793577 -18.0699322607 0.591509056122 25.8751396278 0.00692802392802 6.6046e-07
pedestrian -1 -1 -10 802.48 132.82 827.772 173.119 1.4439934969 0.394000740074 1.08999605961 11.0340031205 -0.0382329532461 35.9093638686 0.00692802392802 6.2805e-07
pedestrian -1 -1 -10 1113.4 187.3 1159.21 241.929 0.774996607005 0.278999139542 1.08499501027 16.7732948244 1.72981828296 22.0372058538 0.00692802392802 1.4096e-08
