pedestrian -1 -1 -10 282.9 178.66 300.718 222.752 0.0999890208244 0.115984607762 0.210000927537 -29.8070856821 2.35779378803 69.3870664262 0.00753464155925 0.0003604
pedestrian -1 -1 -10 24.842 188.39 40.712 241.392 1.08988033652 0.62893080758 1.14500010726 -19.9484434761 1.94620868134 25.1966162418 0.00753464155925 0.00022252
pedestrian -1 -1 -10 266.74 148.1 286.769 199.946 0.102988712428 0.597934066099 1.10699810474 -30.0559887321 -1.28311982939 65.9653851149 0.00753464155925 0.00012421
pedestrian -1 -1 -10 11.527 188.14 36.182 254.204 0.295967481615 0.198977605919 0.515998682378 -20.2615603216 1.15570734376 25.4198315761 0.00753464155926 5.8936e-05
pedestrian -1 -1 -10 272.56 163.78 291.764 212.676 0.101988805294 0.62792955924 0.972999274907 -29.5336100721 1.29969635733 66.4282788892 0.00753464155925 4.5316e-05
pedestrian -1 -1 -10 35.202 168.02 132.105 249.938 2.42473380267 1.12787478775 0.288999469029 -22.4268973499 1.92345256648 30.9277962977 0.00753464155925 1.7186e-05
pedestrian -1 -1 -10 260.74 148.72 297.296 214.017 0.101988775495 0.207977398146 0.0930003835187 -22.202500004 1.23511958454 49.5416724839 0.00753464155925 1.2762e-05
pedestrian -1 -1 -10 524.91 181.49 534.624 218.038 0.598934247612 0.1429820773 0.202000079309 -4.29659714536 1.40900998525 40.8951837611 0.00753464155925 8.9016e-06
pedestrian -1 -1 -10 61.529 161.1 154.963 239.571 2.04777521991 1.09987797701 0.642999452218 -23.1232156905 1.55295016754 33.4310827819 0.00753464155925 6.3145e-06
pedestrian -1 -1 -10 102.16 155.05 188.963 247.482 0.538940802934 0.632931986663 0.746000061557 -18.8133909688 1.1201129635 30.2369119786 0.00753464155925 2.3689e-06
pedestrian -1 -1 -10 78.242 180.45 138.619 251.28 1.82279978002 1.09187943312 0.570998970718 -23.0473576013 1.53357256705 33.1370907403 0.00753464155925 3.5584e-07
pedestrian -1 -1 -10 146.24 182.18 196.508 271.416 0.293967726945 0.210977328888 0.264999308529 -8.26398854723 0.933908531112 13.576080123 0.00753464155925 1.5993e-07
pedestrian -1 -1 -10 118.91 181.29 139.052 243.636 0.110987790706 0.106987676245 0.654999532468 -7.94427839142 0.581765020435 12.3653624224 0.00753464155925 6.7963e-09
