pedestrian -1 -1 -10 1032.8 252.84 1046.82 283.98 0.547939788347 0.646928484893 1.19099962016 5.70498931912 1.50376026515 9.75575864115 0.00753464155925 0.00098248
pedestrian -1 -1 -10 946.3 164.65 962.088 209.941 1.91578968334 1.19186886025 1.12099899309 10.6070489565 1.00516639794 21.9545143227 0.00753464155925 0.00038948
pedestrian -1 -1 -10 951.01 161.17 968.596 209.13 1.89479202091 1.1718705934 1.13199962296 10.5984219923 0.988028613878 21.5396213402 0.00753464155925 0.00014267
pedestrian -1 -1 -10 743.26 150.79 761.266 199.038 2.06677312767 0.881904306147 0.495999899667 2.80386200489 1.42080722891 12.6889888092 0.00753464155925 0.00013556
pedestrian -1 -1 -10 327.8 304.24 350.312 348.15 0.807911232954 0.755917227464 0.999999693888 -2.43002492851 1.60204656609 6.39855163126 0.00753464155925 3.5308e-05
pedestrian -1 -1 -10 738.43 151.6 769.693 217.484 2.19075946677 0.881904306147 0.591999826411 2.85189883898 1.5447586205 12.6877095997 0.00753464155925 3.1641e-05
pedestrian -1 -1 -10 702.47 165.88 722.387 210.824 0.360960365117 0.8279084135 0.77499985813 7.94794147497 0.604578592104 54.2114215285 0.00753464155925 2.1892e-05
pedestrian -1 -1 -10 221.28 216.12 311.387 280.323 1.02988686205 0.138984712497 0.696999813343 -6.95597011513 1.54425721363 15.4108905962 0.00753464155925 4.5376e-08
pedestrian -1 -1 -10 182.99 232.08 298.76 315.148 2.32374482107 1.194868791 0.964999380352 -6.17438576897 1.80618101221 11.9342218832 0.00753464155925 4.3399e-08
pedestrian -1 -1 -10 188.28 253.45 271.197 328.377 0.823909568306 0.604933745569 0.739999783014 -3.28100765191 1.62962625459 6.40217331998 0.00753464155925 4.2804e-08
