pedestrian -1 -1 -10 654.07 181.96 663.699 206.744 1.0978794297 0.162984158434 0.337999955662 2.9660333515 1.64738430688 40.819622905 0.00753464155925 0.020581
pedestrian -1 -1 -10 825.93 210.26 847.756 284.247 1.52683234906 0.857905813781 0.663999831074 3.52903403778 1.45089655438 10.154734589 0.00753464155925 0.0054047
pedestrian -1 -1 -10 813.86 191.0 849.692 279.849 1.70481277943 0.522942472536 1.13099969575 3.59465381473 1.67748154621 11.8849417887 0.00753464155925 0.00031903
pedestrian -1 -1 -10 796.94 212.84 824.525 263.2 1.78180432505 0.795912330817 1.1779996127 3.34616553286 1.67968373871 12.0238701202 0.00753464155925 0.00015513
pedestrian -1 -1 -10 1219.3 78.754 1241.48 152.381 1.559828763 1.14487455422 0.850999571652 4.50960318525 1.00612998501 5.42002163093 0.00753464155925 8.8112e-05
pedestrian -1 -1 -10 794.18 201.56 854.446 293.923 1.78180432505 0.522942472536 1.1629997508 3.48663312541 1.67756017815 11.886324449 0.00753464155925 4.9804e-05
pedestrian -1 -1 -10 790.21 212.29 813.297 264.366 1.78180432505 0.639930235778 1.18099963276 3.1360839425 1.67868168182 11.9474575202 0.00753464155925 3.4586e-05
pedestrian -1 -1 -10 844.26 167.97 881.382 224.337 1.52683234906 0.857905813781 1.03599969622 3.71502870579 1.45076113275 10.1533351641 0.00753464155925 1.3283e-05
pedestrian -1 -1 -10 810.89 156.12 885.758 273.3 1.52683234906 0.857905813781 0.663999831074 3.52903403778 1.45089655438 10.154734589 0.00753464155925 7.4504e-06
pedestrian -1 -1 -10 786.06 158.13 836.942 279.16 1.78180432505 0.686925018601 1.18099963276 3.30525606047 1.67890649552 11.9696827248 0.00753464155925 2.5505e-06
pedestrian -1 -1 -10 798.55 168.17 847.713 253.386 1.78180432505 0.522942472536 1.18399965282 3.52313205825 1.67753360349 11.8860498308 0.00753464155925 2.4663e-06
pedestrian -1 -1 -10 673.13 170.69 683.788 214.569 1.20786732966 0.843907408411 0.932999563717 3.16471874908 1.51344353265 30.0959430209 0.00753464155925 2.0737e-06
pedestrian -1 -1 -10 1010.9 165.01 1056.25 253.52 1.43184275067 0.911900276073 1.19099962016 4.24681315076 1.43066592477 7.12950577969 0.00753464155925 1.0066e-06
pedestrian -1 -1 -10 866.49 140.97 937.487 209.082 0.561938279631 0.846907339153 0.884999004298 10.3411789226 0.126240976599 24.9164161097 0.00753464155925 9.3162e-07
pedestrian -1 -1 -10 760.75 152.66 812.61 221.491 1.78180432505 0.802912487072 1.01299970135 3.01770127048 1.67997472636 12.0298416643 0.00753464155925 4.9255e-07
pedestrian -1 -1 -10 982.51 167.45 1033.69 263.998 0.437951910734 0.638929941007 0.171999878684 4.38353319715 0.64721752089 8.11635263809 0.00753464155925 1.6384e-07
