pedestrian -1 -1 -10 792.25 164.17 802.079 195.296 1.21586648989 0.402955732122 0.385000111029 9.22757636025 0.978775865554 34.3593287274 0.00753464155925 0.02028
pedestrian -1 -1 -10 1091.9 144.11 1129.21 219.123 1.36485011995 1.18287097517 0.67100027525 8.75890497396 1.1188746397 12.6008871112 0.00753464155925 0.010309
pedestrian -1 -1 -10 1196.4 153.9 1209.95 195.997 1.75780697846 1.15087393892 1.01699988705 12.3977863055 0.912131058966 15.0027726311 0.00753464155925 0.0045834
pedestrian -1 -1 -10 1076.3 145.65 1116.69 234.936 1.36485011995 1.12887698966 0.67100027525 8.75914605428 1.11934832035 12.6328827624 0.00753464155925 0.0035982
pedestrian -1 -1 -10 4.8188 207.11 18.8268 254.35 0.862905261158 0.829909003041 0.698999190935 -20.5916955298 2.11288351471 24.7397536573 0.00753464155925 0.0015753
pedestrian -1 -1 -10 768.12 170.06 781.546 203.322 0.101988805294 0.0709951823292 0.133000333127 8.24015002048 0.750004661669 35.2050271368 0.00753464155925 0.0014642
pedestrian -1 -1 -10 1109.2 154.21 1149.8 216.242 0.36396004182 0.484947481939 0.167999216151 13.6419105781 0.183683833044 19.0714278189 0.00753464155925 0.00066036
pedestrian -1 -1 -10 786.31 165.22 796.504 198.439 0.334963219166 0.210975421748 0.334999935599 12.2600013382 0.501415694192 47.9649060919 0.00753464155925 0.00026091
pedestrian -1 -1 -10 1045.9 136.15 1136.83 252.54 1.30885627401 1.17787045488 0.67100027525 8.75980305922 1.06467929656 12.7227849799 0.00753464155925 0.0002329
pedestrian -1 -1 -10 778.61 167.65 796.419 206.754 0.334963219166 0.210975421748 0.334999935599 12.2600013382 0.501415694192 47.9649060919 0.00753464155925 0.0002155
pedestrian -1 -1 -10 1094.2 130.81 1150.2 228.005 0.817910196274 0.276970083794 0.227998663727 18.0375573898 0.322718802602 24.8644125031 0.00753464155925 0.00020443
pedestrian -1 -1 -10 1062.6 140.79 1102.37 230.035 1.64381953191 1.09687995341 0.944999405548 12.575545086 0.735680366619 19.2347850408 0.00753464155925 0.00018987
pedestrian -1 -1 -10 1074.9 141.47 1172.79 262.64 1.42384365749 0.572937186101 0.9459998096 12.3296926525 0.54665161055 17.6015831807 0.00753464155925 0.00010353
pedestrian -1 -1 -10 1102.9 171.97 1137.37 242.709 1.36485011995 1.05788466804 0.67100027525 8.755465819 1.11211730206 12.1444500206 0.00753464155925 6.0365e-05
pedestrian -1 -1 -10 1116.1 150.3 1161.6 240.265 0.36396004182 0.484947481939 0.167999216151 13.6419105781 0.183683833044 19.0714278189 0.00753464155925 3.1226e-05
pedestrian -1 -1 -10 1192.7 136.27 1220.77 192.156 0.635930155994 0.155983048609 0.0620002556792 14.0487146773 0.42740988121 16.773950759 0.00753464155925 2.454e-05
pedestrian -1 -1 -10 87.916 185.64 122.21 243.957 1.02088790643 0.18497920055 0.623000907925 -21.129777951 2.28068114108 30.0387237521 0.00753464155924 1.2272e-05
pedestrian -1 -1 -10 1058.0 165.95 1095.47 251.716 0.855906015516 0.555938849989 0.740999948647 11.9453460457 0.145397546564 17.6347180843 0.00753464155925 1.029e-05
pedestrian -1 -1 -10 1056.3 95.593 1190.89 288.743 1.36485011995 1.16587263906 0.67100027525 8.75707050891 1.11527023691 12.35742094 0.00753464155925 9.8811e-06
pedestrian -1 -1 -10 79.655 184.89 111.368 251.749 1.02788710738 0.211976670088 0.897000991896 -21.2668736644 2.28758025135 30.0262043341 0.00753464155924 4.5786e-06
