pedestrian -1 -1 -10 408.32 129.26 450.201 233.58 2.57171761847 0.426951363779 0.978999315032 -8.1141272265 1.52054586131 32.7497714032 0.00753464155925 0.01437
pedestrian -1 -1 -10 859.28 173.53 893.45 263.675 1.71681154584 1.1888694063 1.04899970368 2.80264925926 1.62316934382 7.37417902365 0.00753464155925 0.009818
pedestrian -1 -1 -10 422.56 137.99 447.12 207.221 1.92778827096 0.349960134245 0.648000041965 -7.94853950573 1.09877507252 32.7705024222 0.00753464155925 0.0062772
pedestrian -1 -1 -10 88.309 151.92 111.204 212.188 1.52883208883 1.17687111368 0.442999704175 -9.63269153779 0.762389788605 13.6970866897 0.00753464155925 0.0034887
pedestrian -1 -1 -10 445.34 144.19 463.381 189.823 0.59193498707 0.452949492117 0.711000224859 -8.0233426313 0.182036300301 39.4001658508 0.00753464155925 0.0028127
pedestrian -1 -1 -10 325.82 178.44 367.465 258.256 2.85368672203 1.10787842804 0.992999726548 -7.08536666634 2.03590280493 20.0512261444 0.00753464155925 0.00171
pedestrian -1 -1 -10 428.82 157.18 455.819 217.984 0.64792883301 0.257971158141 0.0609998516275 -6.75130741806 1.13641355075 29.3419815818 0.00753464155925 0.0011541
pedestrian -1 -1 -10 876.18 275.5 898.328 328.161 1.63981997788 1.19486926778 0.813999880524 2.9875702756 1.54496213712 7.30036356556 0.00753464155925 0.0011516
pedestrian -1 -1 -10 869.62 262.82 894.825 317.678 1.64881893349 1.19386897301 0.778999805408 2.97019781482 1.55421807509 7.31692631907 0.00753464155925 0.00086767
pedestrian -1 -1 -10 152.76 143.65 180.795 220.653 1.2508626436 1.16587263906 0.660000122215 -7.65667914571 0.834188192586 12.142365328 0.00753464155925 0.00065018
pedestrian -1 -1 -10 421.21 143.32 462.844 232.54 0.64792883301 0.257971158141 0.0609998516275 -6.75130741806 1.13641355075 29.3419815818 0.00753464155925 0.00064323
pedestrian -1 -1 -10 427.91 137.46 461.192 200.923 0.71492150843 0.332963705273 0.126000365788 -7.62315409142 0.741604661117 34.657123458 0.00753464155925 0.00061514
pedestrian -1 -1 -10 99.933 151.06 118.798 203.828 1.5308319031 1.1938694498 0.442999704175 -9.63222883214 0.763300135776 13.7585926108 0.00753464155925 0.00061307
pedestrian -1 -1 -10 76.634 145.75 116.928 219.917 1.70481282413 1.19686842697 0.435999736835 -9.62992596917 0.940813223225 13.5907125253 0.00753464155925 0.00050137
pedestrian -1 -1 -10 237.31 221.63 281.415 320.035 2.24275377357 1.19186886025 1.16099989637 -7.11110274615 1.91650312288 14.7519351392 0.00753464155925 0.0004543
pedestrian -1 -1 -10 870.18 279.31 889.724 326.828 1.71681154584 1.18586995234 1.11099972094 2.75416472724 1.62224952932 7.31004896813 0.00753464155925 0.0003765
pedestrian -1 -1 -10 885.29 277.37 905.768 324.3 1.6348205316 1.18986922428 0.846999862793 3.00397408604 1.53976564581 7.28777811828 0.00753464155925 0.00027984
pedestrian -1 -1 -10 855.68 174.75 881.035 244.188 1.741808753 1.18487013435 1.11699952265 2.70700000952 1.65090233806 7.41968046771 0.00753464155925 0.00015778
pedestrian -1 -1 -10 258.56 237.24 287.302 312.85 0.57693664825 0.786914445731 0.134000260342 -7.15845724048 1.80202615178 14.4361137187 0.00753464155925 0.00015078
pedestrian -1 -1 -10 127.26 127.36 170.645 249.81 1.28385901284 1.18087038563 0.679000169805 -7.6690579186 0.861514722024 11.7587452748 0.00753464155925 0.00013518
pedestrian -1 -1 -10 283.19 127.52 301.993 170.416 1.54683017885 0.764916542905 0.768999818005 -4.04172913864 0.941222182945 9.93293218914 0.00753464155925 8.5335e-05
pedestrian -1 -1 -10 473.63 174.99 495.609 218.198 0.497945325613 0.763916248135 0.84599969716 -3.61540281345 1.1031266673 20.7405522322 0.00753464155925 4.3113e-05
pedestrian -1 -1 -10 730.5 140.26 754.712 198.057 2.08377116156 1.17287184174 0.316000126428 3.07216522355 1.35239892584 16.5901443483 0.00753464155925 4.296e-05
pedestrian -1 -1 -10 108.83 137.82 159.372 223.958 1.28385901284 1.16787227503 0.901000223918 -7.78000583631 0.861691750947 11.7660792868 0.00753464155925 4.2504e-05
pedestrian -1 -1 -10 94.537 136.58 130.391 202.192 1.24186362839 1.17287184174 0.442999704175 -9.63025806516 0.477380471393 14.0342098291 0.00753464155925 1.3038e-05
pedestrian -1 -1 -10 206.43 155.49 222.645 209.133 1.74580833125 0.962894807624 1.15999949232 -7.92756579971 1.19883665011 14.5395024598 0.00753464155925 1.1701e-05
pedestrian -1 -1 -10 795.13 238.33 828.247 294.572 2.27075060714 1.18186972683 1.08799972608 2.7810617472 1.66671569897 9.77762862523 0.00753464155925 9.9384e-06
pedestrian -1 -1 -10 414.22 173.3 439.537 247.593 2.14376463604 0.326963843789 0.976000010225 -8.1130549915 1.90693313262 32.6348616019 0.00753464155925 9.4142e-06
pedestrian -1 -1 -10 866.59 229.33 902.349 300.11 1.64081979561 1.17387165973 0.80099987306 2.98136834883 1.54655138921 7.33989985544 0.00753464155925 7.8778e-06
pedestrian -1 -1 -10 196.23 154.18 213.951 209.223 1.22586544203 0.852907200637 1.16699945966 -8.12734103437 0.678802167719 14.5288553554 0.00753464155925 4.8949e-06
