pedestrian -1 -1 -10 788.92 157.0 812.575 201.635 1.4119936645 0.572999565915 0.532997990941 8.19901989703 0.673587308303 29.791200757 0.00692802392802 0.95182
pedestrian -1 -1 -10 763.3 159.15 779.563 201.374 1.21999458075 0.601998874876 0.86499652302 7.4277668148 0.695982039953 30.4321974311 0.00692802392802 0.9464
pedestrian -1 -1 -10 1090.9 117.7 1184.47 324.28 1.81699191481 0.836999325973 0.645997959535 5.14935233012 1.39916114771 6.92037304702 0.00692802392802 0.93947
pedestrian -1 -1 -10 788.12 155.89 800.998 204.341 1.6259927541 0.572999565915 0.532997990941 8.19931498479 0.887586397902 29.7913231542 0.00692802392802 0.86002
pedestrian -1 -1 -10 1153.3 151.21 1223.97 314.3 1.60599281788 0.710999483839 0.48499783549 5.93974694908 1.34486124747 7.02595967015 0.00692802392802 0.4754
pedestrian -1 -1 -10 344.95 165.59 366.753 230.938 0.657997086644 0.357999559027 0.766996841422 -7.116667954 1.27889256574 20.9957325314 0.00692802392802 0.35182
pedestrian -1 -1 -10 770.79 157.16 781.764 200.176 1.21999458075 0.601998874876 0.86499652302 7.4277668148 0.695982039953 30.4321974311 0.00692802392802 0.18257
pedestrian -1 -1 -10 1119.5 110.97 1171.07 307.18 1.81699191481 0.836999325973 0.645997959535 5.14935233012 1.39916114771 6.92037304702 0.00692802392802 0.067367
pedestrian -1 -1 -10 344.22 150.93 375.489 247.176 2.30298971385 1.10299989339 0.997995920605 -5.57721732615 1.33308277778 16.2375572835 0.00692802392802 0.032494
pedestrian -1 -1 -10 753.29 158.48 772.152 200.135 1.28099428266 0.532998677495 0.644997558934 7.3185040209 0.906243438382 30.4676644565 0.00692802392802 0.028438
pedestrian -1 -1 -10 784.81 158.26 794.585 202.249 1.6259927541 0.572999565915 0.532997990941 8.19931498479 0.887586397902 29.7913231542 0.00692802392802 0.027797
pedestrian -1 -1 -10 352.18 164.84 369.796 211.954 2.30298971385 1.13700026708 1.19599513133 -5.4783378756 1.332830315 16.2198713219 0.00692802392802 0.021625
pedestrian -1 -1 -10 1145.8 162.91 1195.98 320.06 1.81699191481 0.742999527003 0.645997959535 5.1490267163 1.39921580779 6.87337427547 0.00692802392802 0.015597
pedestrian -1 -1 -10 729.32 161.4 740.056 197.062 0.0999995529652 0.0910033562978 0.204999153926 13.2392903138 -0.602020291075 68.0005045389 0.00692802392802 0.014009
pedestrian -1 -1 -10 723.94 164.39 739.623 209.89 1.1959946692 0.247997115873 0.159999723444 6.85224508504 0.649787982962 36.360291865 0.00692802392802 0.011665
pedestrian -1 -1 -10 352.25 164.46 387.104 232.31 1.44599355906 0.714999668048 0.617997233075 -6.47967908523 1.23366070467 18.7852554429 0.00692802392802 0.0087074
pedestrian -1 -1 -10 719.95 165.42 733.929 216.126 0.266998831928 0.0690001973807 0.0629999656114 5.61611841981 0.520061538218 31.236618926 0.00692802392802 0.0067488
pedestrian -1 -1 -10 713.42 162.91 731.4 223.385 0.107999533415 0.188999047945 0.306998530588 4.34469923632 1.19775488081 25.831173588 0.00692802392802 0.0031375
pedestrian -1 -1 -10 357.71 166.87 375.949 219.169 1.44599355906 0.839000133332 0.651997502131 -6.49693515061 1.23375048352 18.7483735305 0.00692802392802 0.0029929
pedestrian -1 -1 -10 1084.3 132.67 1142.43 286.43 1.81699191481 0.947999311785 0.645997959535 5.14973683233 1.39909660218 6.975871708 0.00692802392802 0.0025587
pedestrian -1 -1 -10 314.88 173.72 335.13 231.699 0.101999518275 0.0279998589548 0.130999073217 -13.0075455556 0.871665310867 32.7746845755 0.00692802392802 0.0020233
pedestrian -1 -1 -10 1178.1 149.09 1224.03 269.34 1.60599281788 0.710999483839 0.48499783549 5.93974694908 1.34486124747 7.02595967015 0.00692802392802 0.00087631
pedestrian -1 -1 -10 735.24 159.57 746.209 198.05 0.100999550521 0.134998230048 0.567997706927 12.4236829583 -0.275025393366 60.3563465188 0.00692802392802 0.00072336
pedestrian -1 -1 -10 1108.9 125.53 1166.99 240.84 1.80899193436 0.890999667033 0.645997959535 5.14952835512 1.39112976653 6.94736799398 0.00692802392802 0.00065234
pedestrian -1 -1 -10 1086.1 137.11 1124.89 244.33 1.81699191481 0.947999311785 0.645997959535 5.14973683233 1.39909660218 6.975871708 0.00692802392802 0.00060372
pedestrian -1 -1 -10 424.77 157.78 441.471 199.549 1.35999391079 0.873999957026 0.929996812999 -8.17744851358 0.8614872902 34.3935183059 0.00692802392802 0.00040074
pedestrian -1 -1 -10 338.26 167.06 356.49 220.635 1.44599355906 0.811000274378 0.707997524545 -6.54383654701 1.2338634433 18.7626988855 0.00692802392802 0.0003595
pedestrian -1 -1 -10 497.74 155.38 509.864 191.886 0.32399854362 0.304000648478 0.837996673997 -6.16470080927 -0.231136796619 46.6962106744 0.00692802392802 0.00025888
pedestrian -1 -1 -10 367.15 167.07 382.795 217.793 2.31598966718 0.423999499042 0.458998387068 -4.93361890072 1.37597138838 15.6576259786 0.00692802392802 0.00018415
pedestrian -1 -1 -10 1073.4 145.84 1112.34 228.361 0.487997822463 0.557000736425 0.781997605253 12.1246338995 0.232130077535 17.2317186569 0.00692802392802 8.9868e-05
pedestrian -1 -1 -10 1088.2 148.7 1110.92 202.371 0.487997822463 0.557000736425 0.781997605253 12.1246338995 0.232130077535 17.2317186569 0.00692802392802 6.8068e-05
pedestrian -1 -1 -10 1128.3 163.12 1161.03 316.57 1.81699191481 0.836999325973 0.645997959535 5.14935233012 1.39916114771 6.92037304702 0.00692802392802 3.8079e-05
pedestrian -1 -1 -10 505.66 156.62 517.231 192.662 0.346998427808 0.373000845858 1.04699599982 -5.79833198894 -0.784217581372 46.7555173502 0.00692802392802 1.5214e-05
pedestrian -1 -1 -10 686.93 144.59 699.871 193.404 2.03699093014 0.322999735334 0.869996857103 3.64123500382 0.630338862316 28.7553382072 0.00692802392802 7.8357e-06
pedestrian -1 -1 -10 1083.2 185.38 1130.37 323.67 1.81699191481 0.890999667033 0.633997920672 5.14353951115 1.39914624611 6.94741415672 0.00692802392802 1.756e-06
pedestrian -1 -1 -10 7.0624 114.84 63.0644 290.26 2.1289905265 0.740998719643 0.686997694953 -13.3840983115 1.27782964523 16.9226964677 0.00692802392802 5.657e-07
pedestrian -1 -1 -10 43.025 71.358 134.434 257.838 1.68699247092 0.413999276937 1.18599541684 -12.4672796254 0.592876151314 17.2933148882 0.00692802392802 1.0178e-08
pedestrian -1 -1 -10 0.8245 136.34 48.1425 252.35 2.20999013484 0.992999357584 0.936996756196 -13.4918569247 1.35927002319 16.797487135 0.00692802392802 1.46e-10
