pedestrian -1 -1 -10 28.896 182.42 74.678 255.217 1.33785313391 0.533940947164 0.772999526864 -12.3533172322 1.63311531724 16.056105751 0.00753464155925 0.99738
pedestrian -1 -1 -10 835.83 79.273 890.877 243.853 1.55282950246 0.720921690825 0.861000035891 3.72933371171 0.932005952821 10.4446385794 0.00753464155925 0.16744
pedestrian -1 -1 -10 49.8 179.6 73.291 252.0 1.33785313391 0.530941016422 0.676998884864 -12.3053069682 1.63310257513 16.0572445293 0.00753464155925 0.020935
pedestrian -1 -1 -10 39.776 164.38 83.639 262.901 1.33785313391 0.530941016422 0.676998884864 -12.3053069682 1.63310257513 16.0572445293 0.00753464155925 0.0061201
pedestrian -1 -1 -10 187.04 117.8 223.763 202.461 0.111987668041 0.834911430464 0.578000845406 -30.9775706339 -1.19344478248 56.2472285633 0.00753464155925 0.00071855
pedestrian -1 -1 -10 0.36017 149.11 15.9552 185.244 0.0999890208244 0.143985232781 0.172000832358 -44.9765494173 -0.5216295339 55.1740128967 0.00753464155922 0.00056782
pedestrian -1 -1 -10 64.135 164.84 89.344 227.51 0.380958180009 0.212977918429 0.232002187282 -35.0451860131 0.544889081875 47.9179837635 0.00753464155923 0.00022666
pedestrian -1 -1 -10 837.3 102.81 874.19 177.281 1.48883651865 0.720921690825 0.861000035891 3.72931398044 0.868012969004 10.4451124211 0.00753464155925 0.00017487
pedestrian -1 -1 -10 22.524 117.6 59.717 208.211 0.101988775495 0.511944951478 0.416000238868 -41.7581009929 -0.495590905776 53.757199623 0.00753464155925 0.00014012
pedestrian -1 -1 -10 26.071 158.42 68.952 230.805 1.33785313391 0.533940947164 0.851999022029 -12.3928158618 1.63314407596 16.0564029389 0.00753464155925 1.4646e-05
pedestrian -1 -1 -10 42.077 123.63 73.216 185.048 1.14087475109 0.725922211108 0.241001055377 -17.3498096179 0.120696918198 23.1906623228 0.00753464155925 1.2266e-05
pedestrian -1 -1 -10 833.89 101.57 856.692 197.827 1.48883651865 0.720921690825 0.702999853468 3.65031612526 0.868070486878 10.4457068014 0.00753464155925 1.0228e-05
