pedestrian -1 -1 -10 282.2 160.56 356.554 342.47 1.69599241167 0.7039995191 0.784997138133 -3.01878703832 1.49449705176 7.08764708456 0.00692802392802 0.99924
pedestrian -1 -1 -10 149.6 162.45 237.699 366.42 1.64499268159 0.625999503295 0.699997419164 -3.56290764755 1.50343379834 5.83242598673 0.00692802392802 0.99377
pedestrian -1 -1 -10 376.32 162.73 392.992 212.438 1.68399243355 0.515998490651 0.630998149374 -8.38338453082 1.01620901497 27.2647615075 0.00692802392802 0.9897
pedestrian -1 -1 -10 400.38 167.68 423.451 218.276 1.53099313527 0.550000771686 0.511998161349 -6.65559243043 1.19316086023 24.8910271511 0.00692802392802 0.98205
pedestrian -1 -1 -10 467.93 161.7 489.186 224.323 1.71799229085 0.520999555377 0.731997125435 -3.80129754666 1.26487407296 21.7566509324 0.00692802392802 0.98127
pedestrian -1 -1 -10 288.6 163.38 312.873 228.212 1.6419926554 0.724000440147 0.866996847387 -8.11974258251 1.20622098823 19.6259918494 0.00692802392802 0.93869
pedestrian -1 -1 -10 294.07 160.6 355.513 269.84 1.69599241167 0.7039995191 0.715997391508 -2.98428799373 1.4944021824 7.08740796018 0.00692802392802 0.82668
pedestrian -1 -1 -10 396.73 168.63 408.774 215.087 1.53099313527 0.550000771686 0.511998161349 -6.65559243043 1.19316086023 24.8910271511 0.00692802392802 0.79154
pedestrian -1 -1 -10 409.88 164.7 428.491 219.539 1.53099313527 0.550000771686 0.511998161349 -6.65559243043 1.19316086023 24.8910271511 0.00692802392802 0.50259
pedestrian -1 -1 -10 574.59 164.35 586.007 210.123 1.66799256206 0.903998715993 0.552997956371 -0.762162842069 1.1752855742 28.9311972412 0.00692802392802 0.44915
pedestrian -1 -1 -10 438.65 164.21 451.59 204.886 2.06599084437 1.0589992976 1.16899575915 -6.95217475226 0.76591472225 31.9369480854 0.00692802392802 0.43005
pedestrian -1 -1 -10 559.81 167.19 569.74 202.425 0.348998430371 0.389999125355 0.503998055968 -1.87506196654 0.26126384357 40.3768934899 0.00692802392802 0.31383
pedestrian -1 -1 -10 304.89 162.65 344.837 224.851 1.68799243122 0.7039995191 0.692997475967 -2.97279934353 1.48637057884 7.08732367645 0.00692802392802 0.31001
pedestrian -1 -1 -10 466.2 164.9 480.371 214.011 1.71799229085 0.520999555377 0.731997125435 -3.80129754666 1.26487407296 21.7566509324 0.00692802392802 0.30936
pedestrian -1 -1 -10 382.36 162.64 399.056 214.737 1.68399243355 0.390998575361 0.475998998431 -8.30631981469 1.01606858942 27.2017258873 0.00692802392802 0.30368
pedestrian -1 -1 -10 435.1 162.84 446.44 202.148 1.12499500662 0.404000962179 0.890996448277 -6.18648385774 -0.23826869538 27.6284166617 0.00692802392802 0.29701
pedestrian -1 -1 -10 473.31 160.89 493.593 202.723 1.71799229085 0.520999555377 0.731997125435 -3.80129754666 1.26487407296 21.7566509324 0.00692802392802 0.26433
pedestrian -1 -1 -10 991.57 180.1 1011.76 220.172 0.521997597814 0.337999114818 0.836998657572 17.1881884105 1.42220388326 30.3158259313 0.00692802392802 0.24165
pedestrian -1 -1 -10 162.44 169.4 227.896 298.34 1.64499268159 0.625999503295 0.66499746476 -3.54540809071 1.50338567609 5.83230469146 0.00692802392802 0.1484
pedestrian -1 -1 -10 389.32 166.93 412.766 218.359 1.5189932093 0.63199954119 0.480998140426 -7.8717565825 1.04792431517 28.0293683118 0.00692802392802 0.11423
pedestrian -1 -1 -10 299.19 161.85 321.222 226.211 1.65999258161 0.724000440147 1.12999587126 -7.98822140883 1.22385931098 19.6250906994 0.00692802392802 0.09824
pedestrian -1 -1 -10 284.42 164.96 300.219 225.623 0.0999995529652 0.0270004089485 0.234999727918 -17.1345098459 -0.403988822766 39.794467145 0.00692802392789 0.097282
pedestrian -1 -1 -10 462.46 165.19 474.318 203.857 1.71799229085 0.520999555377 0.67999727492 -3.82729684737 1.26494556876 21.7568311423 0.00692802392802 0.078324
pedestrian -1 -1 -10 415.64 163.52 431.134 202.777 1.64099270254 0.5429988996 0.325998989483 -7.09253103505 1.16901653658 27.8185349003 0.00692802392802 0.056407
pedestrian -1 -1 -10 294.78 162.11 324.038 284.24 1.69599241167 0.7039995191 0.784997138133 -3.01878703832 1.49449705176 7.08764708456 0.00692802392802 0.045771
pedestrian -1 -1 -10 577.91 166.08 591.558 210.1 1.66799256206 0.694999223839 0.552997956371 -0.762886813019 1.17540710561 28.826700003 0.00692802392802 0.044779
pedestrian -1 -1 -10 300.76 162.31 331.435 246.101 1.69599241167 0.7039995191 0.784997138133 -3.01878703832 1.49449705176 7.08764708456 0.00692802392802 0.043517
pedestrian -1 -1 -10 704.82 168.05 719.175 200.892 0.0999995529652 0.0 0.0 6.79284116133 1.14360564554 45.4111362208 0.0 0.036079
pedestrian -1 -1 -10 423.52 163.71 437.335 204.488 0.0999995529652 0.0970000563355 0.35199796107 -12.7852402354 -0.208184239665 53.0838914179 0.00692802392802 0.035168
pedestrian -1 -1 -10 986.79 179.95 1003.07 225.166 2.37398937643 0.444999393258 0.205999077692 5.91860695651 1.54965024941 10.7559895236 0.00692802392802 0.031661
pedestrian -1 -1 -10 483.18 164.54 499.993 204.409 0.360998378694 0.131999880029 0.236999098614 -6.46101314132 0.297492975469 41.616732634 0.00692802392802 0.023297
pedestrian -1 -1 -10 986.61 175.43 1013.52 249.012 0.447998046875 0.416000084297 0.865996923621 13.0308098184 1.50126545927 22.8015774555 0.00692802392802 0.016728
pedestrian -1 -1 -10 180.98 164.83 266.584 357.92 1.64499268159 0.625999503295 0.6459974827 -3.53590832787 1.50335955257 5.83223884544 0.00692802392802 0.013157
pedestrian -1 -1 -10 427.85 160.05 448.174 206.627 1.12499500662 0.404000962179 0.890996448277 -6.18648385774 -0.23826869538 27.6284166617 0.00692802392802 0.010478
pedestrian -1 -1 -10 447.35 161.5 480.18 217.473 1.71799229085 0.520999555377 0.597997804084 -3.86829559794 1.26505831173 21.7571153183 0.00692802392802 0.0088669
pedestrian -1 -1 -10 264.38 154.71 281.438 195.697 1.94399129152 0.432999317467 0.301998911758 -5.95250894376 1.0827633646 13.0509956977 0.00692802392802 0.0078922
pedestrian -1 -1 -10 145.22 171.03 197.05 307.53 1.64499268159 0.625999503295 0.729997277903 -3.5779072166 1.50347504584 5.83252995375 0.00692802392802 0.0076465
pedestrian -1 -1 -10 203.01 172.94 218.261 212.118 1.57199297547 0.81499998175 0.183999324334 -14.1744712852 0.527867633803 25.7878431848 0.00692802392802 0.0049919
pedestrian -1 -1 -10 310.1 163.78 332.531 216.568 1.64999261349 0.7039995191 0.692997475967 -2.97285174226 1.44837076111 7.08730194237 0.00692802392802 0.0049706
pedestrian -1 -1 -10 278.41 153.45 318.487 263.5 1.6419926554 0.724000440147 0.832997055167 -8.13674207027 1.20626773533 19.6261096785 0.00692802392802 0.0040111
pedestrian -1 -1 -10 457.36 163.83 470.458 201.813 1.71799229085 0.520999555377 0.597997804084 -3.86829559794 1.26505831173 21.7571153183 0.00692802392802 0.0036749
pedestrian -1 -1 -10 369.19 166.12 381.385 211.893 1.18499471098 0.380000810597 0.539997934138 -9.04263384515 0.712143400431 28.9123056029 0.00692802392803 0.0029055
pedestrian -1 -1 -10 223.35 172.13 235.227 194.688 1.03499537557 1.11600037286 0.477998845963 -17.9633653302 -0.644043015817 33.9677436905 0.00692802392802 0.0027351
pedestrian -1 -1 -10 192.16 174.75 217.343 224.081 1.61699280962 0.625999503295 0.66499746476 -3.54544670031 1.47538580412 5.83228867688 0.00692802392802 0.0026327
pedestrian -1 -1 -10 316.74 159.28 338.4 243.489 1.69599241167 0.7039995191 0.715997391508 -2.98428799373 1.4944021824 7.08740796018 0.00692802392802 0.0025859
pedestrian -1 -1 -10 117.08 146.92 206.628 368.09 1.64499268159 0.625999503295 0.729997277903 -3.5779072166 1.50347504584 5.83252995375 0.00692802392802 0.0022754
pedestrian -1 -1 -10 697.08 160.78 713.216 201.786 0.101999518275 0.0469970384636 1.03799573226 8.84799853202 -0.962237504292 58.6692768679 0.00692802392802 0.0014349
pedestrian -1 -1 -10 207.35 166.65 222.784 204.531 1.57199297547 0.662000207505 0.183999324334 -14.1739412964 0.527778665754 25.864341236 0.00692802392802 0.0012648
pedestrian -1 -1 -10 167.81 170.02 194.744 261.009 1.64499268159 0.625999503295 0.729997277903 -3.5779072166 1.50347504584 5.83252995375 0.00692802392802 0.0006001
pedestrian -1 -1 -10 981.35 177.18 997.083 226.321 2.37398937643 0.444999393258 0.205999077692 5.91860695651 1.54965024941 10.7559895236 0.00692802392802 0.00046551
pedestrian -1 -1 -10 1188.3 130.6 1224.01 277.62 0.338998447359 0.159999738984 0.25599955751 26.1786977733 1.65443304388 30.2969162477 0.00692802392803 0.0003806
pedestrian -1 -1 -10 690.82 164.93 707.347 205.009 0.10699955076 0.443999943252 0.459998310834 6.78462648047 0.374193304036 50.1594119545 0.00692802392802 0.00034054
pedestrian -1 -1 -10 213.73 164.71 228.383 199.035 1.03299541026 1.08499834919 0.21799959339 -17.7147828729 0.55389087537 33.4309016822 0.00692802392802 0.00027261
pedestrian -1 -1 -10 179.58 201.23 229.473 370.0 1.64499268159 0.625999503295 0.66499746476 -3.54540809071 1.50338567609 5.83230469146 0.00692802392802 0.00026485
pedestrian -1 -1 -10 680.68 155.84 699.905 198.92 0.0999995529652 0.199001177397 0.4609982346 7.06407168727 -0.26362429236 56.317391687 0.00692802392802 4.882e-05
pedestrian -1 -1 -10 308.86 215.29 356.16 341.62 1.68799243122 0.7039995191 0.692997475967 -2.97279934353 1.48637057884 7.08732367645 0.00692802392802 8.6762e-06
pedestrian -1 -1 -10 1.3506 174.03 35.5216 232.433 2.02799096704 0.6519999854 1.19499520757 -16.5641756099 0.779091832166 19.9877822103 0.00692802392802 5.3812e-06
pedestrian -1 -1 -10 1105.2 150.29 1150.46 234.259 0.10899951607 1.06399845498 0.934995954993 27.498423574 0.582722909667 36.4748127526 0.00692802392802 4.6409e-06
pedestrian -1 -1 -10 2.14 116.37 48.481 230.41 1.84699178189 0.344001536897 1.1919959131 -16.3388366974 0.602293855864 20.1421246523 0.00692802392802 4.9145e-07
pedestrian -1 -1 -10 7.6024 91.834 121.572 246.964 1.65899253935 0.662000207505 1.18499596991 -15.2352111789 0.429869058452 20.4753963468 0.00692802392802 2.2395e-07
