pedestrian -1 -1 -10 584.46 204.65 597.655 254.562 1.8307989179 0.661928138603 0.830999745859 -0.135194937924 1.43723608901 13.8092956912 0.00753464155925 0.014978
pedestrian -1 -1 -10 589.45 211.99 603.197 258.294 1.82679940856 0.644929802491 0.919999705264 -0.0907614885214 1.43307835777 13.8004915705 0.00753464155925 0.0018551
pedestrian -1 -1 -10 501.59 190.93 513.948 224.513 0.668926555037 0.762916906934 0.359999784895 -3.07154756995 1.52551059623 22.8132531663 0.00753464155925 0.0017822
pedestrian -1 -1 -10 579.18 209.85 591.976 255.523 1.93978694797 0.766916178877 0.772999787634 -0.198765229598 1.54504805867 13.8614923477 0.00753464155925 0.0017625
pedestrian -1 -1 -10 538.2 169.79 564.843 240.5 1.88379313183 1.17487243128 0.478999825716 -1.2887143936 1.58209655669 16.7901454446 0.00753464155925 0.0017164
pedestrian -1 -1 -10 34.016 131.37 65.328 198.509 0.0999890208244 0.0 0.0 -44.068770711 -1.39702834602 57.3524315262 0.0 0.00096961
pedestrian -1 -1 -10 499.26 155.23 536.62 225.16 0.101988801336 0.122987624726 0.672999891261 -3.40558057688 0.319172908794 26.0228740478 0.00753464155925 0.00062156
pedestrian -1 -1 -10 495.3 182.76 508.197 223.236 1.20086818087 0.786914445731 0.717999715362 -3.57108657091 1.56544958495 25.2907044671 0.00753464155925 0.0005248
pedestrian -1 -1 -10 521.76 183.85 535.084 231.131 1.50283499131 0.964894443595 0.812999714891 -2.04577495865 1.59930756925 20.619302165 0.00753464155925 0.00046526
pedestrian -1 -1 -10 359.02 239.73 391.9 323.954 0.228974806195 1.10987806401 0.528999643517 -4.21418382214 1.70509067629 11.9949550366 0.00753464155925 0.00010875
pedestrian -1 -1 -10 301.4 163.06 331.289 208.039 2.2177565124 0.858905154981 0.691999700432 -5.40664337628 1.53002814887 13.7129867562 0.00753464155925 5.7473e-05
pedestrian -1 -1 -10 502.79 160.91 516.287 225.599 1.20086818087 0.786914445731 0.717999715362 -3.57108657091 1.56544958495 25.2907044671 0.00753464155925 3.9639e-05
pedestrian -1 -1 -10 596.42 220.98 613.729 271.978 1.96178454733 0.957894287341 0.757999780454 -0.26306196647 1.56634890958 14.4194015812 0.00753464155925 2.8031e-05
pedestrian -1 -1 -10 507.21 166.11 522.356 223.588 1.20086818087 0.661928138603 0.577999891732 -3.50155949944 1.56447346422 25.2276864226 0.00753464155925 2.3936e-05
pedestrian -1 -1 -10 532.92 176.68 549.211 236.979 1.37984849602 0.701924672311 0.708999774383 -2.04272782607 1.59735813997 20.486880252 0.00753464155925 2.1395e-05
pedestrian -1 -1 -10 117.04 158.83 135.458 204.403 0.101988835093 0.151983776666 0.423000206208 -34.8864011898 -0.117098000096 52.7906936136 0.00753464155929 2.1029e-05
pedestrian -1 -1 -10 506.83 189.21 519.68 227.301 1.35785085568 1.15087489249 0.628999755957 -2.72760859822 1.48280903421 22.110296646 0.00753464155925 1.1299e-05
pedestrian -1 -1 -10 498.03 175.22 513.382 226.561 1.20086818087 0.786914445731 0.717999715362 -3.57108657091 1.56544958495 25.2907044671 0.00753464155925 7.7854e-06
pedestrian -1 -1 -10 515.21 183.97 531.446 229.07 1.50283499131 1.16287270831 0.743999730291 -2.27788554484 1.60612535398 21.0700124475 0.00753464155925 6.955e-06
pedestrian -1 -1 -10 621.34 175.07 678.975 229.458 1.29085824359 0.689924949343 1.16299960179 0.812321656116 0.899966826188 14.0331451518 0.00753464155925 1.7274e-07
pedestrian -1 -1 -10 698.46 219.7 757.39 303.648 0.915899415495 0.77191574559 0.972999632535 1.37178525668 1.45201253433 7.90713817739 0.00753464155925 4.1766e-08
pedestrian -1 -1 -10 927.43 247.73 1003.78 330.54 2.04777510071 1.181870442 0.674999745691 2.140730736 1.56182252046 4.2195881298 0.00753464155925 1.0214e-08
