pedestrian -1 -1 -10 1159.6 119.33 1212.48 306.96 2.01377885413 0.503944500453 0.658999718163 5.85449995098 1.42133321882 7.11083658202 0.00753464155925 0.0014032
pedestrian -1 -1 -10 185.19 204.85 207.8 234.897 0.577936525585 0.767915520078 0.650999823609 -13.0902822958 1.72247379266 22.7966404577 0.00753464155925 0.00052763
pedestrian -1 -1 -10 1171.1 106.55 1229.46 236.72 0.544940215939 0.979894097306 0.235999988793 24.9070665235 -0.743867957208 30.0466427011 0.00753464155925 7.0701e-05
pedestrian -1 -1 -10 1165.0 121.36 1209.56 212.787 1.84279762471 0.244973047542 0.211999828293 5.63024920636 1.24913067891 7.02029695345 0.00753464155925 6.6296e-05
pedestrian -1 -1 -10 560.27 156.94 592.438 212.497 1.39284703547 1.11387828952 0.885999706373 -0.537997828987 1.49889375042 16.5345530057 0.00753464155925 4.6431e-05
pedestrian -1 -1 -10 350.69 166.9 368.722 213.272 0.601933939215 0.175979408323 0.0929994298447 -14.3062648598 1.80650674852 42.4674497557 0.00753464155925 4.1907e-05
pedestrian -1 -1 -10 688.62 167.69 699.523 196.862 0.358960588097 0.0589916450816 0.00599956328797 6.12555535615 -0.0541123230901 50.1768289122 0.00753464155925 3.1157e-05
pedestrian -1 -1 -10 172.17 200.97 215.023 233.171 0.577936525585 0.933897702114 0.852999426081 -13.1919045406 1.72131871853 22.7144116239 0.00753464155925 1.2212e-05
pedestrian -1 -1 -10 871.16 162.86 903.099 241.059 2.02377780628 0.363960446755 0.209999973863 5.34678064024 1.33370624353 14.0039833308 0.00753464155925 1.065e-05
pedestrian -1 -1 -10 1147.5 109.46 1199.91 234.11 1.84279762471 0.244973047542 0.211999828293 5.63024920636 1.24913067891 7.02029695345 0.00753464155925 6.3517e-06
pedestrian -1 -1 -10 159.02 199.16 203.227 241.483 0.735919170859 1.06088269164 1.06099954552 -13.2964287569 1.72045448821 22.6528732027 0.00753464155925 4.7373e-06
pedestrian -1 -1 -10 5.4851 139.35 39.8631 245.53 2.71870143426 0.858907062121 0.906999310369 -20.6989719701 1.60898134554 25.7723975247 0.00753464155925 1.7263e-06
pedestrian -1 -1 -10 1211.8 102.1 1241.72 179.367 0.862905243465 1.09188038669 0.28499976017 9.88695114192 0.863463851813 11.6728264839 0.00753464155925 1.5533e-06
pedestrian -1 -1 -10 137.45 179.05 212.566 239.569 1.56782788598 1.17187250054 0.872999877722 -15.1994627091 1.61966670451 25.3637336516 0.00753464155925 6.434e-07
