pedestrian -1 -1 -10 1156.8 165.48 1216.01 276.02 1.78099205494 0.742999527003 0.685997294352 9.96612025009 1.70114315496 11.9344989077 0.00692802392802 0.99931
pedestrian -1 -1 -10 425.51 163.33 435.323 204.009 0.285998725891 0.329997792725 0.483997434889 -9.16718725417 -0.22504116204 38.1158294391 0.00692802392802 0.48525
pedestrian -1 -1 -10 432.22 167.77 498.174 274.62 1.71499235779 1.11299916182 0.570997716643 -1.94156852575 1.48200950517 9.28771260777 0.00692802392802 0.43672
pedestrian -1 -1 -10 459.7 165.88 499.681 243.154 1.70299232751 1.17599884447 0.591997665444 -1.92945381285 1.46970671893 9.52312749166 0.00692802392802 0.13982
pedestrian -1 -1 -10 488.08 169.89 498.962 199.83 0.325998494029 0.0479964884699 0.0439999835514 -6.40809667899 0.852395476524 43.325072151 0.00692802392802 0.090355
pedestrian -1 -1 -10 434.46 168.6 465.88 275.03 1.71499235779 0.93999989704 0.557997754014 -1.94866761766 1.4821279767 9.20126010371 0.00692802392802 0.0893
pedestrian -1 -1 -10 431.94 165.07 444.633 210.747 1.67999250293 0.589999752758 0.946996470691 -6.16614056957 0.314743619009 27.5685942458 0.00692802392802 0.065837
pedestrian -1 -1 -10 480.14 167.06 496.893 200.804 0.631997179985 0.215000006887 0.642997711402 -6.64990117205 0.299933028213 41.6863849206 0.00692802392802 0.057983
pedestrian -1 -1 -10 427.71 164.45 449.489 227.452 1.71499235779 0.990999503898 0.557997754014 -1.94849095582 1.48209832087 9.22675929517 0.00692802392802 0.042024
pedestrian -1 -1 -10 275.97 163.29 287.615 201.887 2.1289905265 0.429000563768 0.285998700996 -5.93519469514 1.26170304435 13.0619767008 0.00692802392802 0.037084
pedestrian -1 -1 -10 388.12 168.47 398.127 190.745 0.346998457611 0.22100052162 0.505998618753 -14.3402937565 -0.204648727666 50.2444567245 0.00692802392802 0.030708
pedestrian -1 -1 -10 470.36 167.35 492.982 226.98 0.560997517407 0.147998709519 0.268999043303 -6.87111309797 1.04159351002 40.7712991719 0.00692802392802 0.029656
pedestrian -1 -1 -10 399.87 168.78 409.465 191.789 0.346998457611 0.371997581157 1.08299516274 -13.7180986285 -0.206312234388 50.1986411148 0.00692802392802 0.023605
pedestrian -1 -1 -10 1145.5 157.76 1189.26 276.67 1.73999222964 0.742999527003 0.685997294352 9.96606371459 1.66014332966 11.9344754578 0.00692802392802 0.022728
pedestrian -1 -1 -10 438.13 165.35 449.606 202.251 0.0999995529652 0.0 0.0 -14.8560448938 -0.530817009751 69.1187584821 0.0 0.020785
pedestrian -1 -1 -10 425.18 164.44 439.189 219.63 0.285998725891 0.329997792725 0.483997434889 -9.16718725417 -0.22504116204 38.1158294391 0.00692802392802 0.020434
pedestrian -1 -1 -10 269.7 158.54 285.914 199.395 1.94599137604 0.429000563768 0.285998700996 -5.93544703644 1.0787038939 13.0618720341 0.00692802392802 0.01953
pedestrian -1 -1 -10 405.82 169.89 415.715 191.127 0.345998445153 0.470000902194 1.00499634064 -13.4177659096 -0.20719417382 50.2455628277 0.00692802392802 0.018367
pedestrian -1 -1 -10 1186.4 174.15 1220.13 273.889 0.102999441326 0.0179996368499 0.152999303411 26.4443560341 0.936070856453 30.8453907399 0.00692802392797 0.016532
pedestrian -1 -1 -10 452.54 165.76 484.64 267.72 1.71499235779 1.19399943499 0.591997665444 -1.9307882199 1.48193353089 9.32813899533 0.00692802392802 0.015979
pedestrian -1 -1 -10 991.71 183.13 1003.63 227.501 0.327998459339 0.225999678998 0.875996161281 17.2544187641 1.22802188148 30.3152540542 0.00692802392802 0.015324
pedestrian -1 -1 -10 813.41 173.3 825.856 206.512 1.16499481946 0.447000200618 0.960996357086 8.50940063146 1.15409274491 27.7297025668 0.00692802392802 0.01459
pedestrian -1 -1 -10 474.23 167.86 491.435 204.607 0.631997179985 0.215000006887 0.642997711402 -6.64990117205 0.299933028213 41.6863849206 0.00692802392802 0.010366
pedestrian -1 -1 -10 445.4 171.75 469.574 260.429 1.71499235779 0.966999352315 0.557997754014 -1.94857409197 1.48211227675 9.21475950737 0.00692802392802 0.007095
pedestrian -1 -1 -10 465.23 168.42 485.307 219.291 1.64799262583 1.12599868762 0.591997665444 -1.92983448452 1.41475818863 9.47909697145 0.00692802392802 0.0036899
pedestrian -1 -1 -10 1167.0 163.9 1205.91 248.368 1.78099205494 0.742999527003 0.685997294352 9.96612025009 1.70114315496 11.9344989077 0.00692802392802 0.0034381
pedestrian -1 -1 -10 458.05 166.47 478.028 237.085 1.71499235779 1.16999928341 0.591997665444 -1.9306773739 1.48191492342 9.34413839452 0.00692802392802 0.0031402
pedestrian -1 -1 -10 1108.8 152.24 1180.17 274.27 0.891996067762 1.13899916709 0.210997742851 25.4291551943 2.01657123873 32.8567704822 0.00692802392802 0.002566
pedestrian -1 -1 -10 431.2 175.95 455.152 248.699 1.71499235779 0.896999704928 0.557997754014 -1.94881656965 1.48215298094 9.17976052362 0.00692802392802 0.0023808
pedestrian -1 -1 -10 450.3 168.82 468.794 222.895 1.71499235779 1.11299916182 0.570997716643 -1.94156852575 1.48200950517 9.28771260777 0.00692802392802 0.0014432
pedestrian -1 -1 -10 818.41 173.75 832.538 210.87 1.16499481946 0.447000200618 0.754997279394 8.61239769617 1.153809512 27.7289886598 0.00692802392802 0.0013291
pedestrian -1 -1 -10 808.46 174.41 829.494 216.13 1.16499481946 0.447000200618 0.86499652302 8.5573993955 1.15396075251 27.7293698714 0.00692802392802 0.0010374
pedestrian -1 -1 -10 263.35 145.51 290.207 201.344 1.94599137604 0.429000563768 0.285998700996 -5.93544703644 1.0787038939 13.0618720341 0.00692802392802 0.00092313
pedestrian -1 -1 -10 1169.6 166.42 1193.15 230.822 1.73999222964 0.742999527003 0.685997294352 9.96606371459 1.66014332966 11.9344754578 0.00692802392802 0.00078418
pedestrian -1 -1 -10 453.89 200.64 481.717 290.148 1.64799262583 1.12599868762 0.591997665444 -1.92983448452 1.41475818863 9.47909697145 0.00692802392802 0.00058364
pedestrian -1 -1 -10 986.35 180.21 1000.54 228.555 0.31999847889 0.225999678998 0.686997694953 17.1599107695 1.22028175941 30.3159044686 0.00692802392802 0.00047476
pedestrian -1 -1 -10 985.29 180.4 1012.35 232.868 0.519997632504 0.293000976366 0.987995252439 17.1984532238 1.42021400547 30.282252166 0.00692802392802 0.00043038
pedestrian -1 -1 -10 497.02 280.03 516.626 325.618 1.47899344861 0.664999511198 0.188999181581 -1.76318675071 1.24740248848 9.3883438921 0.00692802392802 0.00032663
pedestrian -1 -1 -10 405.06 151.14 501.256 304.72 1.71499235779 0.962999644943 0.557997754014 -1.9485879469 1.48211460255 9.21275970168 0.00692802392802 0.00024952
pedestrian -1 -1 -10 989.72 174.72 1017.04 253.778 0.444997920096 0.315999770595 0.992996301775 13.0793648607 1.50012274681 22.8092420464 0.00692802392802 0.00024102
pedestrian -1 -1 -10 507.93 282.9 526.714 323.354 0.354998408258 0.244999719528 0.0459997118746 -1.69132500561 0.425028067962 9.54354718953 0.00692802392802 0.00010934
pedestrian -1 -1 -10 275.61 162.68 301.005 198.704 0.371998351812 0.277000239529 0.232998926715 -17.1551127851 0.350790059308 40.0393350339 0.00692802392802 0.00010131
pedestrian -1 -1 -10 1165.1 168.68 1184.33 259.41 1.73999222964 0.742999527003 0.685997294352 9.96606371459 1.66014332966 11.9344754578 0.00692802392802 6.3725e-05
pedestrian -1 -1 -10 200.46 161.96 229.517 207.185 0.753996613622 0.586001952733 0.179000182339 -17.7191850283 0.276154238684 33.2112664055 0.00692802392802 5.413e-05
pedestrian -1 -1 -10 817.99 171.04 846.059 223.366 0.885995993018 0.228999936365 0.724996705402 13.7727139702 1.35953487407 41.755986986 0.00692802392802 3.2386e-05
pedestrian -1 -1 -10 1196.7 164.86 1218.9 230.449 0.110999540984 0.0619964179473 0.647000744313 39.1205869192 1.14188586761 45.0311547464 0.00692802392802 3.173e-05
pedestrian -1 -1 -10 1.5887 177.92 35.0727 233.517 2.02399091721 0.6160007117 1.18799526437 -16.5836281557 0.776137302331 19.9949160122 0.00692802392802 4.4742e-06
pedestrian -1 -1 -10 722.02 126.52 774.27 197.82 1.955991292 1.1409980671 1.16699591161 7.85189698474 0.208972640167 37.2809336578 0.00692802392802 3.8173e-06
pedestrian -1 -1 -10 1104.2 148.52 1153.6 243.782 0.111999464035 0.734000662252 0.518997150875 26.8892471541 1.06998180643 35.9705848148 0.00692802392803 3.5403e-06
pedestrian -1 -1 -10 3.5848 131.13 46.2888 234.06 2.01999098659 0.321000835321 1.1919959131 -16.3695593188 0.77537190964 20.1479381699 0.00692802392802 1.1019e-06
pedestrian -1 -1 -10 3.2227 121.82 84.6437 228.1 1.82799181342 0.169999961089 1.1819947681 -15.7721743916 0.590623528773 20.2361991595 0.00692802392802 2.6285e-07
