pedestrian -1 -1 -10 388.11 201.55 401.207 235.912 0.855905941018 0.696924152028 1.13999951752 -5.94442335298 1.61628713715 20.3155921979 0.00753464155925 0.00037251
pedestrian -1 -1 -10 858.78 165.85 880.444 215.845 2.30574690985 0.835908864525 0.817999589383 8.32740338176 1.42999286914 22.3203379317 0.00753464155925 0.00032639
pedestrian -1 -1 -10 383.11 201.09 395.126 233.706 0.841907539131 0.640930530549 1.03899923944 -6.04913567865 1.60195035104 20.2884860707 0.00753464155925 0.00019101
pedestrian -1 -1 -10 861.32 154.31 891.571 222.08 2.30374703598 0.726919645169 0.963999453138 8.39999003734 1.42713310165 22.2653104408 0.00753464155925 0.00014241
pedestrian -1 -1 -10 397.01 201.52 414.698 241.302 0.720920891637 0.696924152028 0.906999787206 -5.82789626342 1.59820440546 20.3139827026 0.00753464155925 0.00013117
pedestrian -1 -1 -10 865.9 153.07 951.359 245.092 2.64270992242 1.07288241461 0.133000333127 10.672782041 1.68923933239 25.6092775903 0.00753464155925 0.0001147
pedestrian -1 -1 -10 859.13 178.86 873.415 220.632 0.929897936578 0.529942628791 0.471999977585 7.76185455869 1.45764452977 21.2498575534 0.00753464155925 0.00011056
pedestrian -1 -1 -10 390.58 199.68 410.12 234.062 0.841907539131 0.696924152028 1.015999483 -5.88242940677 1.6022435947 20.315229375 0.00753464155925 7.6917e-05
pedestrian -1 -1 -10 418.39 241.16 438.218 279.396 0.55293923462 0.5719378449 0.160999964067 -2.81800966893 1.71574060981 11.7616446177 0.00753464155925 2.6682e-05
pedestrian -1 -1 -10 850.06 159.21 876.187 220.503 2.30574690985 0.707922626656 0.780999898255 8.30938622047 1.4309536997 22.3844684232 0.00753464155925 2.3982e-05
pedestrian -1 -1 -10 463.1 209.88 474.804 243.346 0.595934615606 0.682924793088 0.936999749412 -2.54787906523 1.39704037483 12.7412804878 0.00753464155925 8.0596e-06
pedestrian -1 -1 -10 469.0 212.48 479.556 245.231 0.948895844336 1.10887872281 1.15799963789 -2.50197448516 1.72339643741 13.5778312878 0.00753464155925 7.3555e-06
pedestrian -1 -1 -10 403.36 238.28 438.877 288.01 0.273969941852 0.273970153052 0.230999875882 -3.20298681823 1.0232173651 14.2120694863 0.00753464155925 2.7008e-06
pedestrian -1 -1 -10 453.74 207.8 464.899 244.768 0.456949818493 0.790912764104 0.720999973843 -2.90816806602 1.1863659256 14.9773931102 0.00753464155925 2.6457e-06
pedestrian -1 -1 -10 1190.6 40.688 1241.97 215.808 1.36185042835 1.06888314267 1.0119992973 6.746498954 0.72202160799 8.14028492208 0.00753464155925 2.3916e-07
pedestrian -1 -1 -10 900.9 168.64 971.485 259.49 1.99778069758 1.19086951905 0.510999523142 10.8163758521 1.55467288363 23.2770935565 0.00753464155925 2.2266e-07
pedestrian -1 -1 -10 856.02 180.57 918.023 273.425 0.353961082226 0.490947343424 1.12299980119 8.00067499459 1.83236518475 20.8286916201 0.00753464155925 2.1213e-07
pedestrian -1 -1 -10 885.6 192.48 946.942 271.948 0.220975787515 0.379957534526 1.17699968548 8.94318647031 1.71783996028 20.7647932794 0.00753464155925 2.1075e-08
pedestrian -1 -1 -10 0.0 187.09 78.783 284.178 1.64581928658 1.13087567206 0.787999865595 -6.86757492547 1.0056409067 8.96586713829 0.00753464155925 6.8329e-11
