pedestrian -1 -1 -10 1076.1 137.11 1169.33 320.54 1.83399178386 0.708999630153 0.488998007389 5.69166036351 1.45673189015 7.73669309945 0.00692802392802 0.99859
pedestrian -1 -1 -10 1068.0 131.84 1121.79 315.72 1.83399178386 0.66999962225 0.488998007389 5.69179545892 1.45670921198 7.75619263543 0.00692802392802 0.0068952
pedestrian -1 -1 -10 652.04 192.67 665.979 239.572 2.20699018687 0.848999401764 0.712997322188 1.1547300631 1.39081396569 12.4819487801 0.00692802392802 0.0047589
pedestrian -1 -1 -10 657.5 193.02 671.326 237.571 2.24998997748 1.1049987934 0.897996689497 1.248173596 1.43341053494 12.6093288672 0.00692802392802 0.0043034
pedestrian -1 -1 -10 668.35 190.04 682.09 233.082 1.46799340844 0.743999930683 1.04699605943 1.3508927925 1.43144633931 13.2075842079 0.00692802392802 0.0022956
pedestrian -1 -1 -10 1108.6 131.8 1174.04 276.65 1.83399178386 0.682999624884 0.488998007389 5.6915702999 1.45674700893 7.7236934088 0.00692802392802 0.0020678
pedestrian -1 -1 -10 645.09 192.72 656.614 229.529 1.63199270964 0.697999481205 1.15799564405 1.2572622306 0.611360848661 17.8752996351 0.00692802392802 0.0020621
pedestrian -1 -1 -10 583.14 165.09 603.887 217.67 0.754996626079 0.184999340572 1.18699551942 -0.178071893627 0.617656093276 17.584253364 0.00692802392802 0.0007517
pedestrian -1 -1 -10 662.52 155.38 684.068 204.837 0.10199957788 0.174999118468 0.49699811277 4.1153319571 -0.938549042402 39.7546249686 0.00692802392802 0.00066461
pedestrian -1 -1 -10 643.55 192.15 670.803 251.518 2.20699018687 0.867999442294 0.712997322188 1.15479587894 1.39080291733 12.4914485724 0.00692802392802 0.00060137
pedestrian -1 -1 -10 681.05 159.62 698.637 203.235 2.29998976588 0.598999571183 1.09999601252 1.84950227194 1.39669185436 14.4101353664 0.00692802392802 0.00014156
pedestrian -1 -1 -10 687.95 161.66 704.194 203.954 0.75199663341 0.188999047945 1.17099548747 2.38865596881 0.735523861905 17.6316107361 0.00692802392802 0.0001265
pedestrian -1 -1 -10 1077.8 161.61 1100.04 223.484 0.443998026848 0.433999721147 0.9219964692 8.41056235022 -0.45233435129 11.7280437798 0.00692802392802 6.1453e-05
pedestrian -1 -1 -10 1074.6 132.38 1148.46 258.72 1.83399178386 0.708999630153 0.488998007389 5.69166036351 1.45673189015 7.73669309945 0.00692802392802 5.924e-05
pedestrian -1 -1 -10 982.96 199.99 1025.76 259.49 2.18199020326 1.19699873869 1.19599560817 6.32669103804 1.31511963336 11.1100098315 0.00692802392802 2.7226e-05
pedestrian -1 -1 -10 1070.0 153.36 1096.41 247.97 2.28998976052 0.820999542809 1.18499549307 7.82239429599 1.39548484085 11.5556896396 0.00692802392802 1.8765e-05
pedestrian -1 -1 -10 1042.9 149.29 1101.08 303.81 2.28998976052 0.856998816509 1.1919959131 7.68302296889 1.39584750945 11.574655738 0.00692802392802 1.8403e-05
pedestrian -1 -1 -10 1081.9 152.48 1117.65 264.76 1.83399178386 0.708999630153 0.488998007389 5.69166036351 1.45673189015 7.73669309945 0.00692802392802 1.4638e-05
pedestrian -1 -1 -10 1075.6 107.35 1127.59 231.53 2.02399097681 0.671999475936 1.19199543627 8.02999445676 1.1249993686 11.4795895377 0.00692802392802 2.4002e-06
pedestrian -1 -1 -10 1111.8 129.81 1146.12 254.04 1.83399178386 0.708999630153 0.488998007389 5.69166036351 1.45673189015 7.73669309945 0.00692802392802 8.5177e-07
