pedestrian -1 -1 -10 143.36 181.69 171.758 239.183 1.46883867395 0.502945159252 0.60799961552 -16.7667042491 1.95527998142 27.2275965652 0.00753464155924 0.78262
pedestrian -1 -1 -10 142.86 188.11 159.212 239.487 2.80469207704 0.691923631744 0.549999068699 -14.9233404204 2.00938747909 23.6067961437 0.00753464155925 0.32989
pedestrian -1 -1 -10 491.47 173.14 506.542 203.742 0.100988927959 0.0789899119355 0.137000041986 -6.81965268741 1.0684868152 46.1562726095 0.00753464155925 0.06885
pedestrian -1 -1 -10 413.43 159.08 425.438 191.843 2.20175829624 0.595935383697 0.674999984109 -7.83065337332 1.20499211843 30.6977851822 0.00753464155925 0.045029
pedestrian -1 -1 -10 420.1 156.81 431.631 192.268 2.20175829624 0.78491385619 0.674999984109 -7.82994143753 1.20639094767 30.7922717364 0.00753464155925 0.036508
pedestrian -1 -1 -10 155.74 180.4 175.8 234.963 1.46883867395 0.502945159252 0.60799961552 -16.7667042491 1.95527998142 27.2275965652 0.00753464155924 0.026555
pedestrian -1 -1 -10 405.54 156.23 426.97 207.971 2.20175829624 0.78491385619 0.674999984109 -7.82994143753 1.20639094767 30.7922717364 0.00753464155925 0.0019895
pedestrian -1 -1 -10 702.98 165.51 719.588 209.215 2.13876513017 0.529942628791 0.210999901078 3.21329812405 1.31735322463 21.9962521876 0.00753464155925 0.0013741
pedestrian -1 -1 -10 858.54 170.86 872.738 207.433 1.57582697916 0.835908864525 0.0740003359291 9.12842210208 1.15171376512 25.2354213255 0.00753464155925 0.00087833
pedestrian -1 -1 -10 489.28 169.95 511.993 211.872 0.100988927959 0.0789899119355 0.137000041986 -6.81965268741 1.0684868152 46.1562726095 0.00753464155925 0.00069157
pedestrian -1 -1 -10 105.65 132.41 135.061 196.375 0.101988894691 0.202976877862 0.259998241945 -38.3139950586 -1.31566952787 58.2235059148 0.00753464155923 0.00056483
pedestrian -1 -1 -10 145.63 181.08 193.373 227.63 1.46883867395 0.502945159252 0.60799961552 -16.7667042491 1.95527998142 27.2275965652 0.00753464155924 0.00048385
pedestrian -1 -1 -10 119.16 179.52 160.499 240.594 0.58793547773 0.363958539615 0.656999386897 -20.8555689492 1.92663564649 32.0724746028 0.00753464155925 0.00040212
pedestrian -1 -1 -10 399.85 158.58 416.029 204.903 2.41873441946 0.609931881927 0.630999848805 -7.02926826358 1.49507496851 26.0764216456 0.00753464155925 0.00022346
pedestrian -1 -1 -10 1147.1 153.03 1164.09 208.346 1.84179777717 1.19786872174 0.646999637913 6.04849350946 1.30994611565 8.30791564862 0.00753464155925 7.7013e-05
pedestrian -1 -1 -10 1153.7 198.53 1172.47 243.331 1.91278999173 1.18287049838 0.727000013968 6.02149018483 1.31209354875 7.91205871838 0.00753464155925 7.2071e-05
pedestrian -1 -1 -10 89.633 122.17 140.747 216.759 0.100988838561 0.31396477962 0.586997806153 -39.039245702 -0.46281969688 58.1768342532 0.00753464155924 6.1708e-05
pedestrian -1 -1 -10 916.89 145.11 959.745 226.854 1.65481836139 1.1708712522 0.257999818026 7.50340214919 1.22788414479 16.1973739405 0.00753464155925 4.8522e-05
pedestrian -1 -1 -10 693.14 158.33 710.863 210.599 2.36873995673 0.486946164341 0.355999837618 3.6311664941 1.43228501597 28.2904734847 0.00753464155925 3.1039e-05
pedestrian -1 -1 -10 1146.5 228.98 1181.16 299.347 1.90679060853 1.1938694498 0.710999748022 6.01387641696 1.3068623197 7.96365631154 0.00753464155925 2.6955e-05
pedestrian -1 -1 -10 1148.4 177.06 1182.99 231.535 1.91079023706 1.18487013435 0.727000013968 6.02149710143 1.3101085955 7.91307331535 0.00753464155925 2.4817e-05
pedestrian -1 -1 -10 250.69 153.32 265.065 203.062 0.368959480644 0.0599909862824 0.176999991594 -22.5152580912 -0.097664951461 47.1914083616 0.00753464155925 2.2411e-05
pedestrian -1 -1 -10 430.03 179.06 443.838 222.119 0.864905045627 0.106986722675 0.171000428307 -10.0409468637 0.990375398968 43.1169321733 0.00753464155925 7.1911e-06
