pedestrian -1 -1 -10 829.68 190.15 841.114 223.636 1.19186913586 0.649928415635 0.691999700432 7.59819596418 1.80758011239 23.5341658709 0.00753464155925 0.54003
pedestrian -1 -1 -10 824.78 187.1 835.913 220.579 1.22386556817 1.16287270831 0.827999815204 7.53259965478 1.84432583201 23.8518959385 0.00753464155925 0.010526
pedestrian -1 -1 -10 351.65 200.33 371.18 235.513 1.68781465614 1.17387118294 0.736999286114 -7.70838438069 1.82634646287 22.1416818192 0.00753464155925 0.0044805
pedestrian -1 -1 -10 590.82 159.21 606.914 201.258 2.54772032403 0.416954137492 0.571999821804 -0.182577898421 1.56667851587 30.8598954371 0.00753464155925 0.0015792
pedestrian -1 -1 -10 342.69 192.5 364.119 237.722 1.56882773259 1.10687908683 0.462000228602 -7.87836119219 1.72735804372 23.0131673993 0.00753464155925 0.00046368
pedestrian -1 -1 -10 778.5 173.59 791.31 216.285 2.83968820095 0.512944292679 0.538999869338 7.73668726244 1.81061575648 31.3208467159 0.00753464155925 0.00031996
pedestrian -1 -1 -10 589.09 161.25 617.199 208.561 2.54772032403 0.416954137492 0.571999821804 -0.182577898421 1.56667851587 30.8598954371 0.00753464155925 0.00027401
pedestrian -1 -1 -10 746.7 170.85 759.465 204.434 1.97678297555 0.624931535638 0.589999971982 7.90117927713 1.55957512973 38.4789237902 0.00753464155925 3.2091e-05
pedestrian -1 -1 -10 346.21 189.43 378.001 242.891 1.05088458035 1.17287184174 0.119999848826 -8.11016664767 1.22805121099 23.8605882439 0.00753464155925 6.2334e-06
pedestrian -1 -1 -10 327.49 164.19 366.742 241.714 1.73180982879 1.13887516952 0.821999775079 -7.86036043437 1.87737573858 22.4749434629 0.00753464155925 3.2292e-07
