pedestrian -1 -1 -10 791.01 166.11 805.573 208.274 1.67281627262 0.537941172677 0.586000263123 6.04773069774 1.55642752948 23.12706721 0.00753464155925 0.016241
pedestrian -1 -1 -10 786.92 167.31 799.487 209.895 1.67281627262 0.537941172677 0.586000263123 6.04773069774 1.55642752948 23.12706721 0.00753464155925 0.012921
pedestrian -1 -1 -10 818.21 161.69 834.16 220.847 1.24086375292 0.739918709338 0.838999968239 6.63439380308 1.37255865595 22.2130456711 0.00753464155925 0.0049157
pedestrian -1 -1 -10 795.02 166.78 811.733 209.04 1.54483030499 0.537941172677 0.586000263123 6.04769123521 1.42844156185 23.1280148934 0.00753464155925 0.0035352
pedestrian -1 -1 -10 807.53 167.98 832.589 229.45 1.24086375292 0.739918709338 0.838999968239 6.63439380308 1.37255865595 22.2130456711 0.00753464155925 0.0029523
pedestrian -1 -1 -10 879.81 194.28 895.623 240.516 1.37984842897 0.789913422903 1.15900004194 6.18633434917 1.36440121267 15.7016724394 0.00753464155925 0.0020991
pedestrian -1 -1 -10 813.63 163.47 840.642 236.295 1.24086375292 0.739918709338 0.838999968239 6.63439380308 1.37255865595 22.2130456711 0.00753464155925 0.0013449
pedestrian -1 -1 -10 1188.6 210.76 1242.04 340.23 1.44384150219 0.758917158206 0.604999833876 5.24101780502 1.61348445155 5.80671583377 0.00753464155925 0.0013358
pedestrian -1 -1 -10 806.67 167.05 825.393 211.151 1.24086375292 0.739918709338 0.838999968239 6.63439380308 1.37255865595 22.2130456711 0.00753464155925 0.0013025
pedestrian -1 -1 -10 925.64 194.54 960.401 260.378 1.23186478054 1.07788198132 0.665000235125 6.99699483905 1.43703371171 15.5063684594 0.00753464155925 0.00083345
pedestrian -1 -1 -10 789.57 179.82 806.011 224.421 1.67281627262 0.537941172677 0.586000263123 6.04773069774 1.55642752948 23.12706721 0.00753464155925 0.00075993
pedestrian -1 -1 -10 793.64 177.33 813.244 224.982 1.54483030499 0.537941172677 0.586000263123 6.04769123521 1.42844156185 23.1280148934 0.00753464155925 0.00066636
pedestrian -1 -1 -10 801.28 166.06 818.383 208.412 1.10687846167 0.669926682489 0.709999820807 6.57011792257 1.23913841041 22.2495180822 0.00753464155925 0.00062677
pedestrian -1 -1 -10 920.09 213.64 957.212 271.258 1.40884528887 0.617932332953 1.173999427 6.69565835176 1.78336678357 14.8397295251 0.00753464155925 0.00057471
pedestrian -1 -1 -10 1196.6 219.97 1218.42 270.214 1.09188009119 0.266970950367 0.551999876802 8.93565864995 1.65286108678 10.5753514571 0.00753464155924 0.00019967
pedestrian -1 -1 -10 884.26 197.16 916.152 255.932 0.433952341796 0.665927410546 0.637999816144 6.97108907767 1.46135330605 17.0065041463 0.00753464155925 9.4728e-05
pedestrian -1 -1 -10 260.12 186.21 293.157 256.282 0.0999890208244 0.0 0.0 -5.81581321638 0.536286040555 12.4894361653 0.0 7.7385e-05
pedestrian -1 -1 -10 852.05 167.18 871.026 221.788 1.66381734681 1.18387031637 0.0889997209861 8.39886892881 0.74903726129 23.8123336428 0.00753464155925 5.8267e-05
pedestrian -1 -1 -10 827.32 162.1 853.81 230.121 0.961894398687 0.349962041385 0.46799979189 7.21579930594 0.842322404402 23.0335630523 0.00753464155925 5.4913e-05
pedestrian -1 -1 -10 894.52 208.44 934.332 267.512 0.433952341796 0.665927410546 0.637999816144 6.97108907767 1.46135330605 17.0065041463 0.00753464155925 3.8245e-05
pedestrian -1 -1 -10 114.09 180.54 131.548 229.031 0.495945556043 1.13687553355 1.00399987958 -6.44659748905 0.70089124912 9.46676563927 0.00753464155925 3.5673e-05
pedestrian -1 -1 -10 1174.9 216.06 1222.52 319.56 1.09188009119 0.266970950367 0.551999876802 8.93565864995 1.65286108678 10.5753514571 0.00753464155924 3.4674e-05
pedestrian -1 -1 -10 844.35 168.11 861.045 218.769 1.56082864034 1.10987901758 0.163000056915 8.41575497165 0.639692070988 24.6001711603 0.00753464155925 1.7123e-05
pedestrian -1 -1 -10 838.68 164.9 855.213 220.65 0.7169212929 0.783914514989 0.766999486739 6.68374944858 1.27873336078 19.3197853486 0.00753464155925 8.4597e-06
pedestrian -1 -1 -10 3.0347 147.68 52.9467 246.806 0.63093072462 1.18786958831 0.714999933718 -3.95341126217 0.421069297781 5.19603427438 0.00753464155925 2.7334e-07
