pedestrian -1 -1 -10 962.93 217.85 982.033 262.985 1.83479848683 0.811911325728 1.16399967802 6.06410029962 1.49097628839 12.1585984706 0.00753464155925 0.009037
pedestrian -1 -1 -10 962.2 212.97 975.024 255.666 1.84579731631 0.851906905866 1.19099962016 6.01875562741 1.50230429476 12.178856584 0.00753464155925 0.0086479
pedestrian -1 -1 -10 969.39 210.99 988.21 256.243 0.126986006861 0.501944864481 0.237999843222 7.79945569924 1.28320542372 14.3962688072 0.00753464155925 0.0013855
pedestrian -1 -1 -10 364.39 200.64 382.671 242.872 2.16476229847 1.10187856655 0.168999620203 -6.74005826786 1.8798109947 21.1359861399 0.00753464155925 0.0008679
pedestrian -1 -1 -10 374.81 197.34 391.386 241.014 1.39484682739 0.938898222397 0.19300025754 -6.75788053315 1.94046597292 21.7811139387 0.00753464155925 0.00059741
pedestrian -1 -1 -10 370.47 203.63 386.807 244.822 1.38384808731 1.00289038776 0.19300025754 -6.75928890683 1.92071460402 21.5953090556 0.00753464155925 0.00050553
pedestrian -1 -1 -10 1179.8 124.3 1208.84 168.479 0.404955481893 0.312965438419 0.721999901057 17.0281958701 -0.597387676978 20.9020340499 0.00753464155925 0.00049514
pedestrian -1 -1 -10 956.07 211.39 976.477 266.068 1.84579731631 0.851906905866 1.19499980586 5.98675623967 1.50232759333 12.1790973475 0.00753464155925 0.00041192
pedestrian -1 -1 -10 24.936 217.51 72.021 326.1 2.28674894249 1.19586908577 0.965999307567 -6.83736761478 1.6356476039 8.69752033852 0.00753464155925 0.00024503
pedestrian -1 -1 -10 70.226 108.87 97.37 179.666 1.63282070243 1.194868791 0.95799988985 -6.8460432592 0.979603407883 9.43705934079 0.00753464155925 0.00022476
pedestrian -1 -1 -10 0.0 251.59 41.2 330.522 2.27075066674 1.19586908577 0.562999553001 -6.97675408158 1.62606320358 8.31454124423 0.00753464155925 0.00021541
pedestrian -1 -1 -10 0.0 272.35 23.93 330.026 2.26875085247 1.19586860898 0.524999934658 -6.95741726465 1.62474602227 8.22638804086 0.00753464155925 9.6113e-05
pedestrian -1 -1 -10 64.254 121.15 87.964 181.522 1.68481497944 1.18586995234 0.965999784404 -6.84306143575 1.03255911757 9.29911850549 0.00753464155925 7.152e-05
pedestrian -1 -1 -10 905.85 142.66 954.266 205.665 1.7618065474 1.10487849729 1.173999427 5.50719712289 1.42055917351 12.3098166509 0.00753464155925 4.5834e-05
pedestrian -1 -1 -10 1144.5 116.76 1206.7 186.192 0.571937142378 0.301966963791 0.202000556146 15.5693736367 -0.381859272264 19.3233515849 0.00753464155925 1.5032e-05
pedestrian -1 -1 -10 348.19 127.29 377.152 200.904 1.61982217788 1.1478730546 1.13699973587 -6.40314519532 0.818996345461 19.072833191 0.00753464155925 1.0248e-05
pedestrian -1 -1 -10 1141.9 136.96 1190.64 194.372 1.03388644588 0.31396477962 0.871999473671 15.9859457759 0.0613290492421 20.8392814045 0.00753464155924 3.0744e-06
pedestrian -1 -1 -10 20.372 197.9 70.47 283.354 2.28274931395 1.19886901651 0.975999533388 -6.84250065935 1.63139257336 8.6800900639 0.00753464155925 3.029e-06
pedestrian -1 -1 -10 891.3 117.62 944.89 229.27 1.7098122108 1.09388002267 1.19200002421 5.4145286927 1.37127552283 12.4893844386 0.00753464155925 7.1033e-07
