pedestrian -1 -1 -10 615.78 173.03 648.004 236.944 1.52199319825 0.696000581192 0.713997305559 0.837232614553 1.38724301311 18.1201811501 0.00692802392802 0.99477
pedestrian -1 -1 -10 397.52 162.68 418.296 211.635 1.51799325645 0.392999382721 0.843996216593 -7.69954381683 1.04516650184 28.2766785743 0.00692802392802 0.95961
pedestrian -1 -1 -10 293.21 162.38 311.442 214.748 1.41299370676 0.679999844355 0.719997563408 -10.5206117338 0.959890864209 24.8285999056 0.00692802392802 0.9304
pedestrian -1 -1 -10 259.32 160.83 283.786 214.373 1.61399272382 0.769000485945 0.975997120917 -11.3199666359 0.968437670326 24.5285234341 0.00692802392802 0.83548
pedestrian -1 -1 -10 580.61 171.08 591.986 200.652 0.36199837625 0.372001395852 0.481998243005 -0.794287220069 0.284022282881 42.353474758 0.00692802392802 0.43607
pedestrian -1 -1 -10 271.26 162.22 290.581 214.367 2.23198999167 0.414999680617 0.317998645684 -5.93893479679 1.36969603703 13.0770685516 0.00692802392802 0.26928
pedestrian -1 -1 -10 288.65 165.12 304.932 210.902 1.41299370676 0.773000193318 0.935996355595 -10.6289306874 0.96024192486 24.7828494089 0.00692802392802 0.23628
pedestrian -1 -1 -10 419.94 166.29 430.224 193.827 0.343998464942 0.191001762652 0.279998681564 -12.1420713408 -0.211409944564 49.9812138054 0.00692802392802 0.14352
pedestrian -1 -1 -10 423.78 164.73 433.329 192.881 0.343998464942 0.191001762652 0.279998681564 -12.1420713408 -0.211409944564 49.9812138054 0.00692802392802 0.12442
pedestrian -1 -1 -10 280.15 162.95 298.356 212.465 1.41299370676 0.946000411773 1.08699581147 -10.7056098182 0.960647825709 24.6128771158 0.00692802392802 0.1034
pedestrian -1 -1 -10 254.52 158.26 275.832 205.023 1.61399272382 0.769000485945 0.793997644116 -11.4109641885 0.968687905629 24.5291541685 0.00692802392802 0.077725
pedestrian -1 -1 -10 603.07 173.59 638.286 236.291 0.0999995529652 0.0 0.0 1.06264450601 1.18919226752 38.6067219918 0.0 0.074705
pedestrian -1 -1 -10 406.86 164.77 428.97 202.203 1.68899249583 0.357999559027 0.597997804084 -7.57643300958 1.21584786439 28.2584243578 0.00692802392802 0.070696
pedestrian -1 -1 -10 261.25 153.59 290.271 249.522 2.23198999167 0.414999680617 0.317998645684 -5.93893479679 1.36969603703 13.0770685516 0.00692802392802 0.044046
pedestrian -1 -1 -10 625.17 175.35 641.456 222.789 1.52199319825 0.696000581192 0.713997305559 0.837232614553 1.38724301311 18.1201811501 0.00692802392802 0.035425
pedestrian -1 -1 -10 394.32 168.09 406.298 210.553 1.51799325645 0.392999382721 0.757996573857 -7.74254260531 1.04528474474 28.2769766133 0.00692802392802 0.031591
pedestrian -1 -1 -10 490.45 171.47 502.999 213.887 1.47199341357 1.10199853604 0.580998146392 -4.0185071726 1.12714656811 27.2877751043 0.00692802392802 0.025196
pedestrian -1 -1 -10 618.53 172.63 635.951 223.587 1.52199319825 0.696000581192 0.713997305559 0.837232614553 1.38724301311 18.1201811501 0.00692802392802 0.019222
pedestrian -1 -1 -10 267.76 154.83 281.163 199.332 1.94099140316 0.414999680617 0.317998645684 -5.93933606074 1.07869744853 13.0769021144 0.00692802392802 0.016539
pedestrian -1 -1 -10 990.87 182.2 1002.89 227.607 0.524997605384 0.293000976366 0.9989948907 17.1546884346 1.4243789096 30.243556791 0.00692802392803 0.012686
pedestrian -1 -1 -10 613.86 174.08 630.442 230.533 1.52199319825 0.696000581192 0.652997545106 0.806733466958 1.3873268831 18.1203925499 0.00692802392802 0.012352
pedestrian -1 -1 -10 273.07 154.83 288.395 198.358 1.94099140316 0.414999680617 0.317998645684 -5.93933606074 1.07869744853 13.0769021144 0.00692802392802 0.0072356
pedestrian -1 -1 -10 425.11 161.18 445.385 203.951 0.0999995529652 0.0179977295026 0.217998639719 -14.9370913854 -0.198152593909 64.3635890066 0.00692802392802 0.0049588
pedestrian -1 -1 -10 416.33 160.99 434.953 201.0 0.343998464942 0.191001762652 0.279998681564 -12.1420713408 -0.211409944564 49.9812138054 0.00692802392802 0.0029765
pedestrian -1 -1 -10 224.14 172.34 236.291 194.648 1.04099533111 1.04799962549 0.308998854955 -17.6597629844 0.560324860258 33.7930334166 0.00692802392802 0.0019756
pedestrian -1 -1 -10 249.98 157.18 267.673 200.735 0.581997391582 0.984000492833 0.333998379611 -17.9449527046 -1.20594530968 37.3343077978 0.00692802392803 0.0018652
pedestrian -1 -1 -10 484.88 169.94 499.779 209.726 1.47199341357 0.784999315435 0.580998146392 -4.0174090923 1.1269622358 27.4462709109 0.00692802392802 0.0013562
pedestrian -1 -1 -10 487.02 167.66 514.794 214.953 1.47199341357 0.958998983897 0.580998146392 -4.0190025208 1.12722972112 27.2162770442 0.00692802392802 0.0010719
pedestrian -1 -1 -10 573.47 167.24 586.912 199.829 0.100999550521 0.0919989916094 0.336998746953 -0.85310389578 0.0231773461812 42.3597294141 0.00692802392802 0.0007087
pedestrian -1 -1 -10 610.0 175.16 624.267 227.627 0.601997283101 0.535998934861 1.03599612314 1.13051507511 1.10109390932 43.7719833268 0.00692802392802 0.00056014
pedestrian -1 -1 -10 1120.1 153.74 1164.07 239.412 0.395998173952 0.01599882949 0.28599822416 34.946875881 1.07764663521 44.8108236491 0.0069280239278 0.00052263
pedestrian -1 -1 -10 984.22 173.28 1012.05 264.164 0.103999483586 0.0349998236935 0.145999360214 17.3475267273 1.01370140661 30.3709918182 0.00692802392807 0.00045273
pedestrian -1 -1 -10 598.98 173.57 609.851 205.807 0.10199957788 0.186004512621 0.207999215795 0.470625334981 0.586521722085 65.9697977239 0.00692802392802 0.00029211
pedestrian -1 -1 -10 208.09 161.58 227.192 204.386 1.28299429268 0.583999238026 0.173999133003 -17.7315699559 0.544170000674 33.2263579674 0.00692802392802 0.00028102
pedestrian -1 -1 -10 248.47 168.98 261.689 208.479 0.815996342897 1.12000198758 0.224999536587 -17.7604635222 0.323195281089 36.7716583504 0.00692802392802 0.0002774
pedestrian -1 -1 -10 600.98 174.13 621.54 232.966 0.0999995529652 0.0 0.0 1.06264450601 1.18919226752 38.6067219918 0.0 0.00021797
pedestrian -1 -1 -10 260.41 145.48 279.885 191.095 0.597997233272 1.10900040812 0.0550000986481 -17.7993316089 -1.22036682775 38.2257966915 0.00692802392802 0.00017324
pedestrian -1 -1 -10 574.84 165.72 598.197 201.224 0.36199837625 0.372001395852 0.481998243005 -0.794287220069 0.284022282881 42.353474758 0.00692802392802 0.0001671
pedestrian -1 -1 -10 478.52 167.96 493.059 210.176 0.631997179985 0.277000239529 0.59899772785 -6.75450134544 0.300320191379 41.6001080152 0.00692802392802 6.1203e-05
pedestrian -1 -1 -10 500.61 167.68 516.66 205.46 0.0999995529652 0.228004301053 0.305999560493 -8.72999172699 -0.214372467434 69.6976980901 0.00692802392802 5.9685e-05
pedestrian -1 -1 -10 480.2 159.47 506.745 216.336 1.47199341357 0.784999315435 0.580998146392 -4.0174090923 1.1269622358 27.4462709109 0.00692802392802 3.1452e-05
pedestrian -1 -1 -10 1097.2 152.51 1143.04 245.092 0.112999506295 0.600997517522 0.261998146435 26.3358018159 1.35362649886 35.8682471133 0.00692802392802 1.049e-05
pedestrian -1 -1 -10 996.96 173.93 1027.2 254.85 0.440997989476 0.313998963235 1.08599541087 13.275958038 1.50056732723 22.8208827207 0.00692802392803 4.7199e-06
pedestrian -1 -1 -10 1.7652 178.62 35.1782 233.598 2.02299093455 0.581000888007 1.19699600877 -16.5589407555 0.775037969426 20.0222451087 0.00692802392802 2.181e-06
pedestrian -1 -1 -10 3.7518 120.87 83.7638 228.54 1.99999103546 0.16700161107 1.18399652298 -15.7379555664 0.762532164683 20.2335614042 0.00692802392802 1.5512e-07
pedestrian -1 -1 -10 3.2486 167.9 59.2026 233.326 2.01799096167 0.329999700073 1.18599637051 -16.2515724752 0.774049188448 20.1456211528 0.00692802392802 1.0509e-07
