pedestrian -1 -1 -10 843.85 89.695 885.941 274.915 1.84279768431 0.68492442906 0.908999641635 3.70892883045 1.22501130101 10.376591849 0.00753464155925 0.084638
pedestrian -1 -1 -10 26.858 122.89 51.003 189.05 0.101988894691 0.361963671493 0.260002056641 -41.7184848307 -0.495375028259 53.7058902963 0.00753464155924 0.011202
pedestrian -1 -1 -10 62.394 173.24 80.041 233.087 0.105988404031 0.449947654235 0.190000475896 -26.0409877831 1.20308666246 35.738188763 0.00753464155925 0.0028664
pedestrian -1 -1 -10 972.59 144.19 987.457 181.168 0.393956712011 0.251971296657 1.00900046933 25.6513515311 -0.126325803053 49.2204214511 0.00753464155925 0.002382
pedestrian -1 -1 -10 878.48 155.58 898.919 206.342 1.09387987566 0.500944569711 0.943999955171 12.3107128929 1.06156834321 31.0955235234 0.00753464155925 0.0016047
pedestrian -1 -1 -10 46.144 126.76 61.046 174.059 1.32485450134 0.602934586382 0.501998747699 -17.4394799229 0.305290286199 23.1594623975 0.00753464155925 0.0013595
pedestrian -1 -1 -10 71.041 179.88 86.068 222.748 0.105988404031 0.449947654235 0.190000475896 -26.0409877831 1.20308666246 35.738188763 0.00753464155925 0.0006444
pedestrian -1 -1 -10 64.544 164.79 91.503 223.761 0.0999890208244 0.200978195461 0.0320014855653 -35.1453304625 0.544502982015 47.8856579158 0.00753464155923 0.00043777
pedestrian -1 -1 -10 848.12 92.831 878.673 194.451 1.48283719504 0.68492442906 0.908999641635 3.70881784208 0.865050811735 10.3792572081 0.00753464155925 0.00028508
pedestrian -1 -1 -10 36.531 122.36 63.824 187.754 1.50883434844 0.650929663976 0.501998747699 -17.4392430009 0.488625458617 23.1821117684 0.00753464155925 0.00022097
pedestrian -1 -1 -10 836.48 102.52 874.033 178.456 1.48283719504 0.68492442906 0.846999862793 3.67781883008 0.865073381933 10.3794904449 0.00753464155925 0.0001634
pedestrian -1 -1 -10 193.99 119.13 225.091 202.361 0.114987359645 1.01189017999 0.71400048334 -30.8294114808 -1.19126481049 56.400624427 0.00753464155925 5.4062e-05
pedestrian -1 -1 -10 370.36 153.91 387.339 200.014 0.367959603309 0.586933684331 0.728999868397 -16.9867485526 0.617077782013 53.8145838882 0.00753464155925 4.0552e-05
pedestrian -1 -1 -10 828.69 87.628 875.563 238.278 1.62282180989 0.68492442906 0.846999862793 3.67786199222 1.00505799678 10.3784539165 0.00753464155925 4.7055e-06
