pedestrian -1 -1 -10 191.84 190.36 202.794 215.148 0.685924678326 0.252972544997 0.170000024255 -16.2223776735 1.44437555037 28.8754927444 0.00753464155924 0.0084564
pedestrian -1 -1 -10 308.29 160.29 323.73 202.921 0.384957696799 0.0349960134245 0.949001021755 -21.6992795643 -0.796012462417 54.2981967189 0.00753464155925 0.0064245
pedestrian -1 -1 -10 295.35 156.7 311.804 201.101 0.100988898159 0.0429945573102 0.591998872737 -26.413146462 0.450573661187 62.6393051274 0.00753464155925 0.0014263
pedestrian -1 -1 -10 214.37 158.31 238.385 210.304 0.101988790394 0.268971539908 0.0209999020189 -21.386683122 0.702052364066 40.6606896334 0.00753464155925 0.0013889
pedestrian -1 -1 -10 296.41 159.64 322.8 206.676 0.384957696799 0.0279968107396 0.987998659964 -22.0218063138 -0.798843953065 54.2961687511 0.00753464155925 0.0011999
pedestrian -1 -1 -10 161.65 186.63 172.403 213.024 0.39395672691 0.069992026849 1.00999991971 -24.3198198071 0.996654877262 40.1740217327 0.00753464155925 0.00086488
pedestrian -1 -1 -10 310.64 156.72 333.048 209.153 0.0999890208244 0.0 0.0 -18.3077142486 0.827237795436 46.9459925026 0.0 0.00034903
pedestrian -1 -1 -10 1166.8 125.42 1199.83 201.162 0.362960127236 0.707922626656 0.448999267463 12.3003976209 -0.257930331604 15.2630385148 0.00753464155925 0.00017104
pedestrian -1 -1 -10 207.02 164.53 227.506 208.792 0.674925893545 0.179980587406 0.732000126878 -21.7554800351 0.97679677126 40.2250839601 0.00753464155925 0.00016401
pedestrian -1 -1 -10 1181.6 127.82 1202.13 185.804 0.0999890208244 0.0 0.0 26.8705097978 -0.782204491824 32.8715165527 0.0 0.000158
pedestrian -1 -1 -10 360.75 170.11 373.102 201.51 0.376958596171 0.605932609984 0.907998760747 -18.1658393151 0.64722749068 55.5988326777 0.00753464155925 0.00014932
pedestrian -1 -1 -10 1200.6 165.49 1234.08 241.761 0.102988712428 0.363958539615 0.639999193737 49.787152222 2.16758538317 58.2367250138 0.00753464155925 2.7067e-05
pedestrian -1 -1 -10 1136.4 192.03 1158.91 248.468 2.21375697326 0.791913058874 0.886998858728 14.833937952 2.1533084754 19.5675514738 0.00753464155925 2.1534e-05
pedestrian -1 -1 -10 950.88 175.26 976.814 225.857 0.105988344433 0.0399927194285 1.03899923944 29.3408443072 1.49557622572 58.5377725523 0.00753464155925 1.4864e-05
pedestrian -1 -1 -10 1186.7 126.35 1216.74 217.384 0.0999890208244 0.00599986148412 0.13700099566 20.6582181829 0.129060705409 24.9927411815 0.00753464155925 3.7491e-06
