pedestrian -1 -1 -10 384.13 159.69 402.233 203.022 1.10999502838 0.352996586954 0.485998236091 -11.8007561297 0.597344300833 39.7570919454 0.00692802392802 0.46291
pedestrian -1 -1 -10 402.68 164.97 419.65 198.346 0.835996264219 0.203998427429 0.386997677057 -10.9919415281 0.315679526537 41.0108517015 0.00692802392802 0.29115
pedestrian -1 -1 -10 884.79 142.13 940.73 280.74 1.74299218506 1.11199971182 0.868996694919 4.2684878422 1.44071195751 9.43712904929 0.00692802392802 0.17721
pedestrian -1 -1 -10 398.98 162.75 411.961 200.452 0.835996264219 0.203998427429 0.386997677057 -10.9919415281 0.315679526537 41.0108517015 0.00692802392802 0.17275
pedestrian -1 -1 -10 391.34 164.63 407.04 204.958 0.826996301115 0.580001438001 0.469998502165 -11.417307387 0.310653442889 40.3107797136 0.00692802392802 0.16381
pedestrian -1 -1 -10 818.19 160.89 861.612 266.36 1.7179922685 0.882998821777 0.865996923621 3.73577918507 1.42005409332 10.4223346057 0.00692802392802 0.13008
pedestrian -1 -1 -10 817.41 180.17 842.536 240.359 1.7179922685 0.879999518085 0.711997458027 3.65879169141 1.42026408669 10.4243679195 0.00692802392802 0.071568
pedestrian -1 -1 -10 833.98 156.99 870.841 248.67 1.7179922685 1.16599862237 0.974996243481 3.79075210168 1.41982456331 10.490455211 0.00692802392802 0.060446
pedestrian -1 -1 -10 455.55 187.92 467.604 220.296 2.07399076521 0.450000457984 0.639997463268 -5.80782690225 0.949696703397 31.1177093583 0.00692802392802 0.057037
pedestrian -1 -1 -10 277.61 183.8 301.647 223.98 2.30498973876 0.814998074403 1.17999587424 -11.102964303 0.978694503324 25.526654797 0.00692802392802 0.052246
pedestrian -1 -1 -10 409.4 165.99 423.782 198.082 0.379998295009 0.12099830057 0.428998289911 -14.7026967272 -0.200594551534 57.1901232252 0.00692802392802 0.036358
pedestrian -1 -1 -10 741.41 179.78 754.54 216.569 1.18699464649 0.495999953789 0.788997071615 3.7035331957 1.27190405345 17.6263729758 0.00692802392802 0.034121
pedestrian -1 -1 -10 756.03 180.69 767.727 215.624 2.11799059808 0.797999794907 0.908996506571 7.50862976185 1.17764953929 32.2747201294 0.00692802392802 0.030083
pedestrian -1 -1 -10 194.62 181.82 208.903 213.04 0.766996596753 0.401998247472 0.486997683022 -8.89987971448 -0.23344467869 15.9671407251 0.00692802392802 0.029874
pedestrian -1 -1 -10 500.51 169.11 513.705 211.165 1.4619934231 0.591998652771 0.416998251049 -3.75048026953 1.11556620267 27.1489070604 0.00692802392802 0.025313
pedestrian -1 -1 -10 161.8 169.81 202.485 247.507 2.08699068874 0.239999608476 0.198999372912 -3.73899373884 1.46239915087 6.28535224244 0.00692802392802 0.022302
pedestrian -1 -1 -10 745.91 180.04 768.668 228.243 2.11699049622 0.81299917439 0.755996726325 7.43217953008 1.17585109571 32.2827481567 0.00692802392802 0.018912
pedestrian -1 -1 -10 282.19 183.56 315.587 230.179 0.932995833456 0.925999967563 0.456998062701 -8.94729674642 1.03652192508 20.4859613435 0.00692802392802 0.017888
pedestrian -1 -1 -10 697.08 199.11 709.605 242.857 0.685996958613 0.20200048109 0.0599999558958 2.28789707139 1.29709709822 15.6274514555 0.00692802392802 0.017364
pedestrian -1 -1 -10 899.37 141.68 947.606 241.3 1.74299218506 1.02899958496 0.969996386233 4.39147733886 1.44012723024 9.65178147656 0.00692802392802 0.016992
pedestrian -1 -1 -10 261.83 185.05 282.888 223.691 0.712996833026 0.384998060629 0.553997820533 -9.15435592068 -0.23103517766 18.8455090789 0.00692802392802 0.011384
pedestrian -1 -1 -10 392.9 162.53 420.669 207.761 0.324998511374 0.342002636885 0.575998050726 -11.6061663673 -0.724528417559 41.7972128677 0.00692802392802 0.011288
pedestrian -1 -1 -10 449.62 188.81 464.008 223.07 2.17199031711 0.747998684382 0.663997540994 -5.45769218022 1.0498401186 25.7772110502 0.00692802392802 0.0083226
pedestrian -1 -1 -10 425.4 189.96 442.603 231.287 2.29798968136 0.425000856396 0.269998967069 -4.28796372978 1.27315446736 18.3116089959 0.00692802392802 0.0081233
pedestrian -1 -1 -10 827.87 163.18 849.12 250.671 1.7179922685 0.897999154935 0.825997111969 3.71572779874 1.42011781255 10.4149732418 0.00692802392802 0.0077339
pedestrian -1 -1 -10 828.3 231.47 848.441 281.137 1.3369940713 0.756000006474 0.645997721117 3.56799632196 1.3898847043 10.102175736 0.00692802392802 0.0073761
pedestrian -1 -1 -10 835.13 169.81 856.142 255.157 1.7179922685 0.990999503898 0.907996582805 3.75640439756 1.42005914848 10.3681900072 0.00692802392802 0.0071178
pedestrian -1 -1 -10 900.32 218.35 920.947 281.212 1.67499248907 0.959999387577 0.812997149341 4.24005598145 1.44087733946 9.36136367475 0.00692802392802 0.0069192
pedestrian -1 -1 -10 40.851 175.37 65.922 221.16 1.06299527735 0.929000224929 0.0869995665015 -16.5387758642 0.629130260573 21.644533716 0.00692802392802 0.0068973
pedestrian -1 -1 -10 982.12 171.36 1004.52 216.379 0.368998284638 0.278999139542 0.43699863371 25.1759137134 0.964579094751 44.8229009995 0.00692802392801 0.0063203
pedestrian -1 -1 -10 145.58 159.76 188.765 243.884 0.738996709883 0.182998533213 0.194998962595 -10.7481254314 0.673796181589 17.5935570124 0.00692802392802 0.0057981
pedestrian -1 -1 -10 407.35 162.26 442.509 236.793 0.378998297453 0.227996671664 0.474997644159 -13.9241621391 -0.203827540859 57.265227889 0.00692802392802 0.0056569
pedestrian -1 -1 -10 1191.3 156.55 1207.96 226.347 0.385998287797 0.0650023973556 0.113997985019 35.9824866669 1.03597832148 42.0240385161 0.00692802392802 0.0053036
pedestrian -1 -1 -10 735.38 179.1 749.936 217.358 2.12899046689 0.350999594289 0.34199872341 5.077280272 0.83874282313 24.9404837789 0.00692802392802 0.0052712
pedestrian -1 -1 -10 275.91 191.62 294.349 229.8 0.932995833456 0.987998292858 0.456998062701 -8.9483636548 1.03670102463 20.3319648614 0.00692802392802 0.0052051
pedestrian -1 -1 -10 191.41 179.32 212.584 223.643 0.368998344243 0.63199954119 0.150999455879 -10.751677391 1.01950054559 19.6117485386 0.00692802392802 0.0046522
pedestrian -1 -1 -10 397.54 161.56 428.968 232.924 0.835996264219 0.203998427429 0.386997677057 -10.9919415281 0.315679526537 41.0108517015 0.00692802392802 0.0044376
pedestrian -1 -1 -10 915.25 161.12 950.653 245.396 1.74299218506 1.13499945972 1.08099603046 4.48034208549 1.43982223168 9.70416673588 0.00692802392802 0.0036752
pedestrian -1 -1 -10 375.29 159.3 391.729 206.779 2.40598923862 0.468002002181 0.68499689375 -11.3650317397 0.725992605609 36.3868852596 0.00692802392802 0.0036224
pedestrian -1 -1 -10 252.94 183.85 271.274 223.214 0.872996129095 1.18299785554 0.337998074675 -9.48114354238 1.10091756979 19.6792495461 0.00692802392802 0.0031073
pedestrian -1 -1 -10 893.45 134.71 928.561 221.312 1.61099280566 1.17099968709 0.934996670246 4.37428777068 1.30809340093 9.72282562084 0.00692802392802 0.003028
pedestrian -1 -1 -10 845.46 151.88 924.41 286.19 0.606997315585 0.194999562677 0.444998023838 10.2551298999 1.26649211708 25.7970152388 0.00692802392802 0.0028557
pedestrian -1 -1 -10 285.65 191.52 303.889 236.029 1.98999114931 0.838998225985 0.968996224049 -10.9969495179 0.978390439129 25.538103512 0.00692802392802 0.0026025
pedestrian -1 -1 -10 833.13 157.58 858.802 223.991 1.7179922685 1.16599862237 0.932996584297 3.76975277652 1.41988230962 10.4906007644 0.00692802392802 0.0025301
pedestrian -1 -1 -10 912.17 174.63 938.482 258.454 1.74299218506 1.10199948971 1.04399599011 4.42872912255 1.43998303766 9.68802410118 0.00692802392802 0.0024919
pedestrian -1 -1 -10 429.06 181.72 451.058 231.097 2.162990354 0.622998769092 0.726997506605 -5.54461029455 1.0501506656 25.7153172833 0.00692802392802 0.002181
pedestrian -1 -1 -10 892.75 138.87 911.301 180.831 0.102999560535 0.114997785838 0.213999898326 18.988723791 -1.1141730668 44.6544989665 0.00692802392799 0.0020043
pedestrian -1 -1 -10 782.7 169.55 805.814 221.109 2.29798974097 1.15499799658 0.656997597796 4.83586983768 1.26012865004 17.3183603943 0.00692802392802 0.0019204
pedestrian -1 -1 -10 268.65 169.1 309.929 223.947 2.30498973876 0.846999548077 1.15399594898 -11.0898538 0.978640146843 25.5425650449 0.00692802392802 0.0018835
pedestrian -1 -1 -10 804.34 169.42 839.055 245.909 1.7179922685 0.796999391227 0.610997766713 3.60858056993 1.42035468965 10.4662170099 0.00692802392802 0.0018762
pedestrian -1 -1 -10 895.96 136.95 920.5 194.946 1.5439930737 0.508999479586 0.62199788181 4.97794271603 1.02397082049 10.9963833522 0.00692802392802 0.0016934
pedestrian -1 -1 -10 805.78 170.66 823.18 220.873 2.27698986679 0.838998225985 0.748997259963 5.07816225723 1.25991315547 16.9226839456 0.00692802392802 0.0016471
pedestrian -1 -1 -10 819.73 158.15 897.668 272.56 1.7179922685 1.10799905077 0.974996243481 3.79095301128 1.41979083706 10.5194543009 0.00692802392802 0.0015246
pedestrian -1 -1 -10 417.93 192.88 437.383 234.33 1.83599185348 0.269998367443 0.38499830636 -5.7073776186 1.05080140557 25.5401311901 0.00692802392802 0.001523
pedestrian -1 -1 -10 847.66 166.0 867.693 247.621 1.7179922685 1.1269990913 0.974996243481 3.79088719544 1.41980188542 10.5099545086 0.00692802392802 0.0014761
pedestrian -1 -1 -10 486.84 164.9 505.687 208.622 1.4619934231 1.09099886393 0.518997866128 -3.70121021592 1.11571612535 26.8990594543 0.00692802392802 0.0014681
pedestrian -1 -1 -10 51.876 181.69 72.21 223.034 1.09499510974 1.16999928341 0.329998684547 -16.6693362024 0.658175233349 21.9199610472 0.00692802392802 0.001267
pedestrian -1 -1 -10 249.31 188.17 264.992 225.41 1.17899472564 0.208999492155 0.267998642702 -11.0299928659 0.733452083181 22.9434548773 0.00692802392802 0.0012511
pedestrian -1 -1 -10 436.81 183.98 454.535 226.471 2.17199031711 0.747998684382 0.781997128418 -5.5166905567 1.05000235897 25.7776199877 0.00692802392802 0.0012199
pedestrian -1 -1 -10 768.49 165.09 813.62 228.436 2.29798974097 1.08499834919 0.575998050726 4.79561351466 1.260199314 17.3536400888 0.00692802392802 0.00082845
pedestrian -1 -1 -10 361.15 153.91 399.633 249.005 2.16099032909 0.468002002181 0.793996690445 -11.4191924949 0.726142471958 36.3874031352 0.00692802392802 0.00079867
pedestrian -1 -1 -10 241.55 181.28 262.68 222.501 1.63399267495 0.439000785873 1.18899566497 -12.4225816787 0.836602228516 25.2940166211 0.00692802392802 0.00078675
pedestrian -1 -1 -10 443.31 184.69 472.216 223.212 2.17199031711 0.747998684382 0.663997540994 -5.45769218022 1.0498401186 25.7772110502 0.00692802392802 0.00075273
pedestrian -1 -1 -10 1169.3 168.66 1191.18 224.218 1.58199295104 0.655000242766 0.64699692963 17.198387488 1.52333174742 20.5595149887 0.00692802392802 0.0007382
pedestrian -1 -1 -10 795.67 175.39 818.13 223.205 2.29798974097 1.13699835973 0.656997597796 4.83593218814 1.2601181834 17.3273599968 0.00692802392802 0.00072514
pedestrian -1 -1 -10 881.31 154.99 919.267 254.734 1.74299218506 1.11199971182 0.739996992398 4.20398954028 1.4408893222 9.43757610854 0.00692802392802 0.00070966
pedestrian -1 -1 -10 411.02 174.67 428.521 217.125 0.10399954319 0.227001036352 0.172998732402 -11.4111392719 0.709439808818 45.7322547471 0.00692802392802 0.0007005
pedestrian -1 -1 -10 483.8 167.74 499.037 205.522 0.833996269107 0.175998568474 0.611997690479 -6.20737388204 0.300498583256 41.8727096177 0.00692802392802 0.00068543
pedestrian -1 -1 -10 895.53 195.14 925.589 283.901 1.74299218506 0.997999468636 0.8809969722 4.34687131684 1.4402676239 9.63659022529 0.00692802392802 0.000638
pedestrian -1 -1 -10 841.05 158.19 863.915 206.275 1.7179922685 1.11999912656 0.974996243481 3.79091144321 1.419797815 10.513454407 0.00692802392802 0.00063346
pedestrian -1 -1 -10 201.1 179.35 216.397 216.276 1.37299383432 0.286998554287 0.886996753213 -13.7897515349 0.352397897172 25.271075865 0.00692802392803 0.00059278
pedestrian -1 -1 -10 247.51 177.24 279.783 225.166 0.758996646106 1.09900018602 0.337998074675 -9.48135353135 1.10097920836 19.626315606 0.00692802392802 0.00054679
pedestrian -1 -1 -10 617.66 178.5 634.326 209.905 0.517997667193 0.343002086891 0.879996750412 1.29090446785 0.882594253769 36.8279963954 0.00692802392802 0.00054389
pedestrian -1 -1 -10 613.46 181.57 628.458 209.729 0.517997667193 0.343002086891 0.879996750412 1.29090446785 0.882594253769 36.8279963954 0.00692802392802 0.00052917
pedestrian -1 -1 -10 572.82 162.37 592.895 193.632 0.373998317123 0.290000719 1.03099614669 -1.3599412134 -0.240131877943 57.8371586079 0.00692802392802 0.00045971
pedestrian -1 -1 -10 41.615 164.93 80.544 221.346 1.09199513197 1.16799847605 0.329998684547 -16.670080291 0.658300836279 21.8119646728 0.00692802392802 0.00045543
pedestrian -1 -1 -10 503.59 166.87 518.228 205.403 0.398998241126 0.12900153001 1.0239963227 -7.14742453531 -0.903850106669 57.5539604404 0.00692802392802 0.00041331
pedestrian -1 -1 -10 914.7 152.52 939.286 215.688 1.74299218506 1.02899958496 0.969996386233 4.39147733886 1.44012723024 9.65178147656 0.00692802392802 0.0003472
pedestrian -1 -1 -10 822.94 226.33 841.967 274.879 1.7179922685 0.685999405414 0.799997186712 3.70346251217 1.42003028443 10.5210606776 0.00692802392802 0.00031968
pedestrian -1 -1 -10 580.66 166.45 595.541 196.224 0.373998317123 0.229999386371 1.02799607737 -0.811276296566 -0.241670399563 57.8593553045 0.00692802392802 0.00031958
pedestrian -1 -1 -10 60.394 180.3 77.154 221.443 1.96799123287 1.15999906131 0.713998020812 -16.6792559798 0.660988749696 22.1035289945 0.00692802392802 0.00031906
pedestrian -1 -1 -10 145.38 145.4 168.448 197.74 1.02699538767 0.876999260719 0.817996768171 -9.8588950707 0.011167708644 15.9954188506 0.00692802392802 0.00027878
pedestrian -1 -1 -10 971.24 174.54 1018.53 224.624 0.327998518944 0.124000465284 0.148000161416 19.3333172543 0.880019824154 33.1715185169 0.00692802392799 0.0002758
pedestrian -1 -1 -10 906.65 143.97 933.423 212.629 1.61099280566 1.17099968709 0.969996386233 4.39178720831 1.30804527901 9.72270432641 0.00692802392802 0.00023464
pedestrian -1 -1 -10 128.09 176.45 154.031 231.949 1.54499308616 0.383998610622 1.17799602671 -16.4082218142 0.727734510962 25.1710508039 0.00692802392803 0.00022531
pedestrian -1 -1 -10 1203.6 167.18 1222.81 229.824 1.12199502327 0.794000087534 0.321999294419 18.1716370296 0.89867867587 20.5318125082 0.00692802392803 0.00022185
pedestrian -1 -1 -10 766.03 177.86 780.946 218.206 0.106999491155 0.0530013678907 1.0879952584 14.4125150485 1.2086904051 58.4382425432 0.00692802392802 0.00021076
pedestrian -1 -1 -10 528.04 158.23 570.045 196.9 0.0999995529652 0.155998124264 0.903996649324 -3.96799542096 -0.232793047749 57.7103913918 0.00692802392802 0.00019552
pedestrian -1 -1 -10 824.38 198.42 845.19 268.362 1.7179922685 0.730999451212 0.834996902699 3.72080607035 1.42000832964 10.4984399002 0.00692802392802 0.0001792
pedestrian -1 -1 -10 207.38 179.01 223.895 217.984 0.944995833933 1.11199875814 0.342999124011 -10.8447855794 1.0711700603 20.1231310393 0.00692802392802 0.00017382
pedestrian -1 -1 -10 159.07 154.68 182.697 209.734 1.02699538767 0.709999556996 0.817996768171 -9.85831658635 0.0110705997565 16.0789166986 0.00692802392802 0.00017044
pedestrian -1 -1 -10 152.77 148.62 176.099 200.65 1.02699538767 0.876999260719 0.817996768171 -9.8588950707 0.011167708644 15.9954188506 0.00692802392802 0.00015383
pedestrian -1 -1 -10 713.66 143.39 737.963 199.85 1.9809911266 0.270999724797 0.447998271971 5.30717145824 0.501736152167 30.5107222156 0.00692802392802 0.00014796
pedestrian -1 -1 -10 884.47 143.78 910.672 192.66 1.09199510217 0.404000008506 0.169999437939 6.17952613559 0.126298573095 14.8048717641 0.00692802392802 0.00011862
pedestrian -1 -1 -10 115.42 181.48 142.314 237.007 0.933995816112 0.860000027549 0.244998965578 -9.2505832605 1.12387065564 13.9190012312 0.00692802392802 0.00011372
pedestrian -1 -1 -10 1180.4 147.28 1200.7 207.449 0.102999545634 0.4710003522 0.724999566415 35.4427248319 0.0232740781431 42.1897670597 0.00692802392801 0.00011089
pedestrian -1 -1 -10 826.36 204.02 859.095 278.97 1.61799281836 0.840999033345 0.742997240532 3.61640187699 1.38970191121 10.1441773517 0.00692802392802 0.00010159
pedestrian -1 -1 -10 885.66 162.19 912.583 224.251 1.74299218506 1.11199971182 0.746996935596 4.20748942781 1.44087969781 9.43755184965 0.00692802392802 9.7967e-05
pedestrian -1 -1 -10 1.6237 42.111 93.3777 233.351 0.484997852147 0.821998992815 0.374998591865 -9.75629757153 -0.418076205982 12.4649369055 0.00692802392802 9.3117e-05
pedestrian -1 -1 -10 926.84 180.27 965.356 247.003 1.0389953658 1.05400014022 0.780997204652 8.57688459694 1.36400013795 17.1587912312 0.00692802392802 8.7742e-05
pedestrian -1 -1 -10 770.01 176.23 788.512 222.083 0.0999995529652 0.0 0.0 11.9532914194 1.20570144202 46.8734942014 0.0 7.919e-05
pedestrian -1 -1 -10 879.73 174.33 904.284 226.306 1.74299218506 0.95799953389 0.691997552201 4.25250551179 1.44050538632 9.65624527994 0.00692802392802 6.7068e-05
pedestrian -1 -1 -10 143.57 166.74 166.365 224.382 1.05999531448 0.722999082793 0.74199683993 -9.65334887985 1.08665702402 15.0762035906 0.00692802392802 6.6864e-05
pedestrian -1 -1 -10 562.31 167.65 593.389 203.292 0.10099953562 0.00400161471983 0.16999931873 -1.70385672979 0.813390426346 53.8438269463 0.00692802392802 6.5102e-05
pedestrian -1 -1 -10 715.42 123.43 737.092 178.111 0.0999995529652 0.0289993089611 0.13299987442 7.63791988207 -1.80621726243 42.3332783084 0.00692802392802 6.0114e-05
pedestrian -1 -1 -10 99.975 179.62 121.426 238.105 1.55299306661 0.153999224251 0.767998672529 -17.0779945797 0.735707849898 25.0606930926 0.00692802392802 5.698e-05
pedestrian -1 -1 -10 141.62 144.51 176.017 216.502 1.02699538767 0.876999260719 0.817996768171 -9.8588950707 0.011167708644 15.9954188506 0.00692802392802 5.2358e-05
pedestrian -1 -1 -10 838.77 181.94 884.181 277.219 1.7179922685 1.1269990913 0.974996243481 3.79088719544 1.41980188542 10.5099545086 0.00692802392802 4.7835e-05
pedestrian -1 -1 -10 635.65 176.81 658.532 205.441 0.101999548078 0.12499991529 0.0939995096988 2.65732519792 0.37790889268 32.3840770853 0.00692802392802 4.6202e-05
pedestrian -1 -1 -10 353.16 174.4 386.271 268.0 0.858996163309 0.303999694804 0.253999233142 -4.09491699584 1.40928199082 12.4956233675 0.00692802392802 4.3372e-05
pedestrian -1 -1 -10 1082.2 142.57 1127.31 215.457 0.660997034609 0.332999957439 0.506998065683 26.0182572942 0.249040011568 36.2658529499 0.00692802392802 3.8582e-05
pedestrian -1 -1 -10 511.56 165.9 524.283 200.076 0.789996466041 0.330997242732 0.605997671048 -4.79780986234 0.263488566213 39.357363896 0.00692802392802 3.6713e-05
pedestrian -1 -1 -10 942.57 185.38 975.271 238.541 1.16899477988 1.18399921289 1.12899547066 8.75125123747 1.40244709605 17.2215540232 0.00692802392802 3.6693e-05
pedestrian -1 -1 -10 280.17 151.44 317.454 219.386 2.30498973876 0.79499953754 0.812996672505 -10.9195383846 0.978201536584 25.5153839021 0.00692802392802 3.3301e-05
pedestrian -1 -1 -10 141.13 116.19 174.483 196.843 1.02699538767 0.876999260719 0.723997258472 -9.90589369657 0.0112969507505 15.9957446137 0.00692802392802 2.1866e-05
pedestrian -1 -1 -10 624.38 179.35 673.689 207.405 0.62799718976 0.506000175894 0.401998440888 1.95650344248 0.981089636933 28.6707343132 0.00692802392802 1.9669e-05
pedestrian -1 -1 -10 933.07 166.87 955.628 224.25 1.06999524534 0.849000355437 0.806997129909 8.80041975779 1.30260102405 17.842670174 0.00692802392802 1.9342e-05
pedestrian -1 -1 -10 895.87 160.81 978.693 270.15 1.73499220461 1.15599935393 1.06899575318 4.60740490236 1.43129492758 9.85878541099 0.00692802392802 1.4655e-05
pedestrian -1 -1 -10 609.1 176.15 648.452 200.021 0.517997667193 0.343002086891 0.879996750412 1.29090446785 0.882594253769 36.8279963954 0.00692802392802 1.2563e-05
pedestrian -1 -1 -10 868.0 163.94 902.994 210.097 0.963995668292 0.291999619013 0.732998002872 13.6730570375 -0.0498341957178 34.445312858 0.00692802392802 8.9237e-06
pedestrian -1 -1 -10 866.81 238.72 903.626 337.377 0.80399646163 0.204999784782 0.112999730177 2.65353554911 1.48836027887 6.6483500881 0.00692802392802 1.1875e-06
pedestrian -1 -1 -10 1099.4 171.14 1140.59 217.798 0.330998466909 0.170999411095 0.266999195771 20.8660555043 1.0007565472 27.9584075546 0.00692802392802 9.1593e-07
pedestrian -1 -1 -10 881.48 210.58 922.55 316.95 1.74299218506 0.99700001863 0.753997117211 4.28336945259 1.44044282012 9.63653064088 0.00692802392802 2.8972e-08
