pedestrian -1 -1 -10 682.29 181.38 695.782 222.623 1.07088236917 0.761917565733 0.357999930466 3.67228430649 2.15108111666 30.9647869141 0.00753464155925 0.0043715
pedestrian -1 -1 -10 300.55 142.63 318.103 198.78 0.379958272875 0.0759918883332 0.757999188133 -22.2074224809 0.638005746224 54.7403212567 0.00753464155925 0.0013589
pedestrian -1 -1 -10 970.9 181.33 991.567 225.353 0.102988697528 0.0369966029658 0.28999987308 8.27760582303 0.333101895435 15.8342514705 0.00753464155925 0.00068298
pedestrian -1 -1 -10 347.11 141.61 371.981 209.162 0.373958926917 0.131985509812 1.10700001209 -18.5432449436 0.632908682153 54.6837401899 0.00753464155925 0.00040298
pedestrian -1 -1 -10 955.16 163.22 972.693 203.512 1.54783005619 0.984892710449 1.16600000928 10.5445027016 0.659542849084 21.1667698912 0.00753464155925 9.1492e-05
pedestrian -1 -1 -10 355.98 144.79 384.896 213.615 0.372959034683 0.248973273054 0.598998840077 -18.1808144171 0.632511177024 54.7395161995 0.00753464155925 8.1253e-05
pedestrian -1 -1 -10 955.7 172.32 986.597 221.931 1.54783005619 0.954895310169 1.14699900802 10.7741089613 0.659597798833 21.1800414572 0.00753464155925 4.2909e-05
pedestrian -1 -1 -10 960.49 161.49 978.577 204.338 1.54783005619 0.984892710449 1.15499937941 10.7019979857 0.659428177693 21.1655848959 0.00753464155925 3.9952e-05
pedestrian -1 -1 -10 965.33 153.8 987.078 203.265 1.54683011926 1.05188480656 1.05899969109 10.8177422956 0.658847842161 21.1312096371 0.00753464155925 8.775e-06
pedestrian -1 -1 -10 938.63 177.81 989.414 229.855 0.601933924315 0.558938780731 0.652999678038 7.82999984982 0.801069784614 15.0032743725 0.00753464155924 6.2013e-06
pedestrian -1 -1 -10 961.53 181.3 1009.59 235.989 1.4008462255 0.972892987481 1.18699943447 7.76868823422 1.59696165809 14.7908389565 0.00753464155925 5.2269e-06
pedestrian -1 -1 -10 947.34 144.75 983.225 203.793 1.54783005619 0.984892710449 1.16600000928 10.5845015191 0.65951372618 21.1664689399 0.00753464155925 3.3636e-06
pedestrian -1 -1 -10 983.53 178.4 1032.74 241.088 1.41584456432 1.01988872387 1.1629997508 8.24066793676 1.61159414075 14.7856767492 0.00753464155925 8.2851e-07
pedestrian -1 -1 -10 1004.3 162.48 1105.59 239.445 1.56282843971 0.889902850033 1.19200002421 9.08770518966 1.76599782628 14.7130876196 0.00753464155925 2.4198e-07
pedestrian -1 -1 -10 1151.0 114.59 1226.06 323.53 0.224975296855 0.116987763242 0.232999730312 6.60943021882 0.700301809466 8.14522554577 0.00753464155925 1.7324e-08
