pedestrian -1 -1 -10 333.28 165.07 348.717 194.893 0.359960487782 0.162984158434 0.573999229199 -18.4400210856 0.584054306005 51.7266750173 0.00753464155925 0.04467
pedestrian -1 -1 -10 154.63 184.08 165.024 212.854 0.440951572538 0.215977849171 0.225999762972 -16.2970692806 1.12687690181 26.5431196133 0.00753464155924 0.0023727
pedestrian -1 -1 -10 109.02 165.84 124.759 215.266 0.644929186106 0.0649915065657 0.915998178464 -24.2006372035 0.876330462192 35.7026443519 0.00753464155925 0.0022926
pedestrian -1 -1 -10 337.66 160.99 363.412 195.839 0.359960487782 0.379959441666 0.707999966378 -18.3722052057 0.585611588013 51.8346554826 0.00753464155925 0.0013601
pedestrian -1 -1 -10 280.5 154.87 296.515 200.989 0.38595769333 0.0719907092506 1.0539986245 -21.7240584666 -0.0774421812313 49.8056337292 0.00753464155925 0.0010467
pedestrian -1 -1 -10 115.65 177.48 132.347 215.414 0.823909508708 0.205976808604 0.224000862217 -16.3202631575 1.23111569561 24.3992894906 0.00753464155924 0.00069511
pedestrian -1 -1 -10 149.02 175.8 164.551 211.899 1.12787612224 0.57093659656 1.17100107587 -22.0653273981 1.16037275447 35.930959687 0.00753464155925 0.00068772
pedestrian -1 -1 -10 157.11 178.26 175.241 214.831 1.12287673556 0.57093659656 0.688998965114 -21.7813360515 1.15616647203 35.9288451387 0.00753464155925 0.00057078
pedestrian -1 -1 -10 350.19 162.04 365.39 198.729 0.103988530165 0.0639959796443 0.638999743359 -25.7978995367 -1.33790611724 75.0043714374 0.00753464155925 0.00021585
pedestrian -1 -1 -10 150.62 172.44 180.792 212.362 1.12287673556 0.57093659656 0.688998965114 -21.7813360515 1.15616647203 35.9288451387 0.00753464155925 8.6978e-05
pedestrian -1 -1 -10 274.69 155.43 307.79 209.273 0.383957819464 0.210975421748 0.962999049086 -21.5670388697 -0.0765273519739 49.8739318326 0.00753464155925 4.9361e-05
pedestrian -1 -1 -10 231.49 157.36 273.143 206.364 0.0999890208244 0.0619934829634 0.57699948768 -13.093426724 0.180888100104 27.2895664359 0.00753464155925 7.5455e-06
pedestrian -1 -1 -10 1202.6 190.59 1223.54 246.518 0.330963605529 0.272970811851 0.336999790029 26.0878942462 2.19773928146 30.7212132832 0.00753464155924 4.1922e-06
