pedestrian -1 -1 -10 242.69 180.08 271.598 232.671 1.5768268984 0.473949007312 0.601999098558 -11.6731024202 1.77707250847 24.2537500928 0.00753464155925 0.95418
pedestrian -1 -1 -10 261.13 183.04 279.898 223.693 1.16787172223 0.596934724898 0.803999654704 -12.1776325905 1.81642961513 26.8197950642 0.00753464155925 0.30838
pedestrian -1 -1 -10 290.53 177.3 312.389 218.279 0.349961587785 0.402959546402 0.817001092679 -20.4078580862 0.534539170224 48.5037136168 0.00753464155925 0.05978
pedestrian -1 -1 -10 268.27 183.71 285.54 221.802 1.17987048864 0.701924672311 0.803999654704 -12.1772333637 1.82920552301 26.8721997019 0.00753464155925 0.054795
pedestrian -1 -1 -10 236.0 175.15 261.701 235.795 0.0999890208244 0.0 0.0 -25.3135439171 1.98576188371 51.0031832559 0.0 0.016704
pedestrian -1 -1 -10 253.08 184.09 288.305 231.739 1.17987048864 0.701924672311 0.728999868397 -12.2147321955 1.82923282569 26.8724818433 0.00753464155925 0.0064479
pedestrian -1 -1 -10 289.8 174.86 329.853 219.665 1.36385019047 0.5709385037 0.594999131218 -13.1826216253 1.72729596471 31.2957549107 0.00753464155925 0.0063169
pedestrian -1 -1 -10 559.98 152.46 572.744 193.837 0.100988898159 0.141990364658 0.459999897335 -3.99350326653 0.0685182620017 74.1071401278 0.00753464155925 0.0049437
pedestrian -1 -1 -10 555.27 152.76 568.535 191.464 0.102988712428 0.177981905004 0.345999611798 -4.38029115931 -0.310375797222 70.3191572365 0.00753464155925 0.0046458
pedestrian -1 -1 -10 274.82 180.07 304.783 225.868 0.35296122724 0.278972580475 0.687000064359 -21.1285319579 0.540595010128 48.8151182682 0.00753464155925 0.0034339
pedestrian -1 -1 -10 299.3 177.14 320.055 218.295 1.36385019047 0.5709385037 0.594999131218 -13.1826216253 1.72729596471 31.2957549107 0.00753464155925 0.0033756
pedestrian -1 -1 -10 1036.6 165.99 1062.26 232.85 2.08977054477 1.17487052414 1.1869999113 9.90409458134 1.294854918 16.0955020458 0.00753464155925 0.00080381
pedestrian -1 -1 -10 240.62 184.66 255.919 233.26 0.0999890208244 0.0 0.0 -25.3135439171 1.98576188371 51.0031832559 0.0 0.0005229
pedestrian -1 -1 -10 131.13 161.31 148.449 206.033 0.101988775495 0.141990364658 0.482997746436 -41.450143528 1.77851022899 64.3626797704 0.00753464155925 0.00038868
pedestrian -1 -1 -10 550.02 151.6 564.76 195.052 0.102988712428 0.177981905004 0.345999611798 -4.38029115931 -0.310375797222 70.3191572365 0.00753464155925 0.00012622
pedestrian -1 -1 -10 1100.9 144.76 1128.99 222.307 2.2177564528 1.1688725698 0.687999514737 15.3832759156 1.40310504037 21.7433475096 0.00753464155925 1.2149e-05
pedestrian -1 -1 -10 241.47 154.99 268.209 212.974 0.0999890208244 0.0 0.0 -25.1254182304 1.68830981185 50.9151572477 0.0 2.0408e-06
pedestrian -1 -1 -10 286.65 139.55 332.521 215.556 0.33796288097 0.360960516013 0.757999188133 -18.9242278761 0.498347825413 46.391692025 0.00753464155925 1.0714e-06
