pedestrian -1 -1 -10 656.42 172.49 671.145 208.964 1.57482705713 0.644929802491 0.598999793751 2.71593566763 1.7442601888 33.5776030952 0.00753464155925 0.98848
pedestrian -1 -1 -10 651.81 173.31 665.68 211.234 1.57482705713 0.644929802491 0.598999793751 2.71593566763 1.7442601888 33.5776030952 0.00753464155925 0.0082389
pedestrian -1 -1 -10 663.55 170.51 675.151 209.398 1.57482705713 0.644929802491 0.598999793751 2.71593566763 1.7442601888 33.5776030952 0.00753464155925 0.0077282
pedestrian -1 -1 -10 372.8 163.25 413.608 243.034 1.390847251 0.735919437395 0.773999692497 -3.67893839323 1.50790837824 13.2306113648 0.00753464155925 0.0020585
pedestrian -1 -1 -10 457.62 173.37 480.037 238.368 1.45384031418 1.16887161623 0.714999695299 -2.82938787725 1.48044681907 13.5056216713 0.00753464155925 0.0013281
pedestrian -1 -1 -10 355.52 162.82 455.404 226.332 1.390847251 0.702923059942 0.891999686894 -3.61981575922 1.50810966294 13.2466651815 0.00753464155925 0.00037122
pedestrian -1 -1 -10 479.57 166.75 499.027 226.48 1.14387442779 0.374958921383 0.664999758288 -3.72042812275 1.05069994818 24.5619263073 0.00753464155925 0.00036624
pedestrian -1 -1 -10 707.35 180.64 725.656 227.95 0.857905755286 1.17387118294 0.108000006994 3.28562045006 1.66378341485 21.6110463185 0.00753464155925 0.00036234
pedestrian -1 -1 -10 950.37 185.41 988.685 260.083 1.56882774842 0.849907269895 0.141999678059 7.75052637825 1.78729780054 15.6230163268 0.00753464155925 0.00031526
pedestrian -1 -1 -10 961.66 175.0 995.645 252.123 2.51172426318 1.05988335044 0.687999991574 7.62858838198 1.78243136918 14.2157915092 0.00753464155925 0.00031428
pedestrian -1 -1 -10 467.39 169.68 491.689 232.504 1.01488852323 1.16087211877 0.232000041515 -2.62253270539 1.35349354268 15.2709373897 0.00753464155925 0.00025979
pedestrian -1 -1 -10 411.59 166.24 473.841 244.433 1.36085052121 0.759916976192 1.11099972094 -3.02937642324 1.47661651118 13.2379600128 0.00753464155925 1.6798e-07
