pedestrian -1 -1 -10 34.146 39.068 101.384 267.998 1.72581054615 0.872904275529 0.255999963597 -2.48716119077 1.24164825255 3.13716066528 0.00753464155925 0.0035475
pedestrian -1 -1 -10 11.443 37.871 110.932 347.531 1.82479965389 0.872904275529 0.419000020512 -2.4056329473 1.34057802226 3.13581450242 0.00753464155925 0.0014776
pedestrian -1 -1 -10 453.82 161.83 482.184 218.548 2.31674567973 0.982892120908 0.544999909463 -2.5047143712 1.6347456219 14.1523674398 0.00753464155925 0.00018885
pedestrian -1 -1 -10 1040.2 157.75 1171.24 309.03 1.98278235876 1.19786872174 0.343000306991 6.57872291775 1.32684874331 9.40486601794 0.00753464155925 0.00014794
pedestrian -1 -1 -10 458.92 134.96 471.917 184.554 1.82879916323 0.55693819119 0.330999749904 -2.61373359415 1.16217429449 13.906538667 0.00753464155925 8.3743e-05
pedestrian -1 -1 -10 240.49 166.63 262.033 217.562 0.898901292205 0.383956806469 1.11300052905 -20.0920086392 0.997473870504 41.2870498833 0.00753464155925 7.0568e-05
pedestrian -1 -1 -10 187.88 185.7 207.477 230.25 1.28685867465 0.922899227486 0.327999014586 -16.05062555 2.01453985944 28.1511058605 0.00753464155925 2.8783e-05
pedestrian -1 -1 -10 829.77 234.56 849.806 287.925 1.03988581419 1.03488599366 0.242000028918 2.35452648571 1.64274468404 7.52427586882 0.00753464155925 4.5446e-06
pedestrian -1 -1 -10 856.24 140.85 961.01 256.93 1.8337986095 1.18787054188 0.520999748963 6.84482952149 1.06856754509 15.948484861 0.00753464155925 1.1625e-06
pedestrian -1 -1 -10 704.24 186.86 728.071 260.229 1.29885741126 0.735919437395 0.775999785345 2.82801979493 1.75800892378 17.557802814 0.00753464155925 8.4712e-07
pedestrian -1 -1 -10 666.12 175.02 686.172 221.228 0.26897043598 0.134985440554 0.156999778372 2.84650255165 1.06663654854 28.4712819084 0.00753464155925 5.407e-07
pedestrian -1 -1 -10 1097.5 165.45 1141.16 251.87 2.01977823734 1.19186886025 0.341999902939 6.58245974268 1.36634661218 9.16849434245 0.00753464155925 3.1569e-07
