pedestrian -1 -1 -10 447.62 162.45 482.076 238.566 1.73980899274 0.880903057807 0.643999856269 -2.61647985397 1.50943320193 12.7726041975 0.00753464155925 0.92847
pedestrian -1 -1 -10 444.4 161.35 465.818 240.738 1.44584124196 0.744919229621 0.643999856269 -2.61521442168 1.21812989687 12.9547559095 0.00753464155925 0.29801
pedestrian -1 -1 -10 461.41 166.84 478.287 225.283 1.73980899274 0.992891254335 0.643999856269 -2.6160579625 1.51026214483 12.8285967064 0.00753464155925 0.16019
pedestrian -1 -1 -10 434.84 155.62 483.535 271.15 1.73980899274 0.992891254335 0.643999856269 -2.6160579625 1.51026214483 12.8285967064 0.00753464155925 0.072681
pedestrian -1 -1 -10 464.23 164.83 491.98 222.128 1.73980899274 0.967894374338 0.628999755957 -2.60846395425 1.51044171255 12.8410383628 0.00753464155925 0.051103
pedestrian -1 -1 -10 427.77 168.71 473.13 236.379 1.73980899274 0.967894374338 0.643999856269 -2.61596379213 1.51044717314 12.8410947916 0.00753464155925 0.049657
pedestrian -1 -1 -10 468.13 167.32 481.383 222.327 1.73980899274 0.992891254335 0.643999856269 -2.6160579625 1.51026214483 12.8285967064 0.00753464155925 0.015011
pedestrian -1 -1 -10 441.26 167.47 456.448 233.564 1.73980899274 0.967894374338 0.643999856269 -2.61596379213 1.51044717314 12.8410947916 0.00753464155925 0.014863
pedestrian -1 -1 -10 617.53 173.85 629.945 222.698 0.283968834399 0.14298398444 0.0979999748886 0.488677251388 1.77695001882 31.2930302415 0.00753464155925 0.013218
pedestrian -1 -1 -10 512.18 210.09 527.282 244.399 0.513943601366 0.458949353601 0.690999773218 -2.81268711172 2.04764374791 21.2072061503 0.00753464155925 0.012199
pedestrian -1 -1 -10 488.34 171.51 507.623 211.205 2.21075731146 1.17587081891 0.51799984811 -1.45485187182 1.63480519384 9.53953641808 0.00753464155925 0.0088009
pedestrian -1 -1 -10 476.23 166.87 498.461 215.431 2.1627624842 1.14787400817 0.290999919504 -1.56947088494 1.58471703218 9.3937657124 0.00753464155925 0.0082801
pedestrian -1 -1 -10 505.74 207.76 522.53 243.186 2.2897485745 0.948896402254 0.795999700545 -1.14143256735 1.69825579124 10.1234013246 0.00753464155925 0.0065799
pedestrian -1 -1 -10 15.594 177.22 46.364 236.135 1.11787728929 0.787912833362 0.976999937439 -9.38740968091 0.391499022529 11.7559193282 0.00753464155925 0.0061596
pedestrian -1 -1 -10 609.72 174.35 635.69 222.292 2.51272408092 1.18786958831 0.381999874899 0.405094149389 1.79051055151 17.4995524146 0.00753464155925 0.0053156
pedestrian -1 -1 -10 620.52 175.84 633.257 211.975 0.598934217812 0.541940444619 0.516999831488 0.924684307552 1.01580977306 27.4603148668 0.00753464155925 0.0045996
pedestrian -1 -1 -10 111.77 171.72 131.586 226.364 0.590935124634 0.426953270919 0.275000488024 -10.8799278685 0.495845716518 16.5748833324 0.00753464155925 0.0042076
pedestrian -1 -1 -10 104.41 170.78 139.766 247.431 0.590935124634 0.426953270919 0.275000488024 -10.8799278685 0.495845716518 16.5748833324 0.00753464155925 0.0035646
pedestrian -1 -1 -10 522.49 167.82 536.928 206.797 2.23275485122 0.767915520078 0.591999826411 -1.40723501203 1.63468165214 10.9515373085 0.00753464155925 0.0033449
pedestrian -1 -1 -10 483.1 178.76 502.235 225.475 2.22975515962 1.1818706804 0.537999822914 -1.44482370657 1.65384017258 9.5423203546 0.00753464155925 0.002806
pedestrian -1 -1 -10 501.5 182.32 518.17 224.721 0.242973327278 0.186979790091 0.435999975254 -3.3556150303 0.842055336757 23.5154551848 0.00753464155925 0.0025237
pedestrian -1 -1 -10 602.14 180.5 614.248 213.138 2.42173405147 1.17887170323 0.372999881767 0.0144701987854 1.70390776015 16.1594187444 0.00753464155925 0.0024748
pedestrian -1 -1 -10 466.28 158.23 508.426 255.373 0.944896275398 0.639929282208 0.941999623904 -3.35032052303 1.8274552258 20.5691169904 0.00753464155925 0.0018561
pedestrian -1 -1 -10 505.73 187.77 522.46 232.119 2.2897485745 0.948896402254 0.787999746386 -1.14543243121 1.69825870352 10.1234314196 0.00753464155925 0.001637
pedestrian -1 -1 -10 23.418 166.7 54.708 233.755 0.842907472339 0.681924498318 0.924000457203 -9.36059618534 0.117294443412 11.8107486512 0.00753464155925 0.0016129
pedestrian -1 -1 -10 607.42 177.34 621.686 212.137 1.152873443 0.248973273054 0.174999949038 0.257531372852 1.68791488611 25.2776914321 0.00753464155925 0.0012715
pedestrian -1 -1 -10 927.94 167.57 947.5 212.265 0.394956634044 0.433954380743 0.801999800274 19.6588268074 1.0116502993 42.8828559947 0.00753464155925 0.00058098
pedestrian -1 -1 -10 282.53 214.21 299.834 254.275 2.54172094082 1.17187154697 0.655999459682 -6.51843677725 1.81171906477 14.9292583762 0.00753464155925 0.00028817
pedestrian -1 -1 -10 436.43 152.65 457.623 204.561 1.20886726659 1.18986827071 0.293000131561 -4.82733712617 0.370201287023 21.988965271 0.00753464155925 0.0001926
pedestrian -1 -1 -10 375.81 125.62 395.124 177.314 1.55182962513 1.16187145997 0.649999419557 -5.83034400863 0.769387902638 18.4476624104 0.00753464155925 0.00010067
pedestrian -1 -1 -10 919.94 203.41 939.712 256.726 1.4268432597 0.782914220218 1.18999969295 5.43886795567 1.76426741025 12.3497704642 0.00753464155925 1.7776e-05
pedestrian -1 -1 -10 915.06 181.19 936.257 234.001 0.0999890208244 0.0 0.0 18.6447612032 1.51867395273 41.4856160475 0.0 3.7989e-09
