pedestrian -1 -1 -10 862.7 163.45 883.305 225.92 1.77280540668 0.597934066099 0.720999973843 7.81925861656 1.62973256129 21.128100474 0.00753464155925 0.99049
pedestrian -1 -1 -10 903.0 160.66 929.992 224.499 1.79480288685 0.701924672311 0.507999264661 9.21966354449 1.48877187103 21.2578169891 0.00753464155925 0.98818
pedestrian -1 -1 -10 212.45 186.86 228.009 234.359 1.30385679794 0.386958644351 0.62499980868 -13.8304640161 1.94995563982 26.1111799384 0.00753464155925 0.67473
pedestrian -1 -1 -10 699.11 176.25 710.824 202.043 0.390957065106 0.475945782574 0.95099992251 6.26737882569 1.0530042881 45.8605136238 0.00753464155925 0.54012
pedestrian -1 -1 -10 206.06 185.52 232.131 248.672 1.30385679794 0.386958644351 0.62499980868 -13.8304640161 1.94995563982 26.1111799384 0.00753464155925 0.41551
pedestrian -1 -1 -10 705.05 177.63 716.216 202.022 0.632930434592 0.486946164341 0.942999551119 6.77163631011 1.911119697 46.087335486 0.00753464155925 0.35471
pedestrian -1 -1 -10 443.47 172.9 464.122 240.786 1.58082641053 0.666926751747 0.528999643517 -4.12657947874 1.77419500273 19.4438055265 0.00753464155925 0.08797
pedestrian -1 -1 -10 896.09 155.21 921.476 217.129 1.79480288685 0.701924672311 0.507999264661 9.21966354449 1.48877187103 21.2578169891 0.00753464155925 0.074549
pedestrian -1 -1 -10 204.42 189.26 224.723 235.111 1.30385679794 0.386958644351 0.62499980868 -13.8304640161 1.94995563982 26.1111799384 0.00753464155925 0.061068
pedestrian -1 -1 -10 870.81 162.86 894.438 219.379 1.80080229985 0.522945333246 0.70900037043 13.5291239938 1.05882585863 36.0312971651 0.00753464155925 0.059802
pedestrian -1 -1 -10 878.33 161.01 903.784 217.037 0.287968403337 0.0679914373078 0.0240001604999 11.2327970484 1.1702093421 29.4663462039 0.00753464155925 0.034478
pedestrian -1 -1 -10 909.55 160.08 947.918 212.529 1.79480288685 0.701924672311 0.507999264661 9.21966354449 1.48877187103 21.2578169891 0.00753464155925 0.031511
pedestrian -1 -1 -10 852.25 168.37 870.489 215.189 1.31985507369 0.502947066392 0.598000343373 13.4869411137 0.874728017266 38.9921894001 0.00753464155925 0.02321
pedestrian -1 -1 -10 874.45 244.28 887.722 285.726 1.01288882815 1.16287270831 0.563000029838 2.90079956906 1.64400828369 7.09188248114 0.00753464155925 0.016754
pedestrian -1 -1 -10 1018.7 175.01 1200.13 366.68 1.08588076758 0.795912807602 1.19599949465 3.79080921541 1.56996944556 5.43908526114 0.00753464155925 0.012492
pedestrian -1 -1 -10 878.19 159.54 921.741 227.204 0.742918431401 0.315965369161 0.567999665911 10.1412273369 1.433866653 24.7393828163 0.00753464155925 0.010353
pedestrian -1 -1 -10 776.18 169.52 787.776 217.407 1.53083192173 1.04388435553 0.579999746161 5.69666803872 1.66746729189 22.4379222936 0.00753464155925 0.0080986
pedestrian -1 -1 -10 1186.4 152.19 1241.24 371.59 2.14576436091 1.19486926778 1.17999970554 3.34669798707 1.62696790434 4.00973476432 0.00753464155925 0.0056347
pedestrian -1 -1 -10 926.44 163.21 940.616 211.043 1.72581051636 0.976894166564 0.90999956885 13.5477964446 0.860836015967 29.9556943172 0.00753464155925 0.0048411
pedestrian -1 -1 -10 894.18 140.15 944.139 296.66 1.79480288685 0.701924672311 0.507999264661 9.21966354449 1.48877187103 21.2578169891 0.00753464155925 0.0038198
pedestrian -1 -1 -10 914.87 226.54 950.191 298.736 1.14587412286 1.16687245704 0.563000029838 2.89569465394 1.63206113379 6.42098931493 0.00753464155925 0.0030403
pedestrian -1 -1 -10 455.42 177.51 471.069 237.795 1.58082641053 0.651929005176 0.528999643517 -4.12652297795 1.77430601689 19.4513041869 0.00753464155925 0.002837
pedestrian -1 -1 -10 901.45 135.9 943.333 223.804 1.79480288685 0.590936770553 0.507999264661 9.21924542142 1.48795033236 21.2023246134 0.00753464155925 0.0026102
pedestrian -1 -1 -10 1190.9 256.89 1232.57 342.245 2.14576436091 1.18686977033 1.17599951985 3.34890896724 1.62738091604 4.03771573207 0.00753464155925 0.0025829
pedestrian -1 -1 -10 869.09 240.81 893.118 296.762 1.01588846016 1.1818706804 0.563000029838 2.90072707339 1.64386765964 7.08240597577 0.00753464155925 0.0025342
pedestrian -1 -1 -10 927.64 228.22 948.736 267.094 1.14587412286 1.15587302884 0.563000029838 2.89611277701 1.63288267246 6.47648169059 0.00753464155925 0.0022955
pedestrian -1 -1 -10 833.0 173.06 847.544 216.138 0.541940464738 0.174980067123 0.128999670595 10.8461494169 1.55995556578 33.011357539 0.00753464155925 0.002135
pedestrian -1 -1 -10 861.93 243.34 898.892 315.987 0.961894368888 0.900901324661 0.72499992112 2.98280048289 1.64688825437 7.2218626287 0.00753464155925 0.0018032
pedestrian -1 -1 -10 1045.5 162.61 1062.74 216.516 1.79280316198 0.830908344242 0.805000058755 13.5603998716 0.85312382675 21.4670383023 0.00753464155925 0.0015289
pedestrian -1 -1 -10 197.34 189.95 215.812 232.35 0.0999890208244 0.0 0.0 -32.6790105548 2.38929070258 59.1708269996 0.0 0.001225
pedestrian -1 -1 -10 845.14 160.83 883.819 243.151 1.76980571508 0.575937116843 0.634999557663 7.77617583187 1.62660135435 21.1174480477 0.00753464155925 0.0012238
pedestrian -1 -1 -10 331.15 182.6 343.21 220.819 0.394956589346 0.119985786844 0.364999659387 -19.9990426184 2.02571135687 53.5190868027 0.00753464155925 0.001042
pedestrian -1 -1 -10 435.31 176.16 453.13 243.479 1.58082641053 0.87190421915 0.528999643517 -4.1273516873 1.77267774803 19.341319702 0.00753464155925 0.00089468
pedestrian -1 -1 -10 895.18 280.62 916.399 343.756 1.15087368833 1.18487013435 0.761999850666 2.99908823725 1.64464114647 6.93713256958 0.00753464155925 0.00086768
pedestrian -1 -1 -10 774.14 171.23 795.322 223.324 1.53083192173 0.912900094059 0.579999746161 5.69617458366 1.66649773905 22.3724320219 0.00753464155925 0.00059141
pedestrian -1 -1 -10 1192.0 188.02 1226.12 288.29 1.32885409635 0.940896904799 0.274000083972 11.5306371814 1.28896540821 13.6663681534 0.00753464155925 0.00057808
pedestrian -1 -1 -10 289.04 180.65 308.652 228.329 0.400956032151 0.0389933782277 0.935001087076 -22.188507153 2.01847399859 52.6691150833 0.00753464155925 0.00056737
pedestrian -1 -1 -10 784.81 171.73 802.583 218.549 1.53083192173 0.912900094059 0.579999746161 5.69617458366 1.66649773905 22.3724320219 0.00753464155925 0.00051558
pedestrian -1 -1 -10 337.78 180.28 354.12 219.513 0.374958834051 0.0979888375887 0.956998532124 -19.4990364638 0.633959982023 54.71493719 0.00753464155925 0.0004584
pedestrian -1 -1 -10 782.66 169.33 815.552 222.051 0.539940724968 0.282969945278 0.430000173547 8.46981625128 0.899947163902 32.3089187379 0.00753464155925 0.00030061
pedestrian -1 -1 -10 437.08 170.22 477.571 243.73 1.58082641053 0.816909938872 0.528999643517 -4.12714450817 1.77308481878 19.3688160616 0.00753464155925 0.00017894
pedestrian -1 -1 -10 907.96 159.25 950.77 263.85 0.759916584489 0.262969771284 0.312000179151 11.1369372947 1.45164425284 24.5632188417 0.00753464155925 0.00012218
pedestrian -1 -1 -10 327.89 179.42 349.242 223.819 1.90479085386 0.15798363815 0.156000089576 -9.36728725121 0.979156243251 25.3767724981 0.00753464155925 0.00011997
pedestrian -1 -1 -10 894.51 99.553 938.524 239.123 1.66581710148 0.701924672311 0.507999264661 9.21962377368 1.35978608566 21.2587720757 0.00753464155925 0.00011654
pedestrian -1 -1 -10 431.22 174.82 443.591 232.992 0.858905692219 0.601935245181 0.905999859991 -9.76673833746 1.99962913392 41.5171613182 0.00753464155925 8.8979e-05
pedestrian -1 -1 -10 827.86 175.31 851.401 237.695 2.22275589908 0.422953998976 0.205000099372 2.76279175962 1.6544549556 8.61093148086 0.00753464155925 8.8483e-05
pedestrian -1 -1 -10 679.25 169.65 690.333 207.653 2.6217122004 0.418954727033 0.213999921141 2.48682726105 1.7883140829 23.0439726008 0.00753464155925 6.6619e-05
pedestrian -1 -1 -10 793.15 171.81 808.924 211.662 0.860905446889 0.300965715451 1.16199934675 11.5124835757 0.962931273048 42.3638272624 0.00753464155925 6.5482e-05
pedestrian -1 -1 -10 868.06 178.92 915.652 341.64 1.06488310516 1.19686890375 0.563000029838 2.90030891176 1.64307572734 7.02927620287 0.00753464155925 4.7423e-05
pedestrian -1 -1 -10 791.1 147.76 828.387 224.375 0.861905354024 0.188978472492 1.12099899309 11.9205500266 0.9628048266 42.3047543603 0.00753464155925 4.1354e-05
pedestrian -1 -1 -10 331.48 175.51 360.532 226.431 0.374958834051 0.0979888375887 0.956998532124 -19.4990364638 0.633959982023 54.71493719 0.00753464155925 2.1923e-05
pedestrian -1 -1 -10 1081.9 168.2 1125.23 222.2 0.865904908062 0.596934724898 0.2149991331 14.1310150532 0.823619367005 20.7072115477 0.00753464155925 1.9728e-05
