pedestrian -1 -1 -10 1066.6 136.96 1102.13 233.438 1.5278322115 0.18597949532 0.336999790029 8.13757749949 0.823265936446 12.0645763268 0.00753464155925 5.3303e-05
pedestrian -1 -1 -10 930.93 103.21 958.374 178.82 1.64781904125 1.14187510026 0.995999746611 2.88610750368 1.11800823674 5.95182110854 0.00753464155925 2.0136e-05
pedestrian -1 -1 -10 916.5 124.66 970.09 265.4 2.02777731562 1.19086951905 1.13599957024 2.79854730094 1.49865968772 5.99216392524 0.00753464155925 1.11e-05
pedestrian -1 -1 -10 1042.3 151.16 1085.84 240.027 1.38884750378 0.796913579158 1.17999994396 10.1036467896 0.574351337455 16.1374821118 0.00753464155925 9.6744e-06
pedestrian -1 -1 -10 1069.2 88.267 1114.95 240.507 1.41784430409 1.18087038563 0.657000340571 10.6238731655 0.59645176731 16.098445097 0.00753464155925 8.7974e-06
pedestrian -1 -1 -10 941.72 107.34 964.807 175.531 1.66681700861 1.18287049838 1.05799952545 2.89995845849 1.13669256088 5.93107798658 0.00753464155925 3.8625e-06
pedestrian -1 -1 -10 928.5 185.91 966.051 291.3 2.02777731562 1.19686890375 1.15399969062 2.80739642984 1.49835708196 5.97209874985 0.00753464155925 1.5974e-06
pedestrian -1 -1 -10 927.22 95.665 965.045 222.465 1.75480728686 1.18387031637 1.14399970321 2.81229328284 1.22534640929 5.97158288754 0.00753464155925 7.2142e-07
pedestrian -1 -1 -10 0.0 133.62 35.971 191.651 1.81680045641 1.19686842697 0.671999725628 -6.36065587873 1.19234792498 7.48134498114 0.00753464155925 3.4584e-07
pedestrian -1 -1 -10 936.29 156.09 978.76 238.48 2.01377891373 1.19486926778 1.1979995875 2.86115704518 1.48386049192 5.94080073258 0.00753464155925 1.2466e-07
pedestrian -1 -1 -10 942.07 141.84 988.789 302.75 1.99578088331 1.18886988308 1.16699945966 2.91193624834 1.46638818654 5.97854867707 0.00753464155925 7.5252e-08
