pedestrian -1 -1 -10 898.73 180.87 933.514 233.009 2.20075841891 1.11087835878 1.18799983852 6.42377741562 1.48765587183 14.9235275914 0.00753464155925 0.00046651
pedestrian -1 -1 -10 894.31 191.85 912.482 231.332 2.27575011301 0.929898430171 1.19499932902 6.2189883331 1.56413680848 15.0150058425 0.00753464155925 0.00033077
pedestrian -1 -1 -10 885.2 186.33 917.261 240.617 2.31774555706 1.15387386966 1.08199944753 6.08483241226 1.60294257477 14.7937227611 0.00753464155925 0.00016926
pedestrian -1 -1 -10 782.11 151.26 815.433 234.32 2.52872235667 0.649930322775 0.853999830133 8.68250158775 1.48767709168 32.0397984418 0.00753464155925 0.00016751
pedestrian -1 -1 -10 765.06 159.6 803.133 225.924 1.49883544099 1.19586908577 1.18199955997 3.16368847985 1.74635245286 13.0042988102 0.00753464155925 0.00014813
pedestrian -1 -1 -10 780.17 166.7 801.696 220.231 0.692923935143 0.418952819894 0.31599988801 8.13073426699 1.02326166675 30.965595555 0.00753464155925 0.00010048
pedestrian -1 -1 -10 64.157 220.26 95.618 303.47 2.33474365055 1.19686842697 1.1779996127 -7.15783784182 1.66963425478 9.83144349869 0.00753464155925 7.8527e-05
pedestrian -1 -1 -10 1069.4 125.15 1088.94 175.615 0.794912745651 1.17887170323 0.572999778821 10.090633738 0.911607591637 15.7421378384 0.00753464155925 6.4144e-05
pedestrian -1 -1 -10 738.13 166.48 807.254 229.409 1.49883544099 1.18087038563 1.19599973307 2.96511020702 1.7453494204 12.9282993438 0.00753464155925 6.257e-05
pedestrian -1 -1 -10 865.8 170.42 896.029 234.425 2.24175380683 1.12887603609 1.07699981146 6.86264675386 1.46241160172 18.0323273228 0.00753464155925 4.7562e-05
pedestrian -1 -1 -10 713.41 171.08 748.965 231.363 1.24886281443 1.17687111368 0.936999630203 2.33865719374 1.49704005792 12.9488471427 0.00753464155925 2.6409e-06
pedestrian -1 -1 -10 338.95 212.86 360.204 265.951 1.04188562846 1.16287270831 1.18999945453 -3.97712694678 1.82162132036 11.0328280281 0.00753464155925 2.3984e-06
