pedestrian -1 -1 -10 584.87 137.97 657.316 358.7 1.87499166876 0.464999360631 0.560997912741 0.117409800693 1.47760596603 6.42427953015 0.00692802392802 0.99934
pedestrian -1 -1 -10 137.91 161.13 216.892 357.92 1.29799418151 1.07499908076 0.690997390017 -3.85620097738 1.49011628328 5.94414665044 0.00692802392802 0.0080879
pedestrian -1 -1 -10 596.79 138.75 642.149 198.595 1.65399258137 0.30599954849 0.560997912741 0.116554287649 1.25669933566 6.34465513109 0.00692802392802 0.0058631
pedestrian -1 -1 -10 575.84 139.83 637.261 232.769 1.8239918977 0.443999466415 0.560997912741 0.117266732754 1.42661840623 6.41375066561 0.00692802392802 0.0012364
pedestrian -1 -1 -10 602.76 140.39 655.098 237.771 1.83699173182 0.464999360631 0.560997912741 0.117357401796 1.43960602909 6.42425779601 0.00692802392802 0.0011044
pedestrian -1 -1 -10 576.65 167.24 622.527 309.05 1.87499166876 0.464999360631 0.560997912741 0.117409800693 1.47760596603 6.42427953015 0.00692802392802 0.00047473
pedestrian -1 -1 -10 594.26 234.5 637.146 355.1 1.87499166876 0.464999360631 0.560997912741 0.117409800693 1.47760596603 6.42427953015 0.00692802392802 9.3049e-05
pedestrian -1 -1 -10 1201.0 95.285 1223.98 165.031 1.56099298745 1.16399876868 0.720997010338 10.4249889816 0.595528056998 12.2366689351 0.00692802392802 9.1793e-05
pedestrian -1 -1 -10 750.57 195.5 768.741 236.899 0.764996571839 0.0890006415905 1.01899598861 3.95679227525 0.750187605571 17.6417563967 0.00692802392802 3.8304e-05
pedestrian -1 -1 -10 260.56 213.21 281.007 272.373 1.70399238467 1.09899923234 1.13199571879 -6.45710522078 1.28741009038 13.7038853574 0.00692802392802 3.2971e-05
pedestrian -1 -1 -10 753.83 168.13 785.196 234.219 0.762996576726 0.0839995768644 0.82899664485 4.05180974661 0.749923462989 17.6435995543 0.00692802392802 2.5384e-05
pedestrian -1 -1 -10 577.78 182.65 598.209 245.212 1.99799107015 0.390000079028 0.685997413561 -0.545889102156 1.10395714404 14.7080729308 0.00692802392802 1.9051e-05
pedestrian -1 -1 -10 1051.3 276.62 1073.39 330.742 0.934995798767 0.320999404811 0.397998507406 3.24585670631 1.49721803237 5.34414850312 0.00692802392802 1.6408e-05
pedestrian -1 -1 -10 567.17 169.97 606.865 267.186 1.99599110484 0.390000079028 0.659997547908 -0.532892239392 1.10192143091 14.7079816822 0.00692802392802 7.1348e-06
pedestrian -1 -1 -10 593.28 142.57 622.278 248.27 1.86799161136 0.464999360631 0.560997912741 0.11740014817 1.47060590863 6.42427552646 0.00692802392802 4.0806e-06
pedestrian -1 -1 -10 624.93 182.92 659.047 292.57 1.87499166876 0.464999360631 0.560997912741 0.117409800693 1.47760596603 6.42427953015 0.00692802392802 1.422e-06
