pedestrian -1 -1 -10 623.81 169.41 635.501 206.578 1.53483147949 0.647927826094 0.88899978604 1.43834076179 2.03529521969 38.6568264512 0.00753464155925 0.020464
pedestrian -1 -1 -10 338.57 126.82 357.787 180.288 1.34485229016 0.816911846012 0.664999758288 -11.8431569232 0.264977750957 32.5563425764 0.00753464155925 0.0081545
pedestrian -1 -1 -10 628.71 167.32 639.985 207.328 1.30085720318 0.459948694802 1.1089996281 1.54755725596 1.7998494233 38.56374442 0.00753464155925 0.0031929
pedestrian -1 -1 -10 331.51 126.32 357.18 202.663 1.34485229016 0.816911846012 0.801999800274 -11.9116550053 0.265027624008 32.5568579563 0.00753464155925 0.00092869
pedestrian -1 -1 -10 1221.0 130.07 1242.0 176.325 1.83979793311 1.19586908577 0.907999714421 5.94000762194 1.23150050611 6.85567946549 0.00753464155925 0.0009082
pedestrian -1 -1 -10 102.57 112.84 212.93 229.61 0.491945972205 0.443951607031 0.459001400632 -17.5834022774 0.201942914484 28.2571153149 0.00753464155925 0.00065285
pedestrian -1 -1 -10 1216.9 95.5 1237.71 147.551 1.53683122671 1.18986970107 0.853999830133 5.96710926042 0.928899003331 6.88371586564 0.00753464155925 0.00039566
pedestrian -1 -1 -10 622.0 166.34 646.289 208.532 1.30085720318 0.459948694802 1.1089996281 1.54755725596 1.7998494233 38.56374442 0.00753464155925 0.00025971
pedestrian -1 -1 -10 1227.4 104.96 1241.94 168.41 1.70381294679 1.19386897301 0.853999830133 5.96670118924 1.09497777342 6.8214879779 0.00753464155925 0.00023
pedestrian -1 -1 -10 390.01 182.52 408.14 237.242 1.26886068892 0.815910597671 0.647999565128 -4.83996176201 1.52562076636 17.0787232821 0.00753464155925 0.00021444
pedestrian -1 -1 -10 1229.1 140.5 1241.81 191.12 1.95478531659 1.19786872174 0.907999714421 5.93994513779 1.34629545705 6.84182981287 0.00753464155925 0.00018144
pedestrian -1 -1 -10 633.88 169.12 646.519 209.471 1.53483147949 0.592933545815 1.17099964536 1.87553541489 2.03538412242 38.6810349147 0.00753464155925 0.00016778
pedestrian -1 -1 -10 399.94 138.19 430.079 217.161 1.48283719504 0.614932402211 0.578999818946 -5.32609050704 0.690243432492 20.0122403697 0.00753464155925 8.2726e-05
pedestrian -1 -1 -10 158.72 104.91 182.432 206.6 1.12287671694 0.525943356848 0.621000099821 -12.4227698415 0.22988001905 20.7734601248 0.00753464155925 6.1261e-05
pedestrian -1 -1 -10 674.35 175.45 685.689 211.073 2.85968598604 0.749917842765 0.61799984134 4.202398309 1.98269349768 37.5934407479 0.00753464155925 4.3184e-05
pedestrian -1 -1 -10 1153.5 179.17 1171.93 221.445 2.31174623346 1.19786919852 0.777999639774 5.85162203986 1.69934091081 7.31397657564 0.00753464155925 3.9525e-05
pedestrian -1 -1 -10 320.08 142.7 346.562 203.149 1.33785308921 0.634932576204 1.01199977414 -12.1013326606 0.263818208858 32.4672410717 0.00753464155925 2.8257e-05
pedestrian -1 -1 -10 639.89 169.81 653.126 213.211 1.29585775691 0.574937775642 1.0449996372 2.18652055829 1.7963171748 38.6894621482 0.00753464155925 1.0522e-05
pedestrian -1 -1 -10 1069.7 165.11 1088.69 212.92 1.813800884 1.18586995234 0.721999901057 5.90380193448 1.17557185282 9.35793285316 0.00753464155925 8.8926e-06
pedestrian -1 -1 -10 159.49 192.74 222.098 308.61 1.36684996402 0.755917704249 1.19699966029 -4.61151733936 1.4965929927 8.1729291505 0.00753464155925 2.8494e-06
pedestrian -1 -1 -10 1060.0 166.11 1092.44 233.543 2.34674235737 1.19786872174 0.874999732152 5.82419133002 1.70212994128 8.9196222652 0.00753464155925 2.7726e-06
pedestrian -1 -1 -10 822.85 252.52 857.61 331.698 1.4498407662 1.17987104443 1.18699955368 2.49528552284 1.92397271912 7.81662717497 0.00753464155925 1.5663e-07
pedestrian -1 -1 -10 902.81 217.05 946.247 289.121 0.127985943795 0.223975439487 0.509999834346 3.52284268073 0.555275046272 8.42044619658 0.00753464155925 2.0434e-11
