pedestrian -1 -1 -10 439.58 165.18 475.984 261.234 1.66299261898 0.886999482823 0.788997071615 -2.89226754621 1.39893027053 13.3973346741 0.00692802392802 0.99728
pedestrian -1 -1 -10 353.57 161.78 390.314 260.653 1.70199244916 0.526999116436 0.541998258505 -4.30805659944 1.35217559205 13.0990582333 0.00692802392802 0.99438
pedestrian -1 -1 -10 404.25 171.26 439.194 258.187 1.66399261653 0.663999107518 0.990996215825 -3.20017839537 1.39992856563 13.2669650607 0.00692802392802 0.99391
pedestrian -1 -1 -10 1153.2 142.78 1224.04 370.0 1.66099253446 0.663999584354 0.563997773446 4.27388990857 1.53972869487 5.03914594519 0.00692802392802 0.96167
pedestrian -1 -1 -10 193.1 151.66 215.071 199.551 1.66799262166 0.594001367478 0.669997560425 -17.2591970241 0.499503883493 30.9197512496 0.00692802392802 0.95656
pedestrian -1 -1 -10 184.66 153.36 195.306 198.541 1.37299386412 0.70799970331 0.660996816025 -17.4174902162 0.483286638255 29.7439715216 0.00692802392802 0.66772
pedestrian -1 -1 -10 518.9 166.75 529.269 193.607 0.335998514295 0.138999844768 0.4609982346 -5.15955030055 -0.233316102861 49.6748113433 0.00692802392802 0.57328
pedestrian -1 -1 -10 523.25 166.68 533.854 194.708 0.335998514295 0.138999844768 0.4609982346 -5.15955030055 -0.233316102861 49.6748113433 0.00692802392802 0.56104
pedestrian -1 -1 -10 191.08 152.34 203.784 199.422 1.66299251467 0.955001183872 0.563998965534 -18.2842687675 0.0391378978794 31.9608462298 0.00692802392802 0.53376
pedestrian -1 -1 -10 506.49 166.23 516.946 193.79 0.333998519182 0.376998645884 0.188999419999 -5.92273873769 -0.230521882088 49.0720865179 0.00692802392802 0.46968
pedestrian -1 -1 -10 509.91 166.86 520.301 192.787 0.333998519182 0.376998645884 0.188999419999 -5.92273873769 -0.230521882088 49.0720865179 0.00692802392802 0.29472
pedestrian -1 -1 -10 203.65 156.51 221.029 196.591 1.6669925794 0.594001367478 0.481998541027 -17.1652011513 0.49824535702 30.9190991513 0.00692802392802 0.21907
pedestrian -1 -1 -10 381.77 160.74 397.174 207.186 1.60699278563 1.15399854657 1.16699543478 -7.02804881433 0.37960417395 23.6495874632 0.00692802392802 0.19061
pedestrian -1 -1 -10 175.77 154.04 188.039 197.621 1.59799288958 0.982999135479 0.236998621779 -18.0486500398 0.0321317357016 30.5242076538 0.00692802392802 0.18876
pedestrian -1 -1 -10 368.03 160.03 397.491 242.817 1.70199244916 0.526999116436 0.541998258505 -4.30805659944 1.35217559205 13.0990582333 0.00692802392802 0.16659
pedestrian -1 -1 -10 431.1 167.76 459.132 255.56 1.62699272186 0.715999118055 1.02299616051 -3.01004065332 1.36237363858 13.2936261683 0.00692802392802 0.16347
pedestrian -1 -1 -10 167.43 153.09 196.048 198.703 1.59799288958 0.982999135479 0.236998621779 -18.0486500398 0.0321317357016 30.5242076538 0.00692802392802 0.12379
pedestrian -1 -1 -10 376.92 158.21 392.292 204.976 0.545997554064 0.211997842174 0.22799978472 -11.6798734153 0.0387207517467 38.2623961293 0.00692802392802 0.12189
pedestrian -1 -1 -10 403.1 161.15 416.706 201.053 0.866996113956 0.405002319533 0.660997769696 -11.4209715481 0.341054728085 42.5913738776 0.00692802392802 0.10651
pedestrian -1 -1 -10 399.18 164.32 433.763 207.651 1.66399261653 0.717998971741 0.912996440053 -3.23899029177 1.40000440887 13.2942346596 0.00692802392802 0.099395
pedestrian -1 -1 -10 360.1 159.11 423.965 253.198 1.60699278563 1.12199898025 1.16699543478 -7.02793796834 0.379585566478 23.6655868624 0.00692802392802 0.085479
pedestrian -1 -1 -10 423.46 171.72 443.816 238.46 1.66399261653 0.717998971741 1.17199553044 -3.10949385726 1.39964830501 13.2933370766 0.00692802392802 0.040893
pedestrian -1 -1 -10 414.25 166.26 441.969 225.103 1.66399261653 0.717998971741 1.06799606783 -3.16149233949 1.39979129629 13.2936974954 0.00692802392802 0.038436
pedestrian -1 -1 -10 371.89 158.17 386.655 198.935 0.0999995529652 0.200000627403 0.367998648667 -12.7640260089 -0.41368387678 40.3556923967 0.00692802392802 0.035939
pedestrian -1 -1 -10 412.49 165.41 429.721 200.326 1.62699272186 0.717998971741 0.958996271136 -3.21604194862 1.36294126796 13.2940540811 0.00692802392802 0.034508
pedestrian -1 -1 -10 434.48 170.3 448.456 238.02 1.51199321151 0.450000457984 0.372998267497 -7.32858795016 1.02027374151 32.533689637 0.00692802392802 0.034046
pedestrian -1 -1 -10 576.72 161.99 588.583 191.664 0.0999995529652 0.085998476877 0.234999012665 -1.56179567608 -0.233522812993 73.5281103892 0.00692802392802 0.024079
pedestrian -1 -1 -10 377.55 158.28 402.133 222.472 0.301998656988 0.167999153729 0.289998872895 -11.9467128158 -0.215601910443 40.9361577497 0.00692802392802 0.02343
pedestrian -1 -1 -10 217.06 162.37 230.932 196.677 0.555997484923 1.0309975313 0.333998379611 -18.3090523624 -1.14459146157 34.4063444658 0.00692802392802 0.021343
pedestrian -1 -1 -10 178.17 155.17 204.671 202.504 1.37299386412 0.572000115908 0.660996816025 -17.4170191157 0.483207555667 29.8119696834 0.00692802392802 0.014687
pedestrian -1 -1 -10 392.6 162.3 405.094 197.398 0.599997317791 0.464000387461 0.193999515664 -12.3361882314 0.0738069584587 43.2660745594 0.00692802392802 0.013641
pedestrian -1 -1 -10 352.0 170.64 377.157 248.166 1.70199244916 0.526999116436 0.541998258505 -4.30805659944 1.35217559205 13.0990582333 0.00692802392802 0.013599
pedestrian -1 -1 -10 168.08 151.2 183.656 194.92 1.80599195659 1.11999817289 0.236998621779 -18.0498215603 0.240375610138 30.3138320502 0.00692802392802 0.010947
pedestrian -1 -1 -10 453.33 168.68 483.742 231.158 0.10199957788 0.166999703723 0.188999419999 -8.16056380383 -0.998736685546 45.0367327722 0.00692802392802 0.0089776
pedestrian -1 -1 -10 1145.3 195.28 1185.59 313.43 1.66099253446 0.663999584354 0.563997773446 4.27388990857 1.53972869487 5.03914594519 0.00692802392802 0.0049495
pedestrian -1 -1 -10 438.04 162.61 456.545 212.378 1.62699272186 0.788999976482 1.03799620909 -3.01647705445 1.36221574467 13.4471744445 0.00692802392802 0.0015911
pedestrian -1 -1 -10 346.69 168.18 367.882 220.578 1.70199244916 0.526999116436 0.541998258505 -4.30805659944 1.35217559205 13.0990582333 0.00692802392802 0.0014045
pedestrian -1 -1 -10 452.61 164.61 468.033 205.954 1.60699283034 0.87099969966 0.80499704396 -2.90029189432 1.34194317933 13.4053566498 0.00692802392802 0.0010392
pedestrian -1 -1 -10 149.7 146.92 173.202 197.817 2.02299093455 1.18399921289 0.912996678471 -18.02363996 0.480488669174 29.2777779143 0.00692802392802 0.00097602
pedestrian -1 -1 -10 155.16 148.95 183.527 201.564 2.030990915 1.16799847605 0.216000699528 -18.0207836462 0.474922535356 29.765758957 0.00692802392802 0.00082162
pedestrian -1 -1 -10 445.19 162.71 465.278 248.861 1.66399261653 0.886999482823 0.82399702602 -2.90976848197 1.39897839278 13.3974553974 0.00692802392802 0.00074443
pedestrian -1 -1 -10 360.59 160.95 379.497 214.257 1.70199244916 0.526999116436 0.541998258505 -4.30805659944 1.35217559205 13.0990582333 0.00692802392802 0.00069767
pedestrian -1 -1 -10 1187.7 144.66 1223.98 339.02 1.66099253446 0.663999584354 0.563997773446 4.27388990857 1.53972869487 5.03914594519 0.00692802392802 0.00066978
pedestrian -1 -1 -10 628.05 169.94 638.863 205.288 1.73799224198 0.515998490651 0.194999201013 1.54288625614 0.990209043439 33.0560726136 0.00692802392802 0.00042344
pedestrian -1 -1 -10 354.05 164.3 365.913 201.703 0.544997556508 0.0430030531332 0.154999150943 -12.699204344 0.0409956930512 37.8569508597 0.00692802392802 0.00033304
pedestrian -1 -1 -10 398.79 191.99 423.17 251.794 1.65399255157 0.716999521735 0.772997099271 -3.30900553208 1.39019741342 13.2942144064 0.00692802392802 0.00022367
pedestrian -1 -1 -10 1154.6 217.25 1183.4 296.712 1.66099253446 0.663999584354 0.563997773446 4.27388990857 1.53972869487 5.03914594519 0.00692802392802 0.00021819
pedestrian -1 -1 -10 347.0 160.69 362.952 203.578 0.385998228193 0.121002115265 0.334000286953 -18.1478775085 -0.846012733193 52.7461266061 0.00692802392802 0.00020154
pedestrian -1 -1 -10 567.48 156.64 597.426 197.88 0.0999995529652 0.085998476877 0.234999012665 -1.56179567608 -0.233522812993 73.5281103892 0.00692802392802 0.00016578
pedestrian -1 -1 -10 757.07 129.01 794.981 213.384 2.12599045932 0.971999463368 1.17899547364 7.34609280611 0.661578078625 29.2301680572 0.00692802392802 0.00013004
pedestrian -1 -1 -10 296.6 155.41 310.337 192.725 0.0999995529652 0.0580024326169 0.177998828067 -22.2505805797 -0.872187445191 54.9232400115 0.00692802392805 2.3943e-05
pedestrian -1 -1 -10 765.77 133.22 810.074 219.756 2.11999056339 0.964999498629 1.19199543627 7.72979920181 0.660818649663 28.9690048619 0.00692802392802 1.782e-05
pedestrian -1 -1 -10 85.113 165.41 122.974 198.987 1.85999167562 1.15099828921 0.784996899716 -18.1067818089 0.42054701805 25.9307965605 0.00692802392802 1.5099e-05
pedestrian -1 -1 -10 348.2 183.42 366.462 246.705 1.70199244916 0.526999116436 0.541998258505 -4.30805659944 1.35217559205 13.0990582333 0.00692802392802 1.4062e-05
pedestrian -1 -1 -10 1161.8 146.82 1224.0 257.74 0.605997303128 0.370000111655 0.342998647176 5.19146893296 0.332890218029 6.1820272233 0.00692802392802 1.1391e-05
pedestrian -1 -1 -10 1177.5 138.25 1206.7 244.43 0.605997303128 0.370000111655 0.342998647176 5.19146893296 0.332890218029 6.1820272233 0.00692802392802 5.9078e-06
pedestrian -1 -1 -10 1175.7 129.51 1194.38 200.715 0.353998365998 0.0929984416157 1.11399613733 30.5669763449 -0.875799192841 36.5202168674 0.006928023928 5.3374e-06
pedestrian -1 -1 -10 1130.9 183.72 1169.67 301.51 0.329998543858 0.121000207918 0.620997958044 11.107489781 1.39208061214 14.4871382943 0.00692802392803 3.046e-06
pedestrian -1 -1 -10 13.076 143.48 78.451 223.565 1.34299398214 1.13899916709 0.595998433388 -18.1217339293 -0.00894858833478 22.9036271176 0.00692802392802 1.2412e-06
pedestrian -1 -1 -10 1189.9 245.75 1223.97 370.0 1.66099253446 0.663999584354 0.563997773446 4.27388990857 1.53972869487 5.03914594519 0.00692802392802 5.5957e-07
pedestrian -1 -1 -10 76.812 146.01 137.227 194.99 1.85999167562 1.18199840553 0.784996899716 -18.1066328536 0.420522013255 25.9522966174 0.00692802392802 4.8074e-07
pedestrian -1 -1 -10 23.692 167.91 73.257 220.4 0.767996565439 0.447000200618 0.562997611262 -16.5551398814 0.635471514374 21.3868192667 0.00692802392802 2.9837e-07
