pedestrian -1 -1 -10 873.14 129.85 976.08 338.24 1.79480293155 1.17687111368 0.732999815674 2.92764545497 1.56349097989 6.18653413864 0.00753464155925 0.13325
pedestrian -1 -1 -10 921.09 129.53 992.363 367.67 1.79380299461 1.18487013435 0.939999769475 3.0300799358 1.56032853574 6.04478224546 0.00753464155925 0.044697
pedestrian -1 -1 -10 843.73 88.028 895.317 300.558 1.91678956067 0.824909436328 0.908999641635 3.70832090129 1.29972923131 10.4250449977 0.00753464155925 0.040501
pedestrian -1 -1 -10 623.97 157.46 639.246 191.274 0.363960034371 0.247973931853 0.801999800274 1.84137255256 -0.0437600064271 50.8325799089 0.00753464155925 0.031109
pedestrian -1 -1 -10 852.49 119.02 934.163 322.29 2.04077589977 0.788914081702 0.656999863734 3.834491058 1.42389027286 10.4411760994 0.00753464155925 0.029897
pedestrian -1 -1 -10 22.351 115.31 58.905 198.49 0.105988404031 0.463949873885 0.172000832358 -40.9015298948 -0.997155517594 52.9480893461 0.00753464155924 0.0021512
pedestrian -1 -1 -10 34.018 122.22 55.255 186.31 0.105988404031 0.463949873885 0.172000832358 -40.9015298948 -0.997155517594 52.9480893461 0.00753464155924 0.0019845
pedestrian -1 -1 -10 880.93 158.43 929.411 337.78 1.79480293155 1.12587705892 0.639999670574 2.882355865 1.5659006358 6.34736190813 0.00753464155925 0.00069424
pedestrian -1 -1 -10 58.44 164.61 88.358 227.313 0.104988467098 0.451950150916 0.187999667793 -26.0281245335 1.20181082128 35.7201011949 0.00753464155925 0.00049909
pedestrian -1 -1 -10 59.746 186.27 77.613 236.642 2.74969804883 0.650927756836 0.33300008117 -17.3493474664 1.72945359898 23.1742498806 0.00753464155925 0.00028931
pedestrian -1 -1 -10 883.88 143.31 944.264 262.12 1.79480293155 1.13387607959 0.720999735424 2.92282461651 1.5658119396 6.34305779749 0.00753464155925 0.00026454
pedestrian -1 -1 -10 620.64 156.56 634.574 197.468 0.363960034371 0.247973931853 0.641999882631 1.76137485807 -0.0437017605755 50.833181812 0.00753464155925 0.0002638
pedestrian -1 -1 -10 868.21 131.99 907.122 294.82 2.04077589977 0.824909436328 0.739999783014 3.79285666822 1.42365404825 10.42349117 0.00753464155925 0.00015497
pedestrian -1 -1 -10 836.38 101.17 873.784 176.902 1.48583682704 0.824909436328 0.908999641635 3.70818802354 0.868776497684 10.4282360252 0.00753464155925 0.00014761
pedestrian -1 -1 -10 954.49 284.52 995.009 364.613 1.79380299461 1.19386897301 1.06499973121 3.09240863812 1.55994997457 6.02181507376 0.00753464155925 0.00012381
pedestrian -1 -1 -10 633.14 149.2 646.192 200.637 0.379958250526 0.135982874616 0.498999919729 2.92068519696 -0.758813285026 58.8482566286 0.00753464155925 0.00010496
pedestrian -1 -1 -10 831.32 90.918 878.636 241.008 1.69381399465 0.824909436328 0.908999641635 3.70825215015 1.07675366529 10.4266960399 0.00753464155925 9.4203e-05
pedestrian -1 -1 -10 190.13 117.45 221.752 203.834 0.113987422711 0.981890872568 0.727000967642 -30.9701643775 -1.19263534899 56.2346730903 0.00753464155925 8.6347e-05
pedestrian -1 -1 -10 848.06 163.06 886.666 288.45 2.08477109849 0.824909436328 0.908999641635 3.70837269586 1.46771076914 10.4238011636 0.00753464155925 5.0062e-05
pedestrian -1 -1 -10 867.85 169.01 888.547 239.291 2.08477109849 0.788914081702 0.787999627177 3.76900659545 1.46793316031 10.4413431406 0.00753464155925 3.38e-05
pedestrian -1 -1 -10 367.7 164.23 388.195 215.37 0.100988913059 0.496947204908 0.549001525669 -16.8950623535 0.622134655276 54.157890414 0.00753464155925 3.2696e-05
pedestrian -1 -1 -10 366.47 157.26 401.533 221.358 1.30485670135 0.282969945278 0.65400008209 -6.24576358101 1.41519916648 20.977253932 0.00753464155925 1.6194e-05
pedestrian -1 -1 -10 39.255 123.6 74.072 186.609 1.50283500993 0.650927756836 0.29199972751 -17.3292323211 0.482575634437 23.1833281488 0.00753464155925 1.4891e-05
pedestrian -1 -1 -10 53.054 127.38 74.073 179.516 1.50283500993 0.650927756836 0.29199972751 -17.3292323211 0.482575634437 23.1833281488 0.00753464155925 1.238e-05
pedestrian -1 -1 -10 973.27 307.6 996.649 367.617 1.78380410207 1.05988382723 1.1779996127 3.30624996396 1.55441547563 6.33225507236 0.00753464155925 2.2783e-06
pedestrian -1 -1 -10 834.36 99.234 858.005 201.384 1.62182193255 0.824909436328 0.806999674766 3.65723141256 1.00479873493 10.4276128248 0.00753464155925 9.5907e-07
