pedestrian -1 -1 -10 479.34 145.21 499.019 210.698 2.15076377738 0.821910459155 0.464999771827 -2.32921072783 1.45852807366 15.1580638162 0.00753464155925 0.0011746
pedestrian -1 -1 -10 291.36 177.12 323.454 280.24 2.05077479232 1.15387339287 0.939999769475 -2.42006351258 1.5360286498 5.52953294568 0.00753464155925 0.0002493
pedestrian -1 -1 -10 137.56 172.92 160.677 219.765 1.90979024053 0.434951814805 0.292999177887 -20.1649283052 0.731006807302 31.5371794046 0.00753464155925 0.00022872
pedestrian -1 -1 -10 1124.4 110.89 1160.01 184.219 1.66481725394 0.457950012401 1.17299902295 11.678383512 0.836674166149 15.752224769 0.00753464155925 0.00011038
pedestrian -1 -1 -10 318.26 184.84 329.429 228.659 0.0999890208244 0.0 0.0 -15.7625050742 1.45772872284 40.1245437752 0.0 4.0808e-05
pedestrian -1 -1 -10 142.3 172.45 178.75 232.169 0.107988158701 0.359961174812 0.232999730312 -20.1541947225 1.25224459374 33.2247810406 0.00753464155925 3.5733e-05
pedestrian -1 -1 -10 412.48 175.32 438.914 229.96 2.69870364917 0.467949145828 0.299999622064 -6.89633978757 1.76029670899 27.5827749774 0.00753464155925 2.7111e-05
pedestrian -1 -1 -10 73.09 158.93 155.565 235.323 1.15187353587 0.987892641191 0.659000195 -19.7864796919 0.67279380733 29.3047717904 0.00753464155925 1.7442e-05
pedestrian -1 -1 -10 659.23 181.33 674.722 220.023 0.695923541074 0.170982702319 0.159999798434 2.63017817896 2.05415494623 32.2749774446 0.00753464155925 1.622e-05
pedestrian -1 -1 -10 224.97 181.15 256.66 228.957 0.383957849263 0.776911498024 0.739999544595 -20.0520951035 0.975169827798 40.5216612094 0.00753464155925 1.2214e-05
pedestrian -1 -1 -10 50.637 147.1 124.493 232.207 0.741918524266 0.00899979222618 0.0599994475758 -19.1187186468 0.821053413715 26.6446453641 0.00753464155905 6.8035e-07
