pedestrian -1 -1 -10 598.62 161.75 655.296 306.59 1.85879584087 0.647928779664 0.737999809375 0.206972240731 1.75100548831 9.34866553348 0.00753464155925 0.97907
pedestrian -1 -1 -10 880.39 120.48 974.982 344.5 1.86179559207 0.775915017533 0.782999752685 2.97591507956 1.64576172647 6.88204428542 0.00753464155925 0.97907
pedestrian -1 -1 -10 871.97 139.39 937.082 327.51 1.86179559207 0.775915017533 0.782999752685 2.97591507956 1.64576172647 6.88204428542 0.00753464155925 0.86311
pedestrian -1 -1 -10 704.71 188.22 727.464 232.543 2.20675768292 1.03788449405 0.980999646298 2.50932184822 1.46689741644 17.0731665144 0.00753464155925 0.36614
pedestrian -1 -1 -10 698.61 184.69 733.129 249.634 2.20675768292 1.03788449405 0.980999646298 2.50932184822 1.46689741644 17.0731665144 0.00753464155925 0.23872
pedestrian -1 -1 -10 618.74 168.99 664.409 289.31 1.78780365611 0.647928779664 0.659999824192 0.245949240097 1.67998490869 9.34889777352 0.00753464155925 0.19661
pedestrian -1 -1 -10 838.26 104.6 1013.55 357.01 1.86179559207 0.775915017533 0.782999752685 2.97591507956 1.64576172647 6.88204428542 0.00753464155925 0.1583
pedestrian -1 -1 -10 698.81 186.75 720.596 228.062 2.21275694693 0.773915381562 0.853999830133 1.73525659525 1.55611627129 13.1381788458 0.00753464155925 0.13323
pedestrian -1 -1 -10 572.11 75.914 654.311 327.274 2.29374808384 0.725920303968 1.182999666 0.176552726184 1.59203156002 16.1744085834 0.00753464155925 0.089522
pedestrian -1 -1 -10 742.92 161.38 808.272 268.57 2.21275700653 1.07388175581 1.19599973307 4.04930799966 1.46079783866 17.2657254288 0.00753464155925 0.056638
pedestrian -1 -1 -10 708.8 183.77 749.149 243.629 2.23175497389 0.902900960632 1.18799983852 2.92332570086 1.49159292738 17.1373749904 0.00753464155925 0.043145
pedestrian -1 -1 -10 1057.9 121.82 1094.24 217.194 2.12576654602 0.806910805445 1.17299997662 13.8796166933 1.18013762674 21.3462402884 0.00753464155925 0.036114
pedestrian -1 -1 -10 715.46 189.22 739.836 236.164 2.23175497389 0.92889718183 1.19599949465 2.87922899497 1.49143253715 17.1247082957 0.00753464155925 0.035922
pedestrian -1 -1 -10 773.12 176.15 804.683 245.114 2.23075509655 1.08887950238 1.18499958004 4.4194165256 1.47770320525 17.4773497163 0.00753464155925 0.030429
pedestrian -1 -1 -10 726.86 177.69 749.456 227.155 2.23875417483 1.18686929354 1.19299971301 2.06921661307 1.62114139019 11.4651620629 0.00753464155925 0.023651
pedestrian -1 -1 -10 752.26 169.33 795.514 242.069 2.21075725186 0.939897563598 1.19499980586 4.01530362872 1.45783071592 17.1990020883 0.00753464155925 0.020711
pedestrian -1 -1 -10 194.97 191.62 210.71 230.796 0.985891782518 0.475947689713 0.676999838538 -17.2948390049 1.57966389425 31.0125847484 0.00753464155924 0.011925
pedestrian -1 -1 -10 626.55 200.98 657.713 279.292 1.85879584087 0.486946164341 0.737999809375 0.206365773318 1.74981388597 9.26817651059 0.00753464155925 0.010749
pedestrian -1 -1 -10 738.41 173.27 757.872 225.453 2.23175497389 0.89990102989 1.19699966029 3.35954584743 1.49074965537 17.0985971325 0.00753464155925 0.010169
pedestrian -1 -1 -10 692.2 182.68 709.533 222.713 2.2697507894 1.15087489249 1.06599965843 2.27393393205 1.53026256752 16.9529515317 0.00753464155925 0.008775
pedestrian -1 -1 -10 1101.7 98.878 1137.05 191.251 1.63282070243 0.645929143692 1.15099967055 15.8071102111 0.625087214482 22.0988913608 0.00753464155924 0.0071377
pedestrian -1 -1 -10 786.56 184.83 807.039 233.44 2.2147568208 1.08888140952 1.18499958004 4.61681280474 1.46236083204 17.529978443 0.00753464155925 0.0061372
pedestrian -1 -1 -10 770.03 179.92 790.688 238.83 2.16676211273 0.651929005176 0.843999842731 3.84829663854 1.42499403919 17.0003935118 0.00753464155925 0.0056101
pedestrian -1 -1 -10 740.08 171.79 776.635 234.929 2.23475466549 0.838906888127 0.986999686423 3.7123049664 1.4900411635 17.0654672415 0.00753464155925 0.0054277
pedestrian -1 -1 -10 691.09 178.5 725.626 270.224 2.23375478815 1.15887343637 1.1089996281 2.29313908307 1.52571735552 16.6465656839 0.00753464155925 0.005401
pedestrian -1 -1 -10 1129.5 90.374 1191.86 213.234 1.15387329054 0.81391000813 1.14899981612 17.7673647064 0.0984530456198 23.0835087672 0.00753464155925 0.005212
pedestrian -1 -1 -10 728.16 177.31 761.679 240.693 2.23875417483 1.18487061114 1.11699976107 2.16360566067 1.62184268149 11.5164477005 0.00753464155925 0.0049084
pedestrian -1 -1 -10 791.6 181.03 813.005 227.24 2.27674993075 0.912900094059 1.00199978674 2.62915559607 1.68288906446 10.1881348013 0.00753464155925 0.0046136
pedestrian -1 -1 -10 630.73 158.31 680.507 282.49 2.26875091207 0.794913943186 1.1979996173 1.04381528464 1.56007178554 15.8756216814 0.00753464155925 0.0038363
pedestrian -1 -1 -10 722.22 171.82 744.244 216.572 2.23875417483 1.15487416443 1.18499958004 2.02440060456 1.6234988736 11.6224865688 0.00753464155925 0.0028843
pedestrian -1 -1 -10 612.43 192.88 649.238 302.65 1.85879584087 0.647928779664 0.737999809375 0.206972240731 1.75100548831 9.34866553348 0.00753464155925 0.0027899
pedestrian -1 -1 -10 810.65 176.0 826.082 226.88 2.29774765277 0.67092602369 1.142999776 4.48396301948 1.59010572044 15.5484292619 0.00753464155925 0.0025435
pedestrian -1 -1 -10 757.48 181.36 778.782 233.18 2.23975411176 1.02488733702 1.18299948719 3.83300063782 1.4913304324 17.1575889904 0.00753464155925 0.0023876
pedestrian -1 -1 -10 888.99 137.97 942.705 272.39 1.84879700792 0.743918934851 0.782999752685 2.97579053327 1.63252630552 6.86614294735 0.00753464155925 0.0022342
pedestrian -1 -1 -10 783.53 174.49 815.827 236.386 2.23375472856 1.11187769998 1.19199930896 4.6826929651 1.46307547631 17.5811195244 0.00753464155925 0.0021702
pedestrian -1 -1 -10 688.59 186.95 707.575 239.1 2.23375478815 1.18087038563 1.11699952265 2.18705570194 1.52955581572 16.9013429307 0.00753464155925 0.0021467
pedestrian -1 -1 -10 687.1 175.54 721.215 232.306 2.26575128006 1.17986913729 1.12699962926 2.33281085391 1.52596805349 17.0030487639 0.00753464155925 0.0020501
pedestrian -1 -1 -10 582.35 190.32 626.701 309.0 2.12276697361 0.718921101283 1.17099964536 -0.0627512013726 1.6054410706 16.258258948 0.00753464155925 0.001737
pedestrian -1 -1 -10 708.34 176.7 731.449 219.837 2.20675768292 0.808911394986 1.1329997886 2.71817856814 1.46844084885 17.1860848654 0.00753464155925 0.0016936
pedestrian -1 -1 -10 369.81 187.75 390.934 259.414 1.26386128735 1.14787496174 0.832999451277 -4.73826231881 1.65811760567 15.6297597683 0.00753464155925 0.0015179
pedestrian -1 -1 -10 800.51 179.9 829.923 235.868 2.23375472856 1.06188393998 1.1979995875 5.05783303382 1.46309850532 17.5982958015 0.00753464155925 0.0013967
pedestrian -1 -1 -10 1097.7 113.58 1126.1 174.694 1.61482273161 0.593934794156 1.18799936168 15.4906334195 0.617378450501 21.9702372955 0.00753464155925 0.0013924
pedestrian -1 -1 -10 805.63 190.63 823.66 231.718 2.23775429749 0.967894374338 1.19599973307 5.12947023707 1.46430502429 17.6827795413 0.00753464155925 0.00096359
pedestrian -1 -1 -10 1122.2 98.251 1152.65 187.057 1.49683565652 1.08388088924 1.19300042826 16.9304073241 0.449906909536 22.8091124123 0.00753464155925 0.00092658
pedestrian -1 -1 -10 632.52 164.45 653.661 209.185 2.15976291179 0.709922262627 1.19199964423 0.812469970605 1.4536225486 15.835627631 0.00753464155925 0.00075878
pedestrian -1 -1 -10 730.27 142.04 758.432 204.875 2.15976285219 0.77191669916 1.19899975313 3.31300709735 1.41973910035 17.163474172 0.00753464155925 0.00074934
pedestrian -1 -1 -10 683.36 190.72 700.243 238.079 2.23375478815 1.169871911 1.1479997697 1.95113837497 1.522997372 16.4486556532 0.00753464155925 0.00073514
pedestrian -1 -1 -10 805.42 169.89 824.82 213.793 2.29774765277 0.67092602369 1.09199967335 4.45846368992 1.59012428635 15.548621119 0.00753464155925 0.00071724
pedestrian -1 -1 -10 791.71 188.75 821.197 244.489 2.23575448323 1.02388799582 1.19699966029 4.89476644909 1.46406128968 17.6565330475 0.00753464155925 0.00065201
pedestrian -1 -1 -10 636.69 165.55 660.335 221.623 2.25875201952 0.786913492161 1.19499965685 0.916285741643 1.55010650253 15.8726548901 0.00753464155925 0.0005947
pedestrian -1 -1 -10 1057.5 67.413 1122.43 223.063 1.5828262099 1.08788206832 1.16600000928 14.6657912177 0.600277867623 21.8614539375 0.00753464155925 0.00057139
pedestrian -1 -1 -10 1069.2 96.165 1105.57 219.355 2.0387762047 0.846907339153 1.17899953991 14.3842789099 1.06117459325 21.5725867235 0.00753464155925 0.00046861
pedestrian -1 -1 -10 1147.1 118.78 1183.78 194.204 1.15887273681 0.811909418589 1.1609989427 17.8603674992 0.0984001436735 23.083846344 0.00753464155925 0.00043331
pedestrian -1 -1 -10 626.64 166.98 652.017 245.38 1.85879584087 0.647928779664 0.737999809375 0.206972240731 1.75100548831 9.34866553348 0.00753464155925 0.00039814
pedestrian -1 -1 -10 606.75 158.37 647.743 247.23 1.78780365611 0.647928779664 0.659999824192 0.245949240097 1.67998490869 9.34889777352 0.00753464155925 0.00039
pedestrian -1 -1 -10 903.54 141.9 932.146 243.43 1.74180876231 0.743918934851 0.782999752685 2.97575754507 1.52553805992 6.86693515124 0.00753464155925 0.00034652
pedestrian -1 -1 -10 680.29 136.18 700.307 184.132 1.84479743898 1.18087229277 1.19199966659 1.91997787308 1.13398116767 16.4462689251 0.00753464155925 0.00033185
pedestrian -1 -1 -10 836.51 132.8 881.149 225.672 2.23975405216 0.753917114708 1.19499932902 6.41741200053 1.44118071238 18.4035325956 0.00753464155925 0.00029692
pedestrian -1 -1 -10 684.73 181.63 712.989 254.536 2.23375478815 1.18786958831 1.14499951122 2.14125265858 1.5260426538 16.6622069645 0.00753464155925 0.00022126
pedestrian -1 -1 -10 801.93 202.45 819.607 247.743 2.11876734507 1.11287704118 1.19199954738 5.01552349083 1.46637968102 17.8172447269 0.00753464155925 0.00019338
pedestrian -1 -1 -10 1125.5 117.29 1165.13 206.231 1.48983645558 0.84290806721 1.16999971814 17.022450776 0.448944010138 22.747872837 0.00753464155925 0.00016424
pedestrian -1 -1 -10 828.06 173.51 847.337 221.506 2.22175602174 0.849907269895 1.18399965282 5.80516263819 1.4361771561 18.040035803 0.00753464155925 0.00015123
pedestrian -1 -1 -10 815.01 168.79 834.929 218.171 2.20475786865 1.01588754479 1.19699966029 5.42832333645 1.42280207381 17.8639227929 0.00753464155925 0.00014009
pedestrian -1 -1 -10 1127.4 166.71 1145.25 216.013 0.894901782865 1.16487139072 0.978998838195 12.9574420759 1.34830658044 17.6620802825 0.00753464155925 0.00013645
pedestrian -1 -1 -10 313.34 182.26 344.5 242.843 0.0999890208244 0.0 0.0 -24.4043277664 2.09256640671 62.9804060765 0.0 0.00013355
pedestrian -1 -1 -10 705.56 152.29 745.103 224.73 2.23175497389 0.669926682489 1.19399964022 2.89720408425 1.49333707407 17.2540619658 0.00753464155925 0.0001281
pedestrian -1 -1 -10 1137.8 166.64 1153.0 215.207 1.49683565652 0.92789784063 1.16399920118 17.1484884669 0.450903149053 22.8854653005 0.00753464155925 0.00012565
pedestrian -1 -1 -10 1082.2 92.961 1128.37 218.921 1.89579177905 0.859904496182 1.15799963789 15.1113077941 0.906778781765 21.9138837323 0.00753464155925 8.8314e-05
pedestrian -1 -1 -10 1140.1 121.54 1175.12 218.62 1.50383485747 0.889901896463 1.12799800676 17.5916945166 0.452979339407 23.0441689672 0.00753464155925 6.4651e-05
pedestrian -1 -1 -10 613.81 157.71 634.183 226.63 1.72881011856 0.647928779664 0.645999829908 0.252930849345 1.62098627463 9.34928192984 0.00753464155925 5.8191e-05
pedestrian -1 -1 -10 335.15 184.52 350.524 234.259 0.434952219131 0.173980725922 0.0520000298585 -9.21188275653 1.1517283196 25.342163358 0.00753464155925 4.167e-05
pedestrian -1 -1 -10 747.4 141.43 767.264 185.115 1.93378771376 0.895901757947 0.969999731681 3.71249752053 1.18865196845 17.0391953893 0.00753464155925 3.327e-05
pedestrian -1 -1 -10 606.94 153.49 626.729 219.867 2.29174832917 0.687924359802 1.17599963906 0.230907422367 1.58971087724 16.1550159113 0.00753464155925 3.0505e-05
pedestrian -1 -1 -10 1088.5 112.19 1117.44 186.012 1.59782451892 0.915900024801 1.19499932902 15.1299261934 0.609212534432 21.9439478377 0.00753464155925 2.9218e-05
pedestrian -1 -1 -10 117.72 200.71 136.765 236.921 0.948895844336 1.01388886239 0.35200012876 -15.4059932583 1.99238785791 23.167888309 0.00753464155925 2.687e-05
pedestrian -1 -1 -10 820.84 172.4 841.043 223.611 2.21875638974 0.947896107484 1.19399940181 5.61854347366 1.43508396841 17.9584242824 0.00753464155925 2.6004e-05
pedestrian -1 -1 -10 362.99 189.9 379.153 244.853 0.768915599701 0.44295035869 0.263999858151 -5.57153465474 1.92708683371 17.2081107576 0.00753464155925 2.4088e-05
pedestrian -1 -1 -10 754.61 133.54 775.018 176.111 1.63882008564 0.64292921295 1.11499990664 3.82525522442 0.894230111666 17.3530652067 0.00753464155925 2.1193e-05
pedestrian -1 -1 -10 848.65 124.41 896.3 260.9 2.19375909877 0.637930599807 1.15799963789 6.83005005149 1.39118115569 18.5558443304 0.00753464155925 1.8001e-05
pedestrian -1 -1 -10 744.83 139.64 770.967 218.264 2.23475466549 0.972892987481 1.19199978579 3.59476318136 1.49003790357 17.0603525488 0.00753464155925 1.7195e-05
pedestrian -1 -1 -10 822.21 61.629 886.516 249.709 1.56482820928 0.781913925447 1.19699966029 6.35089085659 0.767680974936 18.3670030729 0.00753464155925 1.3413e-05
pedestrian -1 -1 -10 754.46 146.56 774.986 207.152 2.23875423443 1.02488733702 1.15699971068 3.79800198085 1.49135591494 17.1578449191 0.00753464155925 1.0562e-05
pedestrian -1 -1 -10 903.37 261.08 931.002 334.175 1.86179559207 0.765916360891 0.782999752685 2.97587741177 1.64568771585 6.87704509901 0.00753464155925 5.8593e-06
pedestrian -1 -1 -10 926.53 159.41 993.796 351.13 1.85379645419 0.719921396054 0.751999624845 2.99120129441 1.63733683549 6.85399088044 0.00753464155925 5.6611e-06
pedestrian -1 -1 -10 751.08 134.33 784.113 215.426 2.17876070035 0.941896245999 1.18399989124 3.87479215356 1.42892135592 17.1992523659 0.00753464155925 1.601e-06
pedestrian -1 -1 -10 102.48 195.36 137.675 244.882 1.2508626138 1.0788822761 0.648000518802 -15.5572390564 2.10213994444 22.7410790219 0.00753464155925 1.079e-06
pedestrian -1 -1 -10 883.33 185.52 925.387 316.31 1.86179559207 0.775915017533 0.782999752685 2.97591507956 1.64576172647 6.88204428542 0.00753464155925 3.4812e-07
pedestrian -1 -1 -10 520.34 59.043 554.371 252.153 1.5798265481 0.879902763036 0.783999799109 -1.39903067159 0.849285714 17.0041039488 0.00753464155925 1.8048e-08
