pedestrian -1 -1 -10 244.06 156.36 268.018 223.336 1.49983528853 0.62793146638 0.874999732152 -10.2289665374 1.07709317982 20.808186332 0.00753464155925 0.9505
pedestrian -1 -1 -10 215.12 155.01 242.386 217.641 1.50283498013 0.713920581 0.889999117209 -10.564780956 1.07770088893 20.7677246281 0.00753464155925 0.8595
pedestrian -1 -1 -10 222.41 155.87 264.411 216.375 1.50283498013 0.713920581 1.13799918625 -10.4407844312 1.07761060779 20.7667916776 0.00753464155925 0.2542
pedestrian -1 -1 -10 1169.9 12.974 1239.46 325.844 1.6838151617 0.451950627701 0.471000050371 5.16862189595 1.11446369558 6.21298025877 0.00753464155925 0.18769
pedestrian -1 -1 -10 1114.0 100.17 1161.88 312.9 2.0937701137 0.736918778596 0.438000068102 5.36782341898 1.49819652856 7.35149026112 0.00753464155925 0.022923
pedestrian -1 -1 -10 238.63 156.38 258.967 206.654 1.50283498013 0.713920581 1.11099972094 -10.3472874457 1.07754253318 20.7660882058 0.00753464155925 0.010484
pedestrian -1 -1 -10 229.28 156.7 249.036 206.292 1.50283498013 0.713920581 1.11599888018 -10.4517842729 1.07761861671 20.7668744405 0.00753464155925 0.0091035
pedestrian -1 -1 -10 945.87 162.83 980.836 301.12 2.30874648225 0.551939578046 0.346999539012 6.43706860439 1.61960522483 12.8944934383 0.00753464155925 0.0052889
pedestrian -1 -1 -10 1133.1 73.133 1227.1 315.163 1.87379423928 0.614932402211 0.438000068102 5.36729603529 1.27731770415 7.29212763497 0.00753464155925 0.0024449
pedestrian -1 -1 -10 206.62 158.36 228.049 213.294 0.749917647244 0.419952161094 0.496999588463 -17.9956520773 0.292426421526 33.8115584923 0.00753464155925 0.002053
pedestrian -1 -1 -10 1038.5 52.045 1147.82 293.885 1.93078796256 0.840907477669 0.10600086782 18.267782701 1.18297023235 27.2565116058 0.00753464155924 0.0018865
pedestrian -1 -1 -10 988.26 28.483 1128.59 317.513 1.92578857588 0.475948643283 0.502999628588 5.42640215083 1.31506920268 8.9662393084 0.00753464155925 0.0016703
pedestrian -1 -1 -10 933.24 154.62 968.276 294.67 1.67681587881 1.11787756146 1.18899976573 3.5031269848 1.68353379554 7.42721953826 0.00753464155925 0.0012337
pedestrian -1 -1 -10 1109.1 64.777 1188.4 289.877 1.99678076064 0.384958054809 0.341999902939 6.15389021083 1.37870700973 8.16173145361 0.00753464155925 0.00075318
pedestrian -1 -1 -10 201.18 150.61 249.23 225.187 1.50283498013 0.713920581 0.758999592185 -10.6302788646 1.07774857757 20.7682174348 0.00753464155925 0.00061159
pedestrian -1 -1 -10 846.65 139.21 859.987 177.924 1.05488418281 0.991891913134 0.853999353296 6.2322881459 0.267910926375 18.3775212315 0.00753464155925 0.00038806
pedestrian -1 -1 -10 249.34 158.53 288.614 219.647 1.33785308921 0.600933996841 0.985999759208 -14.463390618 0.25349911514 31.6720785783 0.00753464155925 0.00031501
pedestrian -1 -1 -10 905.06 90.943 939.01 182.471 1.26986058116 0.317965005133 0.520999748963 5.53519825666 0.603309149521 12.4315789358 0.00753464155925 0.00026303
pedestrian -1 -1 -10 989.8 174.75 1032.15 245.362 1.43784214878 1.16587263906 0.418999543675 8.43509826922 1.85094332806 15.0858735286 0.00753464155925 0.00022919
pedestrian -1 -1 -10 1123.1 159.83 1158.26 282.97 2.0937701137 0.736918778596 0.438000068102 5.36782341898 1.49819652856 7.35149026112 0.00753464155925 0.00020255
pedestrian -1 -1 -10 1109.1 190.27 1149.59 301.35 2.0937701137 0.736918778596 0.438000068102 5.36782341898 1.49819652856 7.35149026112 0.00753464155925 9.6931e-05
pedestrian -1 -1 -10 1136.9 99.479 1167.88 215.899 1.8857930057 0.384958054809 0.341999902939 6.15385598943 1.26771925478 8.16255327222 0.00753464155925 4.8933e-05
pedestrian -1 -1 -10 1140.9 167.97 1161.05 262.035 2.0937701137 0.736918778596 0.438000068102 5.36782341898 1.49819652856 7.35149026112 0.00753464155925 4.1222e-05
pedestrian -1 -1 -10 1139.0 99.607 1180.01 259.377 1.72681042349 0.18597854175 0.71400048334 20.8315878977 1.20879911568 26.8097429781 0.00753464155924 2.6761e-05
pedestrian -1 -1 -10 189.12 156.01 227.46 221.495 1.86479528367 0.12798623787 0.174999183491 -11.5903092266 0.980619686845 21.0606072409 0.00753464155925 2.6528e-05
pedestrian -1 -1 -10 1136.1 152.92 1169.22 268.42 2.0937701137 0.736918778596 0.438000068102 5.36782341898 1.49819652856 7.35149026112 0.00753464155925 1.7102e-05
pedestrian -1 -1 -10 1150.1 104.48 1198.92 253.45 1.72681042349 0.18597854175 0.630000875264 20.8735865129 1.20876853674 26.8094269803 0.00753464155924 1.6334e-05
pedestrian -1 -1 -10 893.87 144.8 965.109 228.461 1.44984082579 0.309966461247 0.334999935599 6.52479289254 0.734335143496 14.230764534 0.00753464155925 3.9575e-06
pedestrian -1 -1 -10 178.89 158.02 212.58 229.375 1.83979799271 0.861905085723 0.820999847864 -12.6442453249 0.900225965448 22.4087380854 0.00753464155925 1.8802e-06
pedestrian -1 -1 -10 1139.5 49.9 1173.27 197.3 1.52183288789 0.644929325707 0.438000068102 5.3673005203 0.925578391665 7.30973179981 0.00753464155925 1.8251e-06
pedestrian -1 -1 -10 1164.7 172.93 1210.46 256.11 0.527942003253 0.249972614255 0.27299967992 11.3213216374 1.83712965136 14.1314672728 0.00753464155925 1.281e-06
pedestrian -1 -1 -10 777.34 153.3 821.222 241.387 1.52583240282 1.19586908577 0.713999768084 2.35377722197 1.45955246221 8.52922858006 0.00753464155925 9.2283e-07
pedestrian -1 -1 -10 860.56 154.01 951.693 218.683 1.00388978314 0.314964120821 0.299000171686 7.06695299449 0.235972022932 17.2006662665 0.00753464155925 2.9538e-07
pedestrian -1 -1 -10 1150.8 185.44 1196.63 280.705 0.487946433066 0.436952404346 0.496999588463 19.1413252538 2.02511612468 24.4493981735 0.00753464155926 6.5493e-08
pedestrian -1 -1 -10 1142.2 166.91 1183.16 303.38 2.07677202021 0.384958054809 0.341999902939 6.15391487492 1.4586982693 8.16113915129 0.00753464155925 1.1668e-08
