pedestrian -1 -1 -10 961.07 163.99 1000.25 264.5 1.71799231507 0.476998959585 0.459998310834 7.17714126001 1.53310553124 13.4456989767 0.00692802392802 0.99126
pedestrian -1 -1 -10 539.55 173.11 566.262 227.041 1.55299311131 0.668998264896 0.697997333214 -1.47743059618 1.3350634285 21.2347154426 0.00692802392802 0.98828
pedestrian -1 -1 -10 438.31 162.81 454.633 205.76 2.31898961514 0.811000274378 0.827996959501 -6.71829049 1.18350524721 31.7316616928 0.00692802392802 0.26575
pedestrian -1 -1 -10 386.62 165.16 398.062 192.336 0.331998509169 0.208999492155 0.920996068599 -13.5512259548 -0.207952062075 46.8589103701 0.00692802392802 0.18085
pedestrian -1 -1 -10 484.16 169.58 495.29 198.572 1.39499381036 0.166000253716 0.633997920672 -6.64273396248 1.06297632861 41.6312795136 0.00692802392802 0.093884
pedestrian -1 -1 -10 401.18 171.44 412.602 194.383 0.103999528289 0.481998116964 0.817996768171 -12.7653896819 0.101858471669 46.8804583341 0.00692802392802 0.089863
pedestrian -1 -1 -10 391.95 168.18 403.793 193.409 0.331998509169 0.288997454299 1.06399613435 -13.263456924 -0.208789157809 46.8969156889 0.00692802392802 0.064788
pedestrian -1 -1 -10 965.92 174.73 1012.47 241.088 2.37998933196 0.435999574833 0.210999173357 5.93907949547 1.55660021222 10.7503518286 0.00692802392802 0.058946
pedestrian -1 -1 -10 478.2 169.77 490.01 200.907 1.14399488568 0.197997912696 0.735997297334 -6.71396711938 0.812154035548 41.6476265099 0.00692802392802 0.017669
pedestrian -1 -1 -10 978.46 172.71 999.552 241.117 2.37998933196 0.435999574833 0.210999173357 5.93907949547 1.55660021222 10.7503518286 0.00692802392802 0.017501
pedestrian -1 -1 -10 992.06 181.01 1004.52 229.275 0.519997751712 0.20100007741 0.775996155316 17.0992924886 1.42151419209 30.2589408708 0.00692802392801 0.016789
pedestrian -1 -1 -10 961.01 167.79 981.528 257.418 1.71799231507 0.476998959585 0.459998310834 7.17714126001 1.53310553124 13.4456989767 0.00692802392802 0.012295
pedestrian -1 -1 -10 969.62 163.8 992.798 236.081 1.71799231507 0.476998959585 0.459998310834 7.17714126001 1.53310553124 13.4456989767 0.00692802392802 0.011404
pedestrian -1 -1 -10 266.96 160.73 286.73 218.452 1.79999194145 1.08599970655 0.435998233109 -8.94396371772 1.21407148408 19.1206071297 0.00692802392802 0.0086858
pedestrian -1 -1 -10 441.08 151.71 457.018 190.276 1.90699145645 1.07400058443 0.827996959501 -6.71794757382 0.771354156109 31.8629230488 0.00692802392802 0.0041853
pedestrian -1 -1 -10 223.9 172.65 236.508 195.315 1.04499526173 1.1579963466 0.525999001414 -17.9546251591 -0.646357686582 34.2216806077 0.00692802392802 0.0033408
pedestrian -1 -1 -10 287.43 167.05 304.926 197.545 0.30899862498 0.12099830057 0.176999381136 -17.3455827474 -0.1981749604 40.4660639243 0.00692802392801 0.0029185
pedestrian -1 -1 -10 260.63 157.21 278.608 220.545 1.77499207705 1.08599970655 0.435998233109 -8.94399819055 1.18907161968 19.120592831 0.00692802392802 0.0018915
pedestrian -1 -1 -10 270.52 148.05 283.292 199.182 1.94499133378 0.377000553231 0.277998834032 -5.9627084255 1.0838246321 13.0220664928 0.00692802392802 0.0016124
pedestrian -1 -1 -10 476.4 167.95 500.628 201.442 1.39499381036 0.197997912696 0.707997524545 -6.67962203627 1.06305946601 41.647534411 0.00692802392802 0.00092514
pedestrian -1 -1 -10 431.56 164.54 441.931 192.325 0.0999995529652 0.0400008884196 0.0979992047628 -14.886009541 -0.198306792864 64.3752362591 0.00692802392802 0.00086186
pedestrian -1 -1 -10 218.9 169.59 233.788 196.29 1.03699534088 1.07200168442 0.219998487251 -17.7242051734 0.556491771159 33.8024768417 0.00692802392802 0.00066875
pedestrian -1 -1 -10 212.41 168.78 229.492 201.272 1.02499542981 1.032000796 0.182999877403 -17.7068992816 0.545969278896 33.3433407252 0.00692802392802 0.00052865
pedestrian -1 -1 -10 472.25 169.99 483.794 201.97 1.32099411041 0.387000775336 0.314998874386 -6.97661453257 0.794007495848 40.6597995827 0.00692802392802 0.00044291
pedestrian -1 -1 -10 322.02 162.79 358.191 192.077 0.361998383701 0.190997947957 0.438999434913 -19.2243653586 -0.188083746308 51.9093436313 0.00692802392803 0.00039902
pedestrian -1 -1 -10 987.02 174.47 1022.04 249.032 0.519997751712 0.20100007741 0.67599614935 17.1492912906 1.42137669976 30.2585943124 0.00692802392801 0.00033523
pedestrian -1 -1 -10 199.88 158.23 223.599 207.097 0.527997612953 0.744998427016 0.105998594891 -17.721385493 -1.10298345228 32.4582913996 0.00692802392802 0.00022767
pedestrian -1 -1 -10 1095.2 165.85 1131.32 241.97 1.35099394768 0.48499837433 0.586997688988 20.1889092019 1.80928444183 28.2544536561 0.00692802392802 0.00019836
pedestrian -1 -1 -10 332.94 164.59 350.944 193.668 0.100999543071 0.104000021074 0.385998230126 -19.9300508895 -0.184513906124 54.8619596886 0.006928023928 0.00015601
pedestrian -1 -1 -10 599.37 173.45 610.612 205.229 0.10199957788 0.121993935882 0.207999215795 0.471320878584 0.587405408318 66.0697948743 0.00692802392802 0.00014382
pedestrian -1 -1 -10 1095.3 177.97 1123.09 226.979 0.107999414206 0.451999357997 0.200000011931 26.7144195067 1.07218916301 36.2108071552 0.00692802392802 0.00013461
pedestrian -1 -1 -10 258.82 152.03 291.561 232.567 1.79999194145 1.06199955496 0.435998233109 -8.94388058157 1.2140575282 19.1326069175 0.00692802392802 9.138e-05
pedestrian -1 -1 -10 1103.2 154.02 1148.45 242.589 0.110999540984 0.665000464871 0.303997805619 26.8295987387 1.0691705016 35.9494975407 0.00692802392803 5.8533e-05
pedestrian -1 -1 -10 253.64 160.13 265.688 209.182 0.582997433841 1.01200035179 0.447998271971 -17.9763357342 -1.2079619473 37.42452467 0.00692802392802 5.8276e-05
pedestrian -1 -1 -10 284.75 165.67 319.839 209.548 0.30899862498 0.12099830057 0.176999381136 -17.3455827474 -0.1981749604 40.4660639243 0.00692802392801 2.0927e-05
pedestrian -1 -1 -10 272.52 145.16 322.636 213.516 0.30899862498 0.12099830057 0.176999381136 -17.3455827474 -0.1981749604 40.4660639243 0.00692802392801 1.8085e-05
pedestrian -1 -1 -10 1.8858 176.82 35.0148 232.433 0.761996594071 0.401000704813 0.761996268921 -14.4659084063 0.897175908967 17.4835576994 0.00692802392802 2.3997e-06
pedestrian -1 -1 -10 261.46 118.39 320.099 228.36 0.61399731338 0.515998490651 0.0599992406427 -17.8433835523 -1.29165654796 41.2075819586 0.00692802392803 9.7086e-07
pedestrian -1 -1 -10 2.7726 117.96 49.1516 231.87 2.02299099416 0.344999079556 1.18799526437 -16.286605323 0.77815181984 20.1403647998 0.00692802392802 5.1511e-07
pedestrian -1 -1 -10 9.2364 90.274 122.186 243.684 1.65699263364 0.678998487001 1.19399480697 -15.2176528595 0.428811069523 20.4837739881 0.00692802392802 1.1977e-07
