pedestrian -1 -1 -10 574.36 156.33 612.534 273.88 1.72999229133 0.808999467018 0.503998115572 -0.15823572713 1.36792592459 11.1802632477 0.00692802392802 0.99872
pedestrian -1 -1 -10 598.36 158.66 615.3 216.234 0.981995654106 0.492000246416 0.699997348384 0.402357654883 0.968848046635 17.7660132304 0.00692802392802 0.0022914
pedestrian -1 -1 -10 648.15 133.64 661.835 171.536 1.53699310571 0.46899954484 1.15999561079 1.13061179146 0.637481622266 14.5786807348 0.00692802392802 0.00068796
pedestrian -1 -1 -10 588.41 159.26 630.12 255.262 0.983995619416 0.492000246416 0.760997168441 0.432859590072 0.970764141877 17.7658029743 0.00692802392802 0.00066055
pedestrian -1 -1 -10 596.66 148.87 620.526 245.583 0.981995654106 0.492000246416 0.732997276443 0.41885722257 0.968802674268 17.7658988664 0.00692802392802 0.00033826
pedestrian -1 -1 -10 681.8 158.17 702.515 201.738 2.19499015659 0.722999082793 1.1459958436 1.87217524416 1.29866272287 14.3809248129 0.00692802392802 0.00031029
pedestrian -1 -1 -10 702.51 151.14 719.752 196.871 2.06199079454 0.615999758027 1.17499565937 2.24985476263 1.16556306118 14.4317317603 0.00692802392802 0.00018663
pedestrian -1 -1 -10 690.06 152.8 714.077 197.844 2.06099075228 0.594999863811 1.19799533649 2.05343152195 1.16509115063 14.4435928531 0.00692802392802 0.00014032
pedestrian -1 -1 -10 602.14 159.19 639.843 235.937 0.987995550037 0.497998853801 0.983996321056 0.544382782736 0.974453977651 17.7680316716 0.00692802392802 8.0825e-05
pedestrian -1 -1 -10 345.7 209.03 372.243 272.043 1.00799542666 1.16399972235 1.00799611194 -3.69976355586 1.3794310582 10.5377161686 0.00692802392802 6.7238e-05
pedestrian -1 -1 -10 577.93 151.94 596.273 226.261 1.72999229133 0.808999467018 0.503998115572 -0.15823572713 1.36792592459 11.1802632477 0.00692802392802 2.5482e-05
pedestrian -1 -1 -10 1051.7 276.47 1074.39 331.421 0.937995865941 0.410999496408 0.419998499182 3.23449534132 1.49830879805 5.29222541138 0.00692802392802 1.7557e-05
