pedestrian -1 -1 -10 817.46 158.31 836.588 208.225 1.32285476529 0.744919229621 0.511999450357 7.3192117066 1.03686645811 23.751174932 0.00753464155925 0.7789
pedestrian -1 -1 -10 522.38 168.36 535.561 201.508 0.0999890208244 0.0 0.0 -5.56888353533 1.24840439414 52.5495620163 0.0 0.48137
pedestrian -1 -1 -10 469.49 171.13 487.52 209.819 0.639929762181 0.320963982305 0.536999538071 -3.81122188892 0.755984582937 21.5368266009 0.00753464155925 0.2531
pedestrian -1 -1 -10 931.84 161.51 953.711 203.643 0.852906353711 0.572937186101 0.269999421439 8.68896628048 1.02943056403 18.5077639195 0.00753464155925 0.11607
pedestrian -1 -1 -10 462.52 174.88 495.537 221.002 1.3288540293 1.09487936387 0.307999993455 -2.70329516656 1.70258460814 15.9487950247 0.00753464155925 0.08443
pedestrian -1 -1 -10 854.16 167.95 874.962 213.977 2.15876297486 1.15087298535 1.18099939434 6.66825297194 1.37870059607 18.5164838792 0.00753464155925 0.032286
pedestrian -1 -1 -10 926.15 162.4 945.367 220.509 0.260971357702 0.18598044889 0.195000588806 10.7024329161 0.959213086612 24.8536284617 0.00753464155925 0.030601
pedestrian -1 -1 -10 917.51 163.7 958.144 215.03 0.861905324225 0.766915225307 1.04899946527 6.76947672173 1.31829100896 14.6344813407 0.00753464155925 0.018479
pedestrian -1 -1 -10 862.33 169.07 880.234 216.168 0.345962003947 0.320965889445 0.268999971062 6.94827884059 1.33017658941 19.8978660208 0.00753464155925 0.017337
pedestrian -1 -1 -10 834.94 160.78 873.867 217.067 0.659927569624 0.144984573981 0.281999978526 7.20150424695 1.20637384124 21.7483704405 0.00753464155925 0.01006
pedestrian -1 -1 -10 457.77 169.39 493.037 246.591 1.32185484326 1.13087567206 0.782999752685 -2.9437806419 1.58511748415 15.1651864478 0.00753464155925 0.0098714
pedestrian -1 -1 -10 849.96 167.03 866.919 209.78 2.15876297486 1.17287184174 0.982999500727 6.56917295128 1.37860983854 18.5062296183 0.00753464155925 0.0075095
pedestrian -1 -1 -10 801.54 160.83 816.99 200.763 1.69381399465 0.441951017489 0.518000444156 9.02265001305 0.870241883435 31.280091979 0.00753464155925 0.0069033
pedestrian -1 -1 -10 970.13 150.93 1000.65 203.125 1.02388758314 0.488946753882 0.511999927194 14.6516599295 0.559404532321 27.4032925615 0.00753464155925 0.0068381
pedestrian -1 -1 -10 903.32 157.9 921.951 204.822 1.72481060922 1.17787140845 0.414999834816 6.77100095014 0.95697275095 16.2429271444 0.00753464155925 0.0060699
pedestrian -1 -1 -10 915.93 160.52 933.814 211.835 0.595934585807 0.55694009833 0.361999400906 8.6701184459 0.934585197269 19.0564834414 0.00753464155925 0.0059047
pedestrian -1 -1 -10 813.39 158.45 848.984 212.812 1.32285476529 0.744919229621 0.511999450357 7.3192117066 1.03686645811 23.751174932 0.00753464155925 0.0057346
pedestrian -1 -1 -10 1187.5 167.8 1237.3 240.393 0.964894060491 1.03388712924 1.19099962016 9.55991216971 1.23127882179 11.2395405689 0.00753464155925 0.0051429
pedestrian -1 -1 -10 850.88 161.9 904.334 223.791 1.79280316198 1.09787929461 1.0009996211 6.98246049663 1.0072624896 18.1623567423 0.00753464155925 0.0048265
pedestrian -1 -1 -10 794.56 161.12 834.808 194.341 1.69381399465 0.441951017489 0.518000444156 9.02265001305 0.870241883435 31.280091979 0.00753464155925 0.0043108
pedestrian -1 -1 -10 910.36 156.32 924.714 197.649 0.347961788416 0.208976739346 0.18500131666 20.7850766041 0.503769082966 48.2087778375 0.00753464155925 0.0037083
pedestrian -1 -1 -10 939.43 157.3 976.793 203.219 0.320964742781 0.0709913680498 0.124999961736 20.413484162 0.403438474562 42.0260088221 0.00753464155925 0.0035414
pedestrian -1 -1 -10 896.68 159.52 937.228 219.213 0.583935864093 0.19997885426 0.501999701373 10.4213358701 0.927624932167 24.1295041021 0.00753464155925 0.0034527
pedestrian -1 -1 -10 897.55 162.88 916.699 210.172 1.53283171737 1.13887516952 0.389999747102 6.78639227111 0.760795834879 16.6368480079 0.00753464155925 0.0027742
pedestrian -1 -1 -10 1149.5 163.59 1198.93 233.549 1.12587633777 1.08288154804 1.19599973307 8.69403211599 1.29715486989 11.0607554169 0.00753464155925 0.0026556
pedestrian -1 -1 -10 929.42 152.36 963.458 197.465 0.0999890208244 0.00899788508648 0.0669994149155 17.5102730296 0.319196437388 36.822773576 0.00753464155925 0.0026512
pedestrian -1 -1 -10 837.16 162.55 852.267 206.808 0.0999890208244 0.0 0.0 12.3525381503 0.572804934067 37.0524101565 0.0 0.0024003
pedestrian -1 -1 -10 1171.8 165.89 1206.26 226.619 1.45084070313 0.538940513877 0.719999092954 15.3887920642 0.777245101821 18.6454668749 0.00753464155925 0.0021643
pedestrian -1 -1 -10 917.34 152.56 950.716 200.365 0.267970570751 0.18598044889 0.138000446038 11.1171302225 0.454154623371 24.2629513563 0.00753464155925 0.0021147
pedestrian -1 -1 -10 796.33 161.9 813.228 195.407 0.0999890208244 0.089990293703 0.170999474632 16.2222345014 0.376870393811 57.8170220639 0.00753464155925 0.0016054
pedestrian -1 -1 -10 1111.3 158.18 1154.75 228.698 1.03088679898 1.16087307234 1.15099919372 8.47610857956 1.29228946686 11.532831501 0.00753464155925 0.0015852
pedestrian -1 -1 -10 922.33 155.55 938.821 200.284 0.0999890208244 0.0 0.0 13.9507098183 0.453564626199 31.4983675544 0.0 0.00099085
pedestrian -1 -1 -10 1141.3 159.56 1183.29 220.071 1.47983750343 0.472949666111 0.784999607114 13.5511284998 0.834421096771 17.2974935947 0.00753464155925 0.00094559
pedestrian -1 -1 -10 978.35 152.98 1008.71 196.385 1.02388758314 0.488946753882 0.511999927194 14.6516599295 0.559404532321 27.4032925615 0.00753464155925 0.00079672
pedestrian -1 -1 -10 1157.0 151.15 1220.52 239.481 1.45084070313 0.538940513877 0.719999092954 15.3887920642 0.777245101821 18.6454668749 0.00753464155925 0.00068348
pedestrian -1 -1 -10 1156.8 160.68 1195.23 208.438 1.07688169277 1.04888487581 1.17299997662 9.16699176772 1.25467195187 11.5205222203 0.00753464155925 0.00066972
pedestrian -1 -1 -10 1192.4 170.04 1211.63 216.03 0.976892707708 1.11787756146 1.13999999435 9.08532990023 1.30341056798 10.9580987541 0.00753464155925 0.00060125
pedestrian -1 -1 -10 74.184 158.67 93.76 210.53 0.652928294183 1.16287270831 0.778999566989 -6.3099174481 0.290950752454 8.87288409373 0.00753464155925 0.00054891
pedestrian -1 -1 -10 1032.6 165.12 1082.58 252.085 1.98578187157 0.722921326796 1.04399935235 9.17688883554 1.22427296073 14.8100785387 0.00753464155925 0.00053673
pedestrian -1 -1 -10 1121.7 157.29 1210.6 243.492 1.12587633777 1.10088017892 1.16099989637 8.59160289266 1.29736272425 11.0705256651 0.00753464155925 0.00048609
pedestrian -1 -1 -10 776.71 157.55 809.938 189.269 0.100988898159 0.475949596853 0.446999413034 13.9104658766 0.332928075635 53.7405320123 0.00753464155925 0.00044922
pedestrian -1 -1 -10 1178.8 155.63 1216.57 211.961 1.45084070313 0.538940513877 0.719999092954 15.3887920642 0.777245101821 18.6454668749 0.00753464155925 0.00037884
pedestrian -1 -1 -10 940.9 148.89 957.119 188.055 0.100988898159 0.102989357872 0.0550002883395 25.240791562 -0.10624787744 52.8530523027 0.00753464155925 0.00037184
pedestrian -1 -1 -10 690.31 157.56 726.852 228.461 1.12487643064 0.638929941007 0.510999761561 2.67765398804 1.5222933244 18.7868067994 0.00753464155925 0.00036199
pedestrian -1 -1 -10 982.59 158.09 1059.2 253.7 1.01388872039 0.532942559533 0.572999778821 10.2146304402 1.19267342128 18.2500095779 0.00753464155925 0.00034872
pedestrian -1 -1 -10 111.06 157.43 130.304 215.913 2.09277017677 1.19686890375 0.78899979281 -4.97708855219 1.50639699548 7.06925856687 0.00753464155925 0.00032945
pedestrian -1 -1 -10 1021.1 169.38 1061.12 250.297 0.947895877604 1.14687466697 0.46599993746 6.71828356857 1.3807924851 10.952070073 0.00753464155925 0.00032634
pedestrian -1 -1 -10 1188.3 165.98 1223.07 219.752 1.45084070313 0.538940513877 0.719999092954 15.3887920642 0.777245101821 18.6454668749 0.00753464155925 0.0002916
pedestrian -1 -1 -10 783.19 155.82 800.674 185.502 0.100988898159 0.475949596853 0.446999413034 13.9104658766 0.332928075635 53.7405320123 0.00753464155925 0.0002738
pedestrian -1 -1 -10 85.64 152.97 109.557 213.467 0.573936971546 0.576936458044 0.641999048166 -8.97403168963 0.346328253199 13.3111624903 0.00753464155925 0.00026379
pedestrian -1 -1 -10 1156.7 160.79 1175.5 210.655 1.08888045919 1.00388972896 1.15300047866 9.08316726954 1.26706493312 11.5435623084 0.00753464155925 0.00025219
pedestrian -1 -1 -10 1212.4 158.44 1239.84 245.547 0.933897445918 0.674926249202 0.818999993435 9.96724344193 1.2026436579 11.4161907717 0.00753464155925 0.00024944
pedestrian -1 -1 -10 974.55 152.43 1013.64 227.882 0.963894138458 0.565937983416 0.703999780682 6.81736203641 1.16672649228 12.8443719695 0.00753464155925 0.0002448
pedestrian -1 -1 -10 515.75 171.81 539.022 205.409 0.347961788416 0.262971678424 0.492999879604 -5.75701177639 0.576462167211 52.0121879484 0.00753464155925 0.00023653
pedestrian -1 -1 -10 831.28 156.72 893.204 231.377 0.390957080006 0.359961174812 0.323999782564 7.66820260564 0.666920605584 22.1444030006 0.00753464155925 0.00020242
pedestrian -1 -1 -10 1089.8 146.01 1131.96 211.63 0.851906491276 0.740919957679 0.392999528746 14.2896150189 0.0626597436489 20.9922161246 0.00753464155925 0.00020088
pedestrian -1 -1 -10 969.43 149.69 988.538 187.199 0.100988898159 0.169979546839 0.107999768576 25.3326582489 -0.131504243825 48.5176346578 0.00753464155925 0.0001896
pedestrian -1 -1 -10 1094.1 161.24 1114.03 202.523 2.01777836347 1.1688725698 0.524999934658 7.37113857601 1.3387882957 10.9196876147 0.00753464155925 0.00017897
pedestrian -1 -1 -10 716.12 179.11 736.484 234.927 2.26075171459 0.487945505542 0.218999795632 2.88047080188 1.52879596715 17.4869106424 0.00753464155925 0.00012168
pedestrian -1 -1 -10 699.05 189.88 721.177 232.026 1.12487643064 0.638929941007 0.510999761561 2.67765398804 1.5222933244 18.7868067994 0.00753464155925 0.0001135
pedestrian -1 -1 -10 195.49 141.66 248.355 229.406 2.00977934479 1.19186886025 0.687999991574 -4.9859713018 1.40528664886 8.88495853274 0.00753464155925 0.00010084
pedestrian -1 -1 -10 357.68 178.09 373.811 234.206 0.965893937827 0.536941831476 0.183999958934 -9.22163205248 1.63430629158 27.8798728834 0.00753464155925 9.4049e-05
pedestrian -1 -1 -10 1078.6 157.65 1164.16 248.564 1.9147897464 0.878903421835 0.871000023293 11.6093927025 1.08546545811 16.1404660872 0.00753464155925 7.6031e-05
pedestrian -1 -1 -10 1047.5 178.2 1069.21 240.853 1.98578187157 0.722921326796 1.04399935235 9.17688883554 1.22427296073 14.8100785387 0.00753464155925 7.3611e-05
pedestrian -1 -1 -10 1057.1 163.05 1118.66 250.66 0.911899846556 0.803912781843 0.61299972843 8.33711103289 1.1823332405 12.0701998348 0.00753464155925 7.1979e-05
pedestrian -1 -1 -10 946.65 145.57 963.119 187.056 0.393956771609 0.275966928314 0.465999460623 24.8838867956 -0.11326835662 51.3533051241 0.00753464155925 7.141e-05
pedestrian -1 -1 -10 1163.5 140.02 1203.6 214.516 1.44684113419 0.538940513877 0.389999270265 15.2237980562 0.777365233888 18.6466786848 0.00753464155925 6.1767e-05
pedestrian -1 -1 -10 863.01 154.97 929.672 242.434 1.25486224234 1.18687024711 0.199999748043 6.83751082097 0.480037599122 17.3306566509 0.00753464155925 5.6629e-05
pedestrian -1 -1 -10 983.3 153.96 1023.78 203.293 0.349961587785 0.230973688602 0.166000315396 25.5142739686 0.469547731766 46.0273678597 0.00753464155925 4.1013e-05
pedestrian -1 -1 -10 1122.6 125.08 1170.78 211.784 0.353961141824 0.207977398146 0.739999544595 28.9953025621 -0.211142896413 39.0397851149 0.00753464155925 3.0534e-05
pedestrian -1 -1 -10 935.24 143.52 970.843 187.188 0.393956771609 0.275966928314 0.465999460623 24.8838867956 -0.11326835662 51.3533051241 0.00753464155925 2.3081e-05
pedestrian -1 -1 -10 720.97 176.54 753.135 230.085 0.729919847251 0.346962110643 0.317000053643 3.8148220426 1.43148453206 19.857809734 0.00753464155925 1.8129e-05
pedestrian -1 -1 -10 707.14 162.41 746.429 240.572 2.26075171459 0.487945505542 0.218999795632 2.88047080188 1.52879596715 17.4869106424 0.00753464155925 1.6935e-05
pedestrian -1 -1 -10 850.56 146.29 871.074 195.954 0.997890429735 0.58493500193 0.61799984134 12.4300481493 1.01222945506 34.9941805172 0.00753464155925 1.3736e-05
pedestrian -1 -1 -10 700.25 182.26 733.78 239.1 2.27774992728 1.06688255313 0.332999842752 2.54508368644 1.55748740941 16.3714852255 0.00753464155925 1.152e-05
pedestrian -1 -1 -10 365.51 191.35 386.59 246.356 0.909900151484 0.5999327485 0.748999843201 -6.29883284617 1.67855861297 20.7242972834 0.00753464155925 1.0804e-05
pedestrian -1 -1 -10 1064.0 122.86 1189.3 248.99 1.9147897464 0.995891185077 0.930999470869 11.6389508509 1.08457766613 16.0817481542 0.00753464155925 9.9235e-06
pedestrian -1 -1 -10 364.52 170.9 397.933 243.11 0.910900028819 0.5999327485 0.852999902918 -6.24683459642 1.67852075312 20.7239134497 0.00753464155925 5.174e-06
pedestrian -1 -1 -10 869.16 203.97 913.736 253.222 0.879903354648 0.891902486004 0.910000045687 5.23924706254 1.49800869728 13.064765803 0.00753464155925 3.1286e-08
