pedestrian -1 -1 -10 986.15 151.4 1013.09 221.81 1.37184935069 0.751917478736 0.481999726569 8.16962713705 1.03624823258 15.0334369094 0.00753464155925 0.47161
pedestrian -1 -1 -10 520.9 168.23 532.913 199.41 1.299857229 1.16787132146 0.751999863264 -2.10119806376 1.34325426757 18.3851996323 0.00753464155925 0.19885
pedestrian -1 -1 -10 518.97 163.68 536.736 216.778 1.48683673418 1.16487329786 0.819999682231 -2.13872165512 1.52321994143 17.908636411 0.00753464155925 0.050834
pedestrian -1 -1 -10 1107.2 129.54 1154.64 208.062 1.69881344092 1.13087662563 0.525999861873 9.98106390834 1.12135742114 13.4972382131 0.00753464155925 0.033455
pedestrian -1 -1 -10 521.59 162.41 546.346 230.896 1.299857229 1.16687198026 0.646999876332 -2.05179968494 1.33712483339 17.9733623659 0.00753464155925 0.00068923
pedestrian -1 -1 -10 974.74 146.73 1020.4 243.119 1.37184935069 0.751917478736 0.481999726569 8.16962713705 1.03624823258 15.0334369094 0.00753464155925 0.00035381
pedestrian -1 -1 -10 1099.2 110.9 1167.45 233.93 1.69881344092 1.09788024818 0.525999861873 9.98093960158 1.1211131801 13.4807404926 0.00753464155925 0.0001873
pedestrian -1 -1 -10 1105.9 134.28 1133.53 211.85 0.780914261817 0.763916248135 0.725999609916 12.544299132 0.69601757465 18.0345554167 0.00753464155925 7.7902e-05
pedestrian -1 -1 -10 998.31 147.75 1036.0 223.3 1.48683673418 0.855905224239 0.792999978505 11.4895985825 0.611490025105 19.6492003294 0.00753464155925 3.4685e-05
pedestrian -1 -1 -10 1122.9 119.78 1176.71 214.545 1.65981774807 1.05988335044 0.504999959854 9.99010882846 1.07951941094 13.3059746632 0.00753464155925 9.6139e-06
pedestrian -1 -1 -10 1074.0 116.47 1145.11 227.12 1.18486987531 1.06788380147 0.818999993435 12.5632314604 0.99863561359 18.3479668335 0.00753464155925 5.2007e-06
pedestrian -1 -1 -10 742.2 167.32 770.511 206.001 1.83879811537 0.366958470357 0.365000136224 5.3951080222 0.941964667075 25.5731454568 0.00753464155925 4.7542e-06
pedestrian -1 -1 -10 959.34 150.61 999.298 221.78 1.48883651865 0.99888920868 0.757999188133 11.6945640194 1.03906516788 22.3272114138 0.00753464155925 4.1908e-06
pedestrian -1 -1 -10 1136.2 153.88 1178.39 228.634 1.65981774807 0.830908344242 0.461999751765 10.0107457098 1.07780887145 13.1913286475 0.00753464155925 5.1633e-08
pedestrian -1 -1 -10 1078.1 128.24 1118.75 221.051 1.47083848822 1.17787045488 0.95099992251 12.5779770835 1.00925270468 18.4598301976 0.00753464155925 2.9923e-08
