pedestrian -1 -1 -10 1094.1 176.23 1115.74 223.594 1.33685322119 0.901901619431 0.704999707897 13.1281096757 1.41043594678 18.8288064919 0.00753464155925 0.31957
pedestrian -1 -1 -10 1103.3 181.65 1122.39 224.551 1.33685322119 0.734920096194 0.702999853468 13.1264807098 1.40920066821 18.7453256234 0.00753464155925 0.0024865
pedestrian -1 -1 -10 633.79 171.06 654.455 216.8 0.655927985786 1.16087211877 1.16199964477 1.01765783534 0.98669834964 19.4208581795 0.00753464155925 0.00057109
pedestrian -1 -1 -10 640.43 167.58 659.216 211.62 0.582935979308 1.16387204951 1.18999963334 1.18785961888 0.787105040834 19.8615508236 0.00753464155925 0.00051757
pedestrian -1 -1 -10 1088.8 157.86 1123.16 225.532 1.24286355973 0.987890734052 0.704999707897 13.1284121849 1.31709760416 18.8734970034 0.00753464155925 0.00025662
pedestrian -1 -1 -10 460.91 196.22 482.276 244.921 2.41073534119 1.1958681322 0.668999943984 -3.30306349917 1.63650200029 18.8982060404 0.00753464155925 0.00016918
pedestrian -1 -1 -10 609.36 158.94 629.657 207.755 0.600934017181 1.0288885161 1.17399966542 0.340719414885 0.457718100402 20.4105180352 0.00753464155925 0.00013318
pedestrian -1 -1 -10 513.81 192.07 534.529 246.625 2.11876734507 1.18186972683 1.19399964022 -2.14422390461 1.71713878787 18.7841060627 0.00753464155925 4.8743e-05
pedestrian -1 -1 -10 471.21 181.19 493.653 226.145 1.68981448531 1.13787582832 1.00699966123 -3.3218954217 0.905183991894 19.7539559748 0.00753464155925 4.2849e-05
pedestrian -1 -1 -10 628.1 123.85 659.759 176.718 0.868904569867 0.739918709338 1.12599970205 1.13057518316 0.07232010006 21.5019066282 0.00753464155925 2.1497e-05
pedestrian -1 -1 -10 1105.7 168.99 1132.18 229.723 1.33685322119 0.772916040361 0.702999853468 13.1266238514 1.40948191632 18.7643230562 0.00753464155925 6.6012e-06
pedestrian -1 -1 -10 951.84 144.41 986.104 186.134 0.100988957758 0.517940998683 0.890998567586 26.6322350086 -0.416901671237 52.9366780294 0.00753464155925 2.3397e-07
pedestrian -1 -1 -10 1.5077 171.02 52.0407 253.892 0.792912894134 1.12187683341 0.553000280854 -14.2189100143 1.28388790922 17.8525453094 0.00753464155925 3.4818e-11
