pedestrian -1 -1 -10 366.07 176.49 391.252 221.734 2.12476666868 1.17987104443 0.204999860953 -9.08998627845 1.13770487258 28.6674178249 0.00753464155925 0.0028709
pedestrian -1 -1 -10 1076.3 221.93 1105.23 299.148 2.27874986421 1.19786872174 0.873999804937 5.78701538675 1.64589028757 8.69920146898 0.00753464155925 0.0027125
pedestrian -1 -1 -10 1014.1 182.14 1081.86 357.93 2.06277349913 1.19886901651 1.09399952778 5.94625838489 1.411217107 9.67351122138 0.00753464155925 0.0015748
pedestrian -1 -1 -10 356.38 155.47 392.384 224.125 2.27874980461 1.12787669489 0.175000137165 -9.02682156328 1.30698382803 28.1485050387 0.00753464155925 0.00049871
pedestrian -1 -1 -10 1027.3 116.01 1221.92 340.67 2.17776088262 1.19886901651 0.641999525003 5.90226916563 1.54341801304 8.60458945892 0.00753464155925 0.00011088
pedestrian -1 -1 -10 1008.6 222.12 1060.12 350.05 1.24486329019 0.78591415096 0.967999638833 3.13081436454 1.63736713851 5.70927389027 0.00753464155925 8.994e-05
pedestrian -1 -1 -10 1090.5 211.29 1204.28 314.42 2.25775214219 1.19786872174 1.18599950725 5.63428873525 1.64380777377 7.53906718019 0.00753464155925 4.8703e-05
pedestrian -1 -1 -10 1049.2 224.61 1092.02 334.94 2.09476999104 0.329964251316 0.258999745241 4.29481032024 1.53302232441 6.61946515883 0.00753464155925 2.7568e-05
pedestrian -1 -1 -10 373.16 160.62 408.526 222.63 1.99278119171 0.960895171653 0.265999712581 -9.03693573111 0.986617588172 29.8119359979 0.00753464155925 2.2955e-05
pedestrian -1 -1 -10 455.15 181.62 502.686 231.747 2.14076488484 0.996890526278 1.08399930196 -4.8292607974 1.39526981635 27.3279394348 0.00753464155925 2.2589e-05
pedestrian -1 -1 -10 1106.1 201.12 1163.21 291.982 2.26475134313 1.19586908577 1.15099967055 5.79782566628 1.6496711212 7.94185552144 0.00753464155925 1.4318e-05
pedestrian -1 -1 -10 437.44 178.41 478.259 229.76 0.29696735895 0.477948279255 0.566999738696 -5.49369984278 1.25078225433 27.7950022197 0.00753464155925 1.3451e-05
pedestrian -1 -1 -10 1109.9 226.26 1234.31 340.98 2.26475134313 1.19886853972 1.19299995143 5.90988045953 1.64380702279 7.55054431502 0.00753464155925 4.168e-06
pedestrian -1 -1 -10 450.72 166.94 487.494 227.077 0.658927666215 0.327965092129 1.18299972561 -5.54760445644 0.958230051167 29.448646787 0.00753464155925 4.12e-06
pedestrian -1 -1 -10 433.4 173.79 451.086 222.715 0.108988036036 0.312965438419 0.140999750845 -6.30166172806 1.06553160031 27.8119429288 0.00753464155925 3.8703e-06
pedestrian -1 -1 -10 435.49 158.53 462.821 226.273 2.17376131368 1.00088979822 1.04199949793 -4.25728115902 1.3947159059 19.6158189196 0.00753464155925 2.3327e-06
pedestrian -1 -1 -10 471.03 170.31 522.92 229.498 0.93689716732 0.677927133514 1.08899965329 -2.92237464643 1.46986394011 19.1989382153 0.00753464155925 6.4999e-07
pedestrian -1 -1 -10 425.91 165.25 454.116 227.271 0.108988036036 0.312965438419 0.140999750845 -6.30166172806 1.06553160031 27.8119429288 0.00753464155925 4.6297e-07
pedestrian -1 -1 -10 1095.3 189.42 1188.2 280.921 2.24975300431 1.19486974457 1.17800008953 5.9206150645 1.63516829531 7.98053970255 0.00753464155925 2.557e-07
pedestrian -1 -1 -10 1028.3 201.92 1086.73 301.059 2.05677411592 1.19186886025 1.09399952778 5.94487025713 1.40848604431 9.4889920282 0.00753464155925 2.462e-07
