pedestrian -1 -1 -10 640.68 159.46 670.287 224.522 1.56382830214 0.569937255359 0.696999753738 1.03974121771 1.40102570366 18.704680189 0.00753464155925 0.63308
pedestrian -1 -1 -10 626.7 157.83 665.054 238.431 1.56382830214 0.569937255359 0.696999753738 1.03974121771 1.40102570366 18.704680189 0.00753464155925 0.087649
pedestrian -1 -1 -10 635.07 162.11 657.531 210.508 1.68581488657 0.569937255359 0.794999713725 1.06777805628 1.52299190202 18.7035662622 0.00753464155925 0.062836
pedestrian -1 -1 -10 628.13 163.83 643.695 205.608 2.36574026513 0.4569506712 1.19799967691 0.950836057006 1.52848925069 23.3295356201 0.00753464155925 0.0062653
pedestrian -1 -1 -10 18.507 187.7 35.666 235.207 0.100988957758 0.165982182036 0.135997730586 -41.7237951678 1.92909712888 52.2338326753 0.00753464155925 0.0021677
pedestrian -1 -1 -10 492.21 183.08 504.98 212.947 1.51483368695 0.254971227399 1.16099965796 -3.47040818216 1.98684420475 23.2947574362 0.00753464155925 0.0018005
pedestrian -1 -1 -10 67.711 204.88 82.316 247.467 2.70070352303 0.476948938054 1.09499993184 -12.4838837206 1.982165951 17.2096690419 0.00753464155925 0.0014583
pedestrian -1 -1 -10 52.368 213.04 70.617 261.936 2.70070352303 0.416956044632 1.10799946246 -12.8231479475 1.98285720261 17.2422189635 0.00753464155925 0.00096213
pedestrian -1 -1 -10 61.395 211.83 78.302 256.876 2.70070352303 0.416956044632 1.13999999435 -12.7061511919 1.98277201795 17.2413386793 0.00753464155925 0.0004905
pedestrian -1 -1 -10 10.074 183.59 42.356 239.746 0.100988957758 0.165982182036 0.135997730586 -41.7237951678 1.92909712888 52.2338326753 0.00753464155925 0.00048608
pedestrian -1 -1 -10 404.03 155.42 418.934 196.148 0.0999890208244 0.0 0.0 -15.5108091723 0.399086509456 57.9957832457 0.0 0.0001712
pedestrian -1 -1 -10 418.47 142.92 436.022 192.869 0.102988712428 0.0579961181602 1.15699923384 -15.6939371788 -0.327403717009 63.565708517 0.00753464155925 0.00012694
pedestrian -1 -1 -10 51.216 202.9 85.803 255.554 2.70070352303 0.416956044632 1.10500015766 -12.7236506149 1.98278475918 17.2414703451 0.00753464155925 0.00011805
pedestrian -1 -1 -10 606.97 174.72 626.165 226.518 2.52572266507 0.197978264719 1.17999961614 0.297749604731 1.68864364288 23.3127676494 0.00753464155925 0.00011412
pedestrian -1 -1 -10 413.59 127.87 453.923 207.386 2.02977707029 0.908900822116 0.797999614579 -5.49144037842 1.17544679081 23.7338658721 0.00753464155925 9.0921e-05
pedestrian -1 -1 -10 602.88 175.89 618.907 224.812 2.52572266507 0.201977536661 1.17599963906 0.155738596336 1.68871742645 23.3118364484 0.00753464155925 8.9143e-05
pedestrian -1 -1 -10 408.77 149.45 421.95 193.923 0.101988775495 0.0349960134245 0.420999398104 -16.7742818885 -0.831718178988 63.7058248717 0.00753464155925 7.9292e-05
