pedestrian -1 -1 -10 892.35 161.02 910.938 200.779 0.651928401949 0.282968038138 0.538999392501 8.61578463436 0.505136437291 20.8509123364 0.00753464155925 0.25826
pedestrian -1 -1 -10 873.06 164.56 885.273 193.977 0.596934448243 0.416954137492 0.535999610857 7.08458714575 0.429306955663 18.9078944832 0.00753464155925 0.10739
pedestrian -1 -1 -10 901.39 159.07 919.01 199.099 0.651928401949 0.282968038138 0.538999392501 8.61578463436 0.505136437291 20.8509123364 0.00753464155925 0.020843
pedestrian -1 -1 -10 891.16 162.04 901.152 194.537 0.651928401949 0.282968038138 0.538999392501 8.61578463436 0.505136437291 20.8509123364 0.00753464155925 0.010674
pedestrian -1 -1 -10 853.56 164.03 876.77 197.618 0.380958168835 0.181979269808 0.476000163281 6.95933101264 0.458494117448 19.7914299957 0.00753464155925 0.0064278
pedestrian -1 -1 -10 878.28 163.82 888.797 192.794 0.596934448243 0.416954137492 0.535999610857 7.08458714575 0.429306955663 18.9078944832 0.00753464155925 0.0055204
pedestrian -1 -1 -10 463.92 183.1 475.073 211.286 0.812910738826 0.34296093156 0.401999827352 -7.49830821419 1.87556392375 39.5818021432 0.00753464155925 0.0034019
pedestrian -1 -1 -10 865.05 163.32 885.759 199.272 0.82890899968 0.622930946096 0.529999570732 10.3071225672 0.556995082218 28.0036988583 0.00753464155925 0.0017324
pedestrian -1 -1 -10 889.41 158.33 928.08 218.094 0.651928401949 0.282968038138 0.538999392501 8.61578463436 0.505136437291 20.8509123364 0.00753464155925 0.00092258
pedestrian -1 -1 -10 328.46 193.18 346.164 243.118 2.38973761916 1.19386849623 0.804000131541 -5.20627991448 1.7105377298 13.4855465943 0.00753464155925 0.00065742
pedestrian -1 -1 -10 883.66 162.61 900.547 200.182 0.651928401949 0.282968038138 0.538999392501 8.61578463436 0.505136437291 20.8509123364 0.00753464155925 0.00062286
pedestrian -1 -1 -10 869.53 161.27 893.041 204.173 0.596934448243 0.416954137492 0.535999610857 7.08458714575 0.429306955663 18.9078944832 0.00753464155925 0.00057267
pedestrian -1 -1 -10 880.19 153.07 936.259 236.654 0.651928401949 0.282968038138 0.538999392501 8.61578463436 0.505136437291 20.8509123364 0.00753464155925 0.00042731
pedestrian -1 -1 -10 873.71 159.91 917.156 209.308 0.651928401949 0.282968038138 0.538999392501 8.61578463436 0.505136437291 20.8509123364 0.00753464155925 0.00020376
pedestrian -1 -1 -10 902.04 154.7 965.013 224.197 0.393956756709 0.997890821049 0.751999863264 4.36647630757 0.580731255102 9.97389610809 0.00753464155925 4.7588e-05
pedestrian -1 -1 -10 861.37 152.84 891.45 219.149 0.596934448243 0.416954137492 0.535999610857 7.08458714575 0.429306955663 18.9078944832 0.00753464155925 1.0562e-05
pedestrian -1 -1 -10 855.8 146.5 900.654 245.164 0.501944894551 0.340962249159 1.17199957257 4.72891348746 0.743591616047 12.5454088968 0.00753464155925 1.0208e-06
pedestrian -1 -1 -10 837.22 156.84 879.108 237.915 0.876903692844 0.511943997908 1.16599977087 4.37763972965 1.11202948038 12.4928691717 0.00753464155925 5.1946e-07
pedestrian -1 -1 -10 986.72 237.54 1033.83 346.03 1.33585331964 0.708922921426 1.19399987864 5.02751487907 1.51086269988 9.26752153493 0.00753464155925 1.5016e-07
pedestrian -1 -1 -10 848.95 167.13 869.383 216.771 0.380958168835 0.181979269808 0.476000163281 6.95933101264 0.458494117448 19.7914299957 0.00753464155925 2.6425e-10
pedestrian -1 -1 -10 855.61 168.9 875.859 217.264 0.505944463489 0.511943997908 1.17899977833 4.53502210569 0.742955363933 12.4944013597 0.00753464155925 2.4792e-11
pedestrian -1 -1 -10 878.75 166.29 898.853 224.986 0.363960034371 0.304966894533 1.14399970321 4.89513037851 0.607003858018 12.5801618823 0.00753464155925 1.378e-11
