pedestrian -1 -1 -10 431.92 171.18 494.186 329.08 1.59799283545 0.481999547475 0.799997067503 -1.62838560731 1.43134886598 7.36200466784 0.00692802392802 0.89296
pedestrian -1 -1 -10 447.68 170.54 487.217 274.29 1.59799283545 0.481999547475 0.774997066012 -1.61588590682 1.4313144929 7.36191802824 0.00692802392802 0.062834
pedestrian -1 -1 -10 462.76 172.5 481.775 236.645 1.59799283545 0.481999547475 0.740997273791 -1.59888641906 1.4312677458 7.36180019912 0.00692802392802 0.014155
pedestrian -1 -1 -10 894.67 222.85 917.845 278.199 0.920995922386 1.07899878813 0.631997596305 4.26320962374 1.37185831477 10.1990826832 0.00692802392802 0.0038278
pedestrian -1 -1 -10 925.11 223.88 943.2 274.296 2.23698996454 1.06899856603 1.1939952838 5.57854573896 1.38339683805 11.7972574959 0.00692802392802 0.001842
pedestrian -1 -1 -10 307.45 224.44 327.675 280.214 1.0639952898 1.17099873342 1.19399552222 -4.29078996789 1.38788864126 10.688291877 0.00692802392802 0.0016394
pedestrian -1 -1 -10 471.07 177.48 483.432 231.27 2.29898972362 0.805999209652 1.18599565526 -2.61827341649 1.37412032939 15.1905813428 0.00692802392802 0.0013196
pedestrian -1 -1 -10 769.11 168.93 783.101 236.615 0.762996576726 0.0879992842369 0.639997701686 4.12127338348 0.749738163853 17.6381178475 0.00692802392802 0.0013037
pedestrian -1 -1 -10 1087.0 91.839 1123.01 206.199 1.76299210638 0.688000212774 1.19899537947 8.10459257812 0.86471892062 11.5449233883 0.00692802392802 0.0008448
pedestrian -1 -1 -10 886.55 225.75 904.559 277.22 0.918995957076 0.817999285443 0.631997596305 4.26230276778 1.37001011842 10.0685849198 0.00692802392802 0.0006901
pedestrian -1 -1 -10 327.58 240.87 352.935 286.029 0.963995653391 0.63099913751 1.04999600954 -3.71378436762 1.37981353212 10.237332007 0.00692802392802 0.00023063
pedestrian -1 -1 -10 368.13 205.03 400.021 278.754 0.993995609879 1.19299903131 0.725997344421 -3.48988316103 1.36270356838 10.6677542643 0.00692802392802 0.00022072
pedestrian -1 -1 -10 296.07 215.07 320.967 277.111 0.973995599151 0.88899933651 1.08199595423 -4.12470148041 1.39109907663 10.1041826944 0.00692802392802 0.00019681
pedestrian -1 -1 -10 885.72 205.87 920.344 274.285 0.920995922386 1.04899907549 0.631997596305 4.26331354227 1.37184087019 10.2140821795 0.00692802392802 0.00018424
pedestrian -1 -1 -10 456.7 169.93 474.635 232.902 1.59799283545 0.481999547475 0.799997067503 -1.62838560731 1.43134886598 7.36200466784 0.00692802392802 0.00017518
pedestrian -1 -1 -10 992.57 226.47 1018.53 282.327 1.07599514127 1.1399986171 0.84599654096 5.89002980021 1.4068940264 10.6162727383 0.00692802392802 0.00010703
pedestrian -1 -1 -10 908.12 218.5 947.771 277.018 2.1469903335 0.989999100218 1.1949956844 5.61670455178 1.29299737 12.0544468514 0.00692802392802 8.2371e-05
pedestrian -1 -1 -10 326.83 211.31 341.986 266.594 1.01699541956 0.827999507548 1.01999638922 -4.44141479782 1.34757356285 11.3268318859 0.00692802392802 6.8234e-05
pedestrian -1 -1 -10 925.84 216.23 960.261 273.523 0.99299556762 1.15999906131 0.730997678504 5.22988902852 1.40900251621 10.3648911181 0.00692802392802 6.3231e-05
pedestrian -1 -1 -10 633.21 116.04 662.152 185.389 1.53099315017 0.407999715878 1.1699955637 0.974375678967 0.636951900005 14.5442651072 0.00692802392802 1.3644e-05
pedestrian -1 -1 -10 477.47 90.765 533.212 226.935 1.34099400193 1.18900027761 0.349998590373 -2.2497361921 0.360453839433 16.6329422819 0.00692802392802 1.0661e-05
pedestrian -1 -1 -10 1000.3 219.39 1026.43 281.743 2.1949902162 0.957000083884 1.1939952838 6.88729550701 1.39685080293 11.7422292317 0.00692802392802 6.4442e-06
pedestrian -1 -1 -10 385.38 191.08 448.543 312.44 2.23198999167 0.603000232229 1.19499544598 -3.99782668122 1.41296063857 15.1597225205 0.00692802392802 4.3679e-07
