pedestrian -1 -1 -10 392.41 176.67 408.044 222.631 2.7486982311 1.18986827071 0.77699971256 -5.34009172604 1.9807896152 17.9548279965 0.00753464155925 0.0058751
pedestrian -1 -1 -10 1121.6 164.96 1156.28 268.96 2.06077377426 1.19286915503 0.761999850666 3.13650904476 1.53680511086 3.99002107755 0.00753464155925 0.0026212
pedestrian -1 -1 -10 367.69 175.01 406.615 253.48 2.81269115531 1.17886979609 0.255000036382 -5.26190338201 2.05523964504 17.178003055 0.00753464155925 0.0024386
pedestrian -1 -1 -10 386.45 182.76 404.94 238.606 2.82568973946 1.17987104443 0.791999574454 -5.33340957755 2.06011736032 17.8421581837 0.00753464155925 0.0018086
pedestrian -1 -1 -10 508.26 145.61 533.03 224.062 0.104988467098 0.309967414817 0.843999127475 -7.15143761432 1.92840842835 61.0556296239 0.00753464155925 0.0011535
pedestrian -1 -1 -10 803.86 173.28 838.323 240.279 2.21875633014 1.19386849623 0.610999874001 3.46751129596 1.57589223429 11.2366177903 0.00753464155925 0.0006251
pedestrian -1 -1 -10 715.2 204.31 729.716 261.635 1.54483034969 1.08888140952 0.425999749433 3.71736046614 1.8397821538 23.1859903518 0.00753464155925 0.0006038
pedestrian -1 -1 -10 1193.2 100.52 1226.52 192.018 1.78180439209 1.19186933704 1.19699966029 3.69520023247 1.24692405515 4.42659867928 0.00753464155925 0.00047659
pedestrian -1 -1 -10 377.37 188.05 395.91 250.187 2.81269115531 1.18486965757 0.255000036382 -5.2619259852 2.05519523373 17.1750032094 0.00753464155925 0.00041824
pedestrian -1 -1 -10 499.17 131.45 520.868 186.993 0.0999890208244 0.0 0.0 -7.07138134231 -0.986022277504 54.4332171037 0.0 0.00037448
pedestrian -1 -1 -10 501.92 137.49 528.365 203.027 0.105988404031 0.281970604077 0.439999922531 -7.27102284003 -0.752381330217 58.1808227674 0.00753464155925 0.00033689
pedestrian -1 -1 -10 355.92 174.28 394.112 247.864 2.76469638765 1.1438756898 0.238999770437 -5.29116395218 2.02395015185 16.3467166963 0.00753464155925 0.00029629
pedestrian -1 -1 -10 353.56 195.4 381.063 265.814 2.73869933855 1.18586995234 0.273000156757 -5.27732841001 2.00472226948 15.9266471185 0.00753464155925 0.00015308
pedestrian -1 -1 -10 499.71 131.1 540.925 229.31 0.100988898159 0.136986030096 0.372000103564 -7.41465168613 1.49080483626 60.8045254843 0.00753464155925 9.3275e-05
pedestrian -1 -1 -10 1162.3 103.52 1197.92 164.915 1.69481387198 1.19486926778 1.19599949465 3.56726899675 1.16218896231 4.50668377559 0.00753464155925 8.4084e-05
pedestrian -1 -1 -10 1047.9 154.37 1061.11 211.493 1.91978925228 1.19786872174 0.761999612247 3.34994771903 1.42017905122 5.77984307659 0.00753464155925 7.5158e-05
pedestrian -1 -1 -10 1129.0 157.41 1155.97 231.819 1.99978042245 1.19786872174 1.19599973307 3.33750463383 1.47258149161 4.52357980515 0.00753464155925 7.4151e-05
pedestrian -1 -1 -10 1115.0 61.193 1149.18 170.503 1.54882996332 1.19686890375 1.18499958004 3.24138240274 1.02074580147 4.46314623215 0.00753464155925 7.0353e-05
pedestrian -1 -1 -10 1226.9 298.69 1241.96 374.997 2.01677851594 1.19286963181 1.12999976853 3.43319508285 1.48303210692 3.95025091995 0.00753464155925 1.0825e-05
