pedestrian -1 -1 -10 717.3 161.94 730.382 206.276 1.06688287472 0.823909141557 0.457000115691 5.20750156319 1.37667347971 30.331566801 0.00753464155925 0.018668
pedestrian -1 -1 -10 1148.6 128.64 1242.03 361.72 1.23886397951 0.676924931604 0.6350000345 9.36986611384 1.22059074697 10.8496046069 0.00753464155925 0.0044251
pedestrian -1 -1 -10 872.67 152.59 887.303 204.923 1.93378765416 0.977891600625 0.237999843222 8.30257781317 1.06776496849 21.6960469351 0.00753464155925 0.0023586
pedestrian -1 -1 -10 706.45 167.69 720.076 206.626 0.101988805294 0.147982597584 0.298000244472 7.23848232687 1.15340121814 49.3690558844 0.00753464155925 0.0006726
pedestrian -1 -1 -10 0.0 205.57 27.878 275.83 2.03277682149 0.346962110643 1.19199907054 -8.70305650481 1.33031848808 10.6239822663 0.00753464155925 0.00064728
pedestrian -1 -1 -10 866.8 148.01 896.68 205.427 1.93378765416 1.1468737134 0.237999843222 8.30194120937 1.06651415343 21.611558277 0.00753464155925 0.00053506
pedestrian -1 -1 -10 419.23 168.1 441.302 206.501 0.424953348934 0.946896766283 1.03199974894 -3.24237646083 0.545376181178 13.482956158 0.00753464155925 0.00049558
pedestrian -1 -1 -10 875.18 157.53 903.922 241.236 1.92478869855 0.847906680354 0.140999750845 8.25164852235 1.0630190905 21.3733907549 0.00753464155925 0.00040014
pedestrian -1 -1 -10 538.3 157.41 552.574 195.962 0.570937324641 0.190977154894 0.111999954271 -3.33386756489 0.376434557407 39.8908705844 0.00753464155925 0.00019111
pedestrian -1 -1 -10 1100.0 287.8 1116.94 318.871 0.114987359645 0.287968081637 0.32799996826 5.6257632639 1.48559334067 7.77964739204 0.00753464155925 0.00015524
pedestrian -1 -1 -10 714.47 153.28 739.344 206.651 0.851906446577 0.553940167588 0.457000115691 5.20641822836 1.1596987261 30.1981779575 0.00753464155925 0.00014242
pedestrian -1 -1 -10 413.94 151.13 448.138 203.338 1.17687081799 0.149983187125 0.655999936519 -5.75707154594 0.29477585151 24.7582320181 0.00753464155925 5.8374e-05
pedestrian -1 -1 -10 754.62 165.56 780.928 190.363 0.101988835093 0.129983013131 0.418999543675 9.36357455166 -0.109862119166 39.8594337481 0.00753464155925 2.6247e-07
