pedestrian -1 -1 -10 693.39 175.14 715.703 224.008 1.30585661221 0.516941657482 0.601999813813 3.37520099195 1.64049816389 24.5029307067 0.00753464155925 0.92497
pedestrian -1 -1 -10 703.85 174.11 718.351 223.992 1.30585661221 0.516941657482 0.601999813813 3.37520099195 1.64049816389 24.5029307067 0.00753464155925 0.048481
pedestrian -1 -1 -10 691.84 175.8 705.994 233.463 1.30585661221 0.516941657482 0.601999813813 3.37520099195 1.64049816389 24.5029307067 0.00753464155925 0.016232
pedestrian -1 -1 -10 737.47 163.33 764.852 207.681 2.81269121491 0.32796318499 0.360999950529 7.31449276642 1.69943503567 36.3566685399 0.00753464155925 0.0062228
pedestrian -1 -1 -10 395.54 177.84 422.413 244.726 2.68570506502 1.14287444146 0.381999852548 -6.48873445681 1.79502183848 24.0691086929 0.00753464155925 0.0035802
pedestrian -1 -1 -10 225.0 182.62 248.673 243.805 2.39273731076 1.19186981382 0.683999805878 -7.22743569265 1.66958307146 13.7424375158 0.00753464155925 0.0030547
pedestrian -1 -1 -10 404.72 183.62 419.098 242.54 2.39473706543 1.16387204951 0.372000103564 -6.46650594521 1.67038083009 24.3631736224 0.00753464155925 0.0020454
pedestrian -1 -1 -10 409.65 182.92 423.115 239.931 2.54772032403 1.19186886025 0.372000103564 -6.46644764331 1.67058806405 24.3783044084 0.00753464155925 0.0016035
pedestrian -1 -1 -10 414.9 185.68 427.834 233.25 2.27475023568 1.18387031637 0.418000093297 -6.43285671581 1.53967244299 24.7220161845 0.00753464155925 0.0013788
pedestrian -1 -1 -10 0.0 216.23 33.445 289.63 2.38373823595 0.834907616185 1.19599973307 -9.338969435 1.65850437397 11.4206222358 0.00753464155925 0.000666
pedestrian -1 -1 -10 0.0 177.64 35.202 263.543 2.38373823595 0.812910666929 1.19599973307 -9.36705138063 1.65836193729 11.4098347386 0.00753464155925 0.00043706
pedestrian -1 -1 -10 695.33 189.11 708.952 233.913 1.30585661221 0.516941657482 0.601999813813 3.37520099195 1.64049816389 24.5029307067 0.00753464155925 0.00014404
pedestrian -1 -1 -10 467.86 161.28 488.51 210.491 0.333963312032 0.902900960632 1.03699962343 -3.54723478505 0.528375781971 19.5476671296 0.00753464155925 3.4642e-05
pedestrian -1 -1 -10 146.38 61.535 262.93 287.765 1.70581270146 1.19686938054 0.976999460602 -7.49554021691 0.990151374047 13.2968691903 0.00753464155925 2.4306e-05
pedestrian -1 -1 -10 443.48 164.75 469.39 199.129 1.11587744522 1.18186972683 0.425999987852 -5.69334173783 0.178615931085 27.6544189991 0.00753464155925 1.7305e-05
pedestrian -1 -1 -10 0.0 129.52 42.049 213.507 1.91778943801 0.834907616185 1.1979995875 -9.33311323296 1.19255120756 11.4240272517 0.00753464155925 1.3391e-05
