pedestrian -1 -1 -10 196.09 142.15 208.73 166.81 0.337962925669 0.929898430171 0.826999411152 -9.30566115401 -0.46154388941 16.5518199764 0.00753464155925 0.036492
pedestrian -1 -1 -10 96.842 134.8 113.041 175.962 1.28385901284 0.37195899064 1.14899886245 -15.8799043216 0.472143823475 23.1454384322 0.00753464155925 0.008253
pedestrian -1 -1 -10 382.55 147.98 396.386 196.653 1.03488639772 0.586935591471 0.613999655645 -6.60294138171 0.629868911899 21.4166312541 0.00753464155925 0.0072325
pedestrian -1 -1 -10 498.91 173.6 512.244 223.332 1.47183840281 1.06788380147 0.590999660778 -4.03655159601 1.71338547094 27.0237667316 0.00753464155925 0.0040464
pedestrian -1 -1 -10 374.91 148.0 400.039 221.926 1.03488639772 0.88490137618 0.613999655645 -6.60406390378 0.627663352467 21.2676525907 0.00753464155925 0.00058635
pedestrian -1 -1 -10 105.09 129.74 144.405 214.355 0.676925663114 0.752917773507 1.06499925437 -9.97996163605 -0.107625185952 15.1674785038 0.00753464155925 0.00051834
pedestrian -1 -1 -10 118.21 137.21 151.525 233.525 2.38773780489 0.968893715538 0.895000183793 -10.1719714919 1.59511011608 15.7494631824 0.00753464155925 0.00025009
pedestrian -1 -1 -10 395.11 146.89 406.745 192.681 0.60293381655 0.952896627767 0.828999742418 -5.8394776879 -0.193537658596 20.0056767728 0.00753464155925 0.00017674
pedestrian -1 -1 -10 1104.4 43.817 1138.61 157.077 1.50283492053 1.1938692114 0.760999923451 3.14481406747 0.9957612868 4.12235622408 0.00753464155925 0.00017242
pedestrian -1 -1 -10 1104.7 101.06 1141.23 224.5 1.82779928589 1.19686866536 0.76299977788 3.14597066681 1.32083594183 4.12744137239 0.00753464155925 0.00011583
pedestrian -1 -1 -10 1175.9 126.6 1212.19 267.51 2.00677968299 1.19886853972 0.779999971041 3.15085109072 1.49558619622 3.63807499298 0.00753464155925 9.5808e-05
pedestrian -1 -1 -10 1063.9 107.82 1098.8 223.51 1.81480070174 1.19186933704 0.683999805878 3.10837006103 1.31160374447 4.38029992316 0.00753464155925 9.5513e-05
pedestrian -1 -1 -10 1083.9 105.47 1119.72 223.22 1.82779928589 1.19586908577 0.721999901057 3.12645446203 1.32278259167 4.25807756943 0.00753464155925 7.5729e-05
pedestrian -1 -1 -10 1123.8 166.33 1160.88 286.81 2.05077485191 1.19786872174 0.628999994375 3.07658918941 1.53904207968 3.80083942582 0.00753464155925 7.1796e-05
pedestrian -1 -1 -10 1167.2 180.37 1202.63 308.35 2.03177691436 1.19786896013 0.749999770416 3.13608890212 1.52104582552 3.66849860405 0.00753464155925 6.5817e-05
pedestrian -1 -1 -10 1064.6 71.25 1096.73 175.45 1.57782673383 1.19386897301 0.739999783014 3.13697422793 1.0759416169 4.47183169098 0.00753464155925 6.409e-05
pedestrian -1 -1 -10 1092.8 128.0 1130.36 258.07 1.99278113211 1.19786896013 0.721999901057 3.12584236259 1.48646181963 4.1688681443 0.00753464155925 4.6238e-05
pedestrian -1 -1 -10 1094.2 52.25 1128.28 170.25 1.53483147204 1.19586908577 0.696999813343 3.1128172497 1.02776633352 4.12136015577 0.00753464155925 3.8488e-05
pedestrian -1 -1 -10 1052.5 100.93 1087.2 210.66 1.77980457783 1.18886988308 0.668999943984 3.10141328147 1.27770106288 4.45410526346 0.00753464155925 3.7808e-05
pedestrian -1 -1 -10 1113.7 135.43 1151.09 256.81 1.99878051531 1.19486926778 0.740999948647 3.13420260596 1.49021171079 4.01727327334 0.00753464155925 3.2623e-05
pedestrian -1 -1 -10 1166.8 122.04 1201.43 251.54 1.9377872529 1.1938694498 0.757999903389 3.14012014518 1.42717167188 3.67716337592 0.00753464155925 2.9424e-05
pedestrian -1 -1 -10 1115.1 79.072 1151.72 190.902 1.67581602382 1.19586884737 0.703999780682 3.11507986845 1.16623191433 3.95031338027 0.00753464155925 2.5062e-05
pedestrian -1 -1 -10 991.25 231.55 1022.11 319.259 2.01677854574 1.19886853972 0.810999860462 3.47901446948 1.48315109005 5.98618462961 0.00753464155925 1.8712e-05
pedestrian -1 -1 -10 1124.0 110.42 1161.32 230.19 1.86879479301 1.19786872174 0.748999843201 3.13763123085 1.35917949866 3.94771525762 0.00753464155925 1.6016e-05
pedestrian -1 -1 -10 1073.4 76.045 1107.62 193.885 1.65581811953 1.19786872174 0.794999832935 3.16433931224 1.15360212609 4.450050042 0.00753464155925 1.5145e-05
pedestrian -1 -1 -10 1041.0 75.316 1075.93 191.086 1.47283824289 0.989891800378 0.452000002781 5.1209401967 0.864893817763 8.06372763158 0.00753464155925 1.4856e-05
pedestrian -1 -1 -10 1083.7 64.044 1118.16 183.574 1.5798264885 1.19686842697 0.794999832935 3.16373955035 1.07647810545 4.37412334103 0.00753464155925 9.8241e-06
pedestrian -1 -1 -10 1146.5 188.09 1181.88 308.48 2.02677743828 1.19686866536 0.775999785345 3.15036211913 1.51554624294 3.8379587321 0.00753464155925 8.2957e-06
pedestrian -1 -1 -10 1124.6 58.717 1162.76 169.807 1.56982759595 1.19786896013 0.805999747551 3.16652035411 1.06113891108 4.01370574212 0.00753464155925 7.3157e-06
pedestrian -1 -1 -10 1145.8 123.63 1183.58 243.38 1.94478642404 1.19886877812 0.729999795612 3.12684026931 1.43259501377 3.77274824567 0.00753464155925 6.8851e-06
pedestrian -1 -1 -10 1134.8 42.393 1173.74 162.833 1.51083405841 1.19586908577 0.714999933718 3.11952693141 0.999277212998 3.81851195017 0.00753464155925 6.4435e-06
pedestrian -1 -1 -10 1134.0 136.49 1173.33 253.95 2.01077916253 1.19786896013 0.749999770416 3.13760992871 1.50005331845 3.87167057613 0.00753464155925 6.2878e-06
pedestrian -1 -1 -10 1154.5 81.307 1191.82 195.167 1.71181208467 1.19586908577 0.771999838068 3.14768122397 1.19943515619 3.76281691008 0.00753464155925 4.5979e-06
pedestrian -1 -1 -10 1156.0 154.82 1191.26 281.73 2.02777737522 1.19886877812 0.778999805408 3.15141037255 1.51565694271 3.77794861332 0.00753464155925 3.02e-06
pedestrian -1 -1 -10 1142.7 62.087 1182.4 181.827 1.61882224095 1.19886853972 0.789999958443 3.157364295 1.10783759253 3.85792453951 0.00753464155925 1.2089e-06
pedestrian -1 -1 -10 1167.1 44.124 1202.85 162.824 1.5278321817 1.1938692114 0.783999918318 3.1531440569 1.01750318701 3.70009845662 0.00753464155925 9.9452e-07
pedestrian -1 -1 -10 1178.7 52.633 1214.06 178.863 1.59282510245 1.19886877812 0.802999965907 3.16225326151 1.0816824538 3.64505314854 0.00753464155925 8.2724e-07
pedestrian -1 -1 -10 1184.9 27.186 1222.97 150.206 1.5078343966 1.19686914215 0.871999950508 3.19701988803 0.997243927054 3.68441755418 0.00753464155925 7.7846e-08
