pedestrian -1 -1 -10 1134.7 120.31 1153.43 184.315 1.32485454976 0.714920875771 0.887999739616 7.08134804283 0.672319229713 9.05235002507 0.00753464155925 0.04703
pedestrian -1 -1 -10 522.5 163.96 538.344 220.701 1.95678513086 0.662927479804 0.670999798413 -2.5213229921 1.15222452536 21.4109726134 0.00753464155925 0.044816
pedestrian -1 -1 -10 517.43 162.95 532.479 217.934 1.82279989922 0.662927479804 0.810999622043 -2.59136285158 1.01729032187 21.4125061919 0.00753464155925 0.037319
pedestrian -1 -1 -10 1138.0 121.02 1150.2 169.215 0.315965266709 0.348960793044 0.149000122236 19.541331291 -0.806882296169 26.3092894791 0.00753464155925 0.024344
pedestrian -1 -1 -10 1131.2 122.78 1147.71 167.601 1.23286464298 0.688924654572 0.843999604312 7.05942125236 0.585537212352 9.06612040034 0.00753464155925 0.0151
pedestrian -1 -1 -10 512.31 166.19 544.209 226.588 1.95678513086 0.662927479804 0.731999650041 -2.55182205464 1.15224673155 21.4112020885 0.00753464155925 0.0079116
pedestrian -1 -1 -10 1126.2 115.56 1158.9 239.68 0.964894060491 0.768914861278 0.602999502609 14.3313029011 0.788476660409 19.4237784114 0.00753464155925 0.0070015
pedestrian -1 -1 -10 312.79 156.28 342.172 233.698 2.40973534465 0.859906403322 1.10199989918 -9.04173614892 1.51413057442 23.2948501506 0.00753464155925 0.0018098
pedestrian -1 -1 -10 1121.1 117.14 1147.96 191.562 1.4038458128 0.88590262452 0.973999678958 14.146204086 0.936461483883 19.4847398445 0.00753464155925 0.00050043
pedestrian -1 -1 -10 306.93 132.6 359.531 229.751 2.07077257741 0.339962907958 0.402999754566 -9.48178820894 1.32387605323 25.3517580694 0.00753464155925 0.00020703
pedestrian -1 -1 -10 430.92 203.6 445.366 260.273 1.54882991862 0.987891687622 0.801999800274 -2.72608958478 1.70138376807 10.8034035824 0.00753464155925 0.0001475
pedestrian -1 -1 -10 1137.5 112.9 1178.76 209.602 1.16287227595 1.12687640012 0.761999850666 7.01675168244 0.51333288983 8.84796267422 0.00753464155925 5.6803e-05
pedestrian -1 -1 -10 1187.3 94.25 1224.01 192.864 1.67881565583 1.18487061114 1.18899976573 7.25641139159 1.01816303309 8.71148462574 0.00753464155925 1.1575e-05
pedestrian -1 -1 -10 5.862 131.38 41.578 263.46 2.10176919198 1.15987277757 1.19399987864 -10.8310188299 1.33219395532 13.4313836692 0.00753464155925 4.7734e-06
pedestrian -1 -1 -10 1153.0 104.19 1194.38 232.44 1.07288218343 1.0188884291 0.644999783484 6.95593085326 0.423870085949 8.54403783379 0.00753464155925 2.5802e-06
