pedestrian -1 -1 -10 580.01 162.81 593.344 201.037 1.60282402479 0.28596796888 0.591999826411 -1.11435590097 1.41388274133 41.2291136489 0.00753464155925 0.76482
pedestrian -1 -1 -10 575.09 159.33 589.148 201.374 1.60282402479 0.28596796888 0.591999826411 -1.11435590097 1.41388274133 41.2291136489 0.00753464155925 0.024072
pedestrian -1 -1 -10 394.12 190.42 407.989 229.284 2.35574137258 1.06588321193 1.15499937941 -5.8429785062 1.54208680668 20.5205557316 0.00753464155925 0.0039014
pedestrian -1 -1 -10 369.95 190.5 394.205 230.487 2.35574137258 0.746917912023 0.996999435407 -6.29233637386 1.54365044611 20.6074298274 0.00753464155925 0.001836
pedestrian -1 -1 -10 379.07 195.93 391.143 231.498 0.68492483079 0.349960134245 0.718999642576 -7.18313354995 1.41033347356 22.5635183529 0.00753464155925 0.0015194
pedestrian -1 -1 -10 378.37 190.12 401.26 230.045 2.35574137258 1.06088459878 1.18399917598 -6.19765634797 1.54590637034 20.7637052412 0.00753464155925 0.001396
pedestrian -1 -1 -10 382.87 195.37 395.56 231.543 2.35574137258 0.822909800356 1.05899969109 -6.12405515285 1.5440906262 20.6441606983 0.00753464155925 0.00098621
pedestrian -1 -1 -10 155.22 135.51 190.083 211.863 1.93378765416 0.491946684624 0.618999291718 -14.0906100836 0.974153988304 23.55939409 0.00753464155925 0.00010128
pedestrian -1 -1 -10 751.21 181.03 776.301 255.066 2.14376457644 0.510943703138 0.107999768576 2.5890071652 1.51431972399 12.0392036174 0.00753464155925 3.4558e-06
pedestrian -1 -1 -10 214.57 117.77 246.612 208.599 1.73980897784 0.361959857213 0.357999692048 -13.640769994 0.741105143752 26.1413755345 0.00753464155925 1.7295e-06
