pedestrian -1 -1 -10 622.8 165.11 658.221 213.555 1.69599237442 0.844998740718 1.04899602617 1.55971553354 1.20889251302 26.2995687715 0.00692802392802 0.92866
pedestrian -1 -1 -10 626.28 166.76 645.275 211.815 1.69599237442 0.844998740718 0.914996585607 1.49271742265 1.20907675196 26.3000331577 0.00692802392802 0.78746
pedestrian -1 -1 -10 634.31 164.97 648.69 212.258 1.69599237442 0.844998740718 1.04899602617 1.55971553354 1.20889251302 26.2995687715 0.00692802392802 0.63574
pedestrian -1 -1 -10 647.41 166.01 664.325 209.794 1.54799303412 0.62799792647 0.602997661332 1.78325696739 1.06015377512 26.4064362816 0.00692802392802 0.2348
pedestrian -1 -1 -10 1159.9 108.58 1223.98 367.06 1.89199153781 0.712999575944 0.797997100762 3.11302004896 1.57884834928 3.36155840259 0.00692802392802 0.040006
pedestrian -1 -1 -10 613.21 172.3 639.266 214.139 1.52199315727 0.581000888007 0.586997748592 1.32805524126 1.03660062457 26.2390736987 0.00692802392802 0.013758
pedestrian -1 -1 -10 1108.6 143.21 1223.99 355.69 2.12499047667 1.18899932394 0.63699769197 4.89099632593 1.44245733952 6.40902155423 0.00692802392802 0.0077982
pedestrian -1 -1 -10 655.35 167.82 667.747 210.307 0.0999995529652 0.0 0.0 4.26088585684 0.685553733702 48.0622129078 0.0 0.0062602
pedestrian -1 -1 -10 1184.4 147.33 1223.97 320.74 1.89199153781 0.778999515958 0.827996959501 3.09779185715 1.57892797518 3.32866319155 0.00692802392802 0.00060934
pedestrian -1 -1 -10 1040.1 184.58 1070.65 291.07 2.1629902944 1.19699921552 0.868996694919 5.09304205747 1.43539616354 7.72362413902 0.00692802392802 6.7134e-05
pedestrian -1 -1 -10 105.81 252.94 148.205 334.386 1.8809916392 1.19499936184 0.700997581348 -4.58579541608 1.43456777562 6.43180971742 0.00692802392802 3.4964e-06
pedestrian -1 -1 -10 1137.6 162.32 1195.1 303.56 2.12499047667 1.18899932394 0.63699769197 4.89099632593 1.44245733952 6.40902155423 0.00692802392802 3.0223e-06
pedestrian -1 -1 -10 77.879 239.36 119.761 358.0 1.89199150801 1.19399895816 0.697997333214 -4.53231977106 1.44592224631 5.99293529269 0.00692802392802 1.0972e-06
pedestrian -1 -1 -10 1109.8 0.0 1224.02 231.25 1.52599317729 1.1879993971 0.63699769197 4.89002140587 0.843485044108 6.38717961481 0.00692802392802 1.0636e-06
pedestrian -1 -1 -10 65.349 248.53 106.238 355.4 1.89399147332 1.19799914237 0.701997028278 -4.51944672035 1.44807327999 5.82984355486 0.00692802392802 2.3263e-07
pedestrian -1 -1 -10 1196.1 197.11 1224.03 367.99 1.89199153781 0.743999692265 0.927996488631 3.16991112283 1.57870963481 3.34566364109 0.00692802392802 1.5175e-07
