pedestrian -1 -1 -10 1167.0 74.218 1204.06 204.928 1.60282402479 1.19486926778 1.12899984132 5.84181359757 0.984256061133 7.30788739963 0.00753464155925 0.00050742
pedestrian -1 -1 -10 1156.8 110.0 1193.55 231.1 1.9347875315 1.19186981382 0.903999528725 5.67837888575 1.31831760102 7.03509316793 0.00753464155925 0.00022878
pedestrian -1 -1 -10 1102.9 113.46 1139.38 233.31 1.96878377808 1.19786919852 0.74099947181 5.60067173717 1.35680440516 7.53742990612 0.00753464155925 0.00017383
pedestrian -1 -1 -10 1114.8 134.55 1149.63 248.35 2.0387761451 1.19486926778 0.723999755487 5.59081879309 1.4241015079 7.35450087841 0.00753464155925 0.00017046
pedestrian -1 -1 -10 1124.2 113.49 1159.89 230.44 1.95678513086 1.1938694498 0.796999687364 5.62704759832 1.34160283764 7.32233782389 0.00753464155925 0.00016732
pedestrian -1 -1 -10 1135.0 62.187 1170.52 179.507 1.50383485747 1.19686842697 1.09400000462 5.86306642321 0.883700790328 7.81155262052 0.00753464155925 0.00016693
pedestrian -1 -1 -10 1145.6 91.461 1182.06 210.311 1.70381294679 1.19786872174 0.896999561385 5.675546091 1.08879620935 7.13481630566 0.00753464155925 0.00016664
pedestrian -1 -1 -10 1124.4 71.132 1160.79 192.782 1.58982544064 1.19886853972 1.08099952032 5.77165639849 0.971906525224 7.68655504646 0.00753464155925 0.00013924
pedestrian -1 -1 -10 1066.3 73.112 1094.53 155.365 1.50983418107 0.844907703181 1.06099954552 3.07072254298 0.993478782826 4.7755901574 0.00753464155925 0.00012025
pedestrian -1 -1 -10 1084.0 77.793 1118.35 203.853 1.63582039404 1.14287444146 0.87899944101 5.67310569764 1.00877255418 8.01113663741 0.00753464155925 9.8405e-05
pedestrian -1 -1 -10 1137.2 145.07 1170.87 254.16 2.02677749788 1.19786872174 0.781999348633 5.61811507318 1.42072762582 7.12772481225 0.00753464155925 9.7049e-05
pedestrian -1 -1 -10 1102.1 56.793 1141.33 183.933 1.49083627332 1.1818706804 0.972999274907 5.71928600489 0.872221050499 7.90822287799 0.00753464155925 2.1806e-05
