pedestrian -1 -1 -10 838.61 169.44 907.205 319.46 1.61199276969 0.667999768564 0.767997242023 3.02535130554 1.44625296176 7.59077897592 0.00692802392802 0.96199
pedestrian -1 -1 -10 828.63 205.29 875.31 320.05 1.96699125022 0.863998781247 1.19299559845 4.14810183046 1.36821649888 11.9078097423 0.00692802392802 0.035435
pedestrian -1 -1 -10 897.27 228.29 914.889 277.064 0.885996052623 1.0949985713 0.546998354171 4.32839382689 1.35156476048 10.2986302012 0.00692802392802 0.016812
pedestrian -1 -1 -10 862.54 183.82 934.869 305.21 0.885996052623 0.97599917074 0.546998354171 4.32798161485 1.3516339576 10.2391319289 0.00692802392802 0.014672
pedestrian -1 -1 -10 902.32 231.1 931.873 278.168 0.885996052623 0.848999401764 0.587997851171 4.24688015762 1.35212179963 10.0081885173 0.00692802392802 0.0040715
pedestrian -1 -1 -10 890.62 216.32 931.08 311.189 0.885996052623 1.0949985713 0.546998354171 4.32839382689 1.35156476048 10.2986302012 0.00692802392802 0.0030895
pedestrian -1 -1 -10 304.3 230.26 323.48 281.209 1.05299524218 1.17999855184 1.09599607904 -4.47272578572 1.38121328661 10.8430548536 0.00692802392802 0.0020789
pedestrian -1 -1 -10 313.36 228.27 331.833 280.085 0.961995747685 0.996999064956 1.17699562611 -4.10225516126 1.37971371212 10.3870278951 0.00692802392802 0.0018729
pedestrian -1 -1 -10 857.53 171.64 892.863 302.25 1.61199276969 0.667999768564 0.767997242023 3.02535130554 1.44625296176 7.59077897592 0.00692802392802 0.0010945
pedestrian -1 -1 -10 847.56 178.89 878.187 292.8 1.61199276969 0.667999768564 0.767997242023 3.02535130554 1.44625296176 7.59077897592 0.00692802392802 0.00064833
pedestrian -1 -1 -10 886.35 236.79 902.781 281.599 0.885996052623 1.05599904023 0.646997644883 4.27709638936 1.35192031094 10.1114813839 0.00692802392802 0.00049478
pedestrian -1 -1 -10 837.54 253.33 864.264 317.248 0.299998646975 0.0439996421185 0.0599997174781 3.97984796319 0.969317510603 9.60742402367 0.00692802392801 0.00044856
pedestrian -1 -1 -10 921.54 224.27 938.125 277.096 2.15999034643 0.891999593876 1.19599560817 5.60010525902 1.38326291603 11.8626541473 0.00692802392802 0.0004143
pedestrian -1 -1 -10 316.69 237.19 339.686 281.776 0.999995565414 1.16299931867 1.17099584509 -4.06973348091 1.3795291898 10.4697824999 0.00692802392802 0.00034077
pedestrian -1 -1 -10 367.16 238.96 390.987 278.364 0.953995767236 1.01899936285 0.61799770991 -3.50962884911 1.3680577397 10.4059140037 0.00692802392802 0.00033863
pedestrian -1 -1 -10 332.23 244.44 357.192 286.46 0.968995685875 0.714999668048 1.04599583764 -3.72465513899 1.3838228961 10.2554096465 0.00692802392802 0.00028408
pedestrian -1 -1 -10 876.72 221.96 916.056 287.711 1.56899297908 0.63199954119 0.767997242023 3.02516730802 1.40327410498 7.57275470039 0.00692802392802 0.00026533
pedestrian -1 -1 -10 366.46 207.05 398.394 279.201 1.04799535871 1.18899837027 0.61799770991 -3.50797105313 1.36775769047 10.6638537709 0.00692802392802 0.00023952
pedestrian -1 -1 -10 865.96 193.88 904.654 296.85 1.61199276969 0.667999768564 0.767997242023 3.02535130554 1.44625296176 7.59077897592 0.00692802392802 0.00018002
pedestrian -1 -1 -10 479.45 87.567 529.659 217.337 1.23199449182 1.19799914237 0.314998874386 -2.25572659223 0.252527003332 16.5834209149 0.00692802392802 0.00010401
pedestrian -1 -1 -10 295.42 209.81 328.987 280.503 0.217998936773 0.0609988752884 0.232998926715 -7.7079660005 1.501083842 18.7597886177 0.00692802392802 9.951e-05
pedestrian -1 -1 -10 904.55 220.7 945.381 283.402 2.21199015975 0.734999158585 1.19699553193 5.61000246561 1.35614566906 11.94102601 0.00692802392802 9.2131e-05
pedestrian -1 -1 -10 993.43 227.44 1017.95 283.63 0.930995868146 1.16199891499 0.790996919147 5.93223149565 1.4006927887 10.6910596017 0.00692802392802 8.2101e-05
pedestrian -1 -1 -10 844.52 218.03 858.939 268.206 1.56899297908 0.628999283824 0.704997276412 2.99390016671 1.40332176552 7.60647192309 0.00692802392802 7.9992e-05
pedestrian -1 -1 -10 858.61 164.91 887.389 237.355 1.61199276969 0.667999768564 0.767997242023 3.02535130554 1.44625296176 7.59077897592 0.00692802392802 6.9871e-05
pedestrian -1 -1 -10 308.13 211.56 338.616 276.978 1.02599541247 1.00099877233 1.09599607904 -4.47027934129 1.35379652786 11.2015305684 0.00692802392802 4.7628e-05
pedestrian -1 -1 -10 320.47 231.67 348.081 289.295 1.05799530447 1.18899932394 1.17099584509 -4.06810224938 1.379241933 10.7167434492 0.00692802392802 3.591e-05
pedestrian -1 -1 -10 327.35 211.1 341.324 266.673 0.221998986602 0.0960006063292 0.101999853498 -6.89522233968 1.4641181723 18.5186073093 0.00692802392802 1.6982e-05
