pedestrian -1 -1 -10 859.37 153.23 932.717 292.42 1.80199198127 0.758999310167 0.681997599288 3.67528736504 1.42860667689 9.21068452658 0.00692802392802 0.99894
pedestrian -1 -1 -10 700.67 163.19 714.619 214.589 2.06099081188 0.603999682236 1.19599548896 2.16238760487 1.16379789119 14.4373369878 0.00692802392802 0.073953
pedestrian -1 -1 -10 704.59 163.64 725.32 210.071 0.754996611178 0.330999150079 1.12199576588 2.88888204049 0.740028160376 17.7331516829 0.00692802392802 0.024697
pedestrian -1 -1 -10 695.09 162.17 722.067 220.623 1.41099368185 0.45099990799 1.19699553193 2.7005975737 0.739524002497 17.7510737551 0.00692802392802 0.0091037
pedestrian -1 -1 -10 842.58 213.71 857.518 261.387 0.553997579217 0.298000133745 0.63699769197 4.88775841179 1.27988259289 13.9184538164 0.00692802392802 0.0085525
pedestrian -1 -1 -10 664.1 229.32 675.673 265.68 1.47499343604 1.17399994446 1.16099565376 1.25098002541 1.44070971553 13.2182835956 0.00692802392802 0.0044524
pedestrian -1 -1 -10 695.99 163.23 709.756 214.897 2.06099081188 0.594000413804 1.18699557902 2.06992489965 1.1640464363 14.442977632 0.00692802392802 0.0024546
pedestrian -1 -1 -10 759.79 164.61 791.935 233.867 0.762996576726 0.0959986989819 0.679997513338 4.12332167851 0.749724523741 17.645103783 0.00692802392802 0.00061039
pedestrian -1 -1 -10 836.74 208.95 866.59 272.31 0.553997579217 0.298000133745 0.63699769197 4.88775841179 1.27988259289 13.9184538164 0.00692802392802 0.00054947
pedestrian -1 -1 -10 836.2 155.91 851.506 217.636 2.19799022377 1.01899936285 1.14599560519 4.20968103676 1.33963724591 12.2647244454 0.00692802392802 0.0005431
pedestrian -1 -1 -10 750.8 135.75 763.997 190.732 1.8079919219 0.516999848005 1.05999596245 3.08951359451 0.909331452031 14.3582628887 0.00692802392802 0.00051224
pedestrian -1 -1 -10 930.74 226.75 953.789 272.833 0.977995708584 1.05799984759 0.21399942149 5.52196710671 1.40210335276 10.4468699668 0.00692802392802 0.00041006
pedestrian -1 -1 -10 663.41 175.48 678.425 223.486 2.27398985922 1.19399848132 1.16099565376 1.24743249973 1.45612714493 12.8588524192 0.00692802392802 0.00030123
pedestrian -1 -1 -10 665.91 194.39 700.858 262.674 1.47499343604 1.13099879867 0.973996379319 1.38475470732 1.44062611349 12.9688506874 0.00692802392802 0.00027933
pedestrian -1 -1 -10 679.23 208.93 693.08 263.425 2.06099081188 0.662000207505 1.19799557491 1.70519948753 1.1650882928 14.4115049519 0.00692802392802 0.00025992
pedestrian -1 -1 -10 327.73 216.49 348.024 281.203 1.06699517816 1.08099959549 1.18099579801 -4.11363512678 1.39012798144 10.9260711249 0.00692802392802 0.00018432
pedestrian -1 -1 -10 892.61 190.56 925.124 286.335 1.80199198127 0.662000207505 0.681997599288 3.67495136167 1.42866308103 9.16218613917 0.00692802392802 0.00015124
pedestrian -1 -1 -10 690.47 184.06 702.914 227.083 1.47399343848 1.12499923761 0.70299742888 1.52129150188 1.44007906334 13.1179084838 0.00692802392802 0.00014014
pedestrian -1 -1 -10 908.27 209.68 926.394 277.799 2.23299009353 1.18999877395 1.1979954557 5.23066800813 1.38350055097 11.6711669311 0.00692802392802 0.00013567
pedestrian -1 -1 -10 949.89 238.22 966.956 279.921 0.656997044385 0.695999627519 0.24199919428 4.92626697816 1.31122165637 10.0320675367 0.00692802392802 0.00012498
pedestrian -1 -1 -10 339.98 220.65 381.712 280.809 1.02099537998 1.18999972762 1.05699595273 -3.70194066709 1.39238671457 10.5817399944 0.00692802392802 0.00010463
pedestrian -1 -1 -10 838.64 207.37 852.69 264.168 0.553997579217 0.298000133745 0.63699769197 4.88775841179 1.27988259289 13.9184538164 0.00692802392802 6.226e-05
pedestrian -1 -1 -10 672.24 171.87 688.317 226.762 1.47499343604 1.09299967129 0.973996379319 1.3867568891 1.44029001166 13.2578435903 0.00692802392802 5.9064e-05
pedestrian -1 -1 -10 678.0 171.41 694.929 232.659 1.47499343604 1.14299982814 0.897996689497 1.42373048091 1.44035763953 13.1095836188 0.00692802392802 5.8924e-05
pedestrian -1 -1 -10 685.67 207.73 699.996 260.902 2.06099081188 0.662000207505 1.12899570908 1.8636949816 1.16465244407 14.4104063668 0.00692802392802 4.0076e-05
pedestrian -1 -1 -10 754.48 120.48 767.913 175.296 1.54299312085 0.836999325973 0.692997475967 3.09236320097 0.700542079829 12.4191064474 0.00692802392802 3.9786e-05
pedestrian -1 -1 -10 912.7 209.02 940.746 275.89 2.24998991787 0.866999992287 1.07299592508 5.16534091686 1.40315199493 11.2591224127 0.00692802392802 3.0222e-05
pedestrian -1 -1 -10 360.3 197.99 381.024 271.397 2.01199100614 0.553999525385 1.1969950551 -4.96529590929 1.07743390319 15.3296673309 0.00692802392802 1.8009e-05
pedestrian -1 -1 -10 353.8 212.68 375.225 270.783 0.98299562186 0.779999204383 0.606997833231 -3.51028797009 1.3932556806 10.2344265744 0.00692802392802 1.2152e-05
pedestrian -1 -1 -10 363.95 186.06 396.805 277.058 2.16499031931 0.469998994847 1.19499520757 -4.76286509428 1.23300642444 15.2153536443 0.00692802392802 4.7642e-06
pedestrian -1 -1 -10 1100.9 135.51 1133.71 261.13 2.41998923421 1.1729985871 1.18899518814 8.30390839408 1.51843065254 11.3164151526 0.00692802392802 3.6602e-06
pedestrian -1 -1 -10 318.83 205.34 356.906 286.019 1.06699517816 1.08099959549 1.18099579801 -4.11363512678 1.39012798144 10.9260711249 0.00692802392802 8.3566e-07
pedestrian -1 -1 -10 319.08 213.62 339.296 274.536 1.06999521554 1.19199862763 1.18099579801 -4.11575999205 1.3964867763 10.617584072 0.00692802392802 6.4805e-07
pedestrian -1 -1 -10 884.4 149.42 920.994 268.47 1.80199198127 0.758999310167 0.681997599288 3.67528736504 1.42860667689 9.21068452658 0.00692802392802 4.4749e-07
pedestrian -1 -1 -10 367.81 172.99 413.752 266.326 2.3519895196 0.474999105899 1.19299536004 -4.48561851188 1.42424680067 15.2110463971 0.00692802392802 3.7916e-07
pedestrian -1 -1 -10 329.15 201.06 371.943 288.151 0.9819955796 1.08799956023 1.08799597366 -3.71871669605 1.39265262965 10.3898745591 0.00692802392802 7.3068e-08
