pedestrian -1 -1 -10 1040.8 109.85 1056.99 159.105 1.657817904 1.19686890375 0.603999668242 2.85047654236 1.12497874065 5.07043876081 0.00753464155925 0.18015
pedestrian -1 -1 -10 1002.0 102.21 1050.05 266.13 1.95878494513 1.19786872174 0.620999622984 2.85726906354 1.42939363032 4.82857584463 0.00753464155925 0.10112
pedestrian -1 -1 -10 1165.6 55.359 1202.67 211.549 1.66781688595 1.19786896013 0.68199971303 2.92082297918 1.15290158626 3.78489210291 0.00753464155925 0.10061
pedestrian -1 -1 -10 1030.3 104.71 1058.06 197.526 1.77180543995 1.19786872174 0.630999610386 2.86150617185 1.24601849193 4.73586131975 0.00753464155925 0.094152
pedestrian -1 -1 -10 1025.9 164.38 1046.48 217.306 2.0417757771 1.19086951905 0.659999645378 2.87535448122 1.51453503146 4.63626680576 0.00753464155925 0.076988
pedestrian -1 -1 -10 1111.3 275.56 1138.59 340.915 2.02177799201 1.19886853972 0.674999745691 2.87990862459 1.49874290411 4.24526427325 0.00753464155925 0.072558
pedestrian -1 -1 -10 1023.7 103.32 1043.53 162.592 1.62682140863 1.19686890375 0.603999668242 2.85047451826 1.09399704669 5.0716680667 0.00753464155925 0.06843
pedestrian -1 -1 -10 1171.4 70.586 1194.46 137.004 1.57282728756 1.19786872174 0.668999705566 2.91450358247 1.05633143536 3.81367011639 0.00753464155925 0.06044
pedestrian -1 -1 -10 1044.5 106.0 1068.48 162.994 1.67481605709 1.19586860898 0.603999668242 2.84991360225 1.14185918288 4.99480849104 0.00753464155925 0.055186
pedestrian -1 -1 -10 1128.5 272.71 1150.57 337.858 2.0157786386 1.19786872174 0.70099976062 2.89216803994 1.49727539365 4.14663561343 0.00753464155925 0.04362
pedestrian -1 -1 -10 1017.4 158.95 1051.53 239.109 2.04077589977 1.19486926778 0.664999758288 2.87741781914 1.51367466902 4.57824874249 0.00753464155925 0.040395
pedestrian -1 -1 -10 1002.4 155.48 1037.58 232.392 2.02977715969 1.19886901651 0.603999668242 2.85061383176 1.49698240412 5.07068416294 0.00753464155925 0.034504
pedestrian -1 -1 -10 1001.5 94.356 1019.65 140.44 1.52883214843 1.1938694498 0.311999940733 2.99095324556 0.987829835594 5.53902048181 0.00753464155925 0.027471
pedestrian -1 -1 -10 1114.8 260.34 1147.91 368.93 2.01977820754 1.19886877812 0.690999773218 2.88747960655 1.49789334048 4.18819733435 0.00753464155925 0.024803
pedestrian -1 -1 -10 963.57 230.29 983.973 289.206 2.03677633083 1.194868791 0.260999838089 2.98622887334 1.48890914652 6.01696436081 0.00753464155925 0.020691
pedestrian -1 -1 -10 1019.9 107.54 1056.1 248.51 1.94578636098 1.19586860898 0.659999645378 2.87523071216 1.41836058349 4.62447924423 0.00753464155925 0.020593
pedestrian -1 -1 -10 1053.1 101.97 1073.05 160.629 1.64281956518 1.19886901651 0.603999668242 2.84965950629 1.11038148695 4.96253505848 0.00753464155925 0.0163
pedestrian -1 -1 -10 1006.5 95.113 1036.43 168.779 1.62482156456 1.19786919852 0.581999839009 2.85562708312 1.08926699775 5.22520572666 0.00753464155925 0.015965
pedestrian -1 -1 -10 1050.8 93.353 1079.87 178.399 1.69581383872 1.19686890375 0.61299972843 2.8535447652 1.16512876843 4.87807609095 0.00753464155925 0.015148
pedestrian -1 -1 -10 979.98 87.408 1017.25 197.538 1.68481497944 1.19586908577 0.304999734974 2.98779453641 1.14339263523 5.57690128986 0.00753464155925 0.015034
pedestrian -1 -1 -10 1017.0 97.064 1052.95 188.688 1.74580830145 1.19886853972 0.603999668242 2.84920341907 1.21540775563 4.89673719266 0.00753464155925 0.014499
pedestrian -1 -1 -10 1018.4 100.25 1034.18 142.086 1.58182627297 1.19686890375 0.596999700903 2.84765954805 1.04738139832 5.16505910137 0.00753464155925 0.013435
pedestrian -1 -1 -10 991.12 95.347 1030.78 242.827 1.92078907001 1.19686890375 0.313999795162 2.99199489628 1.37963060721 5.52561241139 0.00753464155925 0.013348
pedestrian -1 -1 -10 1033.6 158.72 1057.15 215.128 2.01777848267 1.19786872174 0.626999663109 2.85980057761 1.49242226718 4.7630513205 0.00753464155925 0.012126
pedestrian -1 -1 -10 1026.9 99.805 1044.83 141.976 1.55382935 1.19786872174 0.602999741028 2.85052654581 1.01913805361 5.14874635349 0.00753464155925 0.011599
pedestrian -1 -1 -10 996.74 91.452 1024.11 161.871 1.56982765555 1.19686890375 0.304999734974 2.98774086541 1.02936818513 5.57523844225 0.00753464155925 0.0098849
pedestrian -1 -1 -10 1013.9 162.16 1028.92 234.485 2.02977715969 1.19786872174 0.603999668242 2.85042172261 1.49660494327 5.0451878593 0.00753464155925 0.0087206
pedestrian -1 -1 -10 1011.6 97.327 1031.6 150.461 1.62682140863 1.19786872174 0.603999668242 2.85048581806 1.09401924882 5.07316775111 0.00753464155925 0.0067052
pedestrian -1 -1 -10 1013.5 158.24 1039.46 212.7 2.02977715969 1.19786872174 0.603999668242 2.8501655723 1.49610165272 5.01119215208 0.00753464155925 0.0063976
pedestrian -1 -1 -10 1174.8 59.837 1204.82 126.935 1.51583356428 1.19686890375 0.688999918788 2.92344610901 1.00327961034 3.67544717509 0.00753464155925 0.0063482
pedestrian -1 -1 -10 1012.2 161.46 1043.63 271.71 2.0417757771 1.19686890375 0.664999758288 2.87765859117 1.51414834967 4.61025179741 0.00753464155925 0.005753
pedestrian -1 -1 -10 991.79 91.378 1012.04 148.879 1.52983202577 1.19586908577 0.304999734974 2.98779948575 0.988513298539 5.5850478788 0.00753464155925 0.0045912
pedestrian -1 -1 -10 1153.0 139.64 1192.9 266.07 2.00977934479 1.19786872174 0.659999883797 2.91083163109 1.4946485981 3.90245584131 0.00753464155925 0.0033128
pedestrian -1 -1 -10 1171.4 138.53 1208.89 243.17 1.9927812513 1.19786848335 0.68199971303 2.92090057563 1.47782154383 3.77948626844 0.00753464155925 0.0028799
pedestrian -1 -1 -10 1002.9 159.45 1023.52 223.828 2.04477552831 1.19686890375 0.616999675707 2.85354776194 1.51794340957 4.59539707506 0.00753464155925 0.0025823
pedestrian -1 -1 -10 1170.1 125.13 1202.39 209.459 1.8887925781 1.19786896013 0.668999705566 2.91462360788 1.37234113546 3.81433024996 0.00753464155925 0.0024054
pedestrian -1 -1 -10 1043.2 93.92 1074.32 210.32 1.76580605674 1.19786872174 0.626999663109 2.85973795212 1.24047944409 4.76691665173 0.00753464155925 0.0023781
pedestrian -1 -1 -10 1141.2 137.41 1176.54 225.264 1.9377872231 1.19786872174 0.659999883797 2.91099777775 1.42302654007 3.92798556054 0.00753464155925 0.0021157
pedestrian -1 -1 -10 989.66 87.951 1003.93 143.491 1.51383377981 1.19686842697 0.299999860483 2.98570404311 0.971323825503 5.63970734945 0.00753464155925 0.0019835
pedestrian -1 -1 -10 962.61 79.026 1006.63 212.876 1.70881230367 1.19886853972 0.299999860483 2.9857340272 1.16624314016 5.63426421699 0.00753464155925 0.0019434
pedestrian -1 -1 -10 1163.7 145.87 1190.11 201.541 1.91978919268 1.19786872174 0.668999705566 2.91471603489 1.40350057445 3.82509901442 0.00753464155925 0.0017328
pedestrian -1 -1 -10 1181.4 123.53 1213.26 209.868 1.86979472994 1.19786872174 0.68199971303 2.92080238452 1.35471660231 3.77239802016 0.00753464155925 0.0016212
pedestrian -1 -1 -10 1104.5 87.147 1139.66 217.907 1.7818043623 1.19886853972 0.70099976062 2.89139902632 1.26193188741 4.05588088325 0.00753464155925 0.0013718
pedestrian -1 -1 -10 1126.8 101.25 1162.2 229.54 1.84079789984 1.19886877812 0.659999883797 2.91130004114 1.32169645146 3.9732716203 0.00753464155925 0.0013534
pedestrian -1 -1 -10 1027.8 153.71 1062.52 238.088 2.01777848267 1.19586860898 0.643999617851 2.86804416587 1.49191279156 4.7289918996 0.00753464155925 0.0011923
pedestrian -1 -1 -10 1138.8 126.67 1168.69 202.674 1.87279430235 1.19686914215 0.659999883797 2.91077055994 1.35762655034 3.90097056591 0.00753464155925 0.0011371
pedestrian -1 -1 -10 1128.4 260.88 1164.73 349.727 2.0157786386 1.19586908577 0.70099976062 2.89181395444 1.49657967762 4.09964216457 0.00753464155925 0.0010832
pedestrian -1 -1 -10 1166.2 143.03 1203.09 313.97 2.00877940786 1.19886877812 0.68199971303 2.92082640445 1.49366427492 3.76886930267 0.00753464155925 0.00076353
pedestrian -1 -1 -10 989.4 149.04 1021.63 216.739 1.97678297555 1.19686890375 0.620999622984 2.8571653708 1.44717701901 4.81394419703 0.00753464155925 0.0007105
pedestrian -1 -1 -10 281.57 144.18 318.546 211.346 1.11287781322 1.13087662563 0.512999854408 -4.99472993993 0.602663384381 11.5431340394 0.00753464155925 0.00061651
pedestrian -1 -1 -10 1101.0 258.98 1136.13 353.202 2.02277786935 1.19686866536 0.674999745691 2.88011926113 1.4991573738 4.27326781217 0.00753464155925 0.00050653
pedestrian -1 -1 -10 1094.7 71.978 1128.52 180.818 1.62682140863 1.19586884737 0.680999785815 2.90082104808 1.10789783187 3.98643332315 0.00753464155925 0.00049597
pedestrian -1 -1 -10 1114.5 112.63 1151.91 251.89 1.92778836035 1.19786872174 0.70099976062 2.89120042454 1.40943455878 4.02227477112 0.00753464155925 0.0003627
pedestrian -1 -1 -10 1146.1 157.55 1182.52 287.22 2.01077916253 1.19886853972 0.659999883797 2.91084323917 1.49567061796 3.90394812248 0.00753464155925 0.00029937
pedestrian -1 -1 -10 1062.8 86.183 1099.32 202.623 1.7588068558 1.19786872174 0.643999617851 2.8679492477 1.23291155832 4.72890966023 0.00753464155925 0.00021161
pedestrian -1 -1 -10 1143.6 99.797 1183.32 246.047 1.89879147065 1.19786896013 0.659999883797 2.91077480917 1.38361631793 3.90027817279 0.00753464155925 0.00013501
pedestrian -1 -1 -10 1149.2 49.445 1188.17 188.965 1.56682793415 1.19786872174 0.659999883797 2.91119673096 1.04768947693 3.97280042345 0.00753464155925 0.00011139
pedestrian -1 -1 -10 986.08 151.67 1010.07 208.578 2.02877722275 1.19686842697 0.299999860483 2.98645613413 1.48443697352 5.71492792843 0.00753464155925 8.1603e-05
pedestrian -1 -1 -10 1136.2 186.06 1168.68 299.63 2.0157786386 1.19786848335 0.674999745691 2.90389570952 1.49676406205 3.97753146915 0.00753464155925 6.5296e-05
pedestrian -1 -1 -10 1097.5 178.52 1131.54 293.62 2.02277786935 1.19786848335 0.690999773218 2.8876268212 1.50018174044 4.20768702013 0.00753464155925 6.4249e-05
pedestrian -1 -1 -10 1086.9 187.24 1120.16 311.26 2.02377774668 1.19586908577 0.674999745691 2.88005614934 1.5010313076 4.26474679352 0.00753464155925 5.6786e-05
pedestrian -1 -1 -10 292.69 138.5 334.082 214.837 1.21986605883 1.19086951905 0.520999748963 -4.98747447154 0.652065266081 11.9761993126 0.00753464155925 5.6591e-05
pedestrian -1 -1 -10 1196.9 214.4 1241.96 366.03 2.00278014385 1.19786872174 0.654999770886 2.93447858588 1.48795863394 3.78930939019 0.00753464155925 5.4336e-05
pedestrian -1 -1 -10 1036.9 133.37 1077.13 238.58 1.99378106904 1.19386897301 0.659999645378 2.87547905773 1.46681417079 4.65511972482 0.00753464155925 4.5311e-05
pedestrian -1 -1 -10 934.91 279.51 967.283 362.619 2.04777516031 1.19686890375 0.199000059247 2.99847109829 1.4932827124 6.44794825129 0.00753464155925 3.8948e-05
pedestrian -1 -1 -10 1052.6 101.72 1086.56 237.51 1.89979140758 1.19886853972 0.659999645378 2.87552918142 1.37297993481 4.66631418556 0.00753464155925 2.827e-05
pedestrian -1 -1 -10 296.99 163.2 315.789 211.541 1.20686747468 1.18687024711 0.520999748963 -4.98873661348 0.636594668751 11.8093187783 0.00753464155925 2.4339e-05
pedestrian -1 -1 -10 1114.1 187.14 1149.54 316.51 2.0157786386 1.19686914215 0.70099976062 2.89214167284 1.49722358693 4.14313623062 0.00753464155925 2.2724e-05
pedestrian -1 -1 -10 1083.9 82.565 1120.7 219.535 1.755807194 1.19886853972 0.70099976062 2.89154168524 1.23623076863 4.076070604 0.00753464155925 1.6456e-05
pedestrian -1 -1 -10 1123.4 161.74 1159.6 294.61 2.0157786386 1.19886853972 0.69899990619 2.89207301257 1.49712065877 4.00111859888 0.00753464155925 6.0956e-06
pedestrian -1 -1 -10 918.64 288.09 949.441 354.864 2.05777405286 1.19786872174 0.187999906211 2.99526211874 1.49779407317 6.75252153679 0.00753464155925 4.0698e-06
pedestrian -1 -1 -10 1105.3 44.705 1141.78 168.635 1.56282842481 1.19886853972 0.70099976062 2.89109166127 1.04448202394 4.02547704392 0.00753464155925 3.891e-06
pedestrian -1 -1 -10 1084.8 243.56 1130.24 352.04 2.02177796221 1.19786872174 0.690999773218 2.88750659024 1.49994490188 4.1916819098 0.00753464155925 2.4852e-06
pedestrian -1 -1 -10 1073.5 105.17 1109.84 240.23 1.90979035973 1.19486926778 0.674999745691 2.88094895495 1.38487246088 4.38913312843 0.00753464155925 1.8511e-06
pedestrian -1 -1 -10 1116.5 34.151 1152.3 174.131 1.55382935 1.19886853972 0.69899990619 2.89197578028 1.03526018573 4.01053835749 0.00753464155925 1.2511e-06
