pedestrian -1 -1 -10 466.52 154.07 537.576 357.6 1.70199244544 0.737999415951 0.578997822024 -0.952205193978 1.47569152208 6.30628528073 0.00692802392802 0.99426
pedestrian -1 -1 -10 700.43 164.54 713.872 214.639 2.40798926353 0.686999809094 1.1949956844 2.15766084265 1.50575974179 14.4820661546 0.00692802392802 0.26125
pedestrian -1 -1 -10 433.83 169.7 597.89 365.3 1.70799234137 0.737999415951 0.578997822024 -0.952196920598 1.48169141801 6.30628871239 0.00692802392802 0.14947
pedestrian -1 -1 -10 694.62 162.86 720.141 221.675 2.40798926353 0.648999728034 1.19599548896 2.16302895759 1.50576671469 14.4630284495 0.00692802392802 0.025652
pedestrian -1 -1 -10 845.04 216.58 858.374 260.781 0.553997579217 0.317000174275 0.65599767403 4.91719178419 1.27981252106 13.9087495554 0.00692802392802 0.014977
pedestrian -1 -1 -10 707.3 165.62 720.712 213.078 1.00599555075 0.513999590639 1.11399589891 2.87492889387 0.989950306959 17.8348960727 0.00692802392802 0.0044388
pedestrian -1 -1 -10 894.18 226.27 918.095 274.358 0.950995759666 1.11099930814 0.630997672539 4.24680987261 1.4028942622 10.2072150473 0.00692802392802 0.0034647
pedestrian -1 -1 -10 664.16 228.12 675.341 265.336 1.78899198323 0.395999640087 1.19099557211 1.42089713871 1.16973839557 14.5296412516 0.00692802392802 0.0030115
pedestrian -1 -1 -10 885.67 235.08 903.556 279.468 0.950995759666 0.915999745458 0.630997672539 4.2461343972 1.40300765276 10.1097176059 0.00692802392802 0.0021213
pedestrian -1 -1 -10 885.07 214.83 897.637 272.017 0.950995759666 0.787999572802 0.630997672539 4.24569100662 1.40308208376 10.0457190555 0.00692802392802 0.00086603
pedestrian -1 -1 -10 882.69 217.6 910.652 275.571 0.775996530056 0.594999863811 0.562997611262 4.21115148377 1.36228798099 9.94951036803 0.00692802392802 0.00071816
pedestrian -1 -1 -10 752.95 158.4 781.071 232.607 2.39598929286 0.624000126445 1.03699604691 3.24161568064 1.49694653117 14.3280498484 0.00692802392802 0.00063348
pedestrian -1 -1 -10 842.28 210.13 871.922 263.94 0.553997579217 0.317000174275 0.65599767403 4.91719178419 1.27981252106 13.9087495554 0.00692802392802 0.00059558
pedestrian -1 -1 -10 490.13 161.92 544.922 279.37 1.70799234137 0.737999415951 0.578997822024 -0.952196920598 1.48169141801 6.30628871239 0.00692802392802 0.00054173
pedestrian -1 -1 -10 752.31 154.52 771.892 216.218 0.763996574283 0.0939997989693 0.990996454243 3.94579762961 0.750217270933 17.6423338764 0.00692802392802 0.00043778
pedestrian -1 -1 -10 747.15 155.82 758.669 206.863 0.765996569395 0.10700027844 1.17999563582 3.80625369111 0.750608432792 17.6367995431 0.00692802392802 0.00043625
pedestrian -1 -1 -10 1129.8 74.294 1167.31 198.824 1.5349931404 0.723999486473 1.19399576064 8.90998759333 0.625461967855 11.5761984422 0.00692802392802 0.00040909
pedestrian -1 -1 -10 888.41 210.74 903.737 269.299 1.18399472833 1.17399994446 0.620997719626 4.25398597186 1.4024612582 10.5675380905 0.00692802392802 0.00036204
pedestrian -1 -1 -10 327.0 216.21 347.744 280.822 0.981995639205 0.742999527003 1.15199586303 -3.7448239349 1.39690924776 10.2285559453 0.00692802392802 0.00029956
pedestrian -1 -1 -10 875.72 231.0 895.741 275.631 0.98299562186 1.13599890972 0.620997719626 4.25282904339 1.40270199576 10.3606579048 0.00692802392802 0.00024951
pedestrian -1 -1 -10 892.12 244.87 907.75 282.081 1.97499114126 0.834999472286 1.12599569936 4.93879894003 1.37717419745 11.7868341516 0.00692802392802 0.00019611
pedestrian -1 -1 -10 512.44 182.05 540.284 283.34 1.70799234137 0.737999415951 0.578997822024 -0.952196920598 1.48169141801 6.30628871239 0.00692802392802 0.00018142
pedestrian -1 -1 -10 1118.4 87.7 1153.2 218.29 1.86399166584 0.653998885413 1.19599560817 8.57100705982 0.955467118785 11.5147381984 0.00692802392802 0.00016073
pedestrian -1 -1 -10 346.49 212.57 371.19 274.477 1.0229954049 1.17699924815 1.03799597067 -3.68580061365 1.38739893755 10.5321195233 0.00692802392802 0.00013124
pedestrian -1 -1 -10 934.0 218.64 964.568 274.045 0.900995911658 0.718999375421 0.259999252574 4.43188221907 1.36244822998 10.1509132148 0.00692802392802 0.0001301
pedestrian -1 -1 -10 518.85 195.67 535.078 271.086 1.70799234137 0.737999415951 0.578997822024 -0.952196920598 1.48169141801 6.30628871239 0.00692802392802 0.00011202
pedestrian -1 -1 -10 692.88 200.55 704.898 264.384 2.41498920172 0.790999830168 1.18199548336 1.97360505707 1.5131949198 14.5453476991 0.00692802392802 8.5502e-05
pedestrian -1 -1 -10 653.74 216.48 674.952 281.243 2.25898994058 1.17299954078 0.897996689497 1.26790929631 1.43406800885 12.8611937396 0.00692802392802 7.3371e-05
pedestrian -1 -1 -10 1097.9 127.08 1131.0 258.28 2.294989793 0.748999088062 1.1929948832 8.27745506559 1.39321978672 11.5645317552 0.00692802392802 2.3515e-05
pedestrian -1 -1 -10 347.86 219.41 388.87 279.954 0.972995616496 0.947999311785 0.745997250247 -3.54113179901 1.38723180253 10.3296412081 0.00692802392802 1.6115e-05
pedestrian -1 -1 -10 522.17 185.16 555.453 275.28 1.58299295604 0.897999154935 0.931996481717 -1.25655267236 1.39206678108 12.8315264963 0.00692802392802 7.7927e-06
pedestrian -1 -1 -10 333.25 205.47 362.399 287.867 0.972995616496 0.936999639674 1.08599612613 -3.71116525611 1.38770567109 10.3253197985 0.00692802392802 3.5347e-06
pedestrian -1 -1 -10 473.32 151.75 500.638 214.474 1.47399342358 1.19699969236 0.335998942396 -2.50143561354 0.529299083589 15.6267808269 0.00692802392802 1.0483e-06
pedestrian -1 -1 -10 468.52 181.26 510.912 340.06 1.70199244544 0.737999415951 0.578997822024 -0.952205193978 1.47569152208 6.30628528073 0.00692802392802 8.0665e-07
pedestrian -1 -1 -10 470.83 148.22 512.308 234.541 1.67399257347 0.737999415951 0.578997822024 -0.952243803579 1.44769165011 6.30626926615 0.00692802392802 6.8586e-07
pedestrian -1 -1 -10 316.26 198.99 358.555 282.269 0.335998439789 0.0650004900082 0.302998835524 -7.0370158816 1.59642624946 18.5911788473 0.00692802392802 9.5131e-08
