pedestrian -1 -1 -10 280.68 172.24 339.552 312.9 1.70881235442 1.07188307341 0.710999509603 -3.66167999148 1.6724489717 8.81178920806 0.00753464155925 0.89666
pedestrian -1 -1 -10 368.64 179.17 419.699 276.111 1.6268214198 1.18586995234 0.667999778351 -3.30901326492 1.66395905938 11.088965524 0.00753464155925 0.11796
pedestrian -1 -1 -10 405.53 171.49 417.224 208.343 0.92389858317 0.379959441666 0.818999993435 -10.9845946112 1.21511164592 40.3572703948 0.00753464155925 0.043337
pedestrian -1 -1 -10 397.11 174.28 413.795 246.997 1.6268214198 1.18586995234 0.667999778351 -3.30919407606 1.66360379713 11.0649686664 0.00753464155925 0.012665
pedestrian -1 -1 -10 973.84 225.85 986.577 268.393 1.1238766427 0.796912625588 1.13199962296 3.24531932123 1.4962058604 6.58122563947 0.00753464155925 0.011165
pedestrian -1 -1 -10 307.51 171.81 385.684 306.81 0.945896152733 0.989891323593 0.566999738696 -5.24953355183 1.70492768859 14.5124111268 0.00753464155925 0.0073155
pedestrian -1 -1 -10 401.55 172.36 413.9 223.347 1.6268214198 1.17987104443 0.667999778351 -3.30839549591 1.66517286738 11.1709544697 0.00753464155925 0.0030772
pedestrian -1 -1 -10 403.73 173.26 420.816 230.367 0.67792551065 0.291967830364 0.721999901057 -7.95125049233 1.5864841897 30.4417333437 0.00753464155925 0.0030106
pedestrian -1 -1 -10 172.96 165.31 193.015 213.302 1.92578851629 1.194868791 0.251000327524 -8.43603777983 1.17840227303 14.4229514173 0.00753464155925 0.0025149
pedestrian -1 -1 -10 304.98 194.03 341.528 310.07 1.70881235442 1.07188307341 0.710999509603 -3.66167999148 1.6724489717 8.81178920806 0.00753464155925 0.0019366
pedestrian -1 -1 -10 765.04 176.72 787.342 237.595 2.119767282 0.791914966014 0.917000013027 4.64196962743 1.32217419494 20.0850136687 0.00753464155925 0.0018026
pedestrian -1 -1 -10 745.24 167.21 781.108 227.501 1.32485449016 0.879903716606 0.728999868397 2.67717260289 1.50872987439 13.550269113 0.00753464155925 0.00080725
pedestrian -1 -1 -10 767.76 164.55 804.189 235.379 1.88979251504 0.581936978327 0.76299977788 4.71824742786 1.32056386437 19.9777454537 0.00753464155925 0.00075279
pedestrian -1 -1 -10 371.63 171.99 394.6 291.62 1.6268214198 1.17287088817 0.667999778351 -3.31197025922 1.65814908305 10.6965197359 0.00753464155925 0.00037843
pedestrian -1 -1 -10 364.83 179.78 388.232 242.713 1.63882006702 1.17987104443 0.667999778351 -3.30839179631 1.67717151459 11.1708656247 0.00753464155925 0.00035424
pedestrian -1 -1 -10 966.98 226.58 990.142 285.364 1.1238766427 0.653928164363 1.03499953059 3.11628434967 1.49524103882 6.51070224508 0.00753464155925 0.00023506
pedestrian -1 -1 -10 270.88 176.02 306.577 303.33 1.72581044791 1.17187250054 0.710999509603 -3.66332463948 1.68620532184 8.5926936871 0.00753464155925 0.00017542
pedestrian -1 -1 -10 643.4 195.18 655.878 238.084 0.747917877674 0.616932991752 0.193999946336 1.07255221767 1.35878269889 16.1851717317 0.00753464155925 0.00011069
pedestrian -1 -1 -10 276.42 171.79 319.689 270.403 1.70881235442 1.05188480656 0.710999509603 -3.66160465231 1.672597 8.82178805766 0.00753464155925 3.6526e-05
pedestrian -1 -1 -10 657.99 105.2 685.476 210.37 1.23586430478 0.400957049721 0.254999917173 1.68359036613 0.492330813244 18.6213412717 0.00753464155925 8.1145e-06
pedestrian -1 -1 -10 673.19 165.19 703.354 236.881 1.29885739636 1.12187683341 0.692999746856 1.72754717983 1.55112976291 13.1995550536 0.00753464155925 3.0742e-06
pedestrian -1 -1 -10 380.14 201.42 410.068 285.867 1.6268214198 1.16787227503 0.667999778351 -3.30844069869 1.66508405181 11.1649552553 0.00753464155925 1.8038e-06
pedestrian -1 -1 -10 299.94 167.62 320.345 232.336 1.61582254935 0.274969494253 1.17099916852 -11.8260183466 0.599821390097 28.9667677329 0.00753464155925 4.0688e-07
pedestrian -1 -1 -10 262.23 205.39 288.77 295.763 1.02188778377 0.867904947208 0.726000086753 -4.55867679717 1.67046921416 9.51358879531 0.00753464155925 1.5535e-07
pedestrian -1 -1 -10 368.6 203.66 385.202 284.775 0.690924154399 1.14087480549 0.700999999038 -5.38948918356 1.01148949361 16.1685716196 0.00753464155925 1.3793e-07
