pedestrian -1 -1 -10 829.86 159.62 846.349 191.849 1.10187904334 0.59993656278 0.359000096099 12.6932974502 1.16146751912 38.9378026742 0.00753464155925 0.02462
pedestrian -1 -1 -10 140.66 193.31 153.193 242.609 1.7668059974 0.700923423971 0.393998979123 -8.31389532492 1.79708425823 12.7124601805 0.00753464155925 0.0012293
pedestrian -1 -1 -10 146.11 178.57 159.388 231.027 2.3707397114 1.16587073192 0.345999611798 -14.91767493 1.69880880243 23.8371708862 0.00753464155925 0.0010126
pedestrian -1 -1 -10 820.71 151.39 850.534 193.078 1.10187904334 0.59993656278 0.359000096099 12.6932974502 1.16146751912 38.9378026742 0.00753464155925 0.00068828
pedestrian -1 -1 -10 134.73 187.9 148.925 238.874 1.7668059974 0.749917842765 0.449999671515 -8.34207945454 1.79674198511 12.6881743352 0.00753464155925 0.00060937
pedestrian -1 -1 -10 130.07 194.97 157.666 266.382 1.7668059974 0.717920806513 0.449999671515 -8.34195891258 1.79697882896 12.7041723992 0.00753464155925 0.00053455
pedestrian -1 -1 -10 1159.3 96.831 1226.32 240.311 2.00078032958 0.733920754994 0.122999153633 16.114061254 1.02096417168 20.07716259 0.00753464155925 0.0003679
pedestrian -1 -1 -10 137.75 175.29 155.692 233.285 2.36574026513 1.19186886025 0.325999160156 -14.9370010278 1.69424721008 23.5283043769 0.00753464155925 0.00034669
pedestrian -1 -1 -10 139.19 193.6 169.106 262.077 0.206977266432 0.481946597627 0.586000263123 -9.20463828603 1.08158333718 15.2690704467 0.00753464155925 0.00018517
pedestrian -1 -1 -10 1175.6 45.122 1242.01 251.902 1.52483257949 0.854906836608 0.459998943661 10.6270182203 0.741421615556 12.7196008412 0.00753464155925 3.3761e-05
