pedestrian -1 -1 -10 0.0 159.65 95.525 375.0 1.63981997043 1.1938694498 0.8979994886 -6.27073204986 1.64430470146 7.9502326866 0.00753464155925 0.0019909
pedestrian -1 -1 -10 922.6 277.4 944.28 321.738 2.11276796186 1.18687024711 0.664999996707 3.84217669861 1.52275324258 8.00085127874 0.00753464155925 0.0015847
pedestrian -1 -1 -10 982.67 242.01 1011.71 319.591 1.76580605674 1.19586908577 0.32100000092 3.66428993496 1.49524091147 6.67334716885 0.00753464155925 0.0014341
pedestrian -1 -1 -10 945.0 262.51 978.244 314.842 2.06577319073 1.19586908577 0.34000004851 3.67824018296 1.49217605307 7.27959130054 0.00753464155925 0.0010078
pedestrian -1 -1 -10 991.84 233.86 1030.48 317.133 1.76980568528 1.19686890375 0.32100000092 3.66244163495 1.49560653085 6.42785156453 0.00753464155925 0.00056047
pedestrian -1 -1 -10 301.01 232.12 322.222 278.829 1.40584556747 1.18886988308 0.379000070904 -2.7425273317 1.6815096562 6.42065843547 0.00753464155925 0.00053132
pedestrian -1 -1 -10 933.87 267.46 968.48 314.619 2.09177035903 1.19586908577 0.638000054563 3.83213502307 1.50979413239 7.53039797361 0.00753464155925 0.00040242
pedestrian -1 -1 -10 968.74 244.17 995.12 306.78 1.75380740953 1.19586908577 0.32100000092 3.66614707199 1.48689848259 6.92040216378 0.00753464155925 0.00038626
pedestrian -1 -1 -10 984.53 234.14 997.175 280.87 1.76580605674 1.19486926778 0.32100000092 3.66447451271 1.49560357443 6.69784392127 0.00753464155925 0.00031987
pedestrian -1 -1 -10 993.38 237.02 1010.11 293.6 1.76980568528 1.19486926778 0.32100000092 3.66308953675 1.49687954452 6.51383966864 0.00753464155925 0.00027716
pedestrian -1 -1 -10 1010.7 275.44 1042.09 350.856 1.77080557751 1.19686890375 0.321999928135 3.66021614892 1.49221712322 6.19889422326 0.00753464155925 0.00023002
pedestrian -1 -1 -10 977.36 190.04 995.076 237.624 1.75980679273 1.19686890375 0.32100000092 3.66501509276 1.49067009012 6.76987843944 0.00753464155925 0.00013296
pedestrian -1 -1 -10 833.13 240.83 858.534 307.781 2.17076159227 1.19186981382 0.886999812402 3.86810055233 1.68361062596 11.3006592118 0.00753464155925 0.00010631
pedestrian -1 -1 -10 916.54 255.43 948.503 315.414 2.11276796186 1.18487061114 0.664999996707 3.84205615666 1.52251639872 7.98485321474 0.00753464155925 8.3578e-05
pedestrian -1 -1 -10 975.99 218.16 1009.17 290.211 1.76580605674 1.19586908577 0.32100000092 3.66457621808 1.49580340768 6.71134203449 0.00753464155925 8.0603e-05
pedestrian -1 -1 -10 902.83 127.98 936.585 210.709 1.93678734577 1.19286915503 0.664999996707 3.84416606562 1.34179988622 8.27424993106 0.00753464155925 6.103e-05
pedestrian -1 -1 -10 972.01 195.11 1003.84 263.729 1.75680710113 1.194868791 0.32100000092 3.66493883047 1.48752237376 6.7599020397 0.00753464155925 5.2304e-05
pedestrian -1 -1 -10 996.68 282.37 1034.27 354.992 1.76980568528 1.19586908577 0.32100000092 3.66203858007 1.49481459855 6.37435900646 0.00753464155925 3.1938e-05
pedestrian -1 -1 -10 945.59 184.6 984.717 271.277 2.06577319073 1.19886853972 0.34000004851 3.67758851455 1.4908956387 7.19310330162 0.00753464155925 2.1681e-05
pedestrian -1 -1 -10 298.32 226.12 330.167 289.881 1.40584556747 1.19286963181 0.379000070904 -2.74259513588 1.68137643285 6.41165961387 0.00753464155925 1.4889e-05
pedestrian -1 -1 -10 905.14 175.55 949.664 262.722 2.11476777613 1.1938694498 0.645999949117 3.83304171419 1.52347808098 8.0494309344 0.00753464155925 7.3376e-06
pedestrian -1 -1 -10 25.048 166.32 182.188 341.83 1.37284923361 1.19586908577 0.754999883326 -6.16521477956 1.35536031376 8.49881406601 0.00753464155925 6.4606e-07
pedestrian -1 -1 -10 831.64 154.29 871.857 242.151 2.29474796117 1.18886988308 0.935999583779 3.89143781797 1.673395474 11.1530314478 0.00753464155925 4.2376e-07
