pedestrian -1 -1 -10 806.33 164.98 893.548 321.28 1.81799185276 0.554999929065 0.786996985665 2.80791613392 1.44679348376 7.64166744519 0.00692802392802 0.69762
pedestrian -1 -1 -10 325.1 237.41 351.135 282.55 1.06699520797 1.09999963602 1.15499587275 -4.04878213925 1.38813783725 10.7611156815 0.00692802392802 0.036931
pedestrian -1 -1 -10 363.3 223.59 386.343 276.875 0.962995611132 0.987999246531 0.742997240532 -3.55710731394 1.37118417457 10.4097414146 0.00692802392802 0.0068267
pedestrian -1 -1 -10 766.92 171.91 783.52 237.227 0.762996576726 0.0940017063167 0.710997057425 4.11073884187 0.749772852705 17.6331906348 0.00692802392802 0.0063166
pedestrian -1 -1 -10 311.4 222.45 344.937 279.982 1.06199523509 1.19599928868 1.15799588247 -4.11527788177 1.3884865836 10.6165761274 0.00692802392802 0.0049815
pedestrian -1 -1 -10 331.87 226.48 363.91 279.467 0.97799564898 1.00699928706 1.10999596543 -3.74051576888 1.38667775912 10.4205216509 0.00692802392802 0.0049707
pedestrian -1 -1 -10 335.67 224.52 352.283 276.98 0.968995626271 0.753999199114 1.04299606634 -3.71590533588 1.37775473312 10.2938427515 0.00692802392802 0.0049488
pedestrian -1 -1 -10 356.2 240.2 384.085 280.718 1.00599546134 1.19599928868 0.883996981915 -3.62625840742 1.37114195296 10.6132005265 0.00692802392802 0.0034913
pedestrian -1 -1 -10 367.5 241.84 389.93 279.935 0.962995611132 0.95699913021 0.656997597796 -3.51421590938 1.37108395796 10.3939436895 0.00692802392802 0.0022083
pedestrian -1 -1 -10 344.26 239.44 375.325 281.064 1.01199547648 1.14399927814 0.987996206109 -3.67911449238 1.3774303318 10.4885674608 0.00692802392802 0.0013687
pedestrian -1 -1 -10 902.63 229.04 929.531 276.875 0.908996011316 0.923999160203 0.629997748773 4.24583238024 1.36013092681 10.0026912642 0.00692802392802 0.00068162
pedestrian -1 -1 -10 912.71 233.18 935.215 277.24 2.08399071097 1.05099988285 1.19299536004 5.40634898078 1.37785384398 11.8135332583 0.00692802392802 0.00038668
pedestrian -1 -1 -10 351.34 215.87 375.756 277.634 0.944995804131 0.636999652243 0.648997492415 -3.51934915945 1.35328122743 10.2339652203 0.00692802392802 0.00035815
pedestrian -1 -1 -10 927.49 226.95 953.142 277.673 1.07799510658 1.12299843025 0.334998780212 5.05728782955 1.39321993775 10.5905243814 0.00692802392802 0.00017918
pedestrian -1 -1 -10 332.37 219.14 345.317 268.053 0.968995626271 0.759999713847 1.09699576439 -3.74288375066 1.37782548931 10.2970300773 0.00692802392802 0.00016666
pedestrian -1 -1 -10 307.2 215.28 327.421 273.766 0.978995572031 1.09699937866 1.18099555959 -4.19393935652 1.38891426595 10.4326650971 0.00692802392802 0.00014241
pedestrian -1 -1 -10 346.4 213.42 357.289 271.11 0.968995626271 0.987999246531 1.05099617172 -3.7110948068 1.37760766458 10.4108122423 0.00692802392802 8.1335e-05
pedestrian -1 -1 -10 260.88 195.98 297.977 281.962 1.40799371153 0.714999668048 0.986996282343 -6.33049912213 1.25909957863 13.6711465582 0.00692802392802 7.8267e-05
pedestrian -1 -1 -10 299.53 208.16 334.091 279.18 1.0299954325 1.07999919181 1.08399556334 -4.54017411924 1.35697216092 11.2165161982 0.00692802392802 6.9693e-05
pedestrian -1 -1 -10 252.53 210.95 287.146 278.907 1.56999296546 1.09999963602 1.14099550952 -6.46706943407 1.33039979401 13.7375833308 0.00692802392802 6.6061e-05
pedestrian -1 -1 -10 889.55 218.78 924.961 281.625 0.938995848596 1.14699858184 0.562998088098 4.30152333245 1.38962254197 10.31283009 0.00692802392802 6.1644e-05
pedestrian -1 -1 -10 489.76 96.179 527.811 221.219 0.955995736271 1.17399899078 0.316998960336 -2.18813155046 -0.0329893049481 16.8717867781 0.00692802392802 4.3744e-05
pedestrian -1 -1 -10 297.69 208.95 319.872 267.635 0.798996429145 0.641999763295 0.646997406466 -4.67186485575 1.34608458274 11.4365555005 0.00692802392802 3.9273e-05
pedestrian -1 -1 -10 930.66 217.14 970.15 279.804 0.893996033072 0.605000085915 0.212999497724 4.42995397774 1.35952457138 10.0889259166 0.00692802392802 2.37e-05
pedestrian -1 -1 -10 696.59 172.67 708.384 219.663 2.06999077499 0.662999657511 1.18899554576 2.05567245223 1.16612618523 14.4075726346 0.00692802392802 1.8624e-05
pedestrian -1 -1 -10 942.97 221.35 982.251 277.314 2.24898987561 1.19699969236 1.19299583687 5.68768777192 1.3908161854 11.1674872889 0.00692802392802 1.4594e-05
pedestrian -1 -1 -10 844.76 146.39 897.841 306.25 1.81799185276 0.554999929065 0.786996985665 2.80791613392 1.44679348376 7.64166744519 0.00692802392802 1.2349e-05
pedestrian -1 -1 -10 982.34 224.55 1016.74 292.034 2.00399105549 0.959999387577 1.19599560817 6.66558678695 1.38645255563 11.7513645902 0.00692802392802 1.0253e-05
pedestrian -1 -1 -10 804.71 204.48 862.448 318.42 2.06099081188 0.782999461749 1.19299583687 3.8973268581 1.35867866019 12.1079859687 0.00692802392802 1.6652e-06
pedestrian -1 -1 -10 497.99 87.586 558.707 220.246 0.640997113288 0.328999296393 0.134999483535 -1.43472040313 -0.257851122537 14.9349420379 0.00692802392802 3.2568e-08
