pedestrian -1 -1 -10 132.26 131.81 165.191 196.714 1.03388648686 1.14487407743 0.591999826411 -10.3316935488 0.231700238144 16.0528693609 0.00753464155925 0.019635
pedestrian -1 -1 -10 1.8243 87.118 63.3723 199.278 1.34685214912 1.17387118294 1.1869999113 -7.79773732893 0.664010496355 9.83033855606 0.00753464155925 0.019423
pedestrian -1 -1 -10 145.72 135.72 167.534 188.82 1.28585882711 1.17886979609 0.589999971982 -10.3284161023 0.487994181912 16.3429561058 0.00753464155925 0.0055038
pedestrian -1 -1 -10 1193.4 120.78 1227.66 195.544 1.86779488588 1.17187154697 1.19299947459 4.27857755218 1.31208091725 5.13697353733 0.00753464155925 0.001738
pedestrian -1 -1 -10 30.017 89.537 71.035 203.717 1.04188556886 0.767915520078 0.288999469029 -10.3544432967 0.286761199397 13.4894317282 0.00753464155925 0.0016882
pedestrian -1 -1 -10 113.25 114.4 154.245 198.701 1.02988691792 1.14387378266 0.591999826411 -10.3325021901 0.230108976359 15.9453549732 0.00753464155925 0.00093055
pedestrian -1 -1 -10 1192.9 190.24 1213.36 241.575 2.18376020622 0.82890966184 1.19499932902 7.50262629219 1.51594113724 9.24707235078 0.00753464155925 0.00058848
pedestrian -1 -1 -10 149.09 128.27 178.848 199.499 1.30085716593 1.15287357489 0.589999971982 -10.3266954913 0.491383967676 16.5720366226 0.00753464155925 0.00058489
pedestrian -1 -1 -10 645.0 158.95 666.696 215.261 0.0999890208244 0.0 0.0 4.58870458226 -0.31376766368 59.253086741 0.0 0.00045386
pedestrian -1 -1 -10 287.08 204.28 319.672 264.429 1.40584568667 1.18786958831 0.615999986911 -6.44341658744 1.70203707445 15.4189776515 0.00753464155925 0.00028191
pedestrian -1 -1 -10 1085.0 82.585 1119.52 201.715 0.541940495468 1.169871911 0.818999755016 3.52009456671 0.00462981935284 4.87219157099 0.00753464155925 2.5572e-05
pedestrian -1 -1 -10 1095.2 76.995 1129.94 191.055 0.420953779995 1.17987104443 0.835999709758 3.52788649768 -0.117680502644 4.78403600279 0.00753464155925 2.1148e-05
pedestrian -1 -1 -10 1185.4 196.68 1222.29 282.846 1.94578639078 1.08588147878 1.18999969295 7.76965707547 1.51762709975 9.43780063367 0.00753464155925 6.0658e-06
pedestrian -1 -1 -10 1114.0 68.655 1153.51 194.875 0.420953779995 1.14787400817 0.923999741948 3.57164418806 -0.118186218542 4.75170930457 0.00753464155925 4.2659e-06
pedestrian -1 -1 -10 1163.9 58.939 1201.22 187.729 1.51883322608 1.16687198026 1.17899953991 3.78154330188 0.9716822122 4.75162090245 0.00753464155925 3.8709e-06
pedestrian -1 -1 -10 1143.3 57.147 1185.2 187.627 1.5798265779 1.16687198026 1.14899957771 3.68456611377 1.03474594179 4.75186946474 0.00753464155925 6.2242e-07
