pedestrian -1 -1 -10 884.56 182.8 918.568 266.51 1.75199211836 0.873999003352 0.82199694007 6.49462247737 1.88924512125 14.9703597303 0.00692802392802 0.97725
pedestrian -1 -1 -10 386.24 176.31 471.856 367.41 1.76999208927 1.18499913973 1.19499556519 -1.16652841645 1.68623105639 4.60343344167 0.00692802392802 0.82998
pedestrian -1 -1 -10 338.15 177.86 446.69 354.01 1.76999208927 1.19899954605 1.1979955153 -1.39871711568 1.68681922214 4.64904375646 0.00692802392802 0.33241
pedestrian -1 -1 -10 741.11 191.16 754.276 236.23 1.21299449354 0.409999569564 0.459998310834 7.57937677866 2.22315119252 36.0440667029 0.00692802392802 0.28207
pedestrian -1 -1 -10 764.61 193.57 775.166 223.284 0.655996942521 0.308997898509 0.557997515597 11.1669616419 2.03416195657 45.7450556047 0.00692802392802 0.26213
pedestrian -1 -1 -10 338.4 180.24 352.409 229.377 2.75698762089 0.754998649121 0.943996699393 -8.68992539619 1.51299998675 23.8132540788 0.00692802392802 0.2613
pedestrian -1 -1 -10 902.05 185.23 920.05 254.437 1.75199211836 0.856998816509 0.82199694007 6.49456358899 1.88925500671 14.9618598409 0.00692802392802 0.22326
pedestrian -1 -1 -10 745.35 192.48 757.254 230.925 1.21299449354 0.409999569564 0.459998310834 7.57937677866 2.22315119252 36.0440667029 0.00692802392802 0.20799
pedestrian -1 -1 -10 720.29 183.77 743.802 264.681 1.70199241936 0.877000214392 0.71799723904 2.98321324831 1.86299956844 16.6572267253 0.00692802392802 0.20534
pedestrian -1 -1 -10 907.58 185.4 928.48 246.863 1.69299248606 0.967999755995 0.725997582839 6.54312852107 1.83001464425 15.0549907554 0.00692802392802 0.18966
pedestrian -1 -1 -10 696.28 183.85 711.396 232.689 1.05399534404 0.298000133745 0.653997349663 4.72489077479 1.32850353039 32.1247980502 0.00692802392802 0.13656
pedestrian -1 -1 -10 733.34 186.52 751.999 249.339 1.70199241936 0.965998948635 0.595997718135 3.04390325328 1.86288358046 16.6123056266 0.00692802392802 0.081548
pedestrian -1 -1 -10 606.98 218.57 620.394 265.681 1.02399550676 0.613998950667 0.7369972211 0.0363228969392 1.66238792097 14.682254801 0.00692802392802 0.059593
pedestrian -1 -1 -10 724.23 187.57 759.449 252.919 1.70199241936 0.965998948635 0.595997718135 3.04390325328 1.86288358046 16.6123056266 0.00692802392802 0.052675
pedestrian -1 -1 -10 749.51 194.18 759.846 228.318 1.10799506307 0.370998131151 0.425998041778 9.55758488834 2.3466547929 42.2002167735 0.00692802392802 0.045806
pedestrian -1 -1 -10 758.35 195.57 768.954 224.22 1.10799506307 0.370998131151 0.425998041778 9.55758488834 2.3466547929 42.2002167735 0.00692802392802 0.042722
pedestrian -1 -1 -10 132.75 184.54 177.998 269.168 1.35699388925 1.10599919708 0.441998729375 -8.06299303098 1.21785156598 12.8196097709 0.00692802392802 0.035473
pedestrian -1 -1 -10 110.32 167.75 179.35 316.98 0.785996416211 1.0239994739 0.412998555985 -8.07698945493 1.21793912113 12.779037979 0.00692802392802 0.033805
pedestrian -1 -1 -10 423.15 181.61 486.18 314.53 2.45298907906 0.852999109136 0.953996413889 -3.01272897898 1.56348799987 14.0719176591 0.00692802392802 0.03359
pedestrian -1 -1 -10 310.97 173.08 353.726 297.22 0.274998722971 0.125999365297 0.137999970086 -9.03162155032 1.23018000958 24.488252538 0.00692802392802 0.032084
pedestrian -1 -1 -10 409.94 188.58 464.986 328.28 1.76999208927 1.19399895816 1.19599548896 -1.12840245432 1.68602268775 4.69367116844 0.00692802392802 0.027179
pedestrian -1 -1 -10 917.0 185.98 930.292 243.08 0.106999491155 0.192001212658 0.681996645617 30.6122264948 3.27268481371 66.6021118737 0.00692802392802 0.020622
pedestrian -1 -1 -10 637.6 223.69 650.455 262.411 0.948995794356 0.575999823281 0.563997892655 0.626912954254 1.70345310216 14.9502610325 0.00692802392802 0.020148
pedestrian -1 -1 -10 364.32 190.38 438.2 299.22 1.76999208927 1.19899906921 1.19399558182 -1.35866284021 1.68669992479 4.65676644909 0.00692802392802 0.020014
pedestrian -1 -1 -10 456.35 184.91 474.685 244.252 1.38799381256 0.527999520116 0.724997182238 -5.80069802245 1.65455013316 30.3598591258 0.00692802392802 0.017851
pedestrian -1 -1 -10 985.18 186.0 995.988 230.084 2.91298694164 0.593999460131 0.266999195771 8.22810483918 1.91871530842 14.7467039073 0.00692802392802 0.014839
pedestrian -1 -1 -10 331.46 182.35 401.323 306.71 1.11199499369 0.670000099087 1.15499563433 -2.5480122821 1.40783831606 7.40463237333 0.00692802392802 0.014443
pedestrian -1 -1 -10 716.06 182.48 732.422 262.105 1.69099243134 1.04000021074 0.71799723904 2.98263345078 1.85209436351 16.5757223916 0.00692802392802 0.013686
pedestrian -1 -1 -10 314.03 176.84 330.692 238.203 1.61999272779 0.509999883266 0.545998430405 -11.1478525419 1.49406828014 28.809545288 0.00692802392802 0.013327
pedestrian -1 -1 -10 461.55 186.46 474.286 228.616 1.38799381256 0.527999520116 0.724997182238 -5.80069802245 1.65455013316 30.3598591258 0.00692802392802 0.0093962
pedestrian -1 -1 -10 625.07 221.49 648.61 261.688 0.948995794356 0.658999950139 0.758997153272 0.5297031771 1.70367294731 14.9924358862 0.00692802392802 0.0085702
pedestrian -1 -1 -10 632.55 211.01 652.418 262.383 1.01299545914 0.546998606972 0.574997828938 0.75498221189 1.75671531632 17.9089718155 0.00692802392802 0.0082003
pedestrian -1 -1 -10 976.42 186.16 986.704 227.007 0.929995885491 0.343997722203 0.392998173323 21.624428931 2.24034789591 40.4770557985 0.00692802392803 0.0055686
pedestrian -1 -1 -10 309.87 177.59 337.833 256.265 0.580997468531 0.597999167503 1.08299611641 -9.19101263603 1.49347600844 23.7394665916 0.00692802392802 0.0055582
pedestrian -1 -1 -10 448.71 179.85 481.154 263.271 0.0999995529652 0.0 0.0 -6.9438303735 1.68282188201 33.7576462243 0.0 0.0055161
pedestrian -1 -1 -10 133.25 164.23 227.367 314.08 1.5689929232 0.878999114405 0.534997838473 -8.10344620835 1.23258282357 13.1512925998 0.00692802392802 0.0049452
pedestrian -1 -1 -10 510.78 238.53 523.403 288.978 1.11299509555 0.95799953389 1.13699575485 -1.39535487261 1.57768285879 11.7559506014 0.00692802392802 0.0042387
pedestrian -1 -1 -10 331.07 178.01 352.377 249.966 0.980995567143 0.561000443797 0.454998215169 -10.1509955112 1.25196184267 28.2492151029 0.00692802392802 0.0026988
pedestrian -1 -1 -10 460.47 187.02 486.65 237.024 0.427998036146 0.093000348963 0.103999701029 -4.80776400297 1.43766330488 26.9957039796 0.00692802392802 0.0026784
pedestrian -1 -1 -10 139.59 77.309 246.39 320.579 1.98599118888 1.16099946499 1.19199543627 -5.34280872446 1.35937722485 9.2969763659 0.00692802392802 0.0019931
pedestrian -1 -1 -10 300.08 184.1 330.695 269.848 2.40498925596 0.746999234376 0.847996388492 -5.89172377287 1.50956508639 13.9518256031 0.00692802392802 0.0019178
pedestrian -1 -1 -10 139.14 181.92 166.978 236.443 0.924995912611 0.318000577955 0.526997494674 -14.6292478686 1.4628890884 23.3748974653 0.00692802392802 0.001747
pedestrian -1 -1 -10 613.98 216.87 640.936 261.389 0.948995794356 0.953999826518 0.905996601163 0.457227093605 1.70370352038 15.1404417234 0.00692802392802 0.00097476
pedestrian -1 -1 -10 267.71 170.94 297.886 281.06 2.40498925596 1.14699953551 0.882996581314 -5.96559121682 1.51015944023 13.610329135 0.00692802392802 0.00078583
pedestrian -1 -1 -10 691.73 185.7 705.515 224.19 1.0319953084 0.552999121705 0.903996649324 3.55045108923 1.9531974087 25.6100116885 0.00692802392802 0.00077436
pedestrian -1 -1 -10 704.93 184.14 722.483 249.835 0.102999560535 0.0279998589548 0.166999189806 5.56218245688 1.19690701988 33.2534258998 0.00692802392802 0.00075938
pedestrian -1 -1 -10 307.45 180.83 326.171 240.977 0.102999560535 0.0429992384385 0.311999103088 -14.2477528592 1.20838002115 35.1412280738 0.00692802392802 0.00074078
pedestrian -1 -1 -10 81.72 116.66 213.58 340.15 1.51299328357 0.602999278556 0.436998156875 -7.44962551622 1.17377887825 11.4036835016 0.00692802392802 0.00060024
pedestrian -1 -1 -10 914.35 180.55 940.474 247.902 0.100999476016 0.192001212658 0.420997946113 30.7427309834 3.27232596054 66.6012107927 0.00692802392802 0.0005334
pedestrian -1 -1 -10 323.95 179.14 343.489 241.633 0.0999995529652 0.0 0.0 -13.1660648947 0.951005967761 35.4819443059 0.0 0.00050561
pedestrian -1 -1 -10 641.74 210.15 662.314 261.171 0.220998944342 0.0589999752758 0.136999569484 1.33261735477 1.57103144067 24.98438962 0.00692802392802 0.00035144
pedestrian -1 -1 -10 578.6 176.5 608.549 259.074 0.984995646775 1.14699953551 0.977996342603 -0.280425048911 1.63828910404 13.7839214085 0.00692802392802 0.00027583
pedestrian -1 -1 -10 152.47 169.6 192.167 300.1 1.5689929232 0.910999634406 0.534997838473 -8.10355705765 1.2326014316 13.1352927238 0.00692802392802 0.00026744
pedestrian -1 -1 -10 393.9 181.09 454.996 295.45 1.66899258941 1.18399921289 0.812996970527 -1.36133088337 1.58587725277 4.50822253936 0.00692802392802 0.00024444
pedestrian -1 -1 -10 326.87 181.4 338.776 221.892 1.61999272779 0.509999883266 0.545998430405 -11.1478525419 1.49406828014 28.809545288 0.00692802392802 0.00017941
pedestrian -1 -1 -10 298.28 228.58 333.043 325.234 0.66299699992 0.697999481205 0.304998683056 -5.32429742183 1.42335895434 11.8962557474 0.00692802392802 9.3817e-05
pedestrian -1 -1 -10 551.57 210.64 565.861 255.251 0.964995695651 0.879999518085 1.16299568011 -0.872596371954 1.63837475348 14.2625481453 0.00692802392802 6.6239e-05
pedestrian -1 -1 -10 500.73 224.33 532.061 285.774 0.229998967052 0.500999111168 0.367998648667 -2.73658949006 0.00606882815058 19.8946299256 0.00692802392802 4.6362e-05
pedestrian -1 -1 -10 699.43 176.57 734.771 256.933 0.102999560535 0.0279998589548 0.166999189806 5.56218245688 1.19690701988 33.2534258998 0.00692802392802 3.3624e-05
pedestrian -1 -1 -10 642.74 195.8 672.259 259.847 1.88199159205 0.66999962225 0.541998020088 2.23162541255 1.84622404374 26.140042504 0.00692802392802 2.6178e-05
pedestrian -1 -1 -10 876.03 157.8 925.627 272.8 1.75199211836 0.841999437025 0.771996937087 6.4695122304 1.88933247489 14.9545336103 0.00692802392802 2.746e-06
pedestrian -1 -1 -10 894.41 209.18 909.982 269.475 1.75199211836 1.04899907549 0.82199694007 6.49609467034 1.88899798747 15.1828545819 0.00692802392802 3.005e-07
pedestrian -1 -1 -10 344.54 201.3 397.964 368.83 0.193999114633 0.0200004442098 0.0329998684547 -5.1329986823 1.58866654521 14.6654641883 0.00692802392802 2.8776e-07
pedestrian -1 -1 -10 446.58 207.2 500.178 356.77 1.09099505991 1.07299922708 1.06699590565 -1.79857774704 1.47660391188 10.1741009661 0.00692802392802 1.7382e-07
