pedestrian -1 -1 -10 196.9 216.23 264.985 348.91 2.13676543509 0.815910597671 0.734999908522 -5.05058973755 1.52488828162 9.39568494677 0.00753464155925 0.00539
pedestrian -1 -1 -10 232.81 250.08 262.466 326.842 1.19786845946 0.848906975124 0.649999896394 -3.00116025336 1.46951251152 6.680241561 0.00753464155925 0.0030028
pedestrian -1 -1 -10 225.94 264.38 252.78 337.409 1.17387116503 0.722920850011 0.596999700903 -3.02814162591 1.44460195475 6.61762735783 0.00753464155925 0.00098013
pedestrian -1 -1 -10 203.2 211.76 247.319 319.65 2.14376463604 1.19287010859 0.851000048489 -5.10924952379 1.52363529768 9.30868560332 0.00753464155925 0.00074367
pedestrian -1 -1 -10 767.76 227.11 802.032 336.77 1.1268763343 1.04588542186 0.374999885208 1.81411459466 1.64751955947 6.74431262251 0.00753464155925 0.00072362
pedestrian -1 -1 -10 323.66 121.99 359.0 196.543 1.13487541258 1.18287097517 0.459999897335 -5.14600618743 0.433868181484 13.983271638 0.00753464155925 0.00036111
pedestrian -1 -1 -10 322.28 138.84 348.715 221.15 1.13487541258 1.18287097517 0.459999897335 -5.14600618743 0.433868181484 13.983271638 0.00753464155925 0.00035733
pedestrian -1 -1 -10 213.07 263.29 241.327 342.456 1.92978814482 0.708922921426 0.726000086753 -5.04642918879 1.52409307658 9.34062618911 0.00753464155925 7.0666e-05
pedestrian -1 -1 -10 305.1 158.76 350.1 238.937 0.933897431019 0.6999231292 0.0759997135214 -4.93123831874 0.267715532361 12.4959201517 0.00753464155925 6.2071e-05
pedestrian -1 -1 -10 228.5 233.94 253.388 308.447 2.14676432764 1.00489002373 0.702999853468 -5.03388130651 1.52627546873 9.49012563448 0.00753464155925 3.4946e-05
pedestrian -1 -1 -10 420.53 238.83 454.29 327.456 1.33485347211 1.18686977033 0.488999813118 -1.95135308235 1.60421997761 7.10941160972 0.00753464155925 8.4123e-07
