pedestrian -1 -1 -10 180.12 213.68 197.595 280.912 2.55671922005 0.940896904799 0.79399990572 -7.120036969 1.86455146804 12.0562236027 0.00753464155925 0.11448
pedestrian -1 -1 -10 838.18 105.01 880.82 217.94 1.31585550475 0.431952837632 0.513999781623 5.60120304949 0.58960251054 15.4260385496 0.00753464155925 0.027643
pedestrian -1 -1 -10 851.63 105.33 892.032 231.18 1.3258543973 1.17687016011 0.807999840399 5.74737088343 0.587874597916 15.3155208075 0.00753464155925 0.016733
pedestrian -1 -1 -10 186.8 217.05 206.076 267.334 2.55671922005 0.945896471512 0.670999798413 -7.05851982126 1.86454369855 12.0582606015 0.00753464155925 0.0039055
pedestrian -1 -1 -10 178.41 208.03 208.548 273.26 2.55671922005 0.989891323593 0.716999788147 -7.08135342398 1.8648860966 12.0804304503 0.00753464155925 0.0015556
pedestrian -1 -1 -10 1023.5 200.88 1060.3 291.688 2.0357764535 1.12687640012 0.77699971256 6.18492440537 1.38234127004 9.96198055547 0.00753464155925 0.001147
pedestrian -1 -1 -10 1015.5 195.96 1046.67 271.881 1.9867818085 1.18586995234 0.75099969763 6.17304793655 1.3305992173 10.1139940403 0.00753464155925 0.00057495
pedestrian -1 -1 -10 1174.7 166.25 1215.26 252.106 2.02777734542 1.19686866536 1.16999947972 3.11121726957 1.52327772608 3.8181438801 0.00753464155925 0.00039635
pedestrian -1 -1 -10 183.7 205.1 201.236 258.942 2.55771909738 1.09487936387 0.81299995331 -7.12895816956 1.86369841687 12.1333211415 0.00753464155925 0.00037455
pedestrian -1 -1 -10 199.8 215.52 217.07 269.553 2.53772131229 1.19686938054 0.406999940262 -6.92307759711 1.83625321088 12.5170815129 0.00753464155925 0.000258
pedestrian -1 -1 -10 886.71 176.31 918.14 256.94 1.54783008599 1.19186933704 0.977999745445 2.47690024227 1.61615591902 5.87277907914 0.00753464155925 0.00014958
pedestrian -1 -1 -10 833.4 110.69 863.378 184.901 1.51283387268 1.0558840785 0.206000265005 6.08711487331 0.736389159313 18.0660266935 0.00753464155925 7.9592e-05
pedestrian -1 -1 -10 415.93 174.12 445.22 218.751 0.36595981884 0.34196159036 0.598999793751 -4.7509329174 0.955106552614 20.0842303196 0.00753464155925 7.8464e-05
pedestrian -1 -1 -10 906.64 244.05 946.188 335.51 1.50383484257 1.19586908577 0.987999613638 2.48371839364 1.62085629092 5.44727385913 0.00753464155925 6.3904e-05
pedestrian -1 -1 -10 871.06 97.524 906.03 224.654 1.24686310446 1.17587177248 0.650999823609 5.82776610535 0.507608686403 15.571054203 0.00753464155925 4.1229e-05
pedestrian -1 -1 -10 16.336 105.9 47.008 177.549 1.44984082579 0.617932332953 1.18399965282 -9.65314550019 0.707900460059 12.1097431588 0.00753464155925 1.4208e-05
