pedestrian -1 -1 -10 942.99 157.55 1032.02 321.33 1.64899264202 0.560999490123 0.813996834689 4.20731036534 1.45367029746 7.87308416939 0.00692802392802 0.67907
pedestrian -1 -1 -10 936.06 143.55 1085.19 351.54 1.64999256507 0.560999490123 0.75599720316 4.23631086332 1.45459047548 7.87288373873 0.00692802392802 0.1574
pedestrian -1 -1 -10 766.89 163.17 779.691 225.558 0.761996594071 0.0919989916094 0.689997704669 4.08928668348 0.748823850335 17.6403388782 0.00692802392802 0.0027595
pedestrian -1 -1 -10 663.8 230.7 674.494 263.146 1.78799206018 0.371999488505 1.18499555268 1.42623508499 1.16866773748 14.5786046013 0.00692802392802 0.0024619
pedestrian -1 -1 -10 659.78 227.22 671.539 266.236 2.26598987877 1.18999972762 1.01899610782 1.22239552868 1.44036181243 12.7140086368 0.00692802392802 0.0022444
pedestrian -1 -1 -10 934.17 207.97 973.113 296.564 2.22199010551 1.12999934867 1.19299536004 5.79905550207 1.35894551079 11.6602067622 0.00692802392802 0.002004
pedestrian -1 -1 -10 644.3 187.02 657.068 230.547 0.98799559474 0.485999731684 1.15299566759 1.22790813678 0.973567529524 17.7692947976 0.00692802392802 0.0018613
pedestrian -1 -1 -10 751.51 142.82 764.26 192.788 1.96699119061 0.592999056451 1.06399589593 3.11526091966 1.06833830841 14.290174981 0.00692802392802 0.0017212
pedestrian -1 -1 -10 764.31 155.05 792.522 244.348 2.17799027264 0.837998775979 0.999996244972 3.21239676898 1.33426704814 12.3701413556 0.00692802392802 0.0012808
pedestrian -1 -1 -10 346.2 203.44 378.214 277.885 1.06599519551 1.18399921289 1.14299583389 -3.6293881578 1.38708292285 10.6722068534 0.00692802392802 0.001087
pedestrian -1 -1 -10 655.54 230.12 667.15 273.957 2.26098990589 0.759998760173 0.743997164298 1.11120126174 1.43594671413 12.4707707999 0.00692802392802 0.00085474
pedestrian -1 -1 -10 648.74 187.36 661.451 235.695 2.26598987877 1.17999950552 0.840996802921 1.13373055866 1.44055072428 12.7626246595 0.00692802392802 0.00064144
pedestrian -1 -1 -10 886.5 236.48 909.133 279.54 0.897995963693 0.619999465399 0.558997916198 4.23038544342 1.35116305956 10.0117947729 0.00692802392802 0.00052157
pedestrian -1 -1 -10 361.74 194.68 397.637 278.773 1.01699550897 1.18099895552 0.75599720316 -3.43638631426 1.38064222737 10.5923889825 0.00692802392802 0.00039916
pedestrian -1 -1 -10 934.33 171.53 999.722 293.94 1.637992654 0.560999490123 0.813996834689 4.20729519723 1.44267030944 7.87307787792 0.00692802392802 0.00037839
pedestrian -1 -1 -10 749.2 153.46 765.715 208.836 0.763996589184 0.101999213714 1.10899604167 3.87975514888 0.749405755912 17.636789817 0.00692802392802 0.00034639
pedestrian -1 -1 -10 762.13 163.06 773.942 215.877 2.39798925817 0.648999728034 0.992996301775 3.24454575199 1.49895045784 14.3175305028 0.00692802392802 0.00029073
pedestrian -1 -1 -10 887.57 225.32 903.085 272.596 0.897995963693 0.700998784897 0.56499793563 4.23366596144 1.35110770959 10.0522726672 0.00692802392802 0.00024723
pedestrian -1 -1 -10 926.3 224.04 955.249 274.279 0.975995624065 0.842998887031 0.268999043303 4.9888398194 1.38966940599 10.3630479927 0.00692802392802 0.00020148
pedestrian -1 -1 -10 756.96 159.35 768.21 211.907 2.39798925817 0.648999728034 1.08899613584 3.19654698796 1.49908245024 14.3178631982 0.00692802392802 0.00018005
pedestrian -1 -1 -10 695.8 211.74 711.148 263.534 2.06099075228 0.654999289093 1.19199543627 2.05635519462 1.16509569365 14.4325726518 0.00692802392802 0.00016985
pedestrian -1 -1 -10 690.65 210.39 705.614 263.648 2.05999082923 0.654999289093 1.18899566497 1.94285708851 1.16440787667 14.4333587635 0.00692802392802 0.00013908
pedestrian -1 -1 -10 910.36 223.14 944.74 274.378 2.21699013263 0.853998559142 1.18399556931 5.62808200498 1.35900044516 12.0244031339 0.00692802392802 0.00010399
pedestrian -1 -1 -10 878.59 203.72 900.85 269.621 0.897995963693 0.605999535922 0.558997916198 4.23033694788 1.3511712004 10.0047949762 0.00692802392802 4.4653e-05
pedestrian -1 -1 -10 319.11 194.42 354.725 284.489 1.0729951337 1.16399972235 1.1419956717 -4.05769573262 1.39506737146 10.8441837604 0.00692802392802 3.9282e-05
pedestrian -1 -1 -10 977.13 165.69 1022.16 328.11 1.64899264202 0.560999490123 0.813996834689 4.20731036534 1.45367029746 7.87308416939 0.00692802392802 1.7239e-05
pedestrian -1 -1 -10 265.2 205.29 289.439 266.761 1.41399370059 0.952999422838 0.951996566357 -6.37224753188 1.26725787041 13.6334412284 0.00692802392802 1.4461e-05
pedestrian -1 -1 -10 252.78 190.97 289.602 279.123 1.57299292833 1.14799898552 1.08099626888 -6.43624890944 1.33234475214 13.7113691783 0.00692802392802 2.6193e-06
pedestrian -1 -1 -10 988.63 125.43 1053.17 287.27 2.29098974317 0.740000223311 1.1899951119 6.82249216497 1.40814470366 11.6411329699 0.00692802392802 1.0984e-06
