pedestrian -1 -1 -10 571.67 177.07 582.642 197.325 0.0999890208244 0.00400499336193 0.231999803097 -2.70172705527 1.39258441609 73.4127046196 0.00753464155925 0.04454
pedestrian -1 -1 -10 894.83 197.48 911.413 232.035 0.506944400423 0.515944223421 0.216999941203 8.65477629386 1.44972311367 20.8840679244 0.00753464155925 0.037964
pedestrian -1 -1 -10 883.11 195.54 911.682 225.539 0.648928710345 0.386956737211 0.411000125958 8.63346508088 1.48996718896 21.6432875168 0.00753464155925 0.008501
pedestrian -1 -1 -10 714.5 162.78 728.575 216.888 0.706922430152 0.206978056945 0.714000006503 5.5776864499 1.54256889353 33.5776049731 0.00753464155925 0.0046759
pedestrian -1 -1 -10 621.98 174.27 633.099 200.925 0.104988467098 0.297963877569 0.603999906661 2.45165838592 -0.314341103472 75.6034887056 0.00753464155925 0.0041341
pedestrian -1 -1 -10 706.57 158.06 741.687 217.657 1.19786844456 0.679925815916 0.840999822668 5.56199745596 1.61802287519 35.163958644 0.00753464155925 0.0026385
pedestrian -1 -1 -10 401.22 178.74 418.287 227.758 1.74880791949 1.13387655637 0.13499971072 -7.46228113943 1.96643821749 25.4666642592 0.00753464155925 0.0021545
pedestrian -1 -1 -10 723.63 107.01 755.121 183.779 1.07388206077 0.447950878974 0.402999754566 3.00429149916 0.375612149731 15.6560105887 0.00753464155925 0.0016244
pedestrian -1 -1 -10 892.97 194.52 916.997 246.923 0.75391726088 0.908900822116 0.293000131561 8.61537304503 1.69381495423 20.6860523747 0.00753464155925 0.00015418
pedestrian -1 -1 -10 293.46 158.51 333.225 233.483 2.65870801938 1.17687111368 0.539999796552 -7.71784550642 1.85587279914 18.4694950437 0.00753464155925 0.00010883
pedestrian -1 -1 -10 303.48 167.47 325.27 230.122 2.68270543301 1.17687111368 0.539999796552 -7.71664332176 1.87722436833 18.628369857 0.00753464155925 5.3696e-05
pedestrian -1 -1 -10 712.59 121.91 746.345 197.399 0.580936217188 0.0919927903839 0.0910000522524 6.64539986912 0.168735388737 39.0452206861 0.00753464155925 4.2282e-05
