pedestrian -1 -1 -10 429.5 156.5 452.556 214.952 1.44284156525 0.610933130268 0.543999982248 -6.01398275089 1.18266369761 26.5587402812 0.00753464155925 0.040665
pedestrian -1 -1 -10 507.83 141.06 520.036 177.758 0.363959974772 0.782915173788 1.15900004194 -6.69044715974 -0.705157382291 52.481373393 0.00753464155925 0.029574
pedestrian -1 -1 -10 437.17 157.28 465.387 212.827 1.44284156525 0.610933130268 0.475999686444 -5.97998356533 1.182638943 26.5584844712 0.00753464155925 0.023964
pedestrian -1 -1 -10 694.8 152.66 710.269 190.689 0.373958926917 0.330961208592 0.768999818005 6.82023636414 -0.0446735209775 52.0588254311 0.00753464155925 0.011417
pedestrian -1 -1 -10 512.6 140.19 524.209 178.53 0.358960528499 0.421954657775 0.818999993435 -6.5190936475 -0.707608751119 52.660606502 0.00753464155925 0.0069312
pedestrian -1 -1 -10 519.72 141.06 531.021 178.78 0.367959603309 0.611932471468 0.717999715362 -5.74148701411 -0.71113506486 53.6029969856 0.00753464155925 0.00087536
pedestrian -1 -1 -10 695.27 150.15 717.233 206.966 0.871904231671 0.224975734257 0.205999788168 4.38017659992 0.631218884848 31.3510317889 0.00753464155925 0.00064814
pedestrian -1 -1 -10 430.62 157.18 443.476 200.249 1.44284156525 0.610933130268 0.543999982248 -6.01398275089 1.18266369761 26.5587402812 0.00753464155925 0.00063434
pedestrian -1 -1 -10 499.49 138.2 524.083 180.917 0.362960157036 0.677923319235 1.11399997943 -6.81872868602 -0.703611718833 52.3777954468 0.00753464155925 0.00060837
pedestrian -1 -1 -10 496.28 140.77 507.869 179.86 0.380958187459 1.08288154804 0.935999583779 -7.38683839505 -0.0342243406853 51.9027349204 0.00753464155925 0.00043601
pedestrian -1 -1 -10 500.06 139.77 511.597 181.941 0.362960157036 0.652928346377 0.700999999038 -7.0253169946 -0.703646385848 52.3668519781 0.00753464155925 0.00032561
pedestrian -1 -1 -10 587.2 145.91 601.022 189.369 0.387957388402 0.546940964903 0.728999808792 -0.723597633597 -0.748862801369 58.5580825352 0.00753464155925 0.00027323
pedestrian -1 -1 -10 595.21 146.69 608.103 189.826 0.386957570665 0.369958401099 0.830999716057 -0.309529696264 -0.751069132625 58.8315267399 0.00753464155925 2.3933e-05
pedestrian -1 -1 -10 0.0 164.89 95.558 323.71 0.630930709721 0.577935799245 1.14699900802 -13.3122679132 0.98393618354 17.5569145039 0.00753464155925 2.4288e-06
