pedestrian -1 -1 -10 98.05 170.92 131.817 223.861 0.73191963172 0.355961902869 0.603999906661 -11.8065440019 0.552028035361 17.4947033288 0.00753464155925 0.17713
pedestrian -1 -1 -10 240.31 206.89 285.566 315.42 1.11087799895 1.10587879206 0.545999836677 -4.47720793585 1.64358629644 8.91795018393 0.00753464155925 0.025306
pedestrian -1 -1 -10 130.0 225.12 182.235 308.072 1.31285581315 0.823910095127 0.423000206208 -5.75053298588 1.56495012652 9.22924472192 0.00753464155925 0.016799
pedestrian -1 -1 -10 98.697 160.95 134.452 283.23 1.51483371674 0.700923423971 0.552999804017 -4.51932783882 1.65023715582 6.32930140507 0.00753464155925 0.010144
pedestrian -1 -1 -10 115.43 167.98 131.322 224.464 0.73191963172 0.355961902869 0.603999906661 -11.8065440019 0.552028035361 17.4947033288 0.00753464155925 0.0021595
pedestrian -1 -1 -10 810.6 206.09 849.252 311.1 1.38684771931 1.15487321086 0.8529996645 2.60008765131 1.67876704608 7.94351835377 0.00753464155925 0.0015572
pedestrian -1 -1 -10 802.31 209.17 890.868 316.89 1.38184827304 1.17887027287 0.931999636502 2.650906682 1.67239788111 7.85318039589 0.00753464155925 0.00065063
pedestrian -1 -1 -10 1149.3 170.79 1172.31 225.514 1.43784217858 0.523942767307 0.862999651902 14.0891399902 1.80657859977 17.9983354664 0.00753464155925 0.00046899
pedestrian -1 -1 -10 93.071 168.9 111.174 216.803 0.898901292205 1.13187596683 0.664999758288 -12.834423003 0.723687852359 18.1042257665 0.00753464155925 0.00045715
pedestrian -1 -1 -10 78.588 159.42 142.796 325.0 1.51483371674 0.993891549106 0.552999804017 -4.52043153328 1.64806858935 6.18282150049 0.00753464155925 0.00042036
pedestrian -1 -1 -10 110.52 179.98 164.731 321.45 1.51483371674 0.702923059942 0.552999804017 -4.51933537202 1.6502223544 6.32830161546 0.00753464155925 0.00040413
pedestrian -1 -1 -10 187.85 237.13 231.058 333.982 0.933897505516 0.714921352556 0.493999806819 -4.4253246651 1.65039658308 8.09553454696 0.00753464155925 0.00028987
pedestrian -1 -1 -10 205.35 224.62 274.928 324.007 1.00288987601 1.194868791 0.577999891732 -4.46417801592 1.64865987635 8.51742204299 0.00753464155925 0.00026903
pedestrian -1 -1 -10 819.69 198.81 851.865 275.267 1.38684771931 1.16687198026 0.911999661698 2.63015184796 1.67985575892 8.01828634359 0.00753464155925 0.00026324
pedestrian -1 -1 -10 859.22 237.24 920.325 346.83 1.09387984586 1.19586908577 1.13499964303 2.92785916208 1.63806846651 7.5029227381 0.00753464155925 0.00019775
pedestrian -1 -1 -10 147.84 230.5 203.005 317.545 1.31285581315 0.709922262627 0.423000206208 -5.749455663 1.56706687744 9.37222464772 0.00753464155925 0.00015882
pedestrian -1 -1 -10 201.31 237.0 244.633 326.384 0.923898612969 1.0128890444 0.493999806819 -4.42420521885 1.64260326408 8.24458820162 0.00753464155925 0.00013996
pedestrian -1 -1 -10 377.29 185.36 394.807 243.868 1.35285148763 0.598935314439 1.11999954271 -5.14166574025 1.61437203372 16.9817914684 0.00753464155925 0.00013255
pedestrian -1 -1 -10 219.65 200.58 316.614 312.36 1.11087799895 1.0548847373 0.545999836677 -4.47611931497 1.64572524596 9.06242955575 0.00753464155925 8.2751e-05
pedestrian -1 -1 -10 379.1 196.28 400.148 265.714 1.28185922837 0.462949579114 0.839999895454 -4.389740429 1.69127582985 14.0340561154 0.00753464155925 5.8817e-05
pedestrian -1 -1 -10 360.38 190.76 397.307 277.844 1.28185922837 0.462949579114 1.00799958844 -4.47373789795 1.69133698791 14.0346881128 0.00753464155925 2.2343e-05
pedestrian -1 -1 -10 278.42 181.59 346.647 275.466 0.616932248236 0.421953704205 0.707999489541 -4.87504980781 1.07884692122 12.1610982548 0.00753464155925 2.0952e-05
pedestrian -1 -1 -10 371.75 174.26 401.925 241.11 1.28185922837 0.462949579114 0.885999885187 -4.41273977287 1.69129257553 14.0342291626 0.00753464155925 1.3308e-05
pedestrian -1 -1 -10 259.96 184.46 323.83 290.56 0.716921233301 0.576936458044 0.963999453138 -6.43509862 1.19999887634 15.0777002808 0.00753464155925 6.9902e-06
pedestrian -1 -1 -10 831.67 230.04 906.741 334.73 1.35285141314 1.17787093167 0.92899961644 2.75094450569 1.64047764074 7.66015787781 0.00753464155925 6.0222e-06
pedestrian -1 -1 -10 965.78 257.59 998.564 317.052 0.311965697771 0.810911030958 0.856999850195 3.43153065063 1.16233395996 7.06682266608 0.00753464155925 5.6891e-06
pedestrian -1 -1 -10 113.81 231.77 157.031 329.561 1.51483371674 0.74291864008 0.552999804017 -4.51948604677 1.64992630488 6.30830439303 0.00753464155925 3.0909e-06
