pedestrian -1 -1 -10 961.0 125.39 1040.15 335.72 1.98178239203 0.887902737277 1.16399991644 3.49013784101 1.41631007027 6.60541689224 0.00753464155925 0.98607
pedestrian -1 -1 -10 975.25 188.51 1028.32 330.23 1.98178239203 0.959894876882 1.17599975827 3.53240779041 1.41681238109 6.64109594158 0.00753464155925 0.020576
pedestrian -1 -1 -10 981.01 127.98 1052.19 282.14 1.9667840532 0.790913240889 1.05699935982 3.52227605801 1.41556848627 6.55656794157 0.00753464155925 0.0036493
pedestrian -1 -1 -10 1171.3 170.79 1184.54 213.445 0.371959157348 0.374958921383 0.31599988801 8.9741865898 0.535788910999 11.2503610189 0.00753464155925 0.00184
pedestrian -1 -1 -10 964.45 147.18 1012.08 306.64 1.99978042245 1.01988824709 1.19699966029 3.45613851867 1.43031073709 6.67160811438 0.00753464155925 0.0011363
pedestrian -1 -1 -10 183.64 260.35 198.506 309.179 0.959894614218 0.708922921426 1.17900001675 -5.52000922435 1.64041619615 9.67233938844 0.00753464155925 0.00017279
pedestrian -1 -1 -10 1218.9 93.03 1242.05 220.66 1.41184495813 0.693924221286 1.18399917598 6.95884473958 1.23687661526 8.2709517419 0.00753464155925 0.00017197
pedestrian -1 -1 -10 700.34 171.7 734.217 250.198 1.18586978245 1.06888314267 0.143000082111 2.39668347551 1.5483723593 15.336513268 0.00753464155925 0.0001617
pedestrian -1 -1 -10 711.48 162.57 731.826 240.972 1.38084835845 1.16487234429 0.255000036382 2.45891335074 1.5469350657 15.2434965846 0.00753464155925 7.4574e-05
pedestrian -1 -1 -10 994.27 123.98 1032.19 219.535 1.86479528367 1.17787093167 0.883999792339 3.77175152877 1.28936154376 6.95835737537 0.00753464155925 4.0298e-05
pedestrian -1 -1 -10 1226.1 90.178 1241.95 185.492 0.807911307452 1.19186981382 0.220000199684 12.754690034 -0.0395037256272 14.5695801966 0.00753464155925 3.2043e-05
pedestrian -1 -1 -10 507.03 200.19 524.36 264.994 0.977892644641 1.11587792549 0.632999941653 -1.95013553573 1.70186607743 13.092640578 0.00753464155925 2.5003e-05
pedestrian -1 -1 -10 974.38 117.53 1023.96 250.61 1.99978042245 1.0128890444 1.16399967802 3.53860977126 1.43019886256 6.66748789984 0.00753464155925 8.1735e-06
pedestrian -1 -1 -10 970.68 123.74 1007.78 218.73 1.81580060887 1.03988603716 1.19199954738 3.49865593179 1.24644800515 6.68264925911 0.00753464155925 7.367e-06
pedestrian -1 -1 -10 714.78 174.73 742.343 256.846 1.45184059536 0.893902121976 0.274000083972 2.46222848492 1.60173096422 14.4195716185 0.00753464155925 1.0933e-06
pedestrian -1 -1 -10 693.74 177.01 720.104 250.448 1.0688826145 1.03788640119 0.36099971211 2.43130619032 1.60105121906 17.0033367103 0.00753464155925 3.9562e-07
