pedestrian -1 -1 -10 0.0 168.59 95.253 373.99 1.8028020359 1.18986970107 0.804999581918 -4.98099296442 1.78520266126 6.3764191796 0.00753464155925 0.21801
pedestrian -1 -1 -10 0.0 165.99 57.687 310.31 1.80380197283 1.1938694498 0.804999581918 -4.98163302291 1.78494438948 6.29142369936 0.00753464155925 0.0076682
pedestrian -1 -1 -10 0.0 282.32 38.64 369.037 1.8028020359 1.0728828914 0.728999868397 -4.94660661251 1.77807720316 5.89669959476 0.00753464155925 0.001045
pedestrian -1 -1 -10 0.0 278.38 16.879 351.034 1.2768597821 1.13087567206 0.721999901057 -6.72366431621 1.73044069399 7.80216263557 0.00753464155925 0.0010351
pedestrian -1 -1 -10 35.321 180.35 90.062 307.92 1.7768048676 1.17787093167 0.728999868397 -4.94395145036 1.75731271356 6.25034322593 0.00753464155925 0.0010133
pedestrian -1 -1 -10 954.06 249.16 969.927 301.265 0.897901385071 0.515944223421 1.0849994676 3.9395604652 1.62157550748 7.98316059068 0.00753464155925 0.00061044
pedestrian -1 -1 -10 0.0 215.08 58.706 375.0 1.81980012939 1.15987325436 0.804999581918 -4.98129660602 1.80159385429 6.33529908126 0.00753464155925 0.00017579
pedestrian -1 -1 -10 446.22 190.14 462.562 242.76 0.796912582269 0.572937186101 0.288000018651 -4.74025361591 1.65221751148 22.4538475285 0.00753464155925 0.00013792
pedestrian -1 -1 -10 17.436 172.69 71.735 290.78 1.7768048676 1.18986970107 0.804999581918 -4.9815208069 1.75818412457 6.30762142742 0.00753464155925 0.00010777
pedestrian -1 -1 -10 51.41 193.86 98.834 347.81 1.8028020359 1.18487061114 0.804999581918 -4.97967079102 1.78780050061 6.55189512821 0.00753464155925 8.3424e-05
pedestrian -1 -1 -10 0.0 190.21 26.161 256.91 1.80380197283 1.12887651288 0.804999581918 -4.9823374273 1.78356035813 6.19793669644 0.00753464155925 7.062e-05
pedestrian -1 -1 -10 435.22 150.99 448.923 191.429 1.98778180503 0.483948140739 0.535999610857 -6.97990442114 0.995153026169 30.3388486929 0.00753464155925 6.8468e-05
pedestrian -1 -1 -10 447.64 178.38 471.505 239.485 0.796912582269 0.572937186101 0.288000018651 -4.74025361591 1.65221751148 22.4538475285 0.00753464155925 1.6479e-05
pedestrian -1 -1 -10 467.49 140.59 492.235 196.296 0.100988957758 0.0769950438133 0.111000027057 -13.6532013691 -0.324522945272 76.9466216118 0.00753464155925 1.4368e-05
pedestrian -1 -1 -10 468.31 143.9 480.924 190.104 0.100988957758 0.0949908139863 0.233000683986 -14.1046699526 -0.325172178793 77.0190465221 0.00753464155925 1.0001e-05
pedestrian -1 -1 -10 438.54 163.81 465.03 236.574 0.365959789041 0.0799930674157 0.329000372311 -10.2372737023 1.82963223344 50.5448198433 0.00753464155925 7.3999e-06
pedestrian -1 -1 -10 459.37 145.11 486.169 226.114 0.818910092233 0.74291864008 0.373999481156 -7.53775079392 0.915706084864 40.8125213788 0.00753464155925 7.2017e-06
pedestrian -1 -1 -10 963.32 246.08 976.648 304.957 0.922898676036 0.439952335088 1.16799962529 4.00732427544 1.60109125583 8.02114365148 0.00753464155925 3.0805e-06
pedestrian -1 -1 -10 947.73 236.23 974.951 315.409 0.897901385071 0.515944223421 1.0849994676 3.9395604652 1.62157550748 7.98316059068 0.00753464155925 2.4956e-06
pedestrian -1 -1 -10 445.38 143.5 477.147 217.215 0.101988775495 0.295965195168 1.07799973868 -15.2094861575 -0.327950339791 76.5828583009 0.00753464155925 1.2983e-06
