pedestrian -1 -1 -10 976.74 148.31 1012.34 220.921 1.61182304001 0.825907823958 0.631999776019 9.66345005395 1.17512200071 18.0593209002 0.00753464155925 0.92097
pedestrian -1 -1 -10 5.4545 170.19 37.4305 245.038 1.70781251573 1.11787851503 0.572000328444 -12.9457973675 1.50697583888 15.9581617725 0.00753464155925 0.14529
pedestrian -1 -1 -10 977.19 145.99 998.583 209.71 1.61182304001 0.825907823958 0.631999776019 9.66345005395 1.17512200071 18.0593209002 0.00753464155925 0.14226
pedestrian -1 -1 -10 14.475 173.18 42.966 226.684 1.70781251573 1.0828796409 0.572000328444 -12.9424787545 1.51349633266 16.3986007991 0.00753464155925 0.047414
pedestrian -1 -1 -10 0.60444 176.13 22.9854 250.29 1.21686636722 1.06188393998 0.62999992159 -14.5760155597 1.57590366076 17.3669834191 0.00753464155925 0.028079
pedestrian -1 -1 -10 990.09 150.69 1007.3 217.159 1.61182304001 0.825907823958 0.631999776019 9.66345005395 1.17512200071 18.0593209002 0.00753464155925 0.015111
pedestrian -1 -1 -10 755.58 163.99 770.571 210.019 2.36274057352 0.572937186101 0.898999892652 6.12620469797 1.42080511549 27.8217375533 0.00753464155925 0.0039893
pedestrian -1 -1 -10 958.75 140.63 998.128 230.701 1.83179885483 0.850906611096 0.715999860932 6.32875521074 1.14941018813 12.809228257 0.00753464155925 0.0013329
pedestrian -1 -1 -10 18.808 167.47 52.498 248.371 1.70781251573 1.11087740521 0.572000328444 -12.9448368182 1.50886315019 16.0856437675 0.00753464155925 0.001274
pedestrian -1 -1 -10 505.85 161.12 519.862 196.371 0.102988712428 0.025998128338 1.13499988144 -10.0213315065 -0.317644036162 78.6429063325 0.00753464155925 0.00060069
pedestrian -1 -1 -10 229.39 205.61 268.037 271.277 1.33385352028 0.794912989616 1.19200002421 -7.4658120637 1.63202715228 15.2406584565 0.00753464155925 2.5514e-07
