pedestrian -1 -1 -10 318.37 161.88 385.316 309.64 1.7259922415 0.662000207505 0.686997456535 -3.10468094217 1.43102959658 8.57718773252 0.00692802392802 0.99538
pedestrian -1 -1 -10 345.55 188.39 388.375 309.47 0.978995572031 0.710999960676 0.4609982346 -3.43385588139 1.39397509303 10.2954017952 0.00692802392802 0.015164
pedestrian -1 -1 -10 845.93 210.14 860.49 262.017 0.553997579217 0.289999765327 0.612997614245 4.89774402786 1.27985742156 13.9163842242 0.00692802392802 0.011055
pedestrian -1 -1 -10 306.95 157.43 358.799 301.3 1.7329922989 0.662000207505 0.752997193445 -3.07167221388 1.43793890941 8.57696300862 0.00692802392802 0.0072274
pedestrian -1 -1 -10 661.79 212.93 682.15 262.606 2.26598987877 1.14299982814 1.13599577148 1.26042033023 1.44117093062 12.7892480112 0.00692802392802 0.0055191
pedestrian -1 -1 -10 836.57 177.32 869.288 266.367 0.689996919036 0.0809993194982 0.477998369128 6.41299229192 0.783342185487 17.7048245336 0.00692802392802 0.0041695
pedestrian -1 -1 -10 535.63 201.58 555.101 235.78 1.6429926306 0.919999452831 1.04199608297 -1.11364943477 1.45153758406 12.9495736127 0.00692802392802 0.0024121
pedestrian -1 -1 -10 529.56 196.23 556.991 259.755 1.6429926306 1.07099937339 1.07299598468 -1.12967207466 1.45166801169 12.874182897 0.00692802392802 0.0015571
pedestrian -1 -1 -10 751.18 159.06 762.767 206.18 0.765996569395 0.172000768449 1.11099565078 3.88867170646 0.750394946078 17.6247276493 0.00692802392802 0.0012206
pedestrian -1 -1 -10 655.94 228.51 667.71 273.975 2.26498983651 0.792999683854 0.917996535718 1.149447483 1.44080207025 12.5050101191 0.00692802392802 0.0010984
pedestrian -1 -1 -10 654.73 218.78 674.161 274.292 1.8079919517 1.15099924288 1.03199607045 1.20969757507 1.44120576442 12.8828685008 0.00692802392802 0.00096673
pedestrian -1 -1 -10 883.87 230.68 906.321 276.183 0.944995744527 0.742999527003 0.579997984208 4.23319882181 1.39911466272 10.0473046446 0.00692802392802 0.00093703
pedestrian -1 -1 -10 838.03 207.68 852.029 259.633 0.553997579217 0.289999765327 0.612997614245 4.89774402786 1.27985742156 13.9163842242 0.00692802392802 0.00064234
pedestrian -1 -1 -10 892.85 221.34 909.824 270.639 0.944995744527 1.09199926761 0.682997761471 4.28590640298 1.39877010559 10.2214433728 0.00692802392802 0.00041629
pedestrian -1 -1 -10 761.21 161.71 775.181 212.935 2.30698970407 0.645999470668 0.99599631149 3.25799249516 1.40790157009 14.3278845811 0.00692802392802 0.00041543
pedestrian -1 -1 -10 754.19 160.1 780.05 215.524 2.40598923862 0.719999779101 1.01699614108 3.24788568098 1.50688694725 14.365013247 0.00692802392802 0.00033236
pedestrian -1 -1 -10 960.14 229.48 993.138 279.139 0.980995596945 1.06699966602 0.266998718936 5.5464531357 1.40503877795 10.4442018748 0.00692802392802 0.00010422
pedestrian -1 -1 -10 872.49 207.5 895.43 269.164 0.944995744527 0.973999317054 0.656997836214 4.27249800265 1.39887446945 10.1625349184 0.00692802392802 9.5392e-05
pedestrian -1 -1 -10 935.88 214.22 968.255 272.095 0.894996015727 0.704999445944 0.273999138968 4.46384534607 1.36136728938 10.1446942886 0.00692802392802 5.9593e-05
pedestrian -1 -1 -10 958.74 236.85 972.431 281.798 2.11399054825 0.864999184927 1.19299583687 6.14686396235 1.40590095054 11.7354162888 0.00692802392802 4.6415e-05
pedestrian -1 -1 -10 324.3 170.72 346.428 301.99 1.7329922989 0.662000207505 0.752997193445 -3.07167221388 1.43793890941 8.57696300862 0.00692802392802 3.023e-05
pedestrian -1 -1 -10 360.11 212.57 396.872 275.216 1.04999523461 1.15399854657 0.718997162806 -3.36029306324 1.36982700035 11.121343103 0.00692802392802 2.8675e-05
pedestrian -1 -1 -10 360.3 181.67 408.505 296.75 2.26398991346 0.466000241148 1.19399576064 -4.65206968944 1.33267539589 15.2376451938 0.00692802392802 1.9858e-05
pedestrian -1 -1 -10 754.92 168.18 784.072 244.449 0.763996574283 0.114000243179 0.824996949786 4.03187129274 0.749967993024 17.6527372075 0.00692802392802 9.962e-06
pedestrian -1 -1 -10 907.55 216.57 946.639 272.825 2.22599003613 1.19099917763 1.10599579353 5.13965439935 1.38041368431 11.092283946 0.00692802392802 6.0644e-06
pedestrian -1 -1 -10 319.34 178.57 338.276 295.8 1.7329922989 0.662000207505 0.752997193445 -3.07167221388 1.43793890941 8.57696300862 0.00692802392802 2.9661e-06
pedestrian -1 -1 -10 290.46 201.62 340.367 292.273 1.03599532843 1.1039993434 1.02499624646 -4.5502126103 1.35808775605 11.1395819905 0.00692802392802 6.4087e-07
pedestrian -1 -1 -10 349.25 155.38 366.052 239.915 1.98699108213 0.244999719528 1.18799526437 -5.23851628896 1.04929787341 15.2330393715 0.00692802392802 5.506e-07
pedestrian -1 -1 -10 356.05 155.18 373.535 238.135 1.98499111682 0.224999275318 1.1979954557 -5.08358690784 1.04888327833 15.221966205 0.00692802392802 4.6703e-10
