pedestrian -1 -1 -10 984.13 260.18 1000.44 309.692 1.40484569014 1.19186981382 0.727000013968 3.73601229901 1.4534824656 6.62274656416 0.00753464155925 0.0018431
pedestrian -1 -1 -10 976.83 256.97 997.189 305.469 1.39884642613 1.19686890375 0.727000013968 3.73672238682 1.44888203436 6.71727777876 0.00753464155925 0.00076843
pedestrian -1 -1 -10 983.42 246.62 1010.54 317.732 1.41184501028 1.194868791 0.720999973843 3.73820451415 1.45888833267 6.51518691621 0.00753464155925 0.00065757
pedestrian -1 -1 -10 958.52 259.19 970.753 301.021 1.33885296655 1.19786872174 0.262999930937 3.50819348325 1.4548231531 7.17603099884 0.00753464155925 0.00048736
pedestrian -1 -1 -10 966.95 258.23 982.992 303.92 1.3518515805 1.19786872174 0.262999930937 3.50654773606 1.4525961481 6.9581425725 0.00753464155925 0.00030892
pedestrian -1 -1 -10 961.67 256.9 987.652 315.678 1.3518515805 1.19786872174 0.262999930937 3.50654773606 1.4525961481 6.9581425725 0.00753464155925 0.0002979
pedestrian -1 -1 -10 969.75 240.22 1000.34 309.465 1.39884642613 1.19486926778 0.727000013968 3.73696346714 1.44935571502 6.74927343 0.00753464155925 0.00010685
pedestrian -1 -1 -10 944.11 258.3 955.336 298.154 1.21586646009 1.17887122644 0.284999998589 3.52111832959 1.45852316757 7.42550298596 0.00753464155925 0.00010399
pedestrian -1 -1 -10 937.88 257.77 968.013 319.152 1.24586313773 1.18886988308 0.284999998589 3.52036755798 1.46405692584 7.32663536246 0.00753464155925 8.11e-05
pedestrian -1 -1 -10 949.76 258.52 961.192 298.344 1.23886393679 1.19486926778 0.284999998589 3.52055374243 1.45742778503 7.3516835975 0.00753464155925 7.5612e-05
