pedestrian -1 -1 -10 422.41 176.91 438.487 207.349 0.418953988076 0.305966235734 1.0499996309 -3.87454296772 0.7225657131 16.2369315722 0.00753464155925 7.009e-05
pedestrian -1 -1 -10 841.46 222.47 872.146 297.204 1.1788706113 1.18987017785 0.635999723297 3.52792055002 1.53850638312 9.44977331127 0.00753464155925 6.8559e-05
pedestrian -1 -1 -10 789.38 233.33 813.676 287.225 1.7588068856 1.18287097517 0.809999694829 3.46737647711 1.5800714996 12.3258032237 0.00753464155925 4.3469e-05
pedestrian -1 -1 -10 949.48 217.63 985.519 334.68 2.09377008391 1.18886988308 1.16699969808 2.84012722962 1.54383322341 5.7356349866 0.00753464155925 3.211e-05
pedestrian -1 -1 -10 969.78 214.25 1005.75 332.76 2.10176922178 1.19786872174 1.0739997914 2.789949939 1.56760307224 5.24515271757 0.00753464155925 2.7392e-05
pedestrian -1 -1 -10 1008.3 200.88 1045.8 327.16 2.09277014697 1.19686890375 1.1779996127 3.00770366788 1.55797899747 5.21208340895 0.00753464155925 1.7251e-05
pedestrian -1 -1 -10 990.22 212.0 1026.18 332.99 2.10176922178 1.19786872174 1.18899976573 2.84686819926 1.56642141418 5.16773057872 0.00753464155925 6.161e-06
pedestrian -1 -1 -10 1167.1 136.9 1203.0 240.03 2.0617736218 1.19586908577 1.19899951472 3.44647986237 1.52547517758 4.31840637933 0.00753464155925 4.4401e-06
pedestrian -1 -1 -10 977.38 224.25 1016.72 353.05 2.10176922178 1.19586860898 1.13699973587 2.82127574352 1.56723968064 5.22191888869 0.00753464155925 3.6212e-06
pedestrian -1 -1 -10 1178.2 140.19 1213.77 256.17 2.04477543891 1.19886853972 1.19299971301 3.43988717055 1.51331872051 4.23999933526 0.00753464155925 1.2711e-06
