pedestrian -1 -1 -10 102.02 163.71 164.028 269.41 0.814910508395 0.444951425016 0.574999633251 -4.68519201852 0.674259545357 7.3389567084 0.00753464155925 0.0174
pedestrian -1 -1 -10 126.02 165.49 181.689 264.697 0.814910508395 0.444951425016 0.574999633251 -4.68519201852 0.674259545357 7.3389567084 0.00753464155925 0.010454
pedestrian -1 -1 -10 213.07 170.24 244.973 231.878 1.33785307431 1.194868791 1.04299990198 -5.03731293822 0.699967206091 9.73943085847 0.00753464155925 0.0083388
pedestrian -1 -1 -10 256.09 169.7 268.621 205.337 1.48683673418 0.590934863414 1.09499897816 -16.4822950907 0.313210897502 35.215995131 0.00753464155925 0.0072533
pedestrian -1 -1 -10 225.05 166.73 249.89 226.585 1.40584562707 1.19586908577 1.10499968082 -5.02823604554 0.766034109077 9.87940665401 0.00753464155925 0.00085704
pedestrian -1 -1 -10 79.236 167.38 176.056 303.46 0.814910508395 0.444951425016 0.574999633251 -4.68519201852 0.674259545357 7.3389567084 0.00753464155925 0.00065382
pedestrian -1 -1 -10 150.8 154.63 246.747 288.28 1.33785307431 1.19586908577 0.615000059696 -5.25148384503 0.699775155752 9.717544225 0.00753464155925 0.00059047
pedestrian -1 -1 -10 143.15 165.4 207.981 259.906 0.814910508395 0.444951425016 0.574999633251 -4.68519201852 0.674259545357 7.3389567084 0.00753464155925 0.00028604
pedestrian -1 -1 -10 164.9 164.14 235.86 252.034 1.45883978141 1.1938694498 0.637999816144 -5.26253927545 0.821569561554 9.77072686707 0.00753464155925 0.00025293
pedestrian -1 -1 -10 735.61 183.1 764.602 246.321 1.22986497372 0.551939578046 0.84599969716 2.77776227184 1.40157181806 15.0295991253 0.00753464155925 0.00022308
pedestrian -1 -1 -10 200.69 155.56 268.966 290.81 0.140984527945 0.505944613209 0.687999753155 -3.42313504402 0.281680897204 7.1477456773 0.00753464155925 0.00020806
pedestrian -1 -1 -10 57.851 151.02 212.451 336.03 0.814910508395 0.444951425016 0.574999633251 -4.68519201852 0.674259545357 7.3389567084 0.00753464155925 0.00013142
pedestrian -1 -1 -10 198.84 160.25 234.754 243.149 1.23886396658 1.17787140845 0.630999848805 -5.25563587318 0.593431556091 10.2344881267 0.00753464155925 5.126e-05
pedestrian -1 -1 -10 739.92 169.79 759.574 210.891 2.33474365055 0.859906403322 0.45599971164 4.90833945628 1.47271339192 24.0499166693 0.00753464155925 2.9094e-05
pedestrian -1 -1 -10 238.72 168.3 266.821 222.57 0.376958603621 0.330964069302 0.219999722847 -5.12948158495 0.238676654274 9.9148655847 0.00753464155925 2.7201e-05
pedestrian -1 -1 -10 223.37 166.72 272.875 230.594 1.18886947405 1.15187328012 0.580999673376 -5.2851462575 0.542420560241 10.4351230084 0.00753464155925 1.5324e-05
pedestrian -1 -1 -10 732.2 176.52 751.721 211.316 0.591935001969 0.461948330774 0.4729999048 2.86159853541 0.673594021803 15.778124755 0.00753464155925 1.2143e-07
