pedestrian -1 -1 -10 769.17 161.14 855.271 292.27 1.67599254996 0.539999595907 0.946996470691 2.63910216062 1.42676599483 8.9474285828 0.00692802392802 0.98246
pedestrian -1 -1 -10 700.5 162.67 714.533 215.657 2.06099075228 0.627999833818 1.17499554016 2.15293222412 1.16481696021 14.4434033944 0.00692802392802 0.069765
pedestrian -1 -1 -10 704.78 163.83 724.74 210.663 0.755996608734 0.132999330035 1.11999567993 2.89120153591 0.740133883982 17.6351322101 0.00692802392802 0.015904
pedestrian -1 -1 -10 824.66 153.35 872.237 297.52 0.689996919036 0.101999213714 0.545997953569 6.37885129188 0.783459521036 17.6845605147 0.00692802392802 0.0086713
pedestrian -1 -1 -10 693.12 166.04 720.219 231.006 2.06099075228 0.627999833818 1.18499549307 2.14793236777 1.16483070938 14.44343805 0.00692802392802 0.0068071
pedestrian -1 -1 -10 890.75 230.57 918.023 278.882 0.986995671689 1.1809999092 0.670997722609 4.26106356412 1.4056410448 10.3941029681 0.00692802392802 0.0030178
pedestrian -1 -1 -10 696.88 167.35 710.268 228.098 2.05999082923 0.619999465399 1.19899549868 2.07696075381 1.16402137232 14.4479296768 0.00692802392802 0.0029963
pedestrian -1 -1 -10 661.74 225.29 679.514 264.353 2.27298981696 1.18599906657 1.16099565376 1.24516101453 1.45517795806 12.8198671142 0.00692802392802 0.0029291
pedestrian -1 -1 -10 841.79 215.69 856.606 266.797 0.552997536957 0.280000496895 0.635997291369 4.88617380863 1.27890063162 13.9064638542 0.00692802392802 0.0029163
pedestrian -1 -1 -10 882.92 222.09 899.788 274.063 1.17899472564 1.16599957604 0.674997417673 4.26478764314 1.40430114607 10.6814709588 0.00692802392802 0.0025361
pedestrian -1 -1 -10 886.08 235.15 903.756 279.848 0.954995809495 0.681999698041 0.599997890034 4.24224224991 1.40608357576 10.052743779 0.00692802392802 0.0018553
pedestrian -1 -1 -10 760.96 181.91 800.334 288.41 2.17599024773 0.391999932715 0.675997579856 3.32993697687 1.27684791171 14.2013063868 0.00692802392802 0.0013104
pedestrian -1 -1 -10 661.72 200.39 692.841 261.443 2.05999082923 0.540999999587 1.19899543907 1.55224892343 1.16541909893 14.4910673113 0.00692802392802 0.0011442
pedestrian -1 -1 -10 836.81 157.45 851.926 217.501 2.13399049938 0.964998544955 1.19399552222 4.28779864464 1.27538814464 12.294146203 0.00692802392802 0.00076048
pedestrian -1 -1 -10 939.24 229.38 966.722 274.08 0.8249962762 0.553999525385 0.30399875929 4.39036148676 1.3476593261 10.0667259497 0.00692802392802 0.00064781
pedestrian -1 -1 -10 850.99 206.65 865.325 260.309 0.552997536957 0.280000496895 0.635997291369 4.88617380863 1.27890063162 13.9064638542 0.00692802392802 0.00062914
pedestrian -1 -1 -10 846.28 208.19 860.108 262.486 0.552997536957 0.280000496895 0.635997291369 4.88617380863 1.27890063162 13.9064638542 0.00692802392802 0.00062511
pedestrian -1 -1 -10 747.49 163.21 758.485 214.552 0.763996604085 0.0880011915842 1.16999592133 3.79624082776 0.74863771044 17.6353676179 0.00692802392802 0.00047915
pedestrian -1 -1 -10 678.66 208.53 693.399 263.761 2.05999082923 0.560000040117 1.19599536975 1.70567883471 1.16500804748 14.4805035889 0.00692802392802 0.00041384
pedestrian -1 -1 -10 663.43 174.39 679.053 223.763 2.27298981696 1.17999950552 1.16099565376 1.24536192413 1.4551442318 12.848866204 0.00692802392802 0.00030102
pedestrian -1 -1 -10 894.0 241.57 912.645 284.301 2.07899067849 1.19099917763 1.18299564554 4.74678220547 1.3834270944 11.1540962744 0.00692802392802 0.00029206
pedestrian -1 -1 -10 1198.5 235.29 1223.98 306.477 0.932995773852 0.445999320101 0.899996715842 4.52130886097 1.41375898328 5.29271502946 0.00692802392802 0.00028049
pedestrian -1 -1 -10 889.24 212.74 902.344 269.435 0.954995809495 0.809999870698 0.647997568649 4.2666849033 1.40594314889 10.1165759825 0.00692802392802 0.00026285
pedestrian -1 -1 -10 713.28 165.97 727.083 212.394 0.757996633649 0.107999728447 1.17599546392 2.98711510443 0.74188446148 17.6219684631 0.00692802392802 0.00023525
pedestrian -1 -1 -10 690.68 187.0 703.334 227.638 1.47399343848 1.11099930814 0.689997466251 1.52774283152 1.44006933023 13.1108636346 0.00692802392802 0.00021599
pedestrian -1 -1 -10 747.51 121.9 763.299 182.253 1.53099315017 0.535999888535 0.870996780869 2.95071505849 0.632700158705 14.3705640203 0.00692802392802 0.00019623
pedestrian -1 -1 -10 825.29 153.17 848.55 246.129 2.18799027801 0.943998650739 1.19399552222 4.14594959516 1.32976618928 12.3056610068 0.00692802392802 0.00018725
pedestrian -1 -1 -10 753.69 154.43 771.601 216.614 2.17599024773 0.391999932715 1.0059962644 3.16494159801 1.27730163456 14.2024500248 0.00692802392802 0.00015879
pedestrian -1 -1 -10 346.34 216.48 370.227 275.13 1.06199529469 1.18899932394 1.05999572403 -3.69544810846 1.38635789633 10.5911644209 0.00692802392802 0.00015646
pedestrian -1 -1 -10 949.63 238.98 967.096 279.803 0.881996002794 0.567000004856 0.200999458862 4.44182633527 1.3475101503 10.0728364797 0.00692802392802 0.00014878
pedestrian -1 -1 -10 750.39 160.05 779.497 227.022 2.39798925817 0.65099958172 1.07599593479 3.21914326971 1.49900429803 14.3317063648 0.00692802392802 0.0001446
pedestrian -1 -1 -10 326.76 216.02 348.104 282.215 1.07199515104 1.16399876868 1.16299573971 -4.03456210348 1.39506438809 10.7910227845 0.00692802392802 0.00014255
pedestrian -1 -1 -10 893.57 214.55 909.823 269.439 0.954995809495 1.0909998176 0.651997740549 4.2696583206 1.40577424991 10.2570587212 0.00692802392802 0.00012954
pedestrian -1 -1 -10 838.02 195.5 869.809 268.824 0.552997536957 0.280000496895 0.635997291369 4.88617380863 1.27890063162 13.9064638542 0.00692802392802 0.00012403
pedestrian -1 -1 -10 339.69 220.39 382.786 281.979 1.06199529469 1.19399943499 1.05999572403 -3.69543078815 1.38635498881 10.5936644164 0.00692802392802 0.00010164
pedestrian -1 -1 -10 881.68 208.82 910.708 273.571 1.17899472564 1.17299954078 0.670997722609 4.26204308701 1.40443166599 10.5739873965 0.00692802392802 0.00010051
pedestrian -1 -1 -10 684.56 207.53 701.105 261.591 2.05999082923 0.579999530653 1.12599569936 1.86260514164 1.1645879529 14.4694158948 0.00692802392802 7.2336e-05
pedestrian -1 -1 -10 671.99 171.46 687.902 226.396 1.47499343604 0.959999387577 0.993996285145 1.3771763159 1.44024714997 13.3184110768 0.00692802392802 6.9255e-05
pedestrian -1 -1 -10 898.55 223.98 932.881 279.92 0.954995809495 0.745999784369 0.647997568649 4.26646320801 1.40598036439 10.0845767073 0.00692802392802 4.4448e-05
pedestrian -1 -1 -10 782.9 162.44 836.727 240.637 1.67599254996 0.539999595907 0.946996470691 2.63910216062 1.42676599483 8.9474285828 0.00692802392802 3.0212e-05
pedestrian -1 -1 -10 337.59 215.01 362.822 279.72 0.0999995529652 0.0 0.0 -5.14546962548 1.28790019264 13.6162297859 0.0 1.0943e-05
pedestrian -1 -1 -10 319.64 213.43 340.039 275.257 1.06599522531 1.19699969236 1.17999539741 -4.08714773818 1.39138808077 10.6348825941 0.00692802392802 1.7375e-06
pedestrian -1 -1 -10 324.44 200.44 375.724 283.971 0.971995693445 1.0369989997 1.11399589891 -3.7234665588 1.3866240344 10.4264071482 0.00692802392802 2.2961e-07
pedestrian -1 -1 -10 813.75 153.08 833.857 242.884 1.67599254996 0.539999595907 0.91499676442 2.65510162943 1.42672199769 8.94731768515 0.00692802392802 1.8139e-07
