pedestrian -1 -1 -10 1166.3 160.91 1203.32 287.74 2.00377999139 1.19886853972 1.16199970438 2.06809680439 1.52401395516 2.60864721875 0.00753464155925 0.0012495
pedestrian -1 -1 -10 750.08 289.87 779.497 341.381 1.76380628717 0.687924359802 0.641999763422 1.72703576527 1.65269077542 7.22967339929 0.00753464155925 0.00050835
pedestrian -1 -1 -10 1155.7 177.05 1195.59 303.23 2.04477552831 1.19786872174 1.1979995875 2.09477416756 1.56430079847 2.6966654771 0.00753464155925 0.00049666
pedestrian -1 -1 -10 695.45 154.95 735.878 258.31 1.81780042314 1.17387118294 0.913999754546 2.65989407878 1.83315404446 17.2937618418 0.00753464155925 0.00032161
pedestrian -1 -1 -10 1166.7 45.834 1202.6 195.504 0.588935325266 1.16487234429 0.830999835266 2.84404017342 0.0841560585751 3.79880747054 0.00753464155925 0.00028911
pedestrian -1 -1 -10 1155.2 54.786 1192.6 185.246 1.63782011891 1.19886853972 1.19199954738 2.21079245403 1.15651937734 2.85133688146 0.00753464155925 0.00025553
pedestrian -1 -1 -10 1096.4 145.05 1131.68 251.48 1.90979030013 1.19786896013 1.19499956744 2.22206839873 1.40780772749 3.20909456489 0.00753464155925 0.00022709
pedestrian -1 -1 -10 1174.3 74.015 1212.01 220.895 1.761806607 1.19886853972 1.1929995938 2.1763088872 1.28151678023 2.71464527698 0.00753464155925 0.0002063
pedestrian -1 -1 -10 1145.1 135.04 1178.46 258.64 1.97478313148 1.19786872174 1.19699954108 2.12606350355 1.49288520316 2.80498383306 0.00753464155925 0.00015958
pedestrian -1 -1 -10 1104.6 152.39 1142.04 270.01 2.00278005445 1.19886853972 1.19499956744 2.0952746777 1.52326641997 2.96449517331 0.00753464155925 0.00014796
pedestrian -1 -1 -10 1144.7 46.315 1182.45 173.165 1.64281956518 1.19886853972 1.0349996498 2.08665822501 1.16338051693 2.63417762176 0.00753464155925 0.00014729
pedestrian -1 -1 -10 1124.2 44.97 1161.96 171.21 1.6348204571 1.19886853972 1.04699961084 2.05919769958 1.15446779018 2.70646722966 0.00753464155925 0.0001429
pedestrian -1 -1 -10 1144.5 192.83 1183.65 320.03 2.09277020657 1.19786872174 1.1969997795 2.14020501268 1.61106931914 2.81800286189 0.00753464155925 0.00012906
pedestrian -1 -1 -10 1060.6 57.201 1098.81 170.581 1.6578179636 1.19886853972 0.744999657505 1.91966824833 1.17950038092 2.63530823034 0.00753464155925 9.3044e-05
pedestrian -1 -1 -10 1135.4 122.71 1169.7 245.49 1.77880467069 1.19786872174 1.19299947459 2.24856922552 1.29191322623 3.01461410082 0.00753464155925 8.8004e-05
pedestrian -1 -1 -10 1071.8 45.781 1110.08 159.851 1.60382384253 1.19786872174 0.686999706731 1.94509078806 1.12638432767 2.56099299265 0.00753464155925 8.5144e-05
pedestrian -1 -1 -10 1103.1 39.381 1141.51 169.111 1.61682251608 1.19786872174 1.01199977414 2.0421843378 1.13445249201 2.77226757215 0.00753464155925 6.1563e-05
pedestrian -1 -1 -10 1154.8 122.3 1190.2 248.42 1.90479079426 1.19686890375 1.18699967288 2.10534001697 1.42452305427 2.71212090887 0.00753464155925 5.6022e-05
pedestrian -1 -1 -10 1114.0 127.76 1152.89 248.49 1.93278780663 1.19886877812 1.1979995875 2.12566187372 1.45307433651 2.95278565145 0.00753464155925 4.9193e-05
pedestrian -1 -1 -10 1122.8 146.18 1159.16 276.16 1.46983861089 1.19886853972 1.19799970671 2.41014691316 0.96913316041 3.30642821618 0.00753464155925 4.4673e-05
pedestrian -1 -1 -10 1084.1 46.492 1120.97 169.472 1.61982208849 1.19786872174 0.944999643967 2.00876901636 1.1376392811 2.7834958099 0.00753464155925 4.2905e-05
pedestrian -1 -1 -10 1134.5 74.071 1172.91 206.371 1.7298100257 1.19786872174 0.968999804467 2.04229834761 1.24964068318 2.58237156091 0.00753464155925 3.526e-05
pedestrian -1 -1 -10 1083.9 156.11 1121.64 290.42 1.52683239376 1.19886877812 1.19899963393 2.36306154174 1.01991650625 3.49247894679 0.00753464155925 2.3723e-05
pedestrian -1 -1 -10 1112.8 68.51 1154.1 208.73 1.72881014836 1.19786872174 0.945999571181 2.01716848003 1.25038457149 2.63154928078 0.00753464155925 1.9282e-05
pedestrian -1 -1 -10 1017.1 235.35 1056.89 354.29 2.12676648295 1.19786848335 1.18599974567 2.07615448565 1.63982015018 3.54141116845 0.00753464155925 1.0284e-05
pedestrian -1 -1 -10 1155.4 227.68 1192.09 343.32 2.02577753115 1.19786872174 1.16199970438 2.06859704745 1.54698105836 2.67397532291 0.00753464155925 6.836e-06
pedestrian -1 -1 -10 1092.0 181.84 1130.9 322.48 1.72081104028 1.19786848335 1.1929995938 2.26968681249 1.22012647106 3.30012776132 0.00753464155925 6.4751e-06
pedestrian -1 -1 -10 1165.8 232.92 1204.73 354.88 2.00377999139 1.19886853972 1.15199971698 2.06302914804 1.52388437218 2.59968601606 0.00753464155925 6.0569e-06
pedestrian -1 -1 -10 1000.6 238.37 1039.53 360.88 2.21275700653 1.19786848335 1.1979995875 1.99633392019 1.72616496918 3.56137356999 0.00753464155925 5.1079e-06
pedestrian -1 -1 -10 1011.0 157.54 1046.83 288.83 1.89779156352 1.19886853972 1.19899963393 2.20672633923 1.39499477332 3.82889655797 0.00753464155925 4.6022e-06
pedestrian -1 -1 -10 1092.9 70.975 1131.61 209.675 1.7068126086 1.19686890375 0.917999701823 1.98352060416 1.22911490643 2.67946155381 0.00753464155925 4.3623e-06
pedestrian -1 -1 -10 1031.8 165.4 1066.25 301.78 1.77180549955 1.19786848335 1.19599961386 2.24741776851 1.27346059128 3.7269424066 0.00753464155925 3.349e-06
pedestrian -1 -1 -10 1133.3 214.7 1171.89 338.64 2.06577313114 1.19686890375 1.143999584 2.06017713866 1.58610101477 2.74926609981 0.00753464155925 3.1497e-06
pedestrian -1 -1 -10 1011.1 218.01 1045.08 333.21 2.12676648295 1.19686914215 1.14499963043 2.05571904585 1.63996089837 3.55006433343 0.00753464155925 2.5028e-06
pedestrian -1 -1 -10 1121.6 227.02 1162.44 360.12 2.04477552831 1.19886877812 1.06699970485 2.02121978934 1.56424329239 2.68971945749 0.00753464155925 1.7926e-06
pedestrian -1 -1 -10 1090.7 21.559 1132.82 155.079 1.57382716489 1.19786872174 0.892999733317 2.04947683137 1.09406647699 2.74648864729 0.00753464155925 1.424e-06
pedestrian -1 -1 -10 1100.9 207.91 1141.83 337.96 1.79680267132 1.19786896013 1.1979995875 2.24243509932 1.29461274058 3.19677873515 0.00753464155925 4.5355e-07
pedestrian -1 -1 -10 989.41 202.1 1027.12 323.13 2.21275700653 1.19886853972 1.19399964022 1.99401590814 1.72750677867 3.65188365554 0.00753464155925 4.4011e-07
pedestrian -1 -1 -10 1142.7 231.89 1179.35 369.35 2.02577753115 1.19886853972 1.10999967452 2.04242825888 1.54666693168 2.6516740068 0.00753464155925 3.2949e-07
pedestrian -1 -1 -10 969.37 226.39 1007.48 351.16 2.21275700653 1.19886853972 1.19299971301 1.93516553323 1.72882311268 3.73831942499 0.00753464155925 2.7882e-07
pedestrian -1 -1 -10 1070.1 226.52 1109.65 356.06 2.12376682114 1.19786896013 1.11399974101 2.03630976715 1.63728173574 3.0306563378 0.00753464155925 1.7492e-07
pedestrian -1 -1 -10 1016.1 21.091 1061.08 174.011 1.52383261276 1.19886853972 0.927999808434 2.07098479529 1.03498779105 3.28240485019 0.00753464155925 1.0349e-10
