pedestrian -1 -1 -10 700.76 176.51 713.765 223.189 1.41884415162 0.72792089351 0.592999992044 3.85955494701 1.82017337194 26.7292660976 0.00753464155925 0.04022
pedestrian -1 -1 -10 351.19 178.81 369.484 232.862 2.54772026443 1.16187145997 0.825999483937 -6.7365359533 1.74873663861 19.176464102 0.00753464155925 0.0026755
pedestrian -1 -1 -10 709.38 178.28 720.541 222.462 1.41884415162 0.558938780731 0.592999992044 3.86019155081 1.82142418701 26.8137547557 0.00753464155925 0.0020338
pedestrian -1 -1 -10 741.04 161.26 780.862 237.499 2.59371521783 0.432953132403 0.389999747102 4.58295123169 1.78561314733 21.0577403621 0.00753464155925 0.0012902
pedestrian -1 -1 -10 692.15 171.87 710.85 226.385 1.41884415162 0.280969355737 0.592999992044 3.86123874089 1.82348173226 26.952735523 0.00753464155925 0.00096252
pedestrian -1 -1 -10 700.89 176.13 733.499 227.779 1.41884415162 0.558938780731 0.592999992044 3.86019155081 1.82142418701 26.8137547557 0.00753464155925 0.00057866
pedestrian -1 -1 -10 339.67 171.72 374.289 240.949 2.54772026443 1.17887170323 0.861999724687 -6.75550365031 1.74684762423 19.0481172698 0.00753464155925 0.00033623
pedestrian -1 -1 -10 479.21 161.79 505.482 221.249 2.24975294471 1.1438756898 0.44199977696 -5.07238464442 1.22439758729 31.8532330666 0.00753464155925 0.00018649
pedestrian -1 -1 -10 549.08 169.88 561.645 208.615 0.564938001033 0.806910805445 0.392999767164 -2.91978201008 -0.594315058802 39.6620447348 0.00753464155925 0.00010968
pedestrian -1 -1 -10 1147.4 69.305 1179.61 169.211 1.36684993422 1.19586908577 0.939999769475 6.55493642145 0.72198236521 8.33229196156 0.00753464155925 2.0141e-05
pedestrian -1 -1 -10 485.68 164.27 514.033 209.134 1.51883326706 1.10887967638 0.675999911324 -4.95133501871 0.477734326156 32.826598296 0.00753464155925 1.7403e-05
pedestrian -1 -1 -10 1158.2 75.378 1190.04 176.168 1.39584673452 1.19886806294 1.17999946713 6.71727592264 0.750489699984 8.50838611287 0.00753464155925 9.3488e-06
pedestrian -1 -1 -10 498.03 166.01 519.546 197.786 1.30485676467 1.10887967638 0.430999623925 -4.5154795998 0.276086444508 33.6788335405 0.00753464155925 4.6293e-07
pedestrian -1 -1 -10 500.67 173.33 514.428 201.202 0.102988697528 0.116987763242 0.695999886128 -3.20937625274 0.446578152978 24.774344288 0.00753464155925 2.3967e-07
