pedestrian -1 -1 -10 287.18 153.53 377.886 352.91 1.81199185252 0.61399990434 1.02199623675 -2.56728297344 1.45470328027 6.6923956362 0.00692802392802 0.83818
pedestrian -1 -1 -10 321.08 165.67 398.97 329.71 0.98699555248 1.14499968182 0.467998416215 -3.42596833182 1.35070273525 10.5142974373 0.00692802392802 0.084855
pedestrian -1 -1 -10 298.43 157.59 347.59 322.19 1.84699178189 0.61399990434 1.1559955581 -2.63423276261 1.48988744841 6.69288004032 0.00692802392802 0.017013
pedestrian -1 -1 -10 328.76 170.45 370.76 316.06 1.79999194145 0.61399990434 0.922996631384 -2.51780090671 1.44256725234 6.69204568142 0.00692802392802 0.0088719
pedestrian -1 -1 -10 368.29 209.89 392.631 272.359 0.935995781422 1.01599910549 0.440998567192 -3.41296303306 1.35076039507 10.432735471 0.00692802392802 0.0071385
pedestrian -1 -1 -10 839.72 174.47 867.637 264.742 0.689996919036 0.0720004547469 0.583997440854 6.39187841367 0.783419122201 17.6884700228 0.00692802392802 0.0058121
pedestrian -1 -1 -10 767.08 166.69 779.639 222.454 0.763996574283 0.0799998694919 0.757996812275 4.08726586647 0.749832821058 17.6373535095 0.00692802392802 0.0049196
pedestrian -1 -1 -10 842.78 204.73 857.712 261.344 0.555997544527 0.278000643209 0.6419973108 4.91517025631 1.28182205672 13.9052646638 0.00692802392802 0.003257
pedestrian -1 -1 -10 759.52 120.48 777.748 186.906 1.69699241668 0.870998745986 0.767997242023 3.14188405458 0.847599055171 12.2498405189 0.00692802392802 0.0019401
pedestrian -1 -1 -10 258.73 168.78 341.418 338.08 1.86199170053 0.212999199527 1.1949956844 -6.56791948724 0.904739771913 15.4291586339 0.00692802392802 0.0018283
pedestrian -1 -1 -10 663.87 232.42 674.349 263.685 1.47499343604 1.10899945445 1.15799564405 1.24802172184 1.44095864774 13.0077994232 0.00692802392802 0.0015222
pedestrian -1 -1 -10 762.87 154.32 789.098 243.866 0.763996574283 0.0799998694919 0.685997294352 4.12326476069 0.749733827251 17.6371039891 0.00692802392802 0.0013206
pedestrian -1 -1 -10 357.32 195.61 409.261 327.02 1.0319953382 1.16099851131 0.691997552201 -3.53699499285 1.35083743235 10.6640444783 0.00692802392802 0.0012122
pedestrian -1 -1 -10 883.28 231.04 904.767 276.483 0.920995803178 0.989999100218 0.609997604529 4.26206341059 1.37288599202 10.1775911785 0.00692802392802 0.00075557
pedestrian -1 -1 -10 338.38 185.19 388.601 292.0 2.12399049401 0.621999319085 1.1909955125 -5.11384780722 1.18179080293 15.3757534682 0.00692802392802 0.00047848
pedestrian -1 -1 -10 921.6 226.02 941.561 270.682 2.23099000901 1.14399927814 1.19699553193 5.59715718414 1.37515975067 11.9596268535 0.00692802392802 0.00040338
pedestrian -1 -1 -10 700.72 169.09 714.999 227.185 2.39198930264 0.705999849623 1.18299552633 2.1566476166 1.49676421328 14.4805723267 0.00692802392802 0.00018068
pedestrian -1 -1 -10 750.07 120.96 780.007 210.783 1.93599137068 0.673999329623 0.760997298826 3.13939613052 1.08649308009 12.3484988181 0.00692802392802 0.00017601
pedestrian -1 -1 -10 281.4 203.73 329.962 337.43 1.07199524045 1.13400000971 0.980996739747 -4.59737236881 1.39874943829 10.6749234495 0.00692802392802 0.00017454
pedestrian -1 -1 -10 929.92 223.83 953.18 273.121 0.983995604515 1.03499914602 0.236999098614 5.51856209079 1.40809833602 10.4593971581 0.00692802392802 0.00014194
pedestrian -1 -1 -10 751.57 162.79 762.817 213.104 1.01599543691 0.5429988996 1.16999544449 3.9091084967 1.00107603544 17.8542377092 0.00692802392802 0.00013433
pedestrian -1 -1 -10 958.66 238.45 971.762 280.003 2.06799075007 0.877000214392 1.19399576064 6.1265616624 1.35891328815 11.7735300923 0.00692802392802 0.00011189
pedestrian -1 -1 -10 661.68 221.22 681.059 260.396 2.06399075985 0.336000214805 1.18899560537 1.38825555744 1.16987058377 14.491706593 0.00692802392802 8.982e-05
pedestrian -1 -1 -10 356.89 196.03 385.12 295.324 0.175999188423 0.16299999635 0.0999995291301 -4.21050956228 1.28397347105 13.0461891867 0.00692802392803 6.4083e-05
pedestrian -1 -1 -10 288.56 164.94 377.54 252.404 1.81199185252 0.61399990434 1.02199623675 -2.56728297344 1.45470328027 6.6923956362 0.00692802392802 2.9942e-05
pedestrian -1 -1 -10 279.0 196.65 308.587 280.087 0.973995658755 1.03199888865 0.918996697902 -4.56883594532 1.39910031123 10.2997738878 0.00692802392802 4.7839e-06
pedestrian -1 -1 -10 319.01 145.72 354.981 293.06 1.80899196416 0.61399990434 0.992996301775 -2.55278749086 1.45166351922 6.69229341871 0.00692802392802 4.6857e-06
pedestrian -1 -1 -10 257.3 204.23 288.038 271.251 1.46499342509 1.09299967129 1.06299573375 -6.41627009498 1.31731135183 13.692775773 0.00692802392802 4.3439e-06
pedestrian -1 -1 -10 294.81 181.54 331.444 302.02 0.222999028861 0.0329990163336 0.151999379645 -7.62075675975 1.50189095669 18.7181810735 0.00692802392802 4.2562e-06
pedestrian -1 -1 -10 485.39 92.838 540.418 215.458 0.966995679587 1.17399899078 0.371998582149 -2.07047180734 -0.0326720909814 17.1849744189 0.00692802392802 5.1042e-07
