pedestrian -1 -1 -10 1146.3 143.99 1241.99 375.0 1.65581819776 1.0738822326 1.09699978627 3.52897316771 1.57707598489 4.35902194195 0.00753464155925 0.042455
pedestrian -1 -1 -10 299.78 163.78 313.384 216.837 1.31785528922 0.170982702319 0.826999411152 -14.6644003987 1.08446577282 35.9097293447 0.00753464155925 0.0094003
pedestrian -1 -1 -10 1023.6 279.24 1060.23 365.449 1.29885741126 1.19686890375 0.46799979189 3.5919262037 1.50545239992 5.8706746919 0.00753464155925 0.006374
pedestrian -1 -1 -10 986.37 275.17 1006.14 331.111 1.10287889087 1.19186933704 0.443999869808 3.57487505601 1.4940997128 6.52011013411 0.00753464155925 0.0014408
pedestrian -1 -1 -10 983.98 279.84 997.69 337.298 1.50383487237 1.19686890375 0.745999823139 3.72669261656 1.49584748925 6.64742584808 0.00753464155925 0.00095517
pedestrian -1 -1 -10 1073.4 291.1 1103.33 353.946 1.42884313357 1.19686842697 0.46799979189 3.58746998134 1.50676222868 5.28456993774 0.00753464155925 0.00091452
pedestrian -1 -1 -10 976.24 276.24 1008.49 345.295 1.50383487237 1.1938694498 0.735999597318 3.721598473 1.49566609786 6.63496514428 0.00753464155925 0.00072578
pedestrian -1 -1 -10 976.87 280.19 994.666 331.574 1.5968246658 1.18986922428 0.735999597318 3.72217250003 1.49685029596 6.7156425851 0.00753464155925 0.00048147
pedestrian -1 -1 -10 973.66 279.0 987.627 329.015 1.58482601858 1.1888694063 0.735999597318 3.72296361038 1.48641331122 6.82121686187 0.00753464155925 0.0003168
pedestrian -1 -1 -10 1166.9 219.32 1198.65 321.91 1.64381955054 1.17787093167 0.720999973843 3.727355751 1.5657029092 4.40961394878 0.00753464155925 0.00025085
pedestrian -1 -1 -10 1094.1 302.07 1113.37 352.548 1.59882441488 1.19586908577 0.673999818476 3.68921461674 1.53129362128 5.12317612307 0.00753464155925 0.00024513
pedestrian -1 -1 -10 1133.2 300.67 1164.28 355.267 1.63482047573 1.19786872174 0.821999775079 3.61208626154 1.56117092378 4.70652404541 0.00753464155925 0.00018195
pedestrian -1 -1 -10 779.18 186.6 807.491 250.496 1.3778486594 1.13987451072 0.294999985991 3.43613694845 1.54023510608 13.1434214595 0.00753464155925 0.00011785
pedestrian -1 -1 -10 1084.5 291.66 1121.18 357.016 1.59882441488 1.19886901651 0.673999818476 3.68924098474 1.53134542977 5.12667562508 0.00753464155925 9.9582e-05
pedestrian -1 -1 -10 1108.4 303.71 1131.89 353.981 1.61282293597 1.19686890375 0.766999963576 3.64157881432 1.54308342074 4.97194323569 0.00753464155925 7.7847e-05
pedestrian -1 -1 -10 310.75 160.83 322.525 213.103 1.04388538313 0.170982702319 0.703999303845 -14.6029865602 0.810451090163 35.9112952654 0.00753464155925 6.9786e-05
pedestrian -1 -1 -10 273.57 154.7 286.672 211.46 0.95389527571 0.621931604895 0.135000187557 -11.9047280122 0.524812643021 26.1896883606 0.00753464155925 6.9662e-05
pedestrian -1 -1 -10 1100.6 290.73 1136.3 360.276 1.59882441488 1.19786872174 0.673999818476 3.68822016264 1.529339693 4.99119435971 0.00753464155925 6.6585e-05
pedestrian -1 -1 -10 1105.9 172.95 1140.83 282.0 1.61782238224 1.19786872174 0.673999818476 3.68699801916 1.54592485285 4.82807606259 0.00753464155925 5.8572e-05
