pedestrian -1 -1 -10 733.51 150.76 800.17 305.64 1.73799218237 0.515999444325 0.75799728911 1.99533041508 1.42673387638 8.7788480258 0.00692802392802 0.99695
pedestrian -1 -1 -10 699.66 163.31 713.024 215.369 2.06099075228 0.61399990434 1.18099544038 2.14689776781 1.16483927422 14.43844499 0.00692802392802 0.013336
pedestrian -1 -1 -10 728.78 164.56 771.541 267.68 1.73799218237 0.515999444325 0.75799728911 1.99533041508 1.42673387638 8.7788480258 0.00692802392802 0.010518
pedestrian -1 -1 -10 704.28 162.88 716.99 214.707 0.753996628523 0.34399962955 1.01499605513 2.83543404894 0.739166572096 17.7410214372 0.00692802392802 0.0080661
pedestrian -1 -1 -10 891.03 228.56 917.902 278.549 0.989995619654 1.1819993592 0.676997503622 4.26141610058 1.40558115119 10.4456003027 0.00692802392802 0.0032921
pedestrian -1 -1 -10 663.08 223.7 678.016 264.42 1.47599335909 1.08299944918 1.17999563582 1.28295746878 1.44170807398 13.1425607568 0.00692802392802 0.0028983
pedestrian -1 -1 -10 885.22 234.38 904.388 279.354 0.953995767236 0.692999370152 0.612997375827 4.23371259388 1.4061121824 10.048303942 0.00692802392802 0.002187
pedestrian -1 -1 -10 694.22 161.7 719.882 220.901 2.06099075228 0.61399990434 1.18699545981 2.14989770546 1.16483102466 14.4384241965 0.00692802392802 0.0009464
pedestrian -1 -1 -10 841.87 211.44 871.142 262.306 0.551997554302 0.299000537425 0.634997367603 4.88674095324 1.27888820844 13.9159607531 0.00692802392802 0.00086199
pedestrian -1 -1 -10 327.68 217.68 347.914 280.342 1.06599525511 1.08299849551 1.17499577858 -4.11637317989 1.38909211452 10.9640905157 0.00692802392802 0.0006412
pedestrian -1 -1 -10 893.06 214.09 910.301 269.606 0.953995767236 1.06099915128 0.669997322007 4.26348662782 1.40581982315 10.2321018787 0.00692802392802 0.00041061
pedestrian -1 -1 -10 874.61 230.9 896.4 275.532 0.989995619654 1.17399994446 0.676997503622 4.26070944663 1.40569977562 10.3436025832 0.00692802392802 0.00037679
pedestrian -1 -1 -10 346.93 213.47 368.531 275.513 0.97499564141 1.06199955496 1.03699604691 -3.68781961811 1.38249903456 10.449654185 0.00692802392802 0.0003368
pedestrian -1 -1 -10 839.74 213.7 853.725 261.875 0.551997554302 0.299000537425 0.634997367603 4.88674095324 1.27888820844 13.9159607531 0.00692802392802 0.00023058
pedestrian -1 -1 -10 894.71 242.4 912.045 283.564 1.95099134892 0.255999391639 0.890996448277 4.9048471194 1.25445668367 11.6214368379 0.00692802392802 0.00015341
pedestrian -1 -1 -10 880.64 209.71 907.99 270.813 2.22999008596 1.17999950552 1.18599589367 4.83873856184 1.37956688418 11.6838794397 0.00692802392802 0.00012044
pedestrian -1 -1 -10 340.14 219.24 382.148 281.583 1.00199547112 1.13299960603 0.99999648339 -3.6691115683 1.38240687709 10.4850096909 0.00692802392802 0.00011525
pedestrian -1 -1 -10 709.83 160.25 728.535 210.003 0.755996593833 0.34399962955 1.19599560817 2.97093299734 0.740793934744 17.7400834118 0.00692802392802 6.6594e-05
pedestrian -1 -1 -10 836.67 198.67 862.557 265.435 0.551997554302 0.299000537425 0.634997367603 4.88674095324 1.27888820844 13.9159607531 0.00692802392802 6.3993e-05
pedestrian -1 -1 -10 898.54 221.37 933.702 278.865 0.953995767236 0.735999562265 0.612997375827 4.23386154586 1.40608717816 10.069803522 0.00692802392802 4.7389e-05
pedestrian -1 -1 -10 748.91 179.61 784.68 300.44 1.73799218237 0.515999444325 0.75799728911 1.99533041508 1.42673387638 8.7788480258 0.00692802392802 4.5166e-05
pedestrian -1 -1 -10 366.18 184.73 396.877 276.262 2.26398985386 0.548999414332 1.19899537947 -4.72326364595 1.33382134329 15.2816403111 0.00692802392802 1.4448e-05
pedestrian -1 -1 -10 906.75 218.44 948.14 274.93 2.23699002415 0.68899966278 1.1949956844 5.59534458931 1.38130032963 11.8411394305 0.00692802392802 1.2732e-05
pedestrian -1 -1 -10 339.34 212.65 362.233 280.066 0.97499564141 1.06199955496 1.11699614705 -3.72781870735 1.38260902856 10.449931432 0.00692802392802 1.2361e-05
pedestrian -1 -1 -10 766.91 153.63 817.212 277.74 1.73799218237 0.515999444325 0.660997650487 2.04382906939 1.42660050932 8.77851186545 0.00692802392802 8.1147e-06
pedestrian -1 -1 -10 1096.8 130.92 1132.24 256.81 2.29598971605 1.18399921289 1.19799593254 8.30866374296 1.39434723558 11.3778115929 0.00692802392802 6.6297e-06
pedestrian -1 -1 -10 328.05 196.95 375.853 286.674 0.97499564141 0.99499921127 1.08599612613 -3.71255115735 1.38260536603 10.416324631 0.00692802392802 4.647e-07
pedestrian -1 -1 -10 316.28 202.3 359.944 282.541 1.06599525511 1.16699902605 1.16999544449 -4.01944150521 1.38908408958 10.7374130652 0.00692802392802 2.6234e-07
