pedestrian -1 -1 -10 824.95 113.59 860.898 211.202 1.13887496662 1.15487225729 0.754999883326 5.76202941831 0.367907773172 17.2095445335 0.00753464155925 0.023216
pedestrian -1 -1 -10 240.6 199.51 259.79 255.929 2.49172635889 0.85690647258 0.711999675237 -7.05546187152 1.77327466258 13.9988746592 0.00753464155925 0.0074824
pedestrian -1 -1 -10 515.89 176.04 529.639 219.452 0.295967481615 0.267970291568 0.0599999244128 -3.23667661106 1.79241662228 28.4680672138 0.00753464155925 0.0044453
pedestrian -1 -1 -10 422.75 114.23 460.658 201.049 1.27186029113 0.894902416746 0.340999975724 -6.98785271277 0.244515727369 31.6464018796 0.00753464155925 0.0028092
pedestrian -1 -1 -10 246.19 197.31 263.488 238.629 2.49172635889 0.880904011377 0.649999896394 -7.02437245395 1.77342972351 14.0106398513 0.00753464155925 0.0015264
pedestrian -1 -1 -10 1177.1 253.14 1208.12 315.328 1.72881017816 1.19286867824 0.42999969671 6.01390295464 1.31287828493 7.62570275186 0.00753464155925 0.00055126
pedestrian -1 -1 -10 252.25 201.39 266.703 251.805 2.4947261101 1.19586908577 0.851999975704 -7.0394924304 1.76615141727 14.2614185011 0.00753464155925 0.00041371
pedestrian -1 -1 -10 233.6 188.95 258.489 272.339 2.49172635889 0.822910753926 0.79900001863 -7.09908888354 1.77305469569 13.9822045686 0.00753464155925 0.00031389
pedestrian -1 -1 -10 436.9 160.61 456.53 206.733 0.250972435356 0.225975075458 0.61799984134 -4.50902506825 0.498026248619 21.2394821304 0.00753464155925 0.00017614
pedestrian -1 -1 -10 841.34 108.63 876.394 196.755 1.15087364364 1.16687198026 0.631999776019 5.8359139219 0.377577877233 17.3929588901 0.00753464155925 0.00011141
pedestrian -1 -1 -10 424.85 152.87 454.017 216.789 1.42884314847 0.639931189348 0.164999911345 -7.11741121167 0.428610697244 30.4991558781 0.00753464155925 0.00011134
pedestrian -1 -1 -10 914.1 186.53 949.109 256.089 1.79780260825 1.19686938054 0.288999945866 6.12373410709 1.08739206802 13.5425403595 0.00753464155925 2.2375e-05
pedestrian -1 -1 -10 931.82 190.24 966.743 266.031 1.9637843318 1.17987104443 0.173000282736 5.99909562343 1.26627525403 12.6514368995 0.00753464155925 2.1292e-05
