pedestrian -1 -1 -10 277.65 184.13 330.199 317.15 1.62882119309 1.14487407743 0.795999521731 -4.1470554642 1.72777139958 9.35260988266 0.00753464155925 0.97566
pedestrian -1 -1 -10 262.76 187.73 306.304 307.83 1.62882119309 1.14487407743 0.828999504 -4.16355498832 1.72778341278 9.35273402516 0.00753464155925 0.29397
pedestrian -1 -1 -10 285.53 183.49 307.492 309.89 1.62882119309 1.14487407743 0.828999504 -4.16355498832 1.72778341278 9.35273402516 0.00753464155925 0.0043982
pedestrian -1 -1 -10 288.42 235.35 311.668 310.114 1.62882119309 1.1458743722 0.828999504 -4.1625869058 1.72968552551 9.48121580976 0.00753464155925 0.003568
pedestrian -1 -1 -10 260.95 242.17 290.717 320.131 1.62882119309 0.883903942119 0.692999866065 -4.11899356932 1.72296058544 9.02892486996 0.00753464155925 0.0014232
pedestrian -1 -1 -10 666.96 162.41 683.235 218.058 0.338962803004 0.162982251294 0.0659999645378 1.91184250153 -0.455143387877 20.8953227989 0.00753464155925 0.0011812
pedestrian -1 -1 -10 271.47 244.26 300.647 313.476 1.5568290863 0.900901324661 0.677999527335 -4.23487201448 1.73600935768 9.90469291059 0.00753464155925 0.00066477
pedestrian -1 -1 -10 672.93 160.82 686.732 221.646 1.15287339086 0.666926751747 0.0999999932306 1.94273490251 1.20140447817 18.7662976907 0.00753464155925 0.00029541
pedestrian -1 -1 -10 228.18 182.77 336.66 325.61 1.62882119309 1.02288865462 0.754999644908 -4.12846967864 1.7239966388 9.09849049147 0.00753464155925 0.0001907
pedestrian -1 -1 -10 663.47 159.57 692.654 225.963 0.919898984433 0.595935383697 0.0290000349917 1.93362452437 0.765485302646 19.3806803619 0.00753464155925 7.6995e-05
pedestrian -1 -1 -10 305.06 183.2 343.533 283.44 1.62882119309 0.836908205726 0.611999562797 -4.05502042272 1.72777842391 9.35691664195 0.00753464155925 5.1691e-05
pedestrian -1 -1 -10 256.29 208.63 283.598 327.53 1.62882119309 0.963895102395 0.754999644908 -4.12869192417 1.72355996522 9.06899455264 0.00753464155925 8.75e-06
