pedestrian -1 -1 -10 816.3 186.89 836.699 254.403 1.26286135042 1.06388357595 0.559999771357 4.41088389234 1.67459462631 14.0843676149 0.00753464155925 0.40249
pedestrian -1 -1 -10 825.74 185.59 841.57 252.603 1.26286135042 1.02588763179 0.559999771357 4.41074075078 1.6743133782 14.0653701821 0.00753464155925 0.067073
pedestrian -1 -1 -10 915.21 215.25 943.381 276.058 2.33574352789 1.18886988308 1.19399940181 5.61039927962 1.64687240719 12.6079779955 0.00753464155925 0.0029753
pedestrian -1 -1 -10 924.39 225.05 951.021 272.713 1.680815485 1.13087662563 0.111999954271 5.28843033066 1.57310593181 11.5254990774 0.00753464155925 0.0020739
pedestrian -1 -1 -10 812.64 187.9 826.263 251.129 1.26286135042 0.834908569754 0.559999771357 4.41174650647 1.67628951213 14.1988518683 0.00753464155925 0.0015026
pedestrian -1 -1 -10 827.74 188.95 854.262 255.998 2.40773570918 1.18887083665 0.419999947727 5.17152780437 1.67069929664 15.6848894124 0.00753464155925 0.0010164
pedestrian -1 -1 -10 214.96 189.94 244.709 239.159 2.43873220456 1.17587081891 1.18299924877 -7.33484577818 1.70874440703 14.0190456353 0.00753464155925 0.00033604
pedestrian -1 -1 -10 903.03 189.71 937.826 268.671 2.33474365055 1.08688177355 1.19699966029 5.57700247094 1.65102815282 12.8871994879 0.00753464155925 0.0001631
pedestrian -1 -1 -10 969.35 178.7 998.116 266.612 1.88479309856 1.19186886025 0.645999710699 5.43392296274 1.61246355663 9.86860161405 0.00753464155925 0.0001371
pedestrian -1 -1 -10 957.59 191.31 990.832 274.097 1.75580721635 1.18886892951 0.312000179151 5.31434646521 1.62016154977 10.4500141354 0.00753464155925 4.9026e-05
pedestrian -1 -1 -10 669.78 197.02 681.49 240.004 1.26086159575 0.81391191527 0.549999783955 2.05967777716 1.68151615782 19.2486766237 0.00753464155925 3.271e-06
