pedestrian -1 -1 -10 786.71 155.7 810.632 256.28 2.12276691401 1.19686842697 0.322999974559 2.04492648802 1.59553918838 7.30329114108 0.00753464155925 0.043261
pedestrian -1 -1 -10 797.02 152.64 811.843 217.329 2.00477983892 1.1878700651 0.3159997688 2.04113019136 1.47704397743 7.26969599557 0.00753464155925 0.0036316
pedestrian -1 -1 -10 786.05 151.17 827.151 281.12 2.12276691401 1.19386897301 0.322999974559 2.0446439751 1.59498409994 7.26579664701 0.00753464155925 0.0008811
pedestrian -1 -1 -10 793.54 155.46 808.014 204.491 2.00477983892 1.19586908577 0.3159997688 2.04122813193 1.47723641351 7.28269445237 0.00753464155925 0.00062158
pedestrian -1 -1 -10 200.15 208.56 231.262 267.908 0.902900831345 0.562939006244 0.784999607114 -4.53865796769 1.3730855454 8.40930739359 0.00753464155925 0.00017059
pedestrian -1 -1 -10 760.21 171.92 801.262 258.653 1.33385350538 1.06288423475 0.46599993746 3.24025636151 1.63221433442 14.1458483906 0.00753464155925 0.00013619
pedestrian -1 -1 -10 750.71 187.2 770.242 254.31 1.04988470674 1.18087038563 0.493999806819 3.23031120827 1.50020364688 14.6838495343 0.00753464155925 5.0943e-05
pedestrian -1 -1 -10 748.73 178.88 784.774 257.784 1.33385350538 1.15587350563 0.493999806819 3.22742831994 1.63452631369 14.301432211 0.00753464155925 6.0496e-06
pedestrian -1 -1 -10 803.58 146.79 836.006 272.45 2.11076826679 1.18687024711 0.322999974559 2.04355164923 1.58084649261 7.12140540507 0.00753464155925 3.3208e-06
pedestrian -1 -1 -10 888.35 0.0 1177.96 375.0 1.82080008495 1.19886853972 0.361999758534 2.08932854186 1.32438568704 3.58022205208 0.00753464155925 5.2206e-08
pedestrian -1 -1 -10 309.28 197.07 358.668 285.008 0.998890331282 0.791913058874 1.17699968548 -5.20252411607 1.04797585522 13.9150909535 0.00753464155925 2.606e-08
pedestrian -1 -1 -10 733.35 182.23 765.967 260.331 0.121986679784 0.39995580138 0.407999629058 4.26220530329 1.65864640422 22.4474336708 0.00753464155925 2.1699e-08
