pedestrian -1 -1 -10 384.62 180.65 398.193 218.837 1.2768598417 0.812910666929 0.417000166083 -6.24255810016 0.869482231211 20.325010705 0.00753464155925 0.01957
pedestrian -1 -1 -10 732.84 198.88 751.301 255.033 2.21975626707 1.19186981382 0.375999812423 2.51427270236 1.54557843144 13.4045543136 0.00753464155925 0.011331
pedestrian -1 -1 -10 730.9 193.86 744.378 239.436 2.23675436056 1.19386849623 0.44199977696 2.41281254157 1.55461180824 13.875376003 0.00753464155925 0.0073308
pedestrian -1 -1 -10 736.78 126.53 751.226 192.487 1.82979910016 1.19586908577 0.398999807289 2.52558433453 1.15547967187 13.3983566789 0.00753464155925 0.0068198
pedestrian -1 -1 -10 747.66 205.57 759.276 261.881 2.20275817358 1.18886988308 0.551999876802 2.70869833194 1.53838020579 13.0615236503 0.00753464155925 0.0049834
pedestrian -1 -1 -10 731.78 120.83 745.705 176.215 1.67081651795 1.18886988308 0.422000040575 2.44865635861 0.990714873196 13.748747088 0.00753464155925 0.0028771
pedestrian -1 -1 -10 742.64 192.69 761.246 254.516 2.20975737452 1.19486974457 0.531999901998 2.69939710367 1.5397641101 13.1546373457 0.00753464155925 0.0028091
pedestrian -1 -1 -10 736.81 174.28 765.139 261.943 2.21175712919 1.1938694498 0.531999901998 2.69957476301 1.54211172279 13.1781192628 0.00753464155925 0.0026975
pedestrian -1 -1 -10 729.46 141.71 760.804 238.095 2.21975626707 1.18786958831 0.3799997597 2.49980804605 1.54664033787 13.4756579536 0.00753464155925 0.0026552
pedestrian -1 -1 -10 750.95 202.13 766.875 265.024 2.2177565124 1.19586908577 0.538999630919 2.74464927169 1.55529397307 12.854584842 0.00753464155925 0.0022579
pedestrian -1 -1 -10 725.64 173.38 754.746 247.496 2.23375472856 1.19886901651 0.415999762031 2.43128938123 1.55356920218 13.8057204559 0.00753464155925 0.0022342
pedestrian -1 -1 -10 746.57 193.41 776.199 267.392 2.21575669813 1.19886806294 0.485999912265 2.79523302397 1.55345796746 12.7326988251 0.00753464155925 0.0016938
pedestrian -1 -1 -10 377.71 180.59 402.825 230.012 1.2768598417 0.5719378449 0.412999980387 -6.24365032307 0.871267381754 20.4455087442 0.00753464155925 0.0010586
pedestrian -1 -1 -10 733.71 147.75 752.661 202.615 2.04477552831 1.19686842697 0.407999867477 2.47202443044 1.37417492495 13.6456480326 0.00753464155925 0.00090456
pedestrian -1 -1 -10 723.4 122.27 750.315 213.003 1.93878710044 1.19386849623 0.44199977696 2.41272066787 1.25664454812 13.8775823278 0.00753464155925 0.00061886
pedestrian -1 -1 -10 721.97 193.56 748.649 258.79 2.23675436056 1.19186981382 0.431999789558 2.40823457726 1.55544438445 13.931405654 0.00753464155925 0.00055308
pedestrian -1 -1 -10 729.9 151.95 747.766 214.875 2.18176051115 1.1818706804 0.409999721906 2.42833745202 1.50170299165 13.81462695 0.00753464155925 0.00024399
pedestrian -1 -1 -10 724.66 116.4 741.588 178.729 1.60282402479 1.1818706804 0.455000022844 2.39123032958 0.918889050201 14.0282778616 0.00753464155925 6.9038e-05
