pedestrian -1 -1 -10 379.49 149.05 428.43 309.46 1.83499179631 0.578999126973 0.724997420655 -2.53760059245 1.43576209724 8.31769442235 0.00692802392802 0.97425
pedestrian -1 -1 -10 891.68 225.24 919.013 280.677 0.941995796561 1.1499988392 0.732997287619 4.27449807353 1.394867876 10.1635180986 0.00692802392802 0.048663
pedestrian -1 -1 -10 840.71 176.6 869.925 265.978 0.689996919036 0.0979995063418 0.549997648633 6.40879476528 0.783386330979 17.6763524059 0.00692802392802 0.012874
pedestrian -1 -1 -10 767.55 167.67 784.46 228.658 0.761996594071 0.0959986989819 0.62699750064 4.11875111191 0.748748545521 17.6351344193 0.00692802392802 0.0034796
pedestrian -1 -1 -10 381.37 187.34 423.701 279.302 1.85199168026 0.578999126973 0.761997222592 -2.54307695719 1.45277710517 8.31774226646 0.00692802392802 0.0032426
pedestrian -1 -1 -10 904.4 231.8 931.883 277.318 2.14799037576 1.12299938393 1.1939952838 5.28037205251 1.38426745964 11.7553752922 0.00692802392802 0.0029168
pedestrian -1 -1 -10 637.96 211.62 661.879 272.035 2.26398991346 1.16399876868 0.723997318076 1.09364041869 1.43959355368 12.8219039302 0.00692802392802 0.0023601
pedestrian -1 -1 -10 359.77 176.75 395.984 296.38 1.85199168026 0.578999126973 0.761997222592 -2.54307695719 1.45277710517 8.31774226646 0.00692802392802 0.0014532
pedestrian -1 -1 -10 1087.3 93.181 1123.83 206.841 1.78599200547 0.694999223839 1.19099598934 8.20154763159 0.884463126065 11.5347609976 0.00692802392802 0.001056
pedestrian -1 -1 -10 918.05 233.44 940.259 277.368 2.0899906069 1.12299938393 1.19499520757 5.50586022581 1.38349660802 11.8858491368 0.00692802392802 0.00082969
pedestrian -1 -1 -10 887.35 242.94 911.328 283.654 0.897995963693 0.842998887031 0.732997287619 4.27337395826 1.35104656096 10.0099966405 0.00692802392802 0.00065191
pedestrian -1 -1 -10 1068.3 88.967 1104.18 197.537 1.76499213129 0.664999511198 1.19799593254 7.85593814918 0.869430737686 11.522149919 0.00692802392802 0.00044195
pedestrian -1 -1 -10 658.16 205.04 674.677 255.81 2.26398991346 1.18099895552 1.01699620069 1.23948857539 1.43929944169 12.727390688 0.00692802392802 0.00041589
pedestrian -1 -1 -10 302.41 219.68 337.755 282.594 1.0799952209 1.19699873869 1.19499544598 -4.21790874751 1.40079231332 10.5967903236 0.00692802392802 0.00033741
pedestrian -1 -1 -10 881.92 206.13 912.796 278.0 1.16699481457 1.17399994446 0.739997469234 4.2740270887 1.39431694355 10.6454016498 0.00692802392802 0.00033358
pedestrian -1 -1 -10 649.44 203.69 678.288 264.454 2.26398991346 1.13099975235 0.95899644995 1.20999751051 1.43946175873 12.6565933439 0.00692802392802 0.00028955
pedestrian -1 -1 -10 662.93 211.64 680.586 259.299 2.06399081945 0.398999897453 1.19299553885 1.42153245586 1.16873281575 14.5319754093 0.00692802392802 0.00028303
pedestrian -1 -1 -10 765.18 161.0 791.989 247.498 2.1879902184 0.749999491742 1.00399617845 3.21308368625 1.33631543431 12.3261324062 0.00692802392802 0.00025088
pedestrian -1 -1 -10 646.88 194.8 662.631 240.583 2.26398991346 1.17499939446 0.818996989959 1.14038049879 1.43959028342 12.7120769948 0.00692802392802 0.00018764
pedestrian -1 -1 -10 317.39 218.76 351.194 285.134 1.07399514616 1.17999950552 1.12999563284 -4.0591750392 1.39515036658 10.7751920545 0.00692802392802 0.00017203
pedestrian -1 -1 -10 653.97 195.08 665.496 239.109 2.25998986363 0.77699990069 0.838996895785 1.14876740901 1.43583254693 12.4800112464 0.00692802392802 0.00014406
pedestrian -1 -1 -10 479.32 97.074 529.122 219.144 1.33499404639 1.16599957604 0.345998656892 -2.26117450295 0.3605590999 16.568523693 0.00692802392802 4.8077e-05
pedestrian -1 -1 -10 890.52 205.34 934.939 274.985 0.897995963693 0.939998943367 0.732997287619 4.27370996492 1.35099015626 10.0584955047 0.00692802392802 4.0797e-05
pedestrian -1 -1 -10 353.3 197.1 385.607 303.21 0.963995712995 0.992999357584 0.7369972211 -3.53166857489 1.37820984561 10.3260703154 0.00692802392802 3.254e-05
pedestrian -1 -1 -10 905.63 216.08 945.807 277.066 2.2469899103 1.12999934867 1.1909955125 5.15111899677 1.40022711922 11.2277181702 0.00692802392802 5.6626e-06
