pedestrian -1 -1 -10 564.69 173.76 576.986 200.726 0.100988913059 0.0549942802785 0.338999882877 -2.59655511138 0.952109183076 54.0062622812 0.00753464155925 0.61517
pedestrian -1 -1 -10 574.41 173.97 587.773 200.201 0.100988913059 0.0279968107396 0.515999874471 -1.75402237842 0.960500071556 54.4053480277 0.00753464155925 0.52116
pedestrian -1 -1 -10 616.99 175.14 629.252 195.517 0.102988593231 0.122987624726 0.406999821053 1.48119378503 2.02299952463 64.0880981763 0.00753464155925 0.33974
pedestrian -1 -1 -10 248.87 183.87 295.385 259.449 0.920898876668 0.465948556286 0.837999564187 -5.83306389099 1.01669864326 12.3165067904 0.00753464155925 0.037796
pedestrian -1 -1 -10 213.89 193.58 227.491 229.098 0.523942479013 0.310965802448 0.766999486739 -6.26660349709 0.778019028781 12.1838498644 0.00753464155925 0.004255
pedestrian -1 -1 -10 644.34 173.95 657.428 205.736 0.101988775495 0.245975249452 0.316000126428 3.84975293189 1.17370931981 63.9032883718 0.00753464155925 0.0030368
pedestrian -1 -1 -10 1137.8 63.716 1241.95 312.206 1.87379429888 0.803912066665 0.890999759679 2.96350802729 1.37200802914 4.06389032263 0.00753464155925 0.0022429
pedestrian -1 -1 -10 270.0 186.13 284.709 245.06 0.920898876668 0.423953340177 0.589999495145 -5.70890915823 1.01691921306 12.3365708519 0.00753464155925 0.000958
pedestrian -1 -1 -10 229.86 180.03 285.611 278.745 0.920898876668 0.572937186101 1.10599960803 -5.96746317684 1.01600426929 12.2640221823 0.00753464155925 0.00056482
pedestrian -1 -1 -10 196.26 183.27 258.01 283.84 0.612932709097 0.310965802448 0.883999553921 -6.20813255809 0.777976436456 12.1840686583 0.00753464155925 0.00051729
pedestrian -1 -1 -10 202.25 189.52 228.868 255.615 0.480947202324 1.11187865355 0.0820002304834 -7.09901086758 0.900605083695 12.0524701321 0.00753464155925 0.0002194
pedestrian -1 -1 -10 265.41 183.27 320.93 283.96 0.920898876668 0.423953340177 0.589999495145 -5.70890915823 1.01691921306 12.3365708519 0.00753464155925 0.00014071
pedestrian -1 -1 -10 729.34 201.81 762.466 303.96 1.45983968854 1.10187952012 0.626999782318 2.2754000928 1.67604220037 10.515400381 0.00753464155925 0.00013507
pedestrian -1 -1 -10 266.13 180.71 292.036 236.553 0.920898876668 0.423953340177 0.589999495145 -5.70890915823 1.01691921306 12.3365708519 0.00753464155925 0.00013081
pedestrian -1 -1 -10 648.86 173.37 663.021 217.137 0.320964742781 0.195977675177 0.292999893143 3.18716095248 0.481202574019 46.5597609957 0.00753464155925 0.00012022
pedestrian -1 -1 -10 9.5077 259.18 46.2777 367.51 2.40473595798 1.19786872174 0.351000201545 -7.20471848506 1.83296676943 8.83825958601 0.00753464155925 6.9599e-05
