pedestrian -1 -1 -10 902.39 134.95 981.447 319.96 1.86999165118 0.65299895857 0.861996751722 3.47010005139 1.45601473614 7.60005890096 0.00692802392802 0.9159
pedestrian -1 -1 -10 865.89 150.19 955.997 308.06 2.20699006766 0.845999144397 1.19299536004 5.11221190564 1.35864891131 11.8269773849 0.00692802392802 0.059488
pedestrian -1 -1 -10 926.0 169.59 1004.32 316.63 1.05399528444 1.14299887446 0.740996916164 5.80017230638 1.38386487741 10.8583871527 0.00692802392802 0.049096
pedestrian -1 -1 -10 829.21 165.85 873.565 265.345 0.688996936381 0.0929984416157 0.550997572399 6.37441569983 0.782460865253 17.6940904493 0.00692802392802 0.034874
pedestrian -1 -1 -10 765.1 172.83 786.486 237.504 0.762996591628 0.110999985813 0.666997550709 4.12879459175 0.748713488301 17.6415636653 0.00692802392802 0.021756
pedestrian -1 -1 -10 323.08 231.88 351.907 278.1 1.06899523288 1.13799876341 1.16199557753 -4.01745599357 1.38908033372 10.7358978706 0.00692802392802 0.018458
pedestrian -1 -1 -10 332.38 224.99 345.674 273.111 0.964995695651 0.72499893648 1.10899604167 -3.73402473535 1.37882578744 10.2754715491 0.00692802392802 0.0058993
pedestrian -1 -1 -10 306.24 226.17 338.404 278.565 1.06899523288 1.18699851658 1.18999558874 -4.27127927186 1.38975029934 10.7621576695 0.00692802392802 0.0058858
pedestrian -1 -1 -10 354.5 225.24 384.185 278.105 0.964995695651 1.05299878287 0.637997615736 -3.49739499297 1.3779874717 10.4378352521 0.00692802392802 0.004014
pedestrian -1 -1 -10 340.47 225.37 356.912 277.637 0.964995695651 1.0139992518 1.10899604167 -3.73302364281 1.37865773625 10.419968239 0.00692802392802 0.0030537
pedestrian -1 -1 -10 312.24 239.73 345.699 282.167 0.178999195993 0.409000119558 0.289998872895 -5.12583408702 1.24751997276 12.1524647134 0.00692802392802 0.0023215
pedestrian -1 -1 -10 332.96 221.18 364.44 279.229 0.964995695651 1.0139992518 1.10899604167 -3.73302364281 1.37865773625 10.419968239 0.00692802392802 0.0018366
pedestrian -1 -1 -10 907.86 163.71 953.697 290.18 1.86999165118 0.65299895857 0.861996751722 3.47010005139 1.45601473614 7.60005890096 0.00692802392802 0.0012333
pedestrian -1 -1 -10 360.07 246.87 386.367 282.188 0.498997698725 0.215999456893 0.157999399076 -3.43142792853 1.21135730825 11.7049866092 0.00692802392802 0.0012323
pedestrian -1 -1 -10 638.59 175.09 651.915 224.003 2.07599073052 0.796999391227 1.1909955274 0.904909834268 1.17709394351 14.5875591925 0.00692802392802 0.00077422
pedestrian -1 -1 -10 1058.0 86.969 1093.22 206.409 1.65499260873 0.633999394877 1.19299536004 7.62119094391 0.762094043756 11.5082149599 0.00692802392802 0.00065967
pedestrian -1 -1 -10 643.88 176.54 656.315 227.64 2.25898994058 1.18899932394 0.712997262584 1.1214257215 1.44147196098 12.8612172563 0.00692802392802 0.00062764
pedestrian -1 -1 -10 1077.3 85.579 1114.88 209.189 1.63799272478 0.677999036995 1.1979954557 7.98180976219 0.744077258878 11.5277058545 0.00692802392802 0.00058934
pedestrian -1 -1 -10 648.47 173.97 660.621 221.947 2.25898994058 1.1819993592 0.785997061899 1.15760952342 1.44142450731 12.8154655905 0.00692802392802 0.00052615
pedestrian -1 -1 -10 930.84 190.56 965.702 306.32 1.86999165118 0.65299895857 0.851996798809 3.47509990774 1.45600098697 7.60002424529 0.00692802392802 0.00048563
pedestrian -1 -1 -10 357.42 214.74 375.369 273.731 0.964995695651 0.691998966472 0.637997615736 -3.49864549065 1.37819738998 10.2573396757 0.00692802392802 0.00040768
pedestrian -1 -1 -10 634.02 172.7 646.912 219.61 1.9899910897 0.593000010124 1.17299554362 0.990784435421 0.976175169803 17.805859392 0.00692802392802 0.00037364
pedestrian -1 -1 -10 365.62 211.27 394.575 277.673 1.01199553609 1.16899887973 0.637997615736 -3.49705797951 1.37792001864 10.495807027 0.00692802392802 0.00026581
pedestrian -1 -1 -10 290.18 210.02 317.098 266.077 1.03099535555 0.777999350697 0.844997094029 -4.58988012096 1.36097954117 11.3298673515 0.00692802392802 0.00019972
pedestrian -1 -1 -10 349.39 211.14 362.616 270.025 1.01199553609 1.12199898025 1.02899641836 -3.69271549168 1.378484942 10.4736626802 0.00692802392802 0.0001847
pedestrian -1 -1 -10 303.09 211.01 324.214 273.548 1.03099535555 1.11299916182 1.09499615527 -4.53904195359 1.36103134907 11.1620110461 0.00692802392802 0.00010611
pedestrian -1 -1 -10 927.24 132.39 983.317 258.41 2.24898987561 1.16599862237 1.19199543627 5.80080686485 1.38506984101 11.5472066066 0.00692802392802 6.3886e-05
pedestrian -1 -1 -10 489.21 94.378 527.402 221.928 0.948995786905 1.14599913183 0.339998875878 -2.19322035713 -0.0338769096848 16.7858244151 0.00692802392802 5.5255e-05
pedestrian -1 -1 -10 370.87 239.17 396.725 281.662 1.01199553609 1.17999855184 0.637997615736 -3.49701987682 1.37791362243 10.5013067311 0.00692802392802 5.2993e-05
pedestrian -1 -1 -10 262.01 195.88 298.648 281.368 0.96799570322 0.762999017539 1.06099588622 -4.57110129687 1.39414944999 10.2622864837 0.00692802392802 4.686e-05
pedestrian -1 -1 -10 983.79 223.32 1017.41 292.641 2.01199103594 0.955999680204 1.19799593254 6.68852790013 1.39440091993 11.7412097674 0.00692802392802 3.2902e-06
pedestrian -1 -1 -10 934.16 136.19 962.561 220.839 1.823991853 0.65299895857 0.861996751722 3.47003662132 1.41001493796 7.60003259128 0.00692802392802 2.1127e-06
pedestrian -1 -1 -10 499.2 89.947 559.312 221.617 0.830996262468 0.135000137395 0.0939996289076 -1.44967155038 -0.0676923135034 14.8321535873 0.00692802392802 4.0454e-08
