pedestrian -1 -1 -10 319.95 152.41 397.413 301.72 1.79299203306 0.608000343282 0.991996139591 -2.99651337028 1.4377743273 8.53940612415 0.00692802392802 0.93122
pedestrian -1 -1 -10 842.44 218.92 857.137 259.545 0.551997554302 0.294999876379 0.614997938612 4.87878977728 1.27890206545 13.9230164751 0.00692802392802 0.18284
pedestrian -1 -1 -10 353.83 152.06 407.549 296.0 2.26198988855 0.520999555377 1.19299536004 -4.72101468481 1.33193873024 15.173621237 0.00692802392802 0.059824
pedestrian -1 -1 -10 351.39 159.56 384.567 271.04 1.78799206018 0.608000343282 0.934996431829 -2.97902070801 1.43272623217 8.53928196914 0.00692802392802 0.034036
pedestrian -1 -1 -10 847.78 214.31 863.603 260.982 1.16599474251 1.09399912129 0.605997671048 4.2565096335 1.38478619888 11.1515250373 0.00692802392802 0.024537
pedestrian -1 -1 -10 664.96 218.84 677.611 262.437 2.26598987877 1.16799942973 1.13099579503 1.27803830835 1.44010241418 12.8066250643 0.00692802392802 0.016333
pedestrian -1 -1 -10 310.99 176.12 360.516 302.89 1.93499132842 0.407999715878 1.18999558874 -5.76175644019 0.989597768175 15.3581282696 0.00692802392802 0.016139
pedestrian -1 -1 -10 691.58 208.08 713.861 258.114 2.06099075228 0.598999571183 1.18899554576 2.05690369963 1.16508617783 14.4395689828 0.00692802392802 0.011336
pedestrian -1 -1 -10 756.6 154.98 790.63 229.791 0.762996576726 0.0869998342306 0.691997552201 4.09030527913 0.749818176387 17.6428320383 0.00692802392802 0.0045128
pedestrian -1 -1 -10 694.41 202.0 706.858 249.453 2.06099075228 0.621999319085 1.19699553193 2.01582521869 1.16521229513 14.4283535612 0.00692802392802 0.0042353
pedestrian -1 -1 -10 672.14 210.26 704.847 261.174 2.05899078697 0.621999319085 1.19399552222 1.75732966096 1.16392316239 14.4301441172 0.00692802392802 0.0032598
pedestrian -1 -1 -10 659.72 222.76 674.972 267.72 1.46999340355 0.943999604413 1.09299595011 1.2618684525 1.439863915 13.0572063355 0.00692802392802 0.0029374
pedestrian -1 -1 -10 331.78 157.56 378.125 280.97 1.79399195611 0.608000343282 0.991996139591 -2.99651199147 1.43877425035 8.53940669606 0.00692802392802 0.0029082
pedestrian -1 -1 -10 672.22 218.33 684.347 262.752 2.26598987877 1.15399854657 1.0339961564 1.32697342578 1.43989577903 12.8692875515 0.00692802392802 0.0028359
pedestrian -1 -1 -10 833.35 156.7 848.104 215.078 2.19499015659 1.04099966075 1.19699577035 4.20640992401 1.33560727884 12.2987449245 0.00692802392802 0.0020952
pedestrian -1 -1 -10 841.6 213.22 874.261 261.494 0.551997554302 0.294999876379 0.614997938612 4.87878977728 1.27890206545 13.9230164751 0.00692802392802 0.0020678
pedestrian -1 -1 -10 1040.8 231.74 1053.59 268.272 0.209999075532 0.558999636437 0.282998929698 9.12788210953 1.55522876651 13.8860978619 0.00692802392802 0.0020276
pedestrian -1 -1 -10 751.46 150.5 778.579 216.006 2.30198973119 0.622999722765 0.972996395949 3.18336646303 1.40312681255 14.3108981224 0.00692802392802 0.0020254
pedestrian -1 -1 -10 891.93 223.64 920.626 272.821 0.919995880127 1.15399854657 0.633997443837 4.27715356136 1.37066377771 10.3354885197 0.00692802392802 0.0017833
pedestrian -1 -1 -10 761.27 152.62 773.937 215.414 2.31098963469 0.652999435406 0.97899641538 3.24948094326 1.41192778234 14.3254453111 0.00692802392802 0.0015083
pedestrian -1 -1 -10 685.77 211.51 696.541 260.351 2.05899078697 0.621999319085 1.11199581296 1.84432725687 1.16368392661 14.4295411078 0.00692802392802 0.0014935
pedestrian -1 -1 -10 900.59 230.86 924.878 277.379 0.919995880127 1.08799956023 0.677997188971 4.2542466537 1.37087662466 10.2046441952 0.00692802392802 0.0014305
pedestrian -1 -1 -10 1204.9 239.59 1224.01 288.836 1.05199531913 0.494999550109 0.930996736765 4.59053693349 1.54548114967 5.36882146839 0.00692802392802 0.00072359
pedestrian -1 -1 -10 703.23 160.46 728.265 204.157 1.00799551606 0.527999520116 1.13499572851 2.89037585689 0.991916955021 17.8267886534 0.00692802392802 0.00061455
pedestrian -1 -1 -10 679.63 215.48 690.592 262.206 2.05899078697 0.621999319085 1.19799557491 1.67933181841 1.16413764963 14.4306847462 0.00692802392802 0.00054137
pedestrian -1 -1 -10 888.35 235.08 910.033 281.277 0.901995953918 0.666999364884 0.585997526804 4.20676476905 1.35324799891 9.99445768662 0.00692802392802 0.00052389
pedestrian -1 -1 -10 836.26 200.33 863.901 262.341 0.551997554302 0.294999876379 0.614997938612 4.87878977728 1.27890206545 13.9230164751 0.00692802392802 0.00043961
pedestrian -1 -1 -10 657.86 211.72 688.708 260.08 2.0629908368 0.410999019571 1.1979954557 1.41783993529 1.16877500357 14.5040010534 0.00692802392802 0.00041017
pedestrian -1 -1 -10 705.57 159.58 717.898 214.363 1.00499550849 0.526000620104 1.17299569263 2.79136756865 0.989190343502 17.8264736943 0.00692802392802 0.00028325
pedestrian -1 -1 -10 366.33 210.03 391.434 283.078 0.98099565655 1.01199939811 0.414998403517 -3.38982296782 1.34449531846 10.6085456835 0.00692802392802 0.00024973
pedestrian -1 -1 -10 889.64 223.47 902.81 273.384 2.22599003613 1.19599928868 0.77899735712 4.90212176956 1.38390961886 11.2314363952 0.00692802392802 0.00022507
pedestrian -1 -1 -10 935.43 222.55 964.407 272.201 0.983995604515 0.959999387577 0.26099917634 5.50693753594 1.40839855365 10.2249728032 0.00692802392802 0.00020297
pedestrian -1 -1 -10 873.59 204.91 898.659 270.658 1.15099482387 1.17099873342 0.6459974827 4.27270224156 1.37036685346 10.604891115 0.00692802392802 9.084e-05
pedestrian -1 -1 -10 950.39 237.18 966.743 281.426 0.886995975673 0.56299934381 0.152999303411 4.42398601799 1.35253403517 10.0949633939 0.00692802392802 8.87e-05
pedestrian -1 -1 -10 711.08 145.8 741.432 207.965 2.06199079454 0.617000161707 1.19499544598 2.53748990216 1.16483100198 14.3782370194 0.00692802392802 8.2533e-05
pedestrian -1 -1 -10 874.36 230.7 896.824 277.596 0.919995880127 1.18799892026 0.677997188971 4.2545930499 1.3708184759 10.2546426752 0.00692802392802 6.6832e-05
pedestrian -1 -1 -10 740.15 142.69 768.676 211.164 2.06899073273 0.610999646974 1.17799554987 3.080506493 1.17041665012 14.3054754059 0.00692802392802 5.7986e-05
pedestrian -1 -1 -10 825.33 145.7 856.591 241.681 2.19499015659 1.04699922181 1.19399552222 4.19688937879 1.33563689105 12.295811062 0.00692802392802 5.5816e-05
pedestrian -1 -1 -10 880.83 205.66 908.884 272.174 1.15099482387 1.18899932394 0.6459974827 4.27250133196 1.37040057971 10.5758920252 0.00692802392802 5.4928e-05
pedestrian -1 -1 -10 323.38 203.0 344.099 269.3 1.93799127638 0.407999715878 1.19399576064 -5.81775350013 0.99175172429 15.3585169854 0.00692802392802 4.6335e-05
pedestrian -1 -1 -10 359.12 145.25 377.834 241.654 1.78599197567 0.608000343282 0.934996431829 -2.97902346597 1.43072614765 8.53928082519 0.00692802392802 2.2885e-05
pedestrian -1 -1 -10 328.63 192.35 350.019 273.738 1.79399195611 0.608000343282 0.945996308508 -3.01951135453 1.43883749658 8.53956611232 0.00692802392802 1.5938e-05
pedestrian -1 -1 -10 667.55 170.59 684.572 223.089 1.46999340355 0.834999472286 1.02299616051 1.33524401344 1.43959979429 13.1111991202 0.00692802392802 1.4347e-05
pedestrian -1 -1 -10 376.16 167.22 414.947 293.96 2.35098953694 0.520999555377 1.18799550279 -4.38739016558 1.42402129845 15.1713651804 0.00692802392802 2.599e-06
pedestrian -1 -1 -10 291.56 216.26 340.184 291.197 0.352998442948 0.176999925827 0.361998629236 -4.92480529872 1.3444609845 11.7190727012 0.00692802392802 8.9077e-07
