pedestrian -1 -1 -10 607.3 170.42 643.68 269.676 1.58682573414 1.02388799582 0.896999710397 0.252199757451 1.48002626056 11.850667762 0.00753464155925 0.98801
pedestrian -1 -1 -10 136.03 160.85 189.91 325.17 2.1917592845 1.19786872174 0.885999646769 -3.04836428731 1.65794314279 4.82240746367 0.00753464155925 0.10776
pedestrian -1 -1 -10 104.6 135.88 201.94 329.83 2.1917592845 1.19486926778 0.885999646769 -3.04811190719 1.65843902557 4.85590279932 0.00753464155925 0.054229
pedestrian -1 -1 -10 79.195 88.027 232.605 356.487 2.05777405286 1.19186933704 0.885999646769 -3.0478330352 1.52508290004 4.89938906202 0.00753464155925 0.015956
pedestrian -1 -1 -10 117.08 135.97 174.287 300.85 2.12276697361 1.19486926778 0.885999646769 -3.04839685984 1.58892862977 4.82141863891 0.00753464155925 0.010542
pedestrian -1 -1 -10 109.1 76.089 182.741 265.889 1.74880796325 1.19386897301 0.85799977741 -3.06110665889 1.21774047792 5.01076733337 0.00753464155925 0.0014252
pedestrian -1 -1 -10 149.64 166.68 197.778 271.1 2.13476562082 1.19186981382 0.885999646769 -3.047199062 1.60327347106 4.97980788887 0.00753464155925 0.0012205
pedestrian -1 -1 -10 609.49 187.11 630.6 268.141 1.58682573414 1.02388799582 0.896999710397 0.252199757451 1.48002626056 11.850667762 0.00753464155925 0.00036814
pedestrian -1 -1 -10 210.5 137.61 237.65 233.126 1.90379097652 1.18986970107 0.810999622043 -3.0077378324 1.3752683223 5.25121380555 0.00753464155925 0.0001707
pedestrian -1 -1 -10 108.87 301.09 132.122 338.105 2.16376239133 1.19786872174 0.872999639304 -2.86531061887 1.65611826993 3.96372984342 0.00753464155925 5.9787e-05
pedestrian -1 -1 -10 583.74 166.6 626.912 271.73 1.58682573414 0.554939508788 0.72599978873 0.168468879283 1.48355969379 12.0857786339 0.00753464155925 4.7138e-05
pedestrian -1 -1 -10 622.8 167.11 659.067 259.764 1.58682573414 1.02388799582 0.767999741779 0.316697916144 1.47997929983 11.8501824775 0.00753464155925 3.1426e-05
pedestrian -1 -1 -10 606.52 201.92 623.813 270.471 1.58682573414 0.911899799288 0.865999761371 0.23712211312 1.48086648858 11.9067768895 0.00753464155925 2.0585e-05
pedestrian -1 -1 -10 1105.9 88.049 1140.65 198.119 1.6838150723 1.19786896013 0.883999792339 3.16418788867 1.18632574686 4.22874363465 0.00753464155925 1.0273e-05
pedestrian -1 -1 -10 148.3 253.88 179.285 357.77 2.1917592845 1.18986970107 0.885999646769 -3.04800266682 1.65865366377 4.87040094053 0.00753464155925 3.2804e-06
pedestrian -1 -1 -10 109.6 282.7 150.404 352.812 2.16376239133 1.19886877812 0.890999759679 -2.87348547887 1.65774569608 4.07328250574 0.00753464155925 2.9435e-06
pedestrian -1 -1 -10 1124.7 86.506 1159.97 198.106 1.71981110335 1.1938692114 1.01399986699 3.22934826354 1.18661887937 4.25151795328 0.00753464155925 2.2636e-06
pedestrian -1 -1 -10 1115.8 102.27 1150.7 217.48 1.67981550336 1.19686890375 1.11099972094 4.19048787203 1.11694813451 5.79972559949 0.00753464155925 2.1797e-06
pedestrian -1 -1 -10 1147.6 81.896 1181.77 190.586 1.71781137848 1.19586908577 0.898999892652 3.16943808478 1.21587584429 3.92847678321 0.00753464155925 1.5487e-06
pedestrian -1 -1 -10 1096.0 105.21 1130.68 212.11 1.86779485608 1.19686890375 1.18499981846 3.59468681352 1.3297324418 5.15236682533 0.00753464155925 1.3689e-06
pedestrian -1 -1 -10 1165.9 67.522 1203.24 193.422 1.63682024157 1.19686890375 0.970999897314 3.20505622745 1.1251711662 3.88244534662 0.00753464155925 8.2695e-08
pedestrian -1 -1 -10 1114.2 65.994 1149.75 177.334 1.55782897853 1.19786872174 0.755999810541 3.09815441924 1.05646358653 3.9651943585 0.00753464155925 7.1771e-08
pedestrian -1 -1 -10 260.1 68.986 306.339 181.966 0.881903168916 1.18287049838 0.311999940733 -2.81007712262 0.339011186673 6.12012021503 0.00753464155925 6.0409e-08
pedestrian -1 -1 -10 702.54 179.25 719.601 217.0 0.176980588791 0.507943772396 0.720999735424 1.89038331648 1.528429973 11.5301308483 0.00753464155925 4.4697e-08
