pedestrian -1 -1 -10 679.78 154.72 726.504 307.19 1.75899214596 0.627999833818 0.537998027002 1.24732387841 1.44812946528 8.4880356807 0.00692802392802 0.99185
pedestrian -1 -1 -10 680.54 204.01 707.197 305.52 1.75899214596 0.627999833818 0.537998027002 1.24732387841 1.44812946528 8.4880356807 0.00692802392802 0.12446
pedestrian -1 -1 -10 670.74 152.21 707.795 305.79 1.47499343604 0.880998968091 0.720997248756 1.38960784806 1.44055442772 13.0198178806 0.00692802392802 0.039615
pedestrian -1 -1 -10 845.53 215.44 858.824 262.096 0.553997519612 0.279000093215 0.634997844438 4.91069447831 1.28083031872 13.9087957533 0.00692802392802 0.02944
pedestrian -1 -1 -10 697.29 201.59 720.549 289.378 1.76799204946 0.627999833818 0.537998027002 1.24733628856 1.45712936878 8.48804082821 0.00692802392802 0.0068634
pedestrian -1 -1 -10 697.01 154.96 739.53 267.19 1.75899214596 0.627999833818 0.537998027002 1.24732387841 1.44812946528 8.4880356807 0.00692802392802 0.0065876
pedestrian -1 -1 -10 890.76 228.36 918.356 278.508 1.17499476522 1.18799892026 0.636997453553 4.26403121671 1.39442447633 10.5754644767 0.00692802392802 0.0015063
pedestrian -1 -1 -10 884.42 229.99 906.649 276.47 0.924995853007 0.847999951757 0.650997339947 4.25412998034 1.37597989128 10.1146456579 0.00692802392802 0.0014949
pedestrian -1 -1 -10 885.11 215.93 897.569 272.808 0.903996038437 0.759000263841 0.616997547727 4.23679324198 1.35507857636 10.0702527001 0.00692802392802 0.0010588
pedestrian -1 -1 -10 751.57 159.9 771.489 212.76 1.01999548674 0.537000292215 1.12699562313 3.99667390869 1.00482500805 17.8626331248 0.00692802392802 0.00080551
pedestrian -1 -1 -10 840.55 212.26 854.008 259.986 0.553997519612 0.279000093215 0.634997844438 4.91069447831 1.28083031872 13.9087957533 0.00692802392802 0.0006779
pedestrian -1 -1 -10 841.79 209.29 870.352 262.504 1.16599474251 1.19399943499 0.629997510355 4.26509830469 1.38466534664 11.2364675287 0.00692802392802 0.00061971
pedestrian -1 -1 -10 753.83 165.26 779.518 235.947 2.39798925817 0.702999592257 1.06099612463 3.25069099139 1.49890953708 14.3384878299 0.00692802392802 0.00052821
pedestrian -1 -1 -10 835.77 155.84 850.626 215.487 2.19599019885 1.07999919181 1.17599546392 4.24107996275 1.33648395914 12.3230056616 0.00692802392802 0.00041377
pedestrian -1 -1 -10 347.44 211.58 368.481 273.838 0.974995581806 0.966999352315 0.987996444527 -3.68846330851 1.38952767826 10.4261662735 0.00692802392802 0.00031645
pedestrian -1 -1 -10 877.45 222.3 901.441 279.578 1.17499476522 1.15899865763 0.636997453553 4.26413167316 1.39440761293 10.5899642601 0.00692802392802 0.00022893
pedestrian -1 -1 -10 697.06 148.33 715.699 251.73 1.75899214596 0.627999833818 0.537998027002 1.24732387841 1.44812946528 8.4880356807 0.00692802392802 0.00017799
pedestrian -1 -1 -10 933.81 221.38 963.729 273.871 0.922995828092 0.840999033345 0.212999020889 4.47385061145 1.37525614527 10.2176265971 0.00692802392802 0.00011758
pedestrian -1 -1 -10 676.39 154.88 698.19 226.276 1.47499343604 0.880998968091 0.75299713384 1.37360828985 1.44059842511 13.0199287789 0.00692802392802 8.2544e-05
pedestrian -1 -1 -10 361.12 197.55 379.713 271.217 1.0549952969 1.16099946499 1.15999573 -3.63025620884 1.37965009437 11.0527203245 0.00692802392802 8.135e-05
pedestrian -1 -1 -10 359.46 185.88 391.011 275.247 1.04399530888 1.12199898025 1.14799569114 -3.59255518188 1.36842799341 11.155954915 0.00692802392802 6.3165e-05
pedestrian -1 -1 -10 340.54 218.49 382.251 281.237 1.0639952004 1.17699924815 1.01999638922 -3.70326238225 1.38934954675 10.6172210632 0.00692802392802 4.5547e-05
pedestrian -1 -1 -10 958.69 236.71 971.804 279.985 2.11199058294 0.88899933651 1.1949956844 6.12819422348 1.40389740873 11.7835459882 0.00692802392802 4.5289e-05
pedestrian -1 -1 -10 1098.1 127.79 1131.86 259.32 2.32998960316 1.16799942973 1.1979954557 8.29138000563 1.42644856511 11.3309473321 0.00692802392802 2.182e-05
pedestrian -1 -1 -10 695.01 148.46 725.937 209.727 1.64799258113 0.627999833818 0.455998317748 1.20617194904 1.33724264376 8.48825637111 0.00692802392802 1.8909e-05
pedestrian -1 -1 -10 372.93 200.99 395.551 272.173 2.26098990589 0.473000205886 1.19599560817 -4.65340421704 1.33173450796 15.1891538322 0.00692802392802 5.2802e-06
pedestrian -1 -1 -10 332.36 208.36 360.682 288.508 0.974995581806 0.814999028076 1.05999620087 -3.73098872397 1.38973155841 10.3504590436 0.00692802392802 4.7557e-06
pedestrian -1 -1 -10 318.62 212.73 341.155 275.228 0.219999021292 0.0139999294774 0.0779997757721 -7.65968968931 1.50298835653 18.7269541359 0.00692802392802 1.7374e-06
pedestrian -1 -1 -10 328.52 211.73 348.735 280.506 1.05599527955 1.16199891499 1.17599570234 -4.09074700879 1.38099933519 10.983409637 0.00692802392802 9.8497e-07
