pedestrian -1 -1 -10 1095.8 225.74 1131.43 308.891 2.00178023672 1.19886853972 0.535999849275 3.39927569978 1.45997972701 5.02588489553 0.00753464155925 0.028836
pedestrian -1 -1 -10 1166.0 78.195 1203.32 203.535 1.71181205487 1.19786919852 0.255000036382 3.55493479358 1.17651483944 4.52819352563 0.00753464155925 0.028181
pedestrian -1 -1 -10 1176.8 86.761 1211.93 172.65 1.65281854713 1.19886901651 0.248999996257 3.56231795614 1.11733861692 4.449066356 0.00753464155925 0.012183
pedestrian -1 -1 -10 1122.8 190.19 1144.8 231.233 1.99378112864 1.19686890375 0.535999849275 3.39828062908 1.45302635247 4.89391793974 0.00753464155925 0.010531
pedestrian -1 -1 -10 1082.0 248.29 1113.53 331.015 2.00577980565 1.19786872174 0.52499969624 3.394863172 1.46212269159 5.1704359791 0.00753464155925 0.0095236
pedestrian -1 -1 -10 1085.2 227.28 1115.2 301.74 2.00577980565 1.19886853972 0.528999881936 3.39676150287 1.46192140212 5.1569228176 0.00753464155925 0.0072208
pedestrian -1 -1 -10 1065.2 231.28 1105.86 320.094 2.00977934479 1.19586908577 0.52499969624 3.39597693486 1.46431346372 5.31844542141 0.00753464155925 0.004407
pedestrian -1 -1 -10 1107.2 167.18 1138.78 249.313 1.99678079044 1.19586908577 0.535999849275 3.39905944774 1.45455841211 4.99742600352 0.00753464155925 0.0029449
pedestrian -1 -1 -10 1174.7 163.2 1207.77 244.079 1.99778057838 1.19886853972 0.634999796082 3.36944495094 1.46247077266 4.44996396302 0.00753464155925 0.0029165
pedestrian -1 -1 -10 1026.0 141.09 1056.38 220.755 1.99678073085 1.19886853972 0.465000010246 3.41489800342 1.44000999241 5.97415658266 0.00753464155925 0.0027982
pedestrian -1 -1 -10 1190.2 90.516 1213.82 140.809 1.5768267969 1.19686890375 0.248999996257 3.56223425426 1.04122844477 4.44163001161 0.00753464155925 0.0022337
pedestrian -1 -1 -10 0.0 26.728 191.1 374.998 1.96578414607 0.810911030958 0.883999553921 -6.95378947245 1.30485145188 9.85457868859 0.00753464155925 0.0013764
pedestrian -1 -1 -10 1028.7 129.63 1063.65 188.676 1.83579842377 1.19886853972 0.468999957523 3.41620223199 1.28075287735 5.88930101631 0.00753464155925 0.0012794
pedestrian -1 -1 -10 1102.8 195.88 1142.97 283.333 1.99978045225 1.19886853972 0.535999849275 3.39863594778 1.45872151477 4.94088177344 0.00753464155925 0.0012647
pedestrian -1 -1 -10 1088.7 206.85 1122.62 281.087 2.00577980565 1.19586908577 0.52999980915 3.3969940058 1.4613955525 5.12142414112 0.00753464155925 0.00096427
pedestrian -1 -1 -10 1075.8 238.8 1093.11 302.726 2.00877940786 1.19786872174 0.52499969624 3.39651720656 1.46137961488 5.39048734458 0.00753464155925 0.00080784
pedestrian -1 -1 -10 1097.0 142.55 1133.0 231.125 2.00078035938 1.19686890375 0.52999980915 3.39689075893 1.45619627297 5.10796304674 0.00753464155925 0.00078845
pedestrian -1 -1 -10 889.57 138.21 907.564 196.942 1.95178562499 0.703922401143 0.539999796552 4.29606588351 1.3177494934 10.7211501149 0.00753464155925 0.00075062
pedestrian -1 -1 -10 972.0 202.09 996.094 265.341 2.06277355873 1.19886853972 0.415999762031 3.4235445357 1.49709763529 6.65582903885 0.00753464155925 0.00069532
pedestrian -1 -1 -10 1117.0 171.49 1153.58 256.987 2.00078032958 1.19886853972 0.535999849275 3.39820745159 1.45987753218 4.88386774071 0.00753464155925 0.00058359
pedestrian -1 -1 -10 896.5 211.93 930.277 286.711 2.02877722275 1.07088277864 0.692999866065 3.24192765249 1.52561248063 7.96570455878 0.00753464155925 0.00042432
pedestrian -1 -1 -10 1091.1 185.37 1119.51 258.277 2.00577980565 1.19886853972 0.52999980915 3.39704297519 1.46149176877 5.12792325033 0.00753464155925 0.00031054
pedestrian -1 -1 -10 1012.7 127.63 1047.94 191.448 1.84079787004 1.19686890375 0.463999844612 3.41536566389 1.28402605082 6.11032655812 0.00753464155925 0.00029296
pedestrian -1 -1 -10 898.0 132.67 919.574 197.353 1.73980894804 0.647929733233 0.255000036382 3.44814388118 1.27003015872 8.1373189137 0.00753464155925 0.00025104
pedestrian -1 -1 -10 1044.8 182.88 1082.85 252.618 2.02177805161 1.19886853972 0.476999852077 3.41813290973 1.47153950349 5.60479959145 0.00753464155925 0.00013689
pedestrian -1 -1 -10 1056.0 236.6 1091.29 310.963 2.01477882087 1.19786872174 0.521999914596 3.39546999908 1.46626848402 5.45047548871 0.00753464155925 0.00010622
pedestrian -1 -1 -10 81.921 33.279 198.951 314.369 1.74980784059 0.781914879017 0.811999549258 -6.32591780604 1.11033479145 9.71060936943 0.00753464155925 9.279e-05
pedestrian -1 -1 -10 892.23 130.39 928.472 220.749 1.86879485261 0.746918865593 0.30199995333 3.42431143841 1.39830044988 8.08704747375 0.00753464155925 5.4405e-05
pedestrian -1 -1 -10 1056.8 187.35 1096.61 259.804 2.0127790364 1.19786872174 0.52499969624 3.39673691692 1.46580851276 5.41945353463 0.00753464155925 5.1329e-05
pedestrian -1 -1 -10 1045.8 232.97 1071.33 305.509 2.02277795874 1.19786872174 0.476999852077 3.41835484875 1.4719761806 5.63430317257 0.00753464155925 3.1946e-05
pedestrian -1 -1 -10 1048.2 214.85 1082.4 285.586 2.01977826714 1.19686890375 0.476999852077 3.41774177125 1.47076977331 5.55279191021 0.00753464155925 2.9415e-05
pedestrian -1 -1 -10 1092.7 101.86 1130.93 212.72 1.80980134486 1.19786872174 0.287000091436 3.51763351055 1.2657290254 5.14896489087 0.00753464155925 1.0078e-05
pedestrian -1 -1 -10 903.62 121.79 945.755 214.936 1.81380079461 1.08488166079 0.282999905741 3.4535012275 1.30978598137 7.91870763986 0.00753464155925 2.9438e-06
