pedestrian -1 -1 -10 1090.6 267.33 1119.04 318.407 1.30885624817 1.19886853972 1.1929995938 2.49960775844 1.19150842366 3.67032122682 0.00753464155925 0.0012799
pedestrian -1 -1 -10 1082.0 264.98 1108.57 332.868 1.41984404991 1.19786872174 1.19599961386 2.45226824969 1.3037749436 3.68633993926 0.00753464155925 0.00044835
pedestrian -1 -1 -10 475.84 202.49 505.949 280.085 2.40573577572 0.964894443595 0.954999631369 -2.61668317442 1.80600790799 17.068737641 0.00753464155925 0.00039299
pedestrian -1 -1 -10 487.46 203.51 500.792 260.238 2.51672359026 0.99888920868 1.02399961597 -2.58209031205 1.80623442062 17.0862967893 0.00753464155925 0.00023957
pedestrian -1 -1 -10 1102.3 240.18 1143.84 349.18 1.24986278116 1.19486902939 1.19299971301 2.55726425717 1.10786846471 3.62968293505 0.00753464155925 0.00021587
pedestrian -1 -1 -10 530.78 216.18 552.807 255.322 2.47372844767 0.659927549062 0.930999828497 -1.71206840702 1.8554894977 17.5442589654 0.00753464155925 0.00016257
pedestrian -1 -1 -10 480.6 206.77 497.24 263.512 2.40573577572 0.964894443595 0.915999608975 -2.63618263368 1.80602210544 17.068884355 0.00753464155925 8.2797e-05
pedestrian -1 -1 -10 469.56 194.61 496.171 265.419 1.09188015079 0.660926890263 0.646999876332 -2.5600851632 1.79094403443 14.6934816366 0.00753464155925 6.8233e-05
pedestrian -1 -1 -10 522.29 206.5 548.641 256.691 2.58671589769 0.659927549062 1.09299971978 -1.79309904825 1.85854804402 17.5456605965 0.00753464155925 4.56e-05
pedestrian -1 -1 -10 1077.9 124.47 1101.02 181.776 1.20286790574 1.19086951905 0.44199977696 6.05397417153 0.55738455556 8.87886484559 0.00753464155925 3.7526e-05
