pedestrian -1 -1 -10 43.478 153.8 109.366 260.6 1.74499220997 0.762999971213 0.555998621736 -9.25464672908 1.22515400057 12.8041480332 0.00692802392802 0.99604
pedestrian -1 -1 -10 58.796 153.07 90.984 256.07 1.74499220997 0.769999935952 0.555998621736 -9.25462248131 1.22514993015 12.8076479316 0.00692802392802 0.80662
pedestrian -1 -1 -10 69.226 149.86 129.733 261.34 1.79099200815 1.1139995655 0.8359973033 -9.11337146406 1.27056471883 12.9786995695 0.00692802392802 0.78039
pedestrian -1 -1 -10 36.728 145.58 78.403 259.16 2.1719902575 1.18299785554 1.1909955125 -12.9454371197 1.07157333186 16.9623937629 0.00692802392802 0.55288
pedestrian -1 -1 -10 805.05 182.29 841.398 240.728 1.25799436867 0.606999939602 1.04199590416 5.53233576581 1.58077906397 17.6985221664 0.00692802392802 0.23658
pedestrian -1 -1 -10 79.335 157.44 114.505 253.045 1.78899204284 0.865999588607 0.555998621736 -9.25422926775 1.26909394005 12.8556717718 0.00692802392802 0.14664
pedestrian -1 -1 -10 47.776 157.12 66.155 247.807 2.17999023795 1.19600024235 1.1819947681 -12.9968327329 1.07169576066 16.9792452555 0.00692802392802 0.012131
pedestrian -1 -1 -10 95.061 155.78 138.521 257.26 1.67999250293 0.861998927561 0.754997279394 -9.07122985217 1.27020330872 13.1934771907 0.00692802392802 0.0085687
pedestrian -1 -1 -10 40.115 152.68 71.118 217.239 2.1719902575 1.19699969236 1.19599560817 -12.9555396212 1.0717006358 16.875460909 0.00692802392802 0.0070916
pedestrian -1 -1 -10 201.65 126.97 223.67 178.177 1.37899384946 0.325000542694 0.40899790725 -9.32771788029 0.359011264155 16.5999539203 0.00692802392802 0.0034322
pedestrian -1 -1 -10 51.579 146.87 82.757 222.072 1.6829924807 1.19600024235 1.15299554838 -12.9472180673 0.574262260609 17.2386186489 0.00692802392802 0.0026149
pedestrian -1 -1 -10 198.08 127.35 236.874 201.521 1.61799277365 1.18899837027 1.18499596991 -10.7039914899 0.478048975663 19.8845688193 0.00692802392802 0.0020707
pedestrian -1 -1 -10 73.874 152.44 95.549 249.36 1.78899204284 0.898000108608 0.555998621736 -9.25411841845 1.26907533202 12.8716716478 0.00692802392802 0.00092009
pedestrian -1 -1 -10 33.88 142.72 59.795 204.304 1.6829924807 1.1680003834 1.1819947681 -13.1629013965 0.575216852956 16.9241062606 0.00692802392802 0.00077648
pedestrian -1 -1 -10 822.01 171.72 848.874 245.812 1.26799431443 0.606999939602 0.931996660531 5.76334308533 1.59014379774 17.6969267926 0.00692802392802 0.00077103
pedestrian -1 -1 -10 67.827 177.76 100.572 256.458 1.74499220997 0.837999729653 0.555998621736 -9.2543869311 1.22511038886 12.8416470125 0.00692802392802 0.00058602
pedestrian -1 -1 -10 190.67 129.64 221.326 219.467 1.90199148357 1.16099851131 1.16399614032 -10.885799104 0.757827825191 19.6419831445 0.00692802392802 0.00012398
pedestrian -1 -1 -10 83.774 200.53 99.718 255.732 1.11899498403 0.831998261246 0.395998421457 -12.5475595718 1.0706587903 16.8067441278 0.00692802392802 0.0001131
pedestrian -1 -1 -10 185.62 112.98 222.739 188.88 1.50599328578 0.325000542694 0.40899790725 -9.32754275814 0.486010700473 16.6000265579 0.00692802392802 1.3556e-05
pedestrian -1 -1 -10 563.36 163.16 580.195 188.676 0.368998351693 0.826999103868 1.04399607951 -0.703709463544 0.132177413255 19.2695965574 0.00692802392802 3.8752e-06
pedestrian -1 -1 -10 176.64 110.89 212.35 208.029 1.89999151826 1.18199840553 1.1889947113 -10.9385670131 0.756512323192 19.1708363302 0.00692802392802 1.6469e-06
