pedestrian -1 -1 -10 0.0 137.63 116.24 370.0 1.72499228492 0.621999795922 0.724997182238 -3.76029880477 1.52243482797 4.55873756273 0.00692802392802 0.72082
pedestrian -1 -1 -10 1138.2 138.19 1214.6 343.58 1.54399313331 0.809999870698 0.581997593322 7.28529807021 1.16393417704 8.96301075709 0.00692802392802 0.71982
pedestrian -1 -1 -10 842.47 217.81 857.315 259.479 0.553997579217 0.297999180072 0.613998014846 4.89920255112 1.27986027383 13.9103744095 0.00692802392802 0.15227
pedestrian -1 -1 -10 1145.3 155.32 1210.83 263.0 1.54399313331 0.809999870698 0.581997593322 7.28529807021 1.16393417704 8.96301075709 0.00692802392802 0.13187
pedestrian -1 -1 -10 845.47 217.53 865.43 262.151 1.16799473763 1.07399963076 0.650997578365 4.2722628497 1.38470054569 11.1884157265 0.00692802392802 0.031959
pedestrian -1 -1 -10 663.9 218.82 678.68 261.715 2.0649907425 0.3619992664 1.18699551942 1.38721951898 1.16987914878 14.4867129614 0.00692802392802 0.023138
pedestrian -1 -1 -10 1175.2 146.03 1207.14 250.26 1.54399313331 0.809999870698 0.581997593322 7.28529807021 1.16393417704 8.96301075709 0.00692802392802 0.020589
pedestrian -1 -1 -10 43.164 155.31 110.596 351.05 1.72499228492 0.621999795922 0.724997182238 -3.76029880477 1.52243482797 4.55873756273 0.00692802392802 0.016837
pedestrian -1 -1 -10 670.23 217.53 685.64 261.594 1.46599345803 0.839998629665 1.06099606503 1.34342976494 1.43270943259 12.9956334207 0.00692802392802 0.007486
pedestrian -1 -1 -10 762.98 150.56 780.02 220.317 2.18299024552 0.77599949701 0.842996769662 3.14930273651 1.33453776585 12.2855742283 0.00692802392802 0.0073044
pedestrian -1 -1 -10 841.86 156.49 856.251 221.782 0.690996901691 0.0990008636954 0.57999774579 6.39595953584 0.784394731397 17.69994199 0.00692802392802 0.0063247
pedestrian -1 -1 -10 0.0 147.73 75.148 299.54 1.72499228492 0.621999795922 0.724997182238 -3.76029880477 1.52243482797 4.55873756273 0.00692802392802 0.0056299
pedestrian -1 -1 -10 756.33 154.23 788.862 228.454 0.765996554494 0.138000394761 0.760997298826 4.08661361841 0.750859764171 17.615357204 0.00692802392802 0.0049494
pedestrian -1 -1 -10 688.16 203.69 716.221 259.455 2.40098932534 0.723999486473 1.18999546953 2.04830865496 1.49603357335 14.5063170657 0.00692802392802 0.0033487
pedestrian -1 -1 -10 1120.2 179.26 1182.26 329.24 1.54399313331 0.769999935952 0.581997593322 7.28543662936 1.16391091743 8.98301024449 0.00692802392802 0.0028147
pedestrian -1 -1 -10 941.8 228.16 965.551 270.571 0.888995940984 0.583999238026 0.240998793678 4.41893714681 1.34955417265 10.0894937691 0.00692802392802 0.0024389
pedestrian -1 -1 -10 833.21 157.86 848.123 213.168 2.1949902162 0.998999872316 1.19199543627 4.19781594693 1.33664697633 12.2848053895 0.00692802392802 0.0023936
pedestrian -1 -1 -10 891.43 228.49 917.905 277.596 1.16499484926 1.18399921289 0.638997539502 4.26131227007 1.38254752585 10.4744729917 0.00692802392802 0.0023543
pedestrian -1 -1 -10 696.96 198.24 709.083 233.425 2.40098932534 0.72599934016 1.19399564143 2.08330084117 1.49593849175 14.5050745723 0.00692802392802 0.0023358
pedestrian -1 -1 -10 685.71 211.56 698.008 256.023 2.39298934489 0.815999431756 1.12699574233 1.86427061759 1.49663120599 14.4275960325 0.00692802392802 0.002245
pedestrian -1 -1 -10 666.77 212.98 696.078 266.017 1.46599345803 0.854998962822 1.02299616051 1.36248122172 1.43264846308 13.0030017154 0.00692802392802 0.0013781
pedestrian -1 -1 -10 760.68 153.82 773.208 211.698 2.30698970407 0.672999879616 1.02399608428 3.24501709257 1.40793324758 14.3314745844 0.00692802392802 0.0011743
pedestrian -1 -1 -10 689.28 209.08 704.41 261.073 2.39298934489 0.815999431756 1.19299547924 1.92026905642 1.49647721519 14.4272078886 0.00692802392802 0.0010827
pedestrian -1 -1 -10 678.73 215.24 691.692 261.598 1.46599345803 0.896998751255 0.947996454062 1.40012566078 1.43252092173 13.0237411879 0.00692802392802 0.00091619
pedestrian -1 -1 -10 752.07 154.22 777.565 211.718 2.29898972362 0.617999611713 1.0019960925 3.18981712129 1.40011649015 14.3043517472 0.00692802392802 0.00089644
pedestrian -1 -1 -10 702.53 159.39 730.802 209.219 0.754996611178 0.124000465284 1.1559955581 2.90821984541 0.740084228476 17.6375154245 0.00692802392802 0.00070598
pedestrian -1 -1 -10 833.79 151.91 863.397 241.768 0.690996901691 0.0990008636954 0.57999774579 6.39595953584 0.784394731397 17.69994199 0.00692802392802 0.00064005
pedestrian -1 -1 -10 684.3 197.43 708.947 247.547 2.39198936224 0.84999885177 1.18699557902 1.94238761249 1.49639694838 14.4440552774 0.00692802392802 0.00063134
pedestrian -1 -1 -10 881.59 228.6 899.594 277.672 1.16499484926 1.1849986629 0.638997539502 4.26032503575 1.38271325069 10.3319765844 0.00692802392802 0.00060357
pedestrian -1 -1 -10 326.12 217.31 349.293 282.54 1.0639952302 1.16499917236 1.17399585481 -4.03339960653 1.38811556725 10.7435099955 0.00692802392802 0.00050243
pedestrian -1 -1 -10 905.83 234.01 928.64 277.45 0.904995961487 0.741999123323 0.617997471493 4.26927642639 1.35599203718 10.0675280142 0.00692802392802 0.00049737
pedestrian -1 -1 -10 1148.1 160.46 1181.81 257.474 1.54399313331 0.809999870698 0.581997593322 7.28529807021 1.16393417704 8.96301075709 0.00692802392802 0.00034324
pedestrian -1 -1 -10 878.81 211.45 893.975 273.561 0.931995910406 0.837999729653 0.617997471493 4.26964620176 1.38293616258 10.1155426081 0.00692802392802 0.00029009
pedestrian -1 -1 -10 835.51 201.04 863.114 262.398 0.553997579217 0.297999180072 0.613998014846 4.89920255112 1.27986027383 13.9103744095 0.00692802392802 0.00025664
pedestrian -1 -1 -10 843.07 198.48 878.632 261.263 1.20199459493 1.17999950552 0.733997449802 4.31308446019 1.3846922587 11.0971108027 0.00692802392802 0.00024683
pedestrian -1 -1 -10 928.11 220.25 957.629 268.714 0.99199552536 1.02599837392 0.377998363163 4.94266260917 1.41191474897 10.2598820391 0.00692802392802 0.00023185
pedestrian -1 -1 -10 1113.5 109.47 1187.04 292.65 2.27398991883 1.17499939446 1.19399576064 8.870622296 1.36379796404 11.377395126 0.00692802392802 0.00020764
pedestrian -1 -1 -10 340.55 220.94 381.804 280.698 1.0639952302 1.18999877395 0.992996301775 -3.69415251474 1.38738800257 10.5616547444 0.00692802392802 0.00016517
pedestrian -1 -1 -10 752.73 161.58 763.647 207.711 1.01899544448 0.573999015921 1.19799569412 3.95497650425 1.00397222778 17.8344212933 0.00692802392802 0.00013039
pedestrian -1 -1 -10 950.37 235.46 966.679 281.002 2.1059905082 0.898000108608 1.19299536004 6.01885589254 1.38924885603 11.7397885026 0.00692802392802 0.00011933
pedestrian -1 -1 -10 352.54 212.11 376.617 276.042 0.980995537341 0.679999844355 0.61799770991 -3.51547742929 1.39421955626 10.2784660462 0.00692802392802 9.4923e-05
pedestrian -1 -1 -10 651.45 212.16 675.228 269.021 1.51199325621 0.787999572802 1.03499608017 1.18631739685 1.47917119213 12.9707490152 0.00692802392802 8.9884e-05
pedestrian -1 -1 -10 713.56 145.87 740.977 208.513 2.07299072295 0.542999853273 1.19899561788 2.60817354538 1.16668690004 14.333741841 0.00692802392802 7.9046e-05
pedestrian -1 -1 -10 881.48 207.38 909.207 272.274 0.904995961487 0.686999809094 0.578997583607 4.24958643409 1.35607764066 10.0401641744 0.00692802392802 5.703e-05
pedestrian -1 -1 -10 73.432 193.39 126.828 319.95 2.00699100345 1.19099917763 1.10899604167 -9.38181656826 1.38980424688 13.4160833563 0.00692802392802 4.976e-05
pedestrian -1 -1 -10 1186.2 128.07 1223.06 256.11 1.96399124265 1.16899887973 0.758996974458 10.4074769699 0.998422138118 12.3715278306 0.00692802392802 3.3845e-05
pedestrian -1 -1 -10 742.3 154.17 753.635 209.301 1.01299550384 0.561999893803 1.18999535032 3.68693122623 0.997716223385 17.8302748473 0.00692802392802 2.7754e-05
pedestrian -1 -1 -10 873.82 201.64 899.556 265.435 0.931995910406 0.837999729653 0.617997471493 4.26964620176 1.38293616258 10.1155426081 0.00692802392802 2.447e-05
pedestrian -1 -1 -10 1140.8 187.4 1169.31 282.057 1.54399313331 0.752999749108 0.581997593322 7.28549551774 1.16390103197 8.99151013392 0.00692802392802 1.5343e-05
pedestrian -1 -1 -10 673.71 171.49 688.013 229.517 1.46599345803 0.886999482823 0.984996315603 1.3823397558 1.43245200636 13.1268670364 0.00692802392802 8.7558e-06
pedestrian -1 -1 -10 332.16 209.59 362.59 290.989 0.978995572031 1.00799969074 1.1009961747 -3.74883765711 1.39267369889 10.4440862435 0.00692802392802 1.0873e-06
pedestrian -1 -1 -10 361.76 181.95 397.841 274.448 2.16199031174 0.442000089565 1.19299583687 -4.75175325372 1.23195752619 15.2312778502 0.00692802392802 5.5039e-07
pedestrian -1 -1 -10 315.92 201.46 358.219 284.656 1.0639952302 1.1819993592 1.17199529203 -4.09145219426 1.38811905984 10.8804159223 0.00692802392802 4.9686e-08
