pedestrian -1 -1 -10 599.54 179.67 616.304 233.841 0.482946986793 0.360960516013 0.0409999960325 0.110761219576 1.77154521379 31.1164068848 0.00753464155925 0.0083014
pedestrian -1 -1 -10 335.25 221.64 348.468 271.733 2.50572482038 1.194868791 0.531999901998 -5.62798713217 1.96562041443 15.6336021377 0.00753464155925 0.0023523
pedestrian -1 -1 -10 330.84 218.27 343.244 271.449 2.56071878899 1.19287010859 0.525999861873 -5.62750768409 1.94472033939 15.3032699739 0.00753464155925 0.0016708
pedestrian -1 -1 -10 1009.6 145.69 1043.39 246.64 1.85079676259 1.19886853972 0.771999838068 2.11645979444 1.36065952044 3.32966815428 0.00753464155925 0.00032508
pedestrian -1 -1 -10 601.86 182.55 624.559 240.673 0.244973081948 0.241974070369 0.0109999970388 0.224480458523 2.00381539668 29.5826389151 0.00753464155925 0.00027806
pedestrian -1 -1 -10 586.85 177.55 620.644 246.58 0.274969878785 0.101990016671 0.0469999765528 -0.144507591406 2.3226945038 33.6764847069 0.00753464155925 0.00011977
pedestrian -1 -1 -10 992.38 143.18 1025.22 250.21 1.85279648746 1.19886877812 0.833999855329 2.06634900253 1.36144340779 3.4480651191 0.00753464155925 2.1928e-05
pedestrian -1 -1 -10 1132.5 267.47 1172.49 356.568 2.15076389658 1.19886853972 0.96499985719 2.26985964713 1.66423534724 2.90217992833 0.00753464155925 1.7225e-05
pedestrian -1 -1 -10 1146.6 199.5 1180.09 297.017 2.13476562082 1.19886877812 0.904999694358 2.26198091105 1.64652507835 2.78636699922 0.00753464155925 1.8645e-06
pedestrian -1 -1 -10 1153.2 143.22 1190.82 249.96 1.89379202438 1.19786872174 0.747999796777 2.18560943831 1.41005966581 2.54912647694 0.00753464155925 1.2758e-06
pedestrian -1 -1 -10 1137.3 205.12 1167.98 302.286 2.12476672828 1.19886877812 0.809999694829 2.21392920969 1.63548018817 2.71380853134 0.00753464155925 8.5825e-07
pedestrian -1 -1 -10 1163.8 191.78 1199.71 303.64 2.11076826679 1.19786872174 0.844999650736 2.2347374587 1.62411121526 2.62220388747 0.00753464155925 7.7217e-07
pedestrian -1 -1 -10 1144.4 158.81 1181.48 273.22 2.0357764535 1.19886877812 0.780999779046 2.20276427448 1.54923891478 2.62949892185 0.00753464155925 7.363e-07
pedestrian -1 -1 -10 1151.2 259.65 1193.93 363.01 2.12876623762 1.19786896013 0.873999804937 2.24590322421 1.63940459063 2.71003865285 0.00753464155925 6.9502e-07
