pedestrian -1 -1 -10 215.19 83.963 254.046 256.573 1.71881122601 0.895901757947 0.772999765283 -3.10469703604 1.17531068552 6.33068389328 0.00753464155925 0.29462
pedestrian -1 -1 -10 514.18 205.56 531.234 251.941 1.38284818017 1.07188211984 0.578999818946 -2.16271176132 1.77229378575 16.086609576 0.00753464155925 0.059048
pedestrian -1 -1 -10 1067.7 50.845 1241.15 365.645 1.98278229916 1.11887690266 0.652999678038 6.6554426902 1.34244804876 8.43542323542 0.00753464155925 0.0076636
pedestrian -1 -1 -10 506.16 201.29 524.641 259.448 1.38284818017 0.680926110687 0.683999805878 -2.21668311158 1.76943813132 15.8915321192 0.00753464155925 0.0071223
pedestrian -1 -1 -10 212.42 123.36 246.992 213.281 1.8108011328 0.895901757947 0.714999695299 -3.13366788651 1.26732170646 6.33022093615 0.00753464155925 0.0016085
pedestrian -1 -1 -10 1126.5 64.419 1241.99 277.249 1.87879368556 0.995891185077 0.906999310369 6.78194537595 1.24045625479 8.37370217265 0.00753464155925 0.0015095
pedestrian -1 -1 -10 222.43 112.93 264.547 213.74 1.73680925644 1.01388886239 0.85799977741 -3.06263717454 1.19240442566 6.27123898639 0.00753464155925 0.001304
pedestrian -1 -1 -10 523.24 202.96 541.064 250.224 0.748917695411 0.658928207861 0.298000006053 -2.17012842157 1.88974239149 20.9734096531 0.00753464155925 0.00090545
pedestrian -1 -1 -10 253.92 136.39 269.093 199.064 1.8108011328 0.896901575933 0.884999719554 -3.04867404684 1.2672524195 6.32908151891 0.00753464155925 0.00055918
pedestrian -1 -1 -10 515.65 198.25 538.479 270.455 1.14087479579 0.655928277119 0.197999893613 -1.97907990458 1.85266617473 18.2105383354 0.00753464155925 0.00050643
pedestrian -1 -1 -10 248.32 133.41 264.412 203.286 1.82879916323 0.914899730031 0.884999719554 -3.04873630159 1.28511722658 6.3199494293 0.00753464155925 0.00035402
pedestrian -1 -1 -10 522.29 194.78 546.899 264.066 0.748917695411 0.658928207861 0.298000006053 -2.17012842157 1.88974239149 20.9734096531 0.00753464155925 0.0001487
pedestrian -1 -1 -10 534.4 193.04 550.542 240.146 0.301966864822 0.254973134538 0.34000004851 -3.43133654669 1.2985768394 38.1317219938 0.00753464155925 0.00012928
pedestrian -1 -1 -10 411.75 180.78 439.534 212.38 0.473947971581 0.658927254291 1.14599955764 -2.98948288377 0.755163430539 11.7220651874 0.00753464155925 0.00010587
pedestrian -1 -1 -10 246.82 124.08 275.725 203.607 1.76980562568 0.904901073388 0.884999719554 -3.04871682357 1.22619769965 6.32538543856 0.00753464155925 9.193e-05
pedestrian -1 -1 -10 248.62 199.89 282.461 289.233 2.27375035834 1.19186933704 1.17099964536 -3.08175816124 1.73174365425 6.42839520428 0.00753464155925 5.5862e-05
pedestrian -1 -1 -10 209.46 103.23 234.295 195.372 1.51983313322 0.526942221264 0.547999691107 -3.21586526501 0.979145560183 6.51747820284 0.00753464155925 4.1402e-05
