pedestrian -1 -1 -10 828.14 157.82 911.254 300.46 1.64999266565 0.695999627519 0.864996761438 3.4534260927 1.40146492824 8.99577376325 0.00692802392802 0.99563
pedestrian -1 -1 -10 699.44 165.76 714.879 220.363 2.47398889363 0.681999698041 1.1979954557 2.16820917533 1.57774033917 14.4735385773 0.00692802392802 0.0052095
pedestrian -1 -1 -10 663.3 194.24 694.489 262.302 2.47398889363 0.878999114405 1.19399546261 1.57574175238 1.57928435033 14.5521465128 0.00692802392802 0.0033188
pedestrian -1 -1 -10 941.02 223.83 957.429 269.496 0.956995715201 0.766999678586 0.245999366179 4.43324755352 1.4173964562 10.19293595 0.00692802392802 0.0031114
pedestrian -1 -1 -10 679.62 196.54 692.176 241.551 1.47299344093 0.934999785988 0.874996773955 1.4121989166 1.44039507769 13.1046644798 0.00692802392802 0.0028237
pedestrian -1 -1 -10 704.07 162.08 727.452 208.437 0.755996608734 0.138999844768 1.18899566497 2.89377080492 0.740115379149 17.645114864 0.00692802392802 0.0024246
pedestrian -1 -1 -10 695.37 189.96 707.642 228.556 2.47398889363 0.828999911228 1.18299552633 2.05531153596 1.57795184815 14.5608228188 0.00692802392802 0.0019107
pedestrian -1 -1 -10 681.84 193.45 710.361 259.975 2.47398889363 0.737999415951 1.19199567469 1.92924356078 1.5783928983 14.4791947312 0.00692802392802 0.00185
pedestrian -1 -1 -10 689.27 195.41 701.642 236.346 1.74399219751 0.763999421219 1.16199569674 2.41164624424 0.737150858213 17.8983830218 0.00692802392802 0.00080905
pedestrian -1 -1 -10 684.19 204.04 696.813 260.809 2.47398889363 0.865999588607 1.12299592806 1.86218883099 1.57850408123 14.5436611336 0.00692802392802 0.00065684
pedestrian -1 -1 -10 678.13 196.85 700.857 246.911 1.47299344093 1.01599910549 0.820996956699 1.4389175963 1.4403679325 13.0639786511 0.00692802392802 0.00061344
pedestrian -1 -1 -10 691.37 172.11 718.936 235.966 2.47398889363 0.693999773832 1.17199564965 2.09525968136 1.57793293696 14.4810438706 0.00692802392802 0.0005606
pedestrian -1 -1 -10 346.52 214.63 369.029 274.449 0.97599568367 1.16499917236 1.05599626739 -3.67900210081 1.38142166027 10.496092138 0.00692802392802 0.00041829
pedestrian -1 -1 -10 760.26 166.25 791.502 233.685 0.761996594071 0.10700027844 0.644997558934 4.1198378549 0.748731257067 17.6476279415 0.00692802392802 0.00037262
pedestrian -1 -1 -10 695.36 164.17 709.598 222.25 2.39598929286 0.681999698041 1.19399552222 2.07119437176 1.49999235429 14.4871654998 0.00692802392802 0.00029102
pedestrian -1 -1 -10 946.38 233.67 969.499 277.811 2.17799021304 1.02499987758 1.19699553193 5.94586052434 1.40744079693 11.7477738704 0.00692802392802 0.00028871
pedestrian -1 -1 -10 834.96 157.88 865.701 258.26 0.44099804908 0.0760001621194 0.206999478293 6.2477771513 0.774803716918 17.7006040549 0.00692802392802 0.00028147
pedestrian -1 -1 -10 888.89 213.45 923.657 288.65 0.909995874763 1.02099921654 0.589997937121 4.25316585309 1.36289160533 10.1941475213 0.00692802392802 0.00015241
pedestrian -1 -1 -10 858.46 169.89 928.523 294.47 0.908995951712 0.839999583339 0.666997312292 4.16443936988 1.36250344206 9.87325460319 0.00692802392802 0.00011042
pedestrian -1 -1 -10 824.08 175.59 865.201 295.36 0.546997521818 0.206999638468 0.32299874135 4.74997081409 1.27322537857 13.9509058724 0.00692802392802 9.1598e-05
pedestrian -1 -1 -10 340.14 219.18 382.482 281.123 1.01599552631 1.18999972762 1.08799621207 -3.66215356794 1.38122589329 10.6264554579 0.00692802392802 7.7339e-05
pedestrian -1 -1 -10 671.25 174.39 687.764 228.925 1.47299344093 0.63199954119 0.901996563374 1.37974938963 1.4403110053 13.2563931599 0.00692802392802 6.5535e-05
pedestrian -1 -1 -10 749.79 162.74 765.523 208.319 0.763996589184 0.113000793173 1.10299602224 3.89082058048 0.749364459027 17.6462138441 0.00692802392802 5.8719e-05
pedestrian -1 -1 -10 839.56 155.18 852.479 211.382 2.19299025089 1.06299900497 1.17299545421 4.28760720821 1.33134972243 12.3281790633 0.00692802392802 5.7715e-05
pedestrian -1 -1 -10 354.75 210.26 375.519 271.83 0.960995645821 0.910999634406 0.875996638117 -3.58990498231 1.3663218353 10.3684630338 0.00692802392802 5.3312e-05
pedestrian -1 -1 -10 1110.4 79.629 1143.7 200.629 1.60199287236 0.681999698041 1.1969950551 8.4493140042 0.695775646872 11.5384324419 0.00692802392802 3.9956e-05
pedestrian -1 -1 -10 360.38 195.9 381.257 273.249 1.89399150312 0.45099990799 1.19299583687 -4.96303024046 0.959522096598 15.2470811021 0.00692802392802 1.9337e-05
pedestrian -1 -1 -10 677.79 170.14 694.234 230.537 1.47299344093 1.01599910549 0.874996773955 1.41191833624 1.4404421781 13.064165792 0.00692802392802 1.5487e-05
pedestrian -1 -1 -10 322.37 213.49 347.366 279.01 1.07799522579 1.19099917763 1.17499530174 -4.09005274752 1.40013415453 10.8639116561 0.00692802392802 1.1603e-05
pedestrian -1 -1 -10 875.03 199.18 914.089 293.803 0.909995874763 0.921999306517 0.692997237549 4.17772444481 1.36341993508 9.91416394784 0.00692802392802 1.278e-06
pedestrian -1 -1 -10 331.16 204.24 361.868 291.985 0.98999556005 1.00999954443 1.17899571206 -3.75801744519 1.39572752949 10.4191462852 0.00692802392802 1.0736e-06
