pedestrian -1 -1 -10 342.61 142.82 355.171 188.007 1.85379639459 1.11687726669 0.711999675237 -4.98829380576 1.16878701365 13.3764421301 0.00753464155925 0.0066578
pedestrian -1 -1 -10 1031.4 270.58 1044.63 313.546 2.2407539295 1.19086951905 0.872999877722 5.05699777767 1.642439425 8.23290637048 0.00753464155925 0.0040504
pedestrian -1 -1 -10 1036.1 268.71 1049.5 313.874 2.2407539295 1.18087086241 0.863999579116 5.05160124221 1.64068120924 8.1139569221 0.00753464155925 0.0020043
pedestrian -1 -1 -10 1023.3 271.2 1042.7 319.255 2.2407539295 1.18387031637 0.858999943043 5.0505216035 1.64347329412 8.30244942047 0.00753464155925 0.0008811
pedestrian -1 -1 -10 379.97 200.86 408.025 271.145 1.06288332069 0.761916612163 0.739999783014 -3.26067504971 1.51026236599 11.9188168754 0.00753464155925 0.00034988
pedestrian -1 -1 -10 336.5 137.83 361.671 205.183 2.03577651309 1.1938694498 1.07199969855 -4.97621678851 1.34864399162 14.0426276228 0.00753464155925 0.00010757
pedestrian -1 -1 -10 1165.5 144.05 1201.86 278.81 1.86179553247 1.18587042913 1.15799963789 6.58025724216 1.23624888052 8.21613621484 0.00753464155925 6.0277e-05
pedestrian -1 -1 -10 1155.7 142.59 1191.14 262.67 1.87979356289 1.1828700216 1.17699968548 6.64331325581 1.23927561689 8.42327789229 0.00753464155925 4.9007e-05
pedestrian -1 -1 -10 710.71 120.0 738.626 198.082 0.945896145283 0.548939647304 0.375999812423 5.80948607148 0.535017989514 35.6528312049 0.00753464155925 3.6785e-05
pedestrian -1 -1 -10 707.06 145.12 741.237 228.877 1.16887165916 0.688927515282 0.375999812423 5.80902744839 0.756957305348 35.5811882159 0.00753464155925 3.095e-05
pedestrian -1 -1 -10 1138.3 152.5 1170.41 251.097 1.8567960862 1.194868791 1.18399965282 6.51592396807 1.2415303436 8.57005466051 0.00753464155925 2.3467e-06
pedestrian -1 -1 -10 1127.9 156.3 1159.78 247.165 1.8567960862 1.194868791 1.05499950539 6.45142571997 1.24157730439 8.57053994566 0.00753464155925 2.3245e-06
