pedestrian -1 -1 -10 1136.3 94.962 1171.93 201.352 0.569937447306 1.16087307234 0.599999244128 11.0388062504 -0.251017036492 14.7333993422 0.00753464155925 0.0007303
pedestrian -1 -1 -10 1168.3 121.82 1202.79 241.29 0.563938078999 1.15587350563 1.07399955298 8.18091564973 0.441286231818 10.1725091574 0.00753464155925 0.0003037
pedestrian -1 -1 -10 38.884 108.0 70.957 215.69 1.71481177627 1.19586908577 0.527999716302 -6.87010310618 1.06653211805 9.02600391553 0.00753464155925 0.00026727
pedestrian -1 -1 -10 1125.7 110.89 1161.39 222.56 0.517943125606 1.18387031637 1.10699953525 8.60648670894 0.259033652974 11.5248466475 0.00753464155925 0.00023047
pedestrian -1 -1 -10 1157.4 126.97 1192.14 237.61 0.52094278741 1.19286915503 1.00999991971 8.28965151351 0.401654609037 10.4044900017 0.00753464155925 0.00016672
pedestrian -1 -1 -10 0.0 98.564 39.859 203.484 1.60282402479 1.1938694498 0.753999479274 -7.03096702671 0.962138096027 8.38484368233 0.00753464155925 0.00012365
pedestrian -1 -1 -10 28.447 108.35 60.294 213.65 1.74780808592 1.1938694498 0.888999666831 -7.05187175281 1.10412787958 8.85603756388 0.00753464155925 0.0001002
pedestrian -1 -1 -10 1102.9 103.4 1140.24 221.51 0.471948216911 1.14387473623 0.632999226397 11.1711885609 -0.344561208232 15.9177255416 0.00753464155925 7.6981e-05
pedestrian -1 -1 -10 71.613 103.62 104.281 214.2 1.72881011856 1.19286915503 0.6350000345 -6.92026423803 1.07413578587 9.46993368048 0.00753464155925 3.4187e-05
pedestrian -1 -1 -10 47.44 110.38 83.528 224.55 1.91878937494 1.18886988308 0.579999746161 -6.89425022594 1.27404424092 9.26215659763 0.00753464155925 2.2193e-05
pedestrian -1 -1 -10 100.79 102.14 134.836 217.86 1.66381731701 1.19586908577 0.947999664029 -7.16597332251 0.990673338569 10.644201428 0.00753464155925 8.1699e-06
pedestrian -1 -1 -10 1169.1 171.64 1202.77 296.56 1.33085384357 1.1938694498 1.13399947739 7.11900407697 1.04216352388 8.83810617752 0.00753464155925 6.1395e-06
pedestrian -1 -1 -10 1083.1 98.973 1121.31 223.343 0.376958588722 1.19486974457 0.843000153935 9.19840209755 -0.0576768678518 13.5288083391 0.00753464155925 4.8505e-06
