pedestrian -1 -1 -10 859.74 187.31 915.532 343.68 1.57682687139 1.1878700651 1.18399965282 2.81184154915 1.69537723927 7.31949753892 0.00753464155925 0.96917
pedestrian -1 -1 -10 860.41 183.22 894.508 314.83 1.5798265481 1.18386983958 1.08099975874 2.72318504103 1.69513081569 7.29918811618 0.00753464155925 0.065928
pedestrian -1 -1 -10 869.77 189.03 900.119 290.1 1.5828262099 1.19286915503 1.08099975874 2.72253244772 1.69385040131 7.21272232853 0.00753464155925 0.010994
pedestrian -1 -1 -10 855.19 186.43 894.473 257.76 1.5798265481 1.19286915503 1.08099975874 2.72297786369 1.69472374847 7.27169199494 0.00753464155925 0.01034
pedestrian -1 -1 -10 1199.3 54.524 1241.97 218.834 1.58482593477 0.829909003041 0.496999588463 10.6767813706 0.820964415004 12.2179231164 0.00753464155925 0.0059506
pedestrian -1 -1 -10 832.18 189.07 894.727 328.7 1.57682687139 1.17887122644 0.969999731681 2.66787963602 1.69554869168 7.3250802558 0.00753464155925 0.003306
pedestrian -1 -1 -10 861.42 186.53 881.118 249.639 1.57682687139 1.17887122644 1.01999966869 2.69287889692 1.69553048987 7.32489216123 0.00753464155925 0.0023766
pedestrian -1 -1 -10 933.05 132.88 945.368 171.055 1.27186036563 0.721921032025 0.121999703255 13.785763367 0.200337671378 29.4607501982 0.00753464155925 0.0015353
pedestrian -1 -1 -10 873.67 183.8 890.616 264.349 1.58482599437 1.19186933704 1.08099975874 2.72218151223 1.69316208599 7.16624358205 0.00753464155925 0.0010503
pedestrian -1 -1 -10 858.12 194.25 876.008 266.885 1.57582697916 1.18487013435 1.01999966869 2.69320315433 1.69616699317 7.3678785711 0.00753464155925 0.00095138
pedestrian -1 -1 -10 1161.7 64.931 1237.06 242.871 1.91378980947 1.18687024711 0.222000054113 14.2620420633 0.996803758734 17.3549531212 0.00753464155925 0.00075365
pedestrian -1 -1 -10 527.18 191.04 546.143 244.389 1.7818043027 1.16587168549 0.589999733563 -1.78234568997 1.65632905834 15.4333234695 0.00753464155925 0.00051355
pedestrian -1 -1 -10 936.85 128.9 949.839 174.512 1.27186036563 1.14087385192 0.126999816165 13.7816850666 0.197238379358 29.2512985442 0.00753464155925 0.00035582
pedestrian -1 -1 -10 545.73 162.74 558.084 217.41 0.384957756397 0.123986965927 0.16900009704 -4.09016162707 -0.0218423547342 54.969667374 0.00753464155925 0.00029927
pedestrian -1 -1 -10 845.12 192.86 880.563 293.15 1.57282731735 1.15487368764 1.01999966869 2.69364857389 1.69704034739 7.42684871429 0.00753464155925 0.0002138
pedestrian -1 -1 -10 447.5 185.61 473.84 224.648 1.4168444193 0.880904011377 0.883999553921 -2.73233027464 1.37440542741 14.3853078775 0.00753464155925 0.00015289
pedestrian -1 -1 -10 851.24 202.65 865.712 253.422 1.56682796395 1.19686842697 1.03199974894 2.70258845171 1.70280894465 7.8167049858 0.00753464155925 0.0001058
pedestrian -1 -1 -10 536.72 180.7 554.65 233.235 1.10787833715 0.445950289432 0.155999970366 -1.52927277489 1.02315707959 17.8631363103 0.00753464155925 7.7367e-05
pedestrian -1 -1 -10 881.71 190.1 922.177 297.58 1.58482599437 1.19186933704 0.966999711619 2.77908951688 1.69294295466 7.1538162969 0.00753464155925 7.3374e-05
pedestrian -1 -1 -10 439.09 179.4 472.017 241.022 1.33785309666 0.798912261559 0.783999679899 -2.78266203853 1.29484360088 14.3452742536 0.00753464155925 2.8875e-05
pedestrian -1 -1 -10 853.22 237.63 882.94 349.09 1.56682796395 1.16987143421 1.03199974894 2.70214019404 1.70192819679 7.75721321333 0.00753464155925 9.9612e-07
