pedestrian -1 -1 -10 158.12 224.31 189.158 296.902 2.12976611495 1.19686938054 0.360000023314 -5.10576330564 1.51583099357 8.37654249247 0.00753464155925 0.010307
pedestrian -1 -1 -10 152.27 256.61 174.477 312.421 2.12576666521 1.19886806294 0.378000143689 -5.09878452853 1.5188418903 8.10737855791 0.00753464155925 0.0056182
pedestrian -1 -1 -10 148.25 251.28 167.07 305.603 2.12576666521 1.19486926778 0.378000143689 -5.09928928699 1.51785012828 8.040388125 0.00753464155925 0.0050376
pedestrian -1 -1 -10 157.36 251.51 189.947 312.131 2.13476562082 1.19586908577 0.360000023314 -5.10629165913 1.52178673966 8.30598568429 0.00753464155925 0.0026397
pedestrian -1 -1 -10 143.55 260.15 161.87 316.201 2.12176709627 1.19886806294 0.378000143689 -5.09983048541 1.51678434505 7.96836817537 0.00753464155925 0.0026011
pedestrian -1 -1 -10 184.31 241.36 213.738 314.228 2.12176703667 1.19686842697 0.393000005583 -5.11934898565 1.50258852504 8.76483524406 0.00753464155925 0.0021476
pedestrian -1 -1 -10 281.39 156.73 309.504 210.708 0.642929412811 1.06488291716 0.879999845062 -3.89607715476 0.552517072589 9.41482742266 0.00753464155925 0.0012727
pedestrian -1 -1 -10 0.0 241.34 31.184 310.509 2.07977159262 1.19686890375 0.963999929975 -5.24684666038 1.50425726537 6.23811194796 0.00753464155925 0.0011187
pedestrian -1 -1 -10 285.49 150.55 326.4 206.303 1.18386999798 1.18387031637 0.210999901078 -5.08938332872 0.513442690666 12.1332742896 0.00753464155925 0.00023652
pedestrian -1 -1 -10 135.19 238.45 167.658 314.123 2.12176709627 1.19086951905 0.378000143689 -5.09991335419 1.51662152239 7.95737001294 0.00753464155925 0.00016973
pedestrian -1 -1 -10 300.17 155.84 333.408 199.603 1.04688504493 1.17787140845 0.263999858151 -5.07675372811 0.368638363056 12.8224040245 0.00753464155925 8.3237e-05
pedestrian -1 -1 -10 198.86 232.79 234.266 318.814 0.998890366668 0.89290230399 0.78199982547 -4.03657511726 1.52787582703 7.94287943553 0.00753464155925 5.4163e-05
pedestrian -1 -1 -10 418.82 212.68 436.313 270.105 1.72481058315 0.665926456976 1.02299968875 -2.83022059068 1.66436767322 10.732028279 0.00753464155925 2.5155e-05
pedestrian -1 -1 -10 0.0 105.46 39.575 211.29 1.7358094387 1.18387031637 1.0049998068 -5.26665219734 1.15788693187 6.34735753496 0.00753464155925 1.5234e-05
pedestrian -1 -1 -10 692.73 118.19 744.88 192.379 0.824909445641 0.460949943143 0.95799988985 4.79357093908 -0.145900548224 29.8798698018 0.00753464155925 1.376e-06
