pedestrian -1 -1 -10 1022.9 115.39 1092.59 321.11 1.87379429888 0.49994522851 0.642999929055 5.03369400225 1.46090696158 8.05952912852 0.00753464155925 0.9919
pedestrian -1 -1 -10 1016.6 126.68 1060.52 293.32 1.88679276384 0.49994522851 0.642999929055 5.03369801013 1.47390542653 8.05943288024 0.00753464155925 0.81188
pedestrian -1 -1 -10 737.52 169.44 748.479 209.08 0.0999890208244 0.0160009020508 0.140000300467 8.4767438987 0.71406660472 43.5934193877 0.00753464155925 0.023985
pedestrian -1 -1 -10 1053.6 230.74 1105.51 351.64 1.84879694832 0.49994522851 0.642999929055 5.0336862947 1.43590961102 8.0597142236 0.00753464155925 0.016787
pedestrian -1 -1 -10 1021.5 139.86 1057.58 236.979 1.88679276384 0.49994522851 0.642999929055 5.03369801013 1.47390542653 8.05943288024 0.00753464155925 0.0081212
pedestrian -1 -1 -10 1037.5 134.82 1090.07 269.58 1.86979467035 0.49994522851 0.642999929055 5.03369276903 1.45690733304 8.05955874412 0.00753464155925 0.008089
pedestrian -1 -1 -10 506.99 178.81 520.042 217.734 2.56071890818 1.15087489249 0.871000023293 -4.33555472752 1.73374638432 33.1891266796 0.00753464155925 0.0065121
pedestrian -1 -1 -10 794.62 168.03 806.943 207.783 2.32674451268 0.848906975124 0.899999581448 4.03379648187 1.6363086571 14.3951926296 0.00753464155925 0.0032624
pedestrian -1 -1 -10 727.2 166.94 749.196 219.144 0.358960580647 0.445954103712 0.548999618321 7.49420475094 0.909219747913 40.7944630838 0.00753464155925 0.0028971
pedestrian -1 -1 -10 1059.1 129.84 1104.82 288.73 1.84879694832 0.49994522851 0.642999929055 5.0336862947 1.43590961102 8.0597142236 0.00753464155925 0.0025989
pedestrian -1 -1 -10 734.44 169.07 755.799 203.837 0.0999890208244 0.0160009020508 0.140000300467 8.4767438987 0.71406660472 43.5934193877 0.00753464155925 0.0025277
pedestrian -1 -1 -10 502.51 177.11 516.103 220.801 2.39873663437 1.15087489249 0.824000106345 -4.31200548941 1.73372927463 33.1877504588 0.00753464155925 0.001933
pedestrian -1 -1 -10 862.52 121.43 876.355 186.782 1.52683233416 0.541940444619 0.54599935984 8.77247987551 0.620060012285 23.9644355449 0.00753464155925 0.0017306
pedestrian -1 -1 -10 1015.7 141.79 1043.18 262.24 1.87379429888 0.49994522851 0.642999929055 5.03369400225 1.46090696158 8.05952912852 0.00753464155925 0.0014261
pedestrian -1 -1 -10 731.5 166.94 765.275 216.022 0.0999890208244 0.0 0.0 5.34558167019 1.6460987419 29.0062005341 0.0 0.00095758
pedestrian -1 -1 -10 497.24 181.21 510.239 231.547 2.10876845252 1.1458743722 0.408999794691 -4.6452299481 1.70351935968 32.5499756468 0.00753464155925 0.00063917
pedestrian -1 -1 -10 487.18 176.74 510.747 229.348 2.46672912753 1.17487052414 0.410999649121 -4.8022563633 1.66200443677 31.9038321257 0.00753464155925 0.00036606
pedestrian -1 -1 -10 794.57 167.86 819.042 213.041 2.31674562013 0.835908864525 0.833999855329 4.07354563682 1.62383009879 14.2294808526 0.00753464155925 0.00018411
pedestrian -1 -1 -10 522.61 165.73 539.923 219.627 1.25886181128 0.637930599807 0.487999528275 -3.65403062412 1.04955758724 36.9144983727 0.00753464155925 0.00013798
pedestrian -1 -1 -10 1045.7 170.88 1097.74 342.14 1.84879694832 0.49994522851 0.642999929055 5.0336862947 1.43590961102 8.0597142236 0.00753464155925 0.00013663
pedestrian -1 -1 -10 848.72 112.48 877.732 205.048 1.30485676467 0.421950843496 0.621000099821 12.8061098381 0.133080278064 36.629359862 0.00753464155925 0.00013287
pedestrian -1 -1 -10 727.95 162.39 760.013 243.26 0.218975913648 0.154983707408 0.236999916007 3.51811409824 0.856029446758 18.599607671 0.00753464155925 9.8404e-05
pedestrian -1 -1 -10 853.79 113.68 870.596 191.055 1.53383153511 0.782913266648 0.54599935984 8.77338553074 0.621843706614 24.0849703621 0.00753464155925 6.6997e-05
pedestrian -1 -1 -10 523.12 150.92 554.175 214.792 1.25886181128 0.637930599807 0.487999528275 -3.65403062412 1.04955758724 36.9144983727 0.00753464155925 4.949e-05
pedestrian -1 -1 -10 1154.2 96.64 1189.81 201.18 1.80280205452 1.19086904227 1.13099969575 6.43277442483 1.16044605147 8.22343360462 0.00753464155925 3.4056e-05
pedestrian -1 -1 -10 1136.7 104.69 1173.15 219.86 1.84379756164 1.10087922535 1.16499960523 6.65342647922 1.19546419604 8.70662336559 0.00753464155925 2.9801e-05
pedestrian -1 -1 -10 857.45 116.82 893.671 197.404 0.767915662767 0.691921724605 0.498999442892 14.3283122655 0.320816742816 36.872172158 0.00753464155925 1.4999e-05
pedestrian -1 -1 -10 1003.2 145.03 1033.84 264.6 1.3548512125 0.807911100216 0.988000090475 6.75685313884 1.44482609254 11.9714841856 0.00753464155925 1.1967e-05
pedestrian -1 -1 -10 1076.8 129.57 1114.22 230.33 1.10687848961 1.0558840785 1.15699923384 9.38163174219 0.362475414984 13.8191510261 0.00753464155925 8.0206e-06
pedestrian -1 -1 -10 1125.7 97.574 1162.9 194.9 1.69281411731 1.07788198132 1.19299947459 6.64043887542 1.04657068854 8.84832688181 0.00753464155925 4.3548e-07
