pedestrian -1 -1 -10 1051.3 67.073 1091.31 196.243 1.59882445586 1.19786872174 0.591999826411 4.36747817068 1.0247070844 6.53375960289 0.00753464155925 0.00037623
pedestrian -1 -1 -10 1085.1 63.733 1121.34 206.803 1.6348205167 1.19786872174 0.627999590324 4.37680094154 1.07039345868 6.17523024507 0.00753464155925 0.0001047
pedestrian -1 -1 -10 1165.2 51.903 1204.89 194.943 1.5768268267 1.19786872174 0.627999590324 4.36899289691 1.02106176877 5.13944692169 0.00753464155925 3.1267e-05
pedestrian -1 -1 -10 1047.6 27.845 1126.65 209.985 1.53483147204 1.19686890375 0.627999590324 4.37681154403 0.970485821817 6.18146946559 0.00753464155925 1.3702e-05
pedestrian -1 -1 -10 1101.7 66.614 1139.44 203.024 1.60682359373 1.19586908577 0.627999590324 4.37428850351 1.04546644159 5.8423648361 0.00753464155925 1.2213e-05
pedestrian -1 -1 -10 1094.3 106.84 1127.46 208.76 1.8078015008 1.19886853972 0.627999590324 4.37613480323 1.24196080153 6.07846233323 0.00753464155925 1.1031e-05
pedestrian -1 -1 -10 1136.5 60.684 1173.79 187.864 1.53283168757 1.19886853972 0.627999590324 4.37140403151 0.973841294765 5.46234665782 0.00753464155925 9.9913e-06
pedestrian -1 -1 -10 1033.7 53.546 1074.51 191.996 1.5308319031 1.1938694498 0.583999931857 4.37456477812 0.956825725878 6.94726495372 0.00753464155925 9.6885e-06
pedestrian -1 -1 -10 1072.8 108.2 1112.68 203.66 1.81680048621 1.194868791 0.591999826411 4.36624320789 1.24811398985 6.35855098896 0.00753464155925 5.9438e-06
pedestrian -1 -1 -10 1113.9 69.426 1150.26 195.286 1.56782784128 1.19686890375 0.627999590324 4.37423504357 1.00638927429 5.83715426399 0.00753464155925 4.7725e-06
pedestrian -1 -1 -10 1175.6 29.054 1214.39 179.664 1.51383375001 1.19786872174 0.627999590324 4.36820688357 0.959558503429 5.03788324561 0.00753464155925 1.9397e-06
pedestrian -1 -1 -10 1147.5 96.347 1182.21 198.427 1.78380411697 1.19686890375 0.627999590324 4.37163208981 1.22510977369 5.48048553279 0.00753464155925 1.2557e-06
