pedestrian -1 -1 -10 133.01 137.04 230.351 347.25 1.86299166828 0.481000097468 1.03299611343 -4.51126450975 1.47014008431 7.50037181604 0.00692802392802 0.99242
pedestrian -1 -1 -10 141.42 150.22 201.024 305.8 1.86299166828 0.481000097468 1.08199571581 -4.53576372244 1.470207455 7.50054162826 0.00692802392802 0.076803
pedestrian -1 -1 -10 891.06 224.96 918.608 281.728 1.17599471807 1.14199847078 0.542997943854 4.29442827893 1.39327448536 10.6332534817 0.00692802392802 0.042058
pedestrian -1 -1 -10 766.37 167.24 785.053 229.485 0.762996576726 0.0970000563355 0.697997333214 4.11524913459 0.749758734841 17.6346585835 0.00692802392802 0.011746
pedestrian -1 -1 -10 839.34 176.45 869.047 265.529 0.689996919036 0.0790004194856 0.57999774579 6.39083348047 0.783429431504 17.6819768697 0.00692802392802 0.011416
pedestrian -1 -1 -10 764.08 162.12 777.37 229.088 0.763996574283 0.0970000563355 0.814996758455 4.05674944827 0.749919600065 17.6350634828 0.00692802392802 0.0065019
pedestrian -1 -1 -10 899.52 234.44 927.748 280.242 0.957995697856 1.18499961657 0.606997833231 4.26055086264 1.39372823795 10.3191078693 0.00692802392802 0.0033593
pedestrian -1 -1 -10 644.94 211.67 666.908 271.704 1.47499343604 1.07399963076 0.906996659039 1.12243171495 1.44131945257 12.9951694007 0.00692802392802 0.0022584
pedestrian -1 -1 -10 351.63 222.48 379.889 280.369 0.946995769441 0.721999632787 0.60799751858 -3.50494178912 1.36226044745 10.2173742807 0.00692802392802 0.0020073
pedestrian -1 -1 -10 883.32 232.51 909.593 281.835 0.955995732546 0.950999569152 0.625997815291 4.2482677551 1.4070629287 10.056203139 0.00692802392802 0.0016171
pedestrian -1 -1 -10 1088.2 91.536 1123.6 206.236 1.80299194902 0.942999200733 1.19899537947 8.46358890936 0.895570943 11.6829523696 0.00692802392802 0.00099938
pedestrian -1 -1 -10 659.95 212.63 672.91 264.949 1.97499111146 1.17399899078 1.08199595423 1.20845950124 1.45721707848 12.875298232 0.00692802392802 0.00076962
pedestrian -1 -1 -10 910.97 235.24 936.584 276.934 2.14599041045 1.11299916182 1.19699553193 5.36167168708 1.38407707466 11.7258119811 0.00692802392802 0.00073986
pedestrian -1 -1 -10 843.31 214.24 864.777 265.706 1.16099479944 1.1729985871 0.639997463268 4.24070666515 1.37763006746 11.3261334014 0.00692802392802 0.00060408
pedestrian -1 -1 -10 663.61 212.6 679.945 259.73 2.06399075985 0.282999800588 1.18799556239 1.38766202227 1.16988765871 14.478210655 0.00692802392802 0.00051322
pedestrian -1 -1 -10 1067.2 87.128 1103.58 210.008 1.71599232554 0.846999548077 1.1979954557 7.90044704732 0.821213394891 11.6048157259 0.00692802392802 0.00035232
pedestrian -1 -1 -10 302.49 217.53 335.113 282.514 1.07899520844 1.19599833501 1.19299559845 -4.2744396533 1.39786938253 10.6656808917 0.00692802392802 0.00032258
pedestrian -1 -1 -10 885.44 208.79 924.496 273.751 0.942995779216 1.02799918128 0.606997833231 4.2600276993 1.39381953235 10.2406181148 0.00692802392802 0.00030369
pedestrian -1 -1 -10 480.04 88.805 528.107 222.215 1.53099315017 1.19399943499 0.324998827299 -2.27351195864 0.552608868219 16.5547182656 0.00692802392802 0.00023183
pedestrian -1 -1 -10 113.41 203.05 172.835 331.58 0.478997859359 0.269999321117 0.648997730833 -8.24932791718 0.240422639584 12.7692736235 0.00692802392802 0.00022979
pedestrian -1 -1 -10 267.98 244.44 292.9 281.001 0.97599568367 0.780999608063 1.08899613584 -4.55482514488 1.40222595992 10.1561754224 0.00692802392802 0.00019169
pedestrian -1 -1 -10 653.02 216.91 677.476 275.475 1.47499343604 1.14699953551 1.08199595423 1.20967639021 1.4411212908 12.9580638496 0.00692802392802 0.00015273
pedestrian -1 -1 -10 367.84 207.75 400.433 279.871 1.05399531424 1.17799869816 0.793997167281 -3.4859556813 1.37269542213 10.6652036658 0.00692802392802 8.5696e-05
pedestrian -1 -1 -10 650.59 195.1 668.957 244.695 2.27498978227 0.759000263841 0.92399655515 1.12643964572 1.45787217838 12.4991833682 0.00692802392802 6.043e-05
pedestrian -1 -1 -10 895.78 212.41 940.718 276.051 2.23399001658 1.18899932394 1.1979954557 5.23979020033 1.38445537388 11.6886046158 0.00692802392802 3.215e-05
pedestrian -1 -1 -10 318.11 217.29 351.789 279.828 1.07699521333 1.18899932394 1.16999568291 -4.05592789863 1.39710091595 10.8106710073 0.00692802392802 2.361e-05
pedestrian -1 -1 -10 697.95 172.65 708.803 218.258 2.06999071538 0.531999227489 1.17599558313 2.0721588394 1.16508251531 14.4059570342 0.00692802392802 1.8642e-05
pedestrian -1 -1 -10 142.64 202.84 174.356 283.527 1.84999171495 0.481000097468 1.00399594004 -4.57478059942 1.45731474537 7.50080450764 0.00692802392802 1.1884e-05
pedestrian -1 -1 -10 167.52 137.86 224.287 265.19 1.36499386132 0.613000454334 0.888996600745 -7.16347634622 1.33009175623 13.0640100652 0.00692802392802 6.7992e-06
pedestrian -1 -1 -10 144.86 160.57 183.342 265.48 1.86299166828 0.481000097468 1.08199571581 -4.53576372244 1.470207455 7.50054162826 0.00692802392802 2.2256e-06
