pedestrian -1 -1 -10 333.65 172.16 395.294 292.72 1.78080441791 0.916899366002 0.482999892202 -3.77300670567 1.74225825824 11.1579510751 0.00753464155925 0.99094
pedestrian -1 -1 -10 183.16 169.02 244.808 318.2 1.81280094335 1.03488647044 0.613999655645 -4.81915966236 1.71231036182 8.68717166967 0.00753464155925 0.94059
pedestrian -1 -1 -10 309.99 181.88 364.519 284.55 1.69581382382 0.575937116843 0.759999519399 -5.4245837814 1.92821817415 14.0559119604 0.00753464155925 0.69154
pedestrian -1 -1 -10 320.16 178.91 346.434 281.64 1.69581382382 0.575937116843 0.793999428883 -5.44158325497 1.92823055136 14.0560398645 0.00753464155925 0.34593
pedestrian -1 -1 -10 298.05 180.96 344.667 275.126 1.72881019306 0.575937116843 1.06699958564 -5.5780692959 1.9613263027 14.0568225383 0.00753464155925 0.2757
pedestrian -1 -1 -10 356.76 172.47 406.169 282.35 1.78080441791 1.00388972896 0.482999892202 -3.77100649587 1.74618832045 11.4234145247 0.00753464155925 0.22259
pedestrian -1 -1 -10 185.65 178.81 215.765 259.962 1.81280094335 1.09188038669 0.613999655645 -4.81937437469 1.71188848966 8.65867552044 0.00753464155925 0.2047
pedestrian -1 -1 -10 188.83 176.0 223.876 301.27 1.81280094335 1.05288414776 0.613999655645 -4.81922746474 1.71217714201 8.67817308645 0.00753464155925 0.17898
pedestrian -1 -1 -10 342.3 178.69 371.07 278.331 1.78080441791 0.810911030958 0.402999992985 -3.81340481139 1.74150284955 11.1052593632 0.00753464155925 0.065634
pedestrian -1 -1 -10 329.87 185.78 346.219 251.204 1.69581382382 0.575937116843 0.831999524062 -5.46058276478 1.92824438479 14.056182817 0.00753464155925 0.025604
pedestrian -1 -1 -10 355.99 176.87 375.862 269.524 1.78080441791 1.11687726669 0.482999892202 -3.77143215215 1.74535198036 11.3669223594 0.00753464155925 0.023119
pedestrian -1 -1 -10 337.98 180.8 353.91 252.539 1.78080441791 0.767915520078 0.398000118493 -3.81606665423 1.74118641451 11.083781027 0.00753464155925 0.018629
pedestrian -1 -1 -10 305.72 217.5 341.879 274.579 1.72881019306 0.575937116843 1.08699956044 -5.58806900026 1.96133358342 14.0568977761 0.00753464155925 0.0044507
pedestrian -1 -1 -10 332.4 180.62 351.092 235.028 1.49983534813 0.479950775935 0.836000186595 -13.1229357288 1.07248530899 35.909140985 0.00753464155925 0.0035813
pedestrian -1 -1 -10 377.91 177.02 407.092 249.739 1.83279875451 0.565937983416 0.341999902939 -3.69884257592 1.80137307122 11.6414687578 0.00753464155925 0.0031033
pedestrian -1 -1 -10 175.5 175.3 214.075 320.83 2.44473155797 1.18387031637 1.1760002351 -10.9302495916 2.2873464779 19.1733230044 0.00753464155925 0.0024177
pedestrian -1 -1 -10 188.11 186.15 205.051 253.213 1.70081325519 1.10287981489 1.12699951005 -10.6053161918 0.864572021362 18.6668600663 0.00753464155925 0.0016902
pedestrian -1 -1 -10 388.67 181.03 412.127 243.906 1.62482159436 0.811911325728 0.852999902918 -6.67130647986 2.2567798091 23.8312646039 0.00753464155925 0.00079141
pedestrian -1 -1 -10 208.47 197.45 258.278 317.43 1.78880352972 0.889901896463 0.613999655645 -4.81862086337 1.68938613213 8.75983958991 0.00753464155925 0.00073885
pedestrian -1 -1 -10 326.19 193.71 352.952 293.94 0.106988221768 0.069992026849 0.140000300467 -11.6087245895 2.14354576383 31.9060177022 0.00753464155925 0.00066111
pedestrian -1 -1 -10 321.12 223.42 344.121 281.137 1.69581382382 0.575937116843 0.932999325298 -5.51108123604 1.92828115243 14.0565627677 0.00753464155925 0.00059121
pedestrian -1 -1 -10 393.65 193.11 423.648 239.14 1.62482159436 0.690924290544 0.993999653763 -6.48711121051 2.2540913269 23.6573930751 0.00753464155925 0.00018443
pedestrian -1 -1 -10 366.72 198.33 399.299 289.651 1.78080441791 0.968893715538 0.482999892202 -3.77087465591 1.7464473629 11.4409120347 0.00753464155925 0.00011037
pedestrian -1 -1 -10 370.84 227.44 386.657 290.368 0.351961327556 0.0389952853674 0.0370001679646 -4.43061335945 1.83980857653 13.9252680731 0.00753464155925 4.2451e-05
pedestrian -1 -1 -10 366.15 236.31 380.206 290.052 1.78080441791 1.08488118401 0.482999892202 -3.77131161378 1.74558881716 11.3829199466 0.00753464155925 1.2096e-05
pedestrian -1 -1 -10 361.81 244.53 376.038 290.509 1.78080441791 1.02888660896 0.482999892202 -3.77110066625 1.74600329214 11.4109164394 0.00753464155925 1.1719e-05
pedestrian -1 -1 -10 172.73 194.49 205.957 282.28 1.07088236917 1.10787842804 1.112000125 -11.3221242226 1.98932197437 19.5525708916 0.00753464155925 3.3896e-06
pedestrian -1 -1 -10 355.35 229.82 384.233 290.098 1.78080441791 1.0808809585 0.482999892202 -3.77129654379 1.74561842705 11.3849200026 0.00753464155925 1.2246e-06
pedestrian -1 -1 -10 166.88 205.65 195.335 270.634 0.301966864822 0.558938780731 0.36900032192 -11.683858656 1.68285220084 20.312747621 0.00753464155925 2.4848e-07
