pedestrian -1 -1 -10 951.85 150.53 1015.42 325.03 1.70999232531 0.648999251197 0.408998384085 4.13318052891 1.4481266647 7.65255042287 0.00692802392802 0.99318
pedestrian -1 -1 -10 830.29 165.75 873.278 264.12 0.786996503174 0.077999062132 0.613998014846 6.37771046822 0.783463434781 17.6835115882 0.00692802392802 0.11604
pedestrian -1 -1 -10 764.57 168.8 784.662 236.492 0.763996559382 0.0960006063292 0.714997229325 4.11176114462 0.75076659582 17.6361844598 0.00692802392802 0.070497
pedestrian -1 -1 -10 325.46 237.56 350.873 281.226 1.06699526757 1.14499872815 1.1459958436 -4.09237262864 1.38710735002 10.8929194957 0.00692802392802 0.024965
pedestrian -1 -1 -10 337.0 224.29 350.9 276.435 0.971995633841 0.837998775979 1.06799582941 -3.74446971542 1.38584703967 10.2820479363 0.00692802392802 0.011517
pedestrian -1 -1 -10 312.59 237.03 343.163 278.477 0.975995564461 1.17699924815 1.15499563433 -4.07493305144 1.39058700089 10.4318442953 0.00692802392802 0.009924
pedestrian -1 -1 -10 928.66 142.92 1073.17 323.77 1.70999232531 0.648999251197 0.408998384085 4.13318052891 1.4481266647 7.65255042287 0.00692802392802 0.0058165
pedestrian -1 -1 -10 582.94 193.17 595.499 223.847 2.08699065894 0.461999580102 1.18599553605 -0.235795703484 1.18710547365 14.7049695582 0.00692802392802 0.0033688
pedestrian -1 -1 -10 895.87 233.49 922.565 281.327 1.15699486881 1.18399921289 0.656997359379 4.27276741925 1.37460409668 10.3973874784 0.00692802392802 0.0032637
pedestrian -1 -1 -10 322.38 221.27 345.624 273.377 1.06999515593 1.15299909657 1.17099536826 -4.10525592169 1.39020673807 10.8370089987 0.00692802392802 0.0031571
pedestrian -1 -1 -10 332.88 220.7 366.885 280.689 1.01999539733 1.14599913183 1.14799592955 -3.71299465594 1.38950745661 10.5028113885 0.00692802392802 0.0023551
pedestrian -1 -1 -10 354.07 222.85 386.605 278.478 0.949995777011 0.967998802322 0.660997531278 -3.47055724523 1.36301950855 10.345138139 0.00692802392802 0.0023301
pedestrian -1 -1 -10 762.76 165.97 774.667 224.615 2.06899073273 0.518000251685 0.936996517778 3.22354869749 1.1700982238 14.2389826211 0.00692802392802 0.0017012
pedestrian -1 -1 -10 301.1 222.94 338.104 279.117 1.0479952991 1.14199942446 1.11299573673 -4.48527242731 1.37375821416 11.2711465494 0.00692802392802 0.0014566
pedestrian -1 -1 -10 904.96 238.96 930.756 278.799 0.924995912611 0.749999491742 0.60299789975 4.24736538958 1.3751243952 10.0046886812 0.00692802392802 0.0011468
pedestrian -1 -1 -10 354.91 247.78 382.367 283.724 0.937995746732 0.72499893648 0.590997622469 -3.5064146537 1.3512570251 10.223876849 0.00692802392802 0.0007722
pedestrian -1 -1 -10 307.56 215.05 327.337 277.116 0.980995537341 1.15499990393 1.19399552222 -4.17961729176 1.39590689514 10.4045722726 0.00692802392802 0.00062145
pedestrian -1 -1 -10 1057.6 86.44 1093.63 205.08 1.72699231356 0.66999962225 1.1939952838 7.60896782564 0.838100200693 11.5323464543 0.00692802392802 0.00060426
pedestrian -1 -1 -10 357.32 215.04 374.766 272.746 0.949995777011 0.802998952285 0.590997622469 -3.50612791579 1.36321169904 10.2628827844 0.00692802392802 0.00059615
pedestrian -1 -1 -10 351.22 213.75 369.245 270.206 1.06599522531 1.19399848132 1.13599589069 -3.63802516489 1.38512842758 10.6532643732 0.00692802392802 0.00057632
pedestrian -1 -1 -10 846.37 223.91 861.117 269.789 2.20999007523 1.17699924815 0.953996413889 4.18065400702 1.37172367729 11.3849335829 0.00692802392802 0.00042829
pedestrian -1 -1 -10 917.05 228.18 942.837 278.761 2.14799043536 0.99399880759 1.17299545421 5.5818413027 1.37227205179 11.898776018 0.00692802392802 0.00028614
pedestrian -1 -1 -10 364.87 247.16 393.246 282.868 0.949995777011 0.967998802322 0.660997531278 -3.47055724523 1.36301950855 10.345138139 0.00692802392802 0.00018658
pedestrian -1 -1 -10 758.88 166.19 770.156 210.852 2.06899073273 0.518000251685 1.00799611194 3.18804975314 1.17019584278 14.2392286762 0.00692802392802 0.00011963
pedestrian -1 -1 -10 251.39 193.91 288.691 283.719 1.85999167562 1.12799854131 1.12599569936 -6.44824703112 1.33539499063 13.6952887703 0.00692802392802 0.00010301
pedestrian -1 -1 -10 841.27 213.61 858.034 273.068 0.551997494698 0.276999285855 0.609997842947 4.90114094269 1.27786457485 13.9018595132 0.00692802392802 4.8921e-05
pedestrian -1 -1 -10 489.25 95.008 527.484 223.118 0.952995728701 1.17100064076 0.310998940905 -2.19149799202 -0.0329188367521 16.8183113859 0.00692802392802 3.9073e-05
pedestrian -1 -1 -10 883.21 215.75 913.097 275.666 0.662997059524 0.215000006887 0.470998425931 4.17963535272 1.28861735845 9.73770314518 0.00692802392802 3.1169e-05
pedestrian -1 -1 -10 289.42 198.61 319.701 272.501 1.86299168319 0.384999014302 1.19699553193 -6.48070727569 0.907465594731 15.4585579546 0.00692802392802 2.5017e-05
pedestrian -1 -1 -10 366.63 203.3 400.303 277.738 0.993995609879 1.17799965183 0.728997115719 -3.43482460058 1.36262480222 10.6038707484 0.00692802392802 2.0719e-05
pedestrian -1 -1 -10 924.63 214.34 962.781 278.472 0.9819955796 1.13599890972 0.284999254065 5.00583853369 1.39862546991 10.3604370314 0.00692802392802 1.1626e-05
pedestrian -1 -1 -10 270.03 195.27 307.122 279.547 1.87099160403 0.237000304783 1.19499520757 -6.84068049292 0.908450883838 15.4650482005 0.00692802392802 5.644e-06
pedestrian -1 -1 -10 970.28 141.12 1039.2 285.78 2.26698986143 0.911999084412 1.19299536004 6.6150728102 1.39370142007 11.6545675377 0.00692802392802 3.2844e-06
pedestrian -1 -1 -10 941.72 170.92 987.1 290.55 1.70099242181 0.648999251197 0.408998384085 4.13316811876 1.4391267612 7.65254527535 0.00692802392802 3.006e-06
pedestrian -1 -1 -10 997.49 198.26 1023.95 287.857 2.26698986143 0.804998805972 1.19699553193 6.62070179982 1.39374714133 11.6010270969 0.00692802392802 2.7726e-07
pedestrian -1 -1 -10 499.74 91.0 560.27 224.18 0.831996258162 0.163999446356 0.130999550053 -1.4471321406 -0.0667055886079 14.8376365355 0.00692802392802 7.4901e-08
pedestrian -1 -1 -10 977.87 183.99 1017.06 312.68 1.70999232531 0.648999251197 0.408998384085 4.13318052891 1.4481266647 7.65255042287 0.00692802392802 6.2117e-08
