pedestrian -1 -1 -10 870.51 134.89 936.841 294.41 1.97799117863 0.77699990069 0.896996706126 4.08186222727 1.42926945343 9.39877132157 0.00692802392802 0.92985
pedestrian -1 -1 -10 876.61 177.16 916.1 290.13 1.97799117863 0.621999319085 0.786996985665 4.02632676861 1.4295108261 9.32165410389 0.00692802392802 0.45971
pedestrian -1 -1 -10 868.87 193.24 898.891 288.326 0.917995855212 1.16399972235 0.504997979734 4.26153436867 1.37089205368 10.1735939836 0.00692802392802 0.1659
pedestrian -1 -1 -10 897.19 138.21 934.825 264.92 1.97799117863 0.621999319085 0.921996707618 4.09382500818 1.42932521185 9.32118625108 0.00692802392802 0.06723
pedestrian -1 -1 -10 840.22 165.01 905.049 280.37 2.23399001658 1.02599932759 1.19699553193 4.60895801774 1.37574795594 12.0794748749 0.00692802392802 0.021883
pedestrian -1 -1 -10 311.61 236.64 331.692 277.496 0.959995663166 1.01099899443 1.14499591984 -4.0832917382 1.37566606718 10.3828931608 0.00692802392802 0.019322
pedestrian -1 -1 -10 902.13 174.24 951.908 291.57 2.20499010235 1.194998885 1.08599588771 5.14847283769 1.3594145878 11.0702097845 0.00692802392802 0.013744
pedestrian -1 -1 -10 880.84 132.49 941.654 232.401 1.85599174499 0.621999319085 0.826997035735 4.11615607463 1.30726390712 9.32096052314 0.00692802392802 0.011328
pedestrian -1 -1 -10 902.45 133.72 925.949 234.98 1.97799117863 0.621999319085 0.921996707618 4.09382500818 1.42932521185 9.32118625108 0.00692802392802 0.010792
pedestrian -1 -1 -10 362.49 222.68 388.786 277.493 0.953995767236 0.947999311785 0.695997247265 -3.5315762323 1.36810951341 10.413566475 0.00692802392802 0.002909
pedestrian -1 -1 -10 839.57 185.46 873.312 268.518 0.552997536957 0.284000204268 0.587997612754 4.89020828664 1.27888381737 13.9114361211 0.00692802392802 0.0021326
pedestrian -1 -1 -10 885.82 203.74 939.595 283.123 0.982995562256 1.11399861183 0.724997420655 4.19771467255 1.37135328845 9.92399270532 0.00692802392802 0.0016859
pedestrian -1 -1 -10 355.48 240.81 383.835 280.282 1.00799548626 1.18699947025 0.91999638325 -3.62701366 1.37410458738 10.647708538 0.00692802392802 0.0015493
pedestrian -1 -1 -10 299.16 219.48 327.402 280.044 0.975995594263 0.577999676967 0.885996829447 -4.62285642446 1.30697186552 11.4160670746 0.00692802392802 0.0013454
pedestrian -1 -1 -10 1087.1 97.251 1122.39 217.051 1.80899190456 0.712999814362 1.19299536004 8.1115938985 0.909709313889 11.5364001485 0.00692802392802 0.00094757
pedestrian -1 -1 -10 700.84 177.99 714.268 228.232 1.43899355382 0.558999636437 1.16799547775 2.66407377634 0.986570171461 17.799600306 0.00692802392802 0.00054268
pedestrian -1 -1 -10 915.45 205.66 954.02 288.079 2.25998986363 0.927998867576 1.19299536004 5.61514253734 1.4012830205 11.8085115411 0.00692802392802 0.0004897
pedestrian -1 -1 -10 1067.9 97.992 1103.18 229.952 2.03399098217 0.794000087534 1.19699553193 7.8492170905 1.14438445991 11.5788611854 0.00692802392802 0.00036235
pedestrian -1 -1 -10 663.49 221.01 681.98 258.753 1.80199198127 0.998999872316 1.05299607886 1.31884723448 1.43579695119 12.9771116299 0.00692802392802 0.00030519
pedestrian -1 -1 -10 313.13 222.19 339.372 280.469 1.0569952324 1.18799892026 1.14399575765 -4.10962576923 1.37552362864 10.5705236615 0.00692802392802 0.00025624
pedestrian -1 -1 -10 483.35 93.097 526.335 222.197 1.53599312305 1.18799892026 0.338998713694 -2.25822684234 0.555519945272 16.5956142242 0.00692802392802 0.00024228
pedestrian -1 -1 -10 326.65 247.52 351.127 288.743 0.676996935904 0.406999312198 1.00099593032 -4.42235736303 1.30632383808 11.5003534556 0.00692802392802 0.00020103
pedestrian -1 -1 -10 323.39 240.02 340.305 282.323 0.568997438252 0.187999597939 0.108999319859 -4.80043936942 1.30723867969 11.6125393583 0.00692802392802 0.00014424
pedestrian -1 -1 -10 958.58 234.43 983.073 275.079 1.11499506086 1.17999855184 1.17699562611 5.49156951003 1.42714987214 10.4790308834 0.00692802392802 0.00013829
pedestrian -1 -1 -10 1076.9 125.31 1112.41 246.77 2.25698985606 0.714999668048 1.19899537947 7.94422602102 1.35916811717 11.5388218602 0.00692802392802 5.151e-05
pedestrian -1 -1 -10 370.4 239.51 397.273 280.313 1.00199559033 1.17599884447 0.623997490924 -3.49485362003 1.36787793951 10.5272865308 0.00692802392802 2.8661e-05
pedestrian -1 -1 -10 287.84 196.9 324.383 278.939 1.96599126756 0.426999756408 1.18499549307 -6.43865666073 1.01036480528 15.4453260681 0.00692802392802 7.0163e-06
pedestrian -1 -1 -10 255.27 182.29 315.888 276.985 1.31199411191 0.692999370152 0.832997055167 -6.3173868472 1.16402352271 13.7060021522 0.00692802392802 3.6932e-07
