pedestrian -1 -1 -10 971.51 157.96 1045.18 296.06 1.69699243158 0.710999007002 0.78399697595 4.7893389347 1.44655366407 8.32002694946 0.00692802392802 0.7216
pedestrian -1 -1 -10 990.25 154.49 1059.78 264.06 1.69699243158 0.710999007002 0.78399697595 4.7893389347 1.44655366407 8.32002694946 0.00692802392802 0.43138
pedestrian -1 -1 -10 1002.2 159.42 1040.42 276.98 1.69699243158 0.710999007002 0.78399697595 4.7893389347 1.44655366407 8.32002694946 0.00692802392802 0.068274
pedestrian -1 -1 -10 845.4 216.65 859.619 261.063 0.555997544527 0.274999432169 0.618997633676 4.89866173746 1.27986804542 13.90487655 0.00692802392802 0.035411
pedestrian -1 -1 -10 749.79 126.25 763.565 172.254 1.53099315017 0.528998970122 0.833996978933 2.96214892418 0.632679583947 14.3609845199 0.00692802392802 0.024043
pedestrian -1 -1 -10 761.31 134.92 775.784 203.273 2.01499101371 0.853999512816 0.815996920639 3.15947557493 1.17036231736 12.4144129203 0.00692802392802 0.023346
pedestrian -1 -1 -10 989.64 187.99 1032.43 277.168 1.69699243158 0.710999007002 0.78399697595 4.7893389347 1.44655366407 8.32002694946 0.00692802392802 0.020551
pedestrian -1 -1 -10 744.85 132.28 776.181 199.578 1.96799123287 0.606998985928 1.01699614108 3.13497654201 1.06924867622 14.321039768 0.00692802392802 0.010943
pedestrian -1 -1 -10 755.26 132.73 767.383 182.821 1.68899243623 0.921999306517 0.678997351154 3.09030063278 0.847591652631 12.380705599 0.00692802392802 0.0089112
pedestrian -1 -1 -10 766.31 135.9 779.137 184.124 1.76599217355 0.939998943367 0.834996902699 3.16833408746 0.921387361615 12.3712059756 0.00692802392802 0.0070849
pedestrian -1 -1 -10 664.24 229.05 675.847 264.993 1.49799333513 1.16899887973 1.13299576177 1.26210733329 1.46382838548 13.087716957 0.00692802392802 0.0047942
pedestrian -1 -1 -10 831.01 149.41 858.316 251.69 2.19399017394 0.999999322323 1.18199548336 4.26189246826 1.33545757093 12.2958603456 0.00692802392802 0.0037075
pedestrian -1 -1 -10 744.28 126.19 758.544 198.376 1.72299232334 0.528998970122 1.16899552073 3.00591253336 0.824559139061 14.3607928292 0.00692802392802 0.0033647
pedestrian -1 -1 -10 842.43 156.96 856.546 222.424 2.13299045712 0.938998539687 1.17199553044 4.37901639426 1.27410065191 12.3255141726 0.00692802392802 0.0028214
pedestrian -1 -1 -10 882.65 221.44 899.356 275.583 1.15999475718 1.18899932394 0.692997475967 4.27225674286 1.39020107329 10.7509160231 0.00692802392802 0.0025014
pedestrian -1 -1 -10 886.05 233.98 902.801 279.506 0.953995707631 0.694999223839 0.607997756997 4.23902687295 1.40412721168 10.0222636741 0.00692802392802 0.0024353
pedestrian -1 -1 -10 666.48 222.34 681.639 264.469 2.28198983967 1.17099968709 1.04599601645 1.34750775927 1.46392345318 12.7956619573 0.00692802392802 0.0023553
pedestrian -1 -1 -10 891.11 230.97 917.689 278.995 1.03699534088 1.18499961657 0.692997475967 4.27038381064 1.40354992143 10.4510084558 0.00692802392802 0.0020485
pedestrian -1 -1 -10 733.27 126.97 762.486 205.172 1.9649912253 0.556999782751 1.18699557902 2.96415034753 1.06668981652 14.3472222789 0.00692802392802 0.0020027
pedestrian -1 -1 -10 663.22 211.43 691.125 265.416 2.25898994058 1.19099917763 1.04599601645 1.34798871274 1.44083749356 12.8696468581 0.00692802392802 0.0018523
pedestrian -1 -1 -10 1203.6 237.55 1224.02 287.986 0.963995653391 0.366999854289 0.988996129875 4.56269446607 1.45967780809 5.26396289856 0.00692802392802 0.00092778
pedestrian -1 -1 -10 839.84 212.88 854.222 259.623 0.555997544527 0.274999432169 0.618997633676 4.89866173746 1.27986804542 13.90487655 0.00692802392802 0.00090188
pedestrian -1 -1 -10 934.37 226.0 958.75 270.64 0.970995591581 1.02699973127 0.296999292928 4.97240325338 1.38895251147 10.1551591028 0.00692802392802 0.00079495
pedestrian -1 -1 -10 942.99 228.15 964.868 271.319 0.884996069968 0.530000327476 0.269998967069 4.40818531808 1.34662502509 10.0535660385 0.00692802392802 0.00069539
pedestrian -1 -1 -10 838.29 193.24 866.783 262.872 0.555997544527 0.274999432169 0.618997633676 4.89866173746 1.27986804542 13.90487655 0.00692802392802 0.00055314
pedestrian -1 -1 -10 740.18 119.81 759.448 169.369 1.53099315017 0.528998970122 0.964996528985 2.89665072251 0.632859698268 14.3614385098 0.00692802392802 0.00054689
pedestrian -1 -1 -10 692.19 212.07 714.221 259.338 2.05999082923 0.460999176422 1.19699553193 2.0444108629 1.16420182439 14.3686532368 0.00692802392802 0.0005115
pedestrian -1 -1 -10 704.35 157.48 730.647 211.422 0.755996593833 0.409999569564 1.17399561639 2.91619091006 0.740902145597 17.7774634136 0.00692802392802 0.00049779
pedestrian -1 -1 -10 739.74 133.21 753.438 206.72 1.9649912253 0.556999782751 1.1669956732 2.92715143436 1.06679156029 14.3474787307 0.00692802392802 0.00038082
pedestrian -1 -1 -10 713.51 136.55 743.172 210.21 2.06399075985 0.569999308548 1.19599536975 2.60275184602 1.16669097599 14.3432849027 0.00692802392802 0.00031128
pedestrian -1 -1 -10 347.11 216.08 368.684 274.374 1.05899528712 1.19299903131 1.09799592657 -3.70736874049 1.38337693081 10.6032456663 0.00692802392802 0.00029678
pedestrian -1 -1 -10 705.39 164.05 717.619 214.169 0.753996628523 0.409999569564 1.03299611343 2.84569009425 0.739096043774 17.7779509153 0.00692802392802 0.00026499
pedestrian -1 -1 -10 679.16 211.05 693.867 261.27 2.05999082923 0.481999070638 1.19499544598 1.70434752998 1.16514898 14.3605101298 0.00692802392802 0.00024057
pedestrian -1 -1 -10 957.06 236.62 972.397 282.694 2.11399054825 0.841999437025 1.18899566497 6.12183362456 1.40597492936 11.7310897651 0.00692802392802 0.00022693
pedestrian -1 -1 -10 681.53 197.19 699.329 238.708 1.47499343604 1.15799920762 0.786996985665 1.48010766058 1.44022262592 13.0916925175 0.00692802392802 0.00021036
pedestrian -1 -1 -10 653.8 220.78 675.085 274.956 2.28198983967 1.19099917763 1.05999602205 1.19596921998 1.46426467095 12.8627143237 0.00692802392802 0.00018994
pedestrian -1 -1 -10 327.17 214.42 349.058 282.179 0.981995639205 0.705999849623 1.08599588771 -3.74749467414 1.3968622552 10.2760756994 0.00692802392802 0.00016644
pedestrian -1 -1 -10 756.19 176.32 786.318 238.178 0.762996591628 0.0839995768644 0.801996795826 4.0582652426 0.748912584879 17.6375529873 0.00692802392802 0.00016396
pedestrian -1 -1 -10 399.18 176.34 416.662 235.888 2.36398943067 0.547999964326 1.19899561788 -4.11090700446 1.44026724897 15.1639610269 0.00692802392802 0.00014045
pedestrian -1 -1 -10 709.43 161.91 721.541 214.057 0.755996593833 0.409999569564 1.13099579503 2.89469151582 0.740961267049 17.7776124331 0.00692802392802 0.00013859
pedestrian -1 -1 -10 330.6 220.8 373.599 283.118 0.968995685875 1.02599932759 1.06899623001 -3.69390557558 1.38353185851 10.4357002783 0.00692802392802 0.00012102
pedestrian -1 -1 -10 646.49 122.37 663.021 176.868 1.53799314797 0.34399962955 1.10299590303 1.07905023395 0.636633141528 14.570536083 0.00692802392802 9.0474e-05
pedestrian -1 -1 -10 652.52 124.44 666.301 180.401 1.72899227887 0.808999467018 0.512998085115 1.0921253824 0.911977260996 12.4901036743 0.00692802392802 8.2792e-05
pedestrian -1 -1 -10 893.1 215.35 910.38 271.166 0.953995707631 1.08399985286 0.678997589572 4.27587342856 1.40380339185 10.216513265 0.00692802392802 8.039e-05
pedestrian -1 -1 -10 897.18 225.59 931.012 278.306 0.953995707631 0.876999260719 0.652997664315 4.26215673141 1.40395950881 10.1131055578 0.00692802392802 6.2115e-05
pedestrian -1 -1 -10 751.23 153.54 766.947 206.452 0.763996589184 0.0949992489756 1.0999957741 3.90922985094 0.749328706802 17.6330854516 0.00692802392802 5.2943e-05
pedestrian -1 -1 -10 348.54 220.14 386.969 279.569 0.947995752096 0.742000076997 0.624997653108 -3.51692327254 1.3622075971 10.2924583069 0.00692802392802 5.1392e-05
pedestrian -1 -1 -10 353.67 211.85 375.092 270.296 0.981995639205 0.766000228579 0.624997653108 -3.51679325325 1.39619352833 10.304477541 0.00692802392802 5.0993e-05
pedestrian -1 -1 -10 636.24 122.7 667.584 190.077 1.53799314797 0.34399962955 1.10299590303 1.07905023395 0.636633141528 14.570536083 0.00692802392802 1.0668e-05
pedestrian -1 -1 -10 359.43 199.47 380.326 271.653 1.9969910875 0.426999756408 1.19199543627 -4.98354024328 1.06260363908 15.2252823327 0.00692802392802 9.3792e-06
pedestrian -1 -1 -10 908.07 219.63 944.125 275.771 2.23498993963 1.12999934867 1.19599560817 5.16820196197 1.3870806143 11.3145935454 0.00692802392802 8.4309e-06
pedestrian -1 -1 -10 318.16 215.6 340.338 274.956 1.07199524045 1.18399921289 1.13099603344 -4.06876817765 1.39735873958 10.6162579284 0.00692802392802 5.9849e-06
pedestrian -1 -1 -10 357.7 182.37 391.597 277.254 1.06299527735 1.06999896971 1.13599589069 -3.60381962151 1.38250475654 11.1160373305 0.00692802392802 1.0674e-06
pedestrian -1 -1 -10 302.47 193.49 351.152 283.605 1.92099145204 0.445998843264 1.19199543627 -5.94254367351 0.973056063901 15.3933704496 0.00692802392802 8.283e-08
