pedestrian -1 -1 -10 497.8 148.38 510.89 206.583 2.08977048517 0.61393306101 0.655999698101 -2.56200219193 1.33534369521 18.8506992003 0.00753464155925 0.035186
pedestrian -1 -1 -10 493.47 150.63 521.862 213.582 2.2897485745 1.10087922535 1.08999958051 -2.55579584703 1.53363659658 18.7356808381 0.00753464155925 0.012549
pedestrian -1 -1 -10 499.97 148.22 517.715 194.665 1.84879694832 0.61393306101 0.655999698101 -2.56207649247 1.09437015836 18.8524835101 0.00753464155925 0.012118
pedestrian -1 -1 -10 508.47 143.9 521.541 202.63 0.769915477036 0.378960100465 0.266999639795 -4.10439616094 0.113864197831 33.6781782244 0.00753464155925 0.0017559
pedestrian -1 -1 -10 504.41 140.82 531.893 206.226 0.769915477036 0.378960100465 0.266999639795 -4.10439616094 0.113864197831 33.6781782244 0.00753464155925 0.00046554
pedestrian -1 -1 -10 164.19 180.55 191.587 241.846 3.13965533494 1.06688446027 1.19599973307 -13.2850134206 2.21211828332 22.5772900757 0.00753464155925 0.00044026
pedestrian -1 -1 -10 478.54 152.65 510.569 217.782 1.50583467173 0.567938572957 0.328999895474 -4.55561286421 1.46548376765 29.0368752822 0.00753464155925 0.00024802
pedestrian -1 -1 -10 859.25 131.68 901.183 240.08 2.47072875606 0.99989045702 0.792999501668 7.48069144426 1.63744915012 20.2895860718 0.00753464155925 0.00015451
pedestrian -1 -1 -10 241.21 219.07 284.167 284.311 0.58593572306 1.1818706804 0.285999687385 -5.16745628779 1.52798187364 10.6012079281 0.00753464155925 6.0468e-05
pedestrian -1 -1 -10 856.37 109.58 887.413 216.59 1.97278340661 1.07288241461 0.808999767614 7.47281298533 1.14004991592 20.3298282862 0.00753464155925 4.8674e-05
pedestrian -1 -1 -10 453.42 126.34 483.167 223.497 1.93378765416 0.635930010265 0.481999726569 -2.61794232413 1.26567699475 13.9403201053 0.00753464155925 6.1802e-06
