pedestrian -1 -1 -10 1078.4 156.71 1171.82 329.79 1.83299186081 0.588999349078 0.424998594847 5.60850200221 1.45598695193 7.71426837751 0.00692802392802 0.98183
pedestrian -1 -1 -10 1068.5 161.1 1138.54 296.82 1.82299179584 0.588999349078 0.424998594847 5.60848821292 1.44598688696 7.71426265795 0.00692802392802 0.07461
pedestrian -1 -1 -10 325.36 238.0 351.152 282.986 1.06199523509 1.15399950025 1.17999539741 -4.02119272309 1.38804826101 10.7729272448 0.00692802392802 0.036998
pedestrian -1 -1 -10 834.76 169.42 882.947 263.7 0.688996936381 0.0890006415905 0.563998011864 6.42388660364 0.782329399989 17.6897477466 0.00692802392802 0.036233
pedestrian -1 -1 -10 766.7 168.24 780.175 237.568 0.761996594071 0.0960006063292 0.719997563408 4.08025927988 0.748853250296 17.6364016467 0.00692802392802 0.007376
pedestrian -1 -1 -10 363.91 223.98 385.817 276.084 0.245998808742 0.108999178453 0.0549998602304 -3.62683542638 1.37685917353 12.6132022492 0.00692802392802 0.0058848
pedestrian -1 -1 -10 367.16 241.63 389.292 279.873 0.966995660961 0.933999382308 0.59899772785 -3.51353270812 1.38013763518 10.3454463788 0.00692802392802 0.004109
pedestrian -1 -1 -10 332.47 224.24 345.924 273.647 0.966995660961 0.81299917439 1.06499605812 -3.75194515638 1.38086245651 10.2865973377 0.00692802392802 0.0034688
pedestrian -1 -1 -10 323.37 220.16 344.907 276.737 1.06199523509 1.11599941919 1.15399594898 -4.08205950581 1.38819390459 10.7923496297 0.00692802392802 0.00239
pedestrian -1 -1 -10 892.33 223.91 918.515 280.506 0.946995709837 1.12099857657 0.631997596305 4.25413088203 1.39890266344 10.182161298 0.00692802392802 0.0022534
pedestrian -1 -1 -10 306.12 225.97 339.292 279.775 1.06199523509 1.11699886919 1.19699529352 -4.28255729108 1.3887458276 10.7932396097 0.00692802392802 0.0017581
pedestrian -1 -1 -10 356.54 246.84 381.513 283.359 0.943995761871 0.754998649121 0.56499793563 -3.50218472826 1.35720882521 10.2558518309 0.00692802392802 0.0017053
pedestrian -1 -1 -10 351.76 218.62 377.604 276.729 0.943995761871 0.733998754905 0.56499793563 -3.50225747156 1.35722103646 10.2453521358 0.00692802392802 0.0010916
pedestrian -1 -1 -10 902.61 228.14 930.714 276.567 0.946995709837 0.853999512816 0.631997596305 4.25320600148 1.3990579211 10.0486649699 0.00692802392802 0.00092125
pedestrian -1 -1 -10 918.94 229.17 941.984 277.105 2.21799011528 0.985999392845 1.19699553193 5.65142500541 1.35796136661 12.0022392417 0.00692802392802 0.00084979
pedestrian -1 -1 -10 364.84 252.09 384.42 285.545 1.01299545914 1.17799869816 0.742997240532 -3.43920103782 1.37953725548 10.6909122065 0.00692802392802 0.00054139
pedestrian -1 -1 -10 1118.1 185.36 1202.9 337.31 2.06599072516 1.16599862237 0.708997925146 10.1947551345 1.20586827261 12.4946865583 0.00692802392802 0.00048687
pedestrian -1 -1 -10 251.21 197.9 286.368 282.758 1.57899294347 1.13499850604 1.06499605812 -6.43060471551 1.33838932509 13.6588325489 0.00692802392802 0.00030161
pedestrian -1 -1 -10 927.67 226.17 952.778 276.561 0.919995880127 0.923999160203 0.274999062734 5.55542104277 1.34484091296 10.5956091681 0.00692802392802 0.00025972
pedestrian -1 -1 -10 302.87 212.19 323.768 271.615 1.04999532402 1.05599904023 1.13199571879 -4.53512350715 1.37711953353 11.0754897354 0.00692802392802 0.00018062
pedestrian -1 -1 -10 488.95 95.619 526.941 223.309 0.951995719969 1.16099851131 0.304998683056 -2.19952270844 -0.0348933401585 16.8153649339 0.00692802392802 0.00011223
pedestrian -1 -1 -10 290.15 202.94 320.264 272.103 1.04099530131 0.686999809094 0.933996508063 -4.83201751915 1.30772467489 11.2619754768 0.00692802392802 0.00010686
pedestrian -1 -1 -10 269.01 197.28 307.343 279.786 0.961995688081 0.875998857039 1.02199647517 -4.55451099126 1.39008832793 10.2756703796 0.00692802392802 4.0757e-05
pedestrian -1 -1 -10 691.19 171.39 704.773 217.621 1.40599370897 0.224000778986 1.18899554576 2.42357234067 0.736455669155 17.6044892095 0.00692802392802 3.1757e-05
pedestrian -1 -1 -10 983.08 224.2 1017.36 285.676 1.07699518353 1.1819993592 0.815996920639 5.89394309161 1.40673226204 10.7482485601 0.00692802392802 2.4049e-05
pedestrian -1 -1 -10 929.84 219.06 967.721 278.217 0.982995562256 0.990999503898 0.170999361705 5.50286657263 1.40842176345 10.2145014026 0.00692802392802 2.2228e-05
pedestrian -1 -1 -10 263.6 233.56 289.766 274.567 0.961995688081 0.739999269637 1.05499634362 -4.57148162957 1.3902127828 10.2077865816 0.00692802392802 1.3711e-05
pedestrian -1 -1 -10 1122.3 147.64 1169.41 321.09 1.83299186081 0.588999349078 0.424998594847 5.60850200221 1.45598695193 7.71426837751 0.00692802392802 1.3142e-05
pedestrian -1 -1 -10 758.1 165.1 771.825 214.333 2.06999077499 0.456999469049 0.965996214334 3.1898536066 1.17122352997 14.210716486 0.00692802392802 7.8387e-06
pedestrian -1 -1 -10 497.57 88.269 558.866 218.959 0.876996093243 0.895999301248 0.278998996216 -1.94102699813 -0.136706383766 17.7770239937 0.00692802392802 1.2374e-07
