pedestrian -1 -1 -10 204.75 149.75 278.923 307.76 1.7829920128 0.627999833818 0.820997016304 -4.48425562017 1.43274532245 8.65471597998 0.00692802392802 0.97323
pedestrian -1 -1 -10 240.06 188.26 289.897 304.48 1.30599421598 0.774999093331 1.07599617321 -6.39342876173 1.15815606938 13.7735272114 0.00692802392802 0.018925
pedestrian -1 -1 -10 212.55 157.49 249.42 300.0 1.7829920128 0.724999890153 0.820997016304 -4.4839196135 1.43268891775 8.70321484421 0.00692802392802 0.013998
pedestrian -1 -1 -10 196.99 144.12 239.458 305.02 1.67399247289 1.09299967129 0.775997108986 -7.30953254257 1.33535153345 13.187851575 0.00692802392802 0.0075103
pedestrian -1 -1 -10 892.63 226.89 918.944 279.638 0.939995831251 1.14099997445 0.556997830248 4.30176431203 1.3895818381 10.3478285026 0.00692802392802 0.0046992
pedestrian -1 -1 -10 230.13 157.06 267.466 275.85 1.77599207461 0.724999890153 0.78399697595 -4.46542969007 1.42563810735 8.70308261386 0.00692802392802 0.002136
pedestrian -1 -1 -10 903.36 232.3 931.613 278.247 0.909995993972 0.740999673317 0.608997919181 4.26370801371 1.36001942226 10.0570681559 0.00692802392802 0.0016543
pedestrian -1 -1 -10 321.35 208.32 345.74 252.529 2.01199094653 0.333999407445 1.19199543627 -5.82498401521 1.06582646683 15.3106091547 0.00692802392802 0.0014525
pedestrian -1 -1 -10 212.68 154.02 238.361 231.066 2.05499085635 1.1269990913 1.12599522252 -7.47894979784 1.13288084846 14.0055883634 0.00692802392802 0.0012493
pedestrian -1 -1 -10 327.39 209.63 341.536 264.493 0.220998944342 0.108999178453 0.0939995096988 -6.8982061009 1.46312347198 18.521127048 0.00692802392802 0.0010182
pedestrian -1 -1 -10 886.85 227.02 904.648 276.094 0.909995993972 0.709999556996 0.580997669556 4.24960084128 1.36007594675 10.041665507 0.00692802392802 0.00096919
pedestrian -1 -1 -10 920.64 226.08 938.503 274.877 2.23399001658 1.14099997445 1.1939952838 5.33927992784 1.38543121249 11.4699111583 0.00692802392802 0.00053055
pedestrian -1 -1 -10 332.81 245.92 357.522 287.841 0.423998105526 0.170999411095 0.167999113572 -4.47767490055 1.34386158691 12.0389408615 0.00692802392802 0.00037114
pedestrian -1 -1 -10 215.62 203.11 241.373 269.76 1.7829920128 0.724999890153 0.820997016304 -4.4839196135 1.43268891775 8.70321484421 0.00692802392802 0.0002304
pedestrian -1 -1 -10 309.44 207.63 342.653 267.423 1.0639952302 1.1729985871 1.16299573971 -4.10647725708 1.38857734022 10.5160115115 0.00692802392802 0.00021276
pedestrian -1 -1 -10 218.81 167.01 245.694 261.891 1.7829920128 0.627999833818 0.820997016304 -4.48425562017 1.43274532245 8.65471597998 0.00692802392802 0.0002087
pedestrian -1 -1 -10 995.29 222.8 1015.48 278.834 0.97599568367 0.960998837583 0.207998925224 5.55740866505 1.40193325964 10.5101268824 0.00692802392802 0.00017791
pedestrian -1 -1 -10 480.83 89.798 528.489 217.538 1.23199449182 1.16199796132 0.306998769005 -2.24937327405 0.252451192209 16.6343777098 0.00692802392802 9.719e-05
pedestrian -1 -1 -10 906.51 221.72 948.248 279.214 2.22999008596 0.857999220189 1.19199543627 5.59753821355 1.37417822362 11.9426225589 0.00692802392802 7.6221e-05
pedestrian -1 -1 -10 762.88 173.42 774.352 217.311 2.06699076742 0.359999412714 0.931996422113 3.22258874431 1.1681763901 14.1729865865 0.00692802392802 7.4854e-05
pedestrian -1 -1 -10 925.25 213.99 960.738 275.46 0.986995671689 1.18199840553 0.72699702977 5.22372846246 1.40304470538 10.3429295037 0.00692802392802 6.8329e-05
pedestrian -1 -1 -10 882.21 207.33 911.781 273.453 1.08799517155 1.16399876868 0.636997453553 4.26286037508 1.38947377232 10.5355164727 0.00692802392802 3.4322e-05
pedestrian -1 -1 -10 323.41 232.69 352.406 288.216 1.04199534357 1.12299938393 1.13499572851 -4.02801461524 1.36311337129 10.7324564518 0.00692802392802 1.2453e-05
pedestrian -1 -1 -10 300.32 208.71 330.139 283.117 1.20099468678 0.633999394877 0.418998575416 -6.10430349772 1.15728075137 13.8420857887 0.00692802392802 1.1735e-05
pedestrian -1 -1 -10 245.81 167.29 265.702 246.091 1.77599207461 0.724999890153 0.78399697595 -4.46542969007 1.42563810735 8.70308261386 0.00692802392802 1.1733e-05
pedestrian -1 -1 -10 634.02 115.59 662.779 193.27 1.63699268252 0.378000003237 1.17899553324 0.968170362025 0.738942567126 14.5673658832 0.00692802392802 7.9736e-06
pedestrian -1 -1 -10 260.55 216.9 305.267 292.304 0.96999566853 0.686999809094 0.918996697902 -4.5002419017 1.38997509601 10.2437889724 0.00692802392802 4.2052e-06
pedestrian -1 -1 -10 221.42 149.68 249.629 229.442 1.64999259114 0.724999890153 0.750997107495 -4.48210297124 1.29968399617 8.70312491199 0.00692802392802 1.3274e-06
pedestrian -1 -1 -10 285.37 185.83 334.636 277.251 1.86099171787 0.268999871111 1.19699553193 -6.35727322316 0.908220021382 15.3757030252 0.00692802392802 7.7548e-07
