pedestrian -1 -1 -10 730.38 124.96 744.106 178.915 1.63282070243 1.1808713392 0.383000018181 2.60344945487 0.946032316747 14.5870765213 0.00753464155925 0.035715
pedestrian -1 -1 -10 731.63 194.74 745.215 246.138 2.19775860811 1.19086951905 0.387999892673 2.63564615066 1.50804454939 14.3866687522 0.00753464155925 0.025167
pedestrian -1 -1 -10 723.6 127.43 747.482 195.549 1.78380408717 1.17887170323 0.390999912735 2.56467135688 1.08537035484 14.7434452191 0.00753464155925 0.024368
pedestrian -1 -1 -10 721.85 132.48 757.186 245.77 2.19775860811 1.19086951905 0.394999860012 2.60896795742 1.5096780319 14.4958598761 0.00753464155925 0.022864
pedestrian -1 -1 -10 737.02 203.27 748.749 250.912 2.19775860811 1.18487061114 0.392999767164 2.63797273921 1.50770226842 14.3636528752 0.00753464155925 0.020363
pedestrian -1 -1 -10 726.69 194.07 739.146 246.205 2.2117570696 1.1938694498 0.406999940262 2.57269386026 1.51310288153 14.7257185486 0.00753464155925 0.011483
pedestrian -1 -1 -10 279.51 146.85 293.273 190.84 1.93378771376 1.15987277757 0.694999720495 -3.96164334007 1.32928178382 8.99481891877 0.00753464155925 0.0098283
pedestrian -1 -1 -10 739.09 198.72 755.494 253.344 2.21075719226 1.19886806294 0.488000005112 2.82663925043 1.52694924011 14.1180089642 0.00753464155925 0.0092275
pedestrian -1 -1 -10 723.69 183.57 749.025 248.404 2.21375688386 1.19586908577 0.413999907602 2.53695521419 1.51462449818 14.8269933996 0.00753464155925 0.0048237
pedestrian -1 -1 -10 730.69 175.16 755.827 252.338 2.19775860811 1.18987017785 0.387999892673 2.63564991546 1.50805194657 14.3871684086 0.00753464155925 0.004446
pedestrian -1 -1 -10 720.27 191.69 733.03 236.851 2.23375472856 1.15287357489 0.401999827352 2.49697533991 1.53461302515 15.0946840592 0.00753464155925 0.004177
pedestrian -1 -1 -10 744.46 201.01 761.638 258.319 2.21575663853 1.19686938054 0.515999874471 2.86154084028 1.532791295 13.8386577267 0.00753464155925 0.0023049
pedestrian -1 -1 -10 729.97 134.74 758.422 209.003 2.03477651656 1.18387031637 0.392999767164 2.63792625454 1.34472758111 14.3653598236 0.00753464155925 0.0019921
pedestrian -1 -1 -10 734.3 189.93 766.09 260.981 2.22075608481 1.19786872174 0.502999867006 2.83324930517 1.53518858066 13.9993950868 0.00753464155925 0.001532
pedestrian -1 -1 -10 750.44 147.95 761.973 197.284 2.10076925505 1.19786872174 0.52999980915 2.89386337974 1.42254394861 13.6206648896 0.00753464155925 0.0013492
pedestrian -1 -1 -10 744.44 146.66 757.745 199.478 2.1137678392 1.19686842697 0.50599964865 2.84549375789 1.42775455347 13.9705968274 0.00753464155925 0.00065439
pedestrian -1 -1 -10 1093.2 122.12 1147.56 222.12 1.52483254969 0.768915814848 0.913999754546 4.63652397882 0.958659058784 6.54166384057 0.00753464155925 0.00062809
pedestrian -1 -1 -10 739.26 133.78 752.862 193.91 1.8597957778 1.19186981382 0.494000045237 2.81384849857 1.17162695046 14.1632736932 0.00753464155925 0.00052586
pedestrian -1 -1 -10 719.54 118.75 737.206 181.678 1.61082316267 1.1718705934 0.401999827352 2.49723152426 0.912562203601 15.1587881449 0.00753464155925 0.00025025
pedestrian -1 -1 -10 1085.0 203.42 1114.13 290.742 2.08277128422 1.19886901651 0.733999742889 4.26319994372 1.51799868338 5.94124337741 0.00753464155925 7.4245e-05
pedestrian -1 -1 -10 704.69 115.69 741.703 222.9 2.015778728 1.17587177248 0.428999769496 2.51030601211 1.31642735884 15.0826981591 0.00753464155925 9.674e-06
