pedestrian -1 -1 -10 762.03 154.51 789.593 229.33 1.7358094089 0.750917183966 0.511999927194 4.39691509084 1.43212452842 18.9197303469 0.00753464155925 0.98241
pedestrian -1 -1 -10 759.2 154.89 777.266 224.229 1.7358094089 0.750917183966 0.511999927194 4.39691509084 1.43212452842 18.9197303469 0.00753464155925 0.23052
pedestrian -1 -1 -10 348.21 171.36 409.217 263.585 1.73380959091 1.16287270831 0.670999798413 -3.22059559032 1.66299517024 10.2854949719 0.00753464155925 0.10425
pedestrian -1 -1 -10 375.96 167.03 411.303 272.54 1.73380959091 1.1828700216 0.670999798413 -3.22148457604 1.66124846886 10.1675107398 0.00753464155925 0.052221
pedestrian -1 -1 -10 768.73 145.33 800.208 248.61 1.7358094089 0.750917183966 0.511999927194 4.39691509084 1.43212452842 18.9197303469 0.00753464155925 0.02905
pedestrian -1 -1 -10 753.26 157.34 767.977 215.918 0.778914473623 0.612933719809 0.248000069043 5.82902751884 1.03125836387 27.5609844441 0.00753464155925 0.01099
pedestrian -1 -1 -10 346.2 165.73 382.659 258.093 1.73380959091 1.17487147771 0.670999798413 -3.22169551998 1.66083400094 10.1395147238 0.00753464155925 0.0078692
pedestrian -1 -1 -10 895.69 135.29 911.498 178.989 0.721920709374 0.549938988505 0.524999934658 7.32223486907 -0.0746597306681 18.3169077373 0.00753464155925 0.0062831
pedestrian -1 -1 -10 388.94 167.96 402.714 248.668 1.73380959091 1.1708712522 0.670999798413 -3.22127362851 1.66166294384 10.1955072326 0.00753464155925 0.004723
pedestrian -1 -1 -10 879.37 131.96 895.229 175.155 1.36185048794 1.14587341863 0.80599998597 5.96782600223 0.819242000579 15.7532620651 0.00753464155925 0.0031627
pedestrian -1 -1 -10 891.68 132.5 920.304 191.255 0.611932831762 0.737918119797 0.789999243187 8.12936919579 -0.208067825374 19.3361285023 0.00753464155925 0.0027435
pedestrian -1 -1 -10 889.3 132.09 906.531 177.397 0.721920709374 0.618931674153 0.801999800274 7.18347894126 -0.0750695802589 18.2834544184 0.00753464155925 0.0023854
pedestrian -1 -1 -10 900.3 142.67 915.914 189.542 1.68481503903 0.97189364628 1.19499980586 6.27752172798 1.27017799011 15.0855523662 0.00753464155925 0.0022283
pedestrian -1 -1 -10 905.08 131.84 922.608 180.375 0.611932831762 0.673925954432 0.986999686423 8.22762555272 -0.20861321437 19.3033922326 0.00753464155925 0.0011893
pedestrian -1 -1 -10 871.15 128.68 898.085 187.299 1.5278322711 1.14887525651 0.943000027956 5.89840348233 0.983356742636 15.6230668441 0.00753464155925 0.00082925
pedestrian -1 -1 -10 361.67 176.1 425.629 296.82 1.73380959091 1.1688725698 0.670999798413 -3.22213247784 1.6599754552 10.0815226357 0.00753464155925 0.00079351
pedestrian -1 -1 -10 734.68 153.42 761.323 209.507 0.334963234065 0.389956667953 0.198999820828 6.29678709763 0.885325578183 31.9724431533 0.00753464155925 0.00061491
pedestrian -1 -1 -10 1077.0 152.03 1108.99 229.137 0.354961019159 0.864906923605 0.293000131561 11.1702539791 0.505149449713 16.7689059025 0.00753464155925 0.00046635
pedestrian -1 -1 -10 911.7 128.91 926.714 179.226 0.625931263448 0.944896176742 1.1039997536 8.44351700364 -0.209977977004 19.3553959657 0.00753464155925 0.00040528
pedestrian -1 -1 -10 899.37 127.79 930.237 188.153 1.58882553351 1.14987364415 1.19499980586 6.54538442281 1.16877115527 15.2043412629 0.00753464155925 0.0003507
pedestrian -1 -1 -10 1049.4 148.18 1090.7 229.358 0.119986865516 0.957895240911 0.164000460967 13.2594627562 -0.653331472773 20.5445958912 0.00753464155925 0.00034901
pedestrian -1 -1 -10 335.05 161.84 410.433 311.15 1.56782787108 1.169871911 0.154999685524 -7.76657717811 1.44836957757 22.4128643831 0.00753464155925 0.00023125
pedestrian -1 -1 -10 923.98 187.41 954.875 260.71 0.813910675759 0.740919004109 0.647999565128 5.66647790493 1.37761385905 11.7731629146 0.00753464155925 0.00022928
pedestrian -1 -1 -10 1168.0 166.18 1209.46 244.147 0.569937417507 0.260972042453 1.14399970321 9.5723354936 1.03201484284 11.7610454669 0.00753464155924 0.00021455
pedestrian -1 -1 -10 396.52 173.74 414.241 227.634 2.09576992797 0.778913994705 0.398000118493 -7.86174092694 1.68457200851 28.8403790541 0.00753464155925 0.00014746
pedestrian -1 -1 -10 385.81 206.69 407.701 267.893 1.7508078036 1.1808713392 0.632999703234 -3.23763108718 1.68385586018 10.5454759511 0.00753464155925 0.00011901
pedestrian -1 -1 -10 1159.8 176.33 1191.56 250.021 1.30685651934 1.15687284683 1.13499940461 7.63546028359 0.639056907067 9.66561935476 0.00753464155925 6.3405e-05
pedestrian -1 -1 -10 933.0 185.52 964.399 268.642 0.813910675759 1.15387386966 0.647999565128 5.66440235597 1.37353576856 11.4977006154 0.00753464155925 5.8737e-05
pedestrian -1 -1 -10 388.03 182.49 415.534 266.421 1.7508078036 1.18987017785 0.670999798413 -3.21925311118 1.68262082157 10.4628443966 0.00753464155925 5.7651e-05
pedestrian -1 -1 -10 445.88 162.5 465.628 210.759 2.63571060228 0.476945123774 0.712999602451 -7.84546961432 1.51362314042 37.3589581152 0.00753464155925 5.5552e-05
pedestrian -1 -1 -10 778.22 124.48 815.452 251.33 2.08477109849 0.722921326796 0.746999988772 2.92411409482 1.4736577526 10.6576534883 0.00753464155925 4.1672e-05
pedestrian -1 -1 -10 369.75 184.68 400.83 298.91 1.73380959091 1.16287270831 0.670999798413 -3.22018123923 1.66380929761 10.3404867376 0.00753464155925 3.9316e-06
pedestrian -1 -1 -10 457.54 172.62 470.962 214.93 1.48583685684 0.924897909888 0.205999788168 -7.47288733349 1.55452747295 38.3721746007 0.00753464155925 3.3173e-06
