pedestrian -1 -1 -10 71.422 136.65 167.166 349.83 1.87699158937 0.637999579086 0.928996889233 -4.85999824107 1.48672077711 6.95928567606 0.00692802392802 0.99802
pedestrian -1 -1 -10 882.56 173.04 956.304 344.99 1.55299308896 0.746999711213 0.522998038028 3.01449711357 1.46635443755 6.65438844389 0.00692802392802 0.99435
pedestrian -1 -1 -10 875.68 178.46 933.487 309.15 1.55299308896 0.81799976228 0.522998038028 3.01474305663 1.46631315163 6.68988761747 0.00692802392802 0.21248
pedestrian -1 -1 -10 767.34 169.91 780.743 236.405 0.762996576726 0.104999471081 0.741997078348 4.0953188712 0.749802101752 17.6447971891 0.00692802392802 0.081222
pedestrian -1 -1 -10 830.85 163.3 873.074 266.61 0.688996936381 0.101001671055 0.550997572399 6.37446419537 0.782452724415 17.7010902461 0.00692802392802 0.028798
pedestrian -1 -1 -10 850.21 165.65 909.602 272.15 2.21799005568 1.16999928341 1.19699577035 4.63076264441 1.36604951682 11.7633135755 0.00692802392802 0.0092121
pedestrian -1 -1 -10 880.16 189.25 920.018 279.77 1.55299308896 0.81799976228 0.522998038028 3.01474305663 1.46631315163 6.68988761747 0.00692802392802 0.0079051
pedestrian -1 -1 -10 319.56 218.78 350.722 280.301 1.0639952004 1.18099895552 1.18199548336 -4.07196331801 1.3851483715 10.8077759049 0.00692802392802 0.0077174
pedestrian -1 -1 -10 330.69 238.83 356.436 284.399 0.963995653391 0.764999824899 1.03799597067 -3.72135309819 1.37776229767 10.3003833383 0.00692802392802 0.0064024
pedestrian -1 -1 -10 362.1 225.2 385.439 274.843 0.995995575189 1.11499901551 0.680997437104 -3.53870773886 1.3630563154 10.4770866005 0.00692802392802 0.0044459
pedestrian -1 -1 -10 306.49 225.49 338.401 278.503 1.0639952004 1.16299931867 1.18799574121 -4.25736699145 1.3857257073 10.7500596071 0.00692802392802 0.0034729
pedestrian -1 -1 -10 638.74 175.98 651.865 221.781 2.07399076521 0.530999777482 1.18199555786 0.918783144754 1.17515877471 14.4974591386 0.00692802392802 0.0021368
pedestrian -1 -1 -10 312.88 239.08 344.956 281.846 1.01399544179 1.12999934867 1.18799526437 -4.06011242913 1.39148495128 10.4852215819 0.00692802392802 0.0013627
pedestrian -1 -1 -10 332.2 219.46 366.658 278.743 0.963995653391 0.97699957442 1.09199590714 -3.74461811641 1.37770501784 10.406547017 0.00692802392802 0.0012944
pedestrian -1 -1 -10 348.41 238.46 379.415 281.656 1.00999545157 1.19099917763 1.13699581446 -3.62084790702 1.37714370719 10.598667197 0.00692802392802 0.0010341
pedestrian -1 -1 -10 643.79 177.17 656.163 226.142 2.11699052602 1.18299880921 0.677997427388 1.14441602702 1.44036003898 12.9041405389 0.00692802392802 0.00085769
pedestrian -1 -1 -10 1057.9 88.842 1093.16 205.012 1.65699257404 0.671999475936 1.18899518814 7.61336974291 0.765086976281 11.5332716994 0.00692802392802 0.00082576
pedestrian -1 -1 -10 648.32 173.21 660.594 220.689 2.11699052602 1.18299880921 0.756997126926 1.18391492797 1.44025142046 12.9038667588 0.00692802392802 0.0007785
pedestrian -1 -1 -10 366.74 241.99 390.109 280.315 0.949995777011 0.945999458099 0.615997862378 -3.50673071391 1.36306521776 10.3923898979 0.00692802392802 0.00070405
pedestrian -1 -1 -10 764.14 169.36 789.262 244.577 0.762996576726 0.104999471081 0.668997159824 4.1318179537 0.74970173247 17.6445442018 0.00692802392802 0.00058449
pedestrian -1 -1 -10 634.16 174.62 646.97 217.676 1.99099101275 0.621999319085 1.19199555548 0.980401860007 0.975183648641 17.8234299448 0.00692802392802 0.00052713
pedestrian -1 -1 -10 1076.9 88.265 1114.65 209.795 1.69499245137 0.689999112786 1.19699553193 7.96441687422 0.801120454592 11.5318598366 0.00692802392802 0.00042774
pedestrian -1 -1 -10 357.96 253.28 380.038 286.933 0.924995882809 0.823999800175 1.10899604167 -3.79240546857 1.24467682233 11.4202712804 0.00692802392802 0.0004169
pedestrian -1 -1 -10 366.04 212.64 393.427 278.043 0.995995575189 1.1269990913 0.615997862378 -3.5061671641 1.36295996803 10.482861233 0.00692802392802 0.00041601
pedestrian -1 -1 -10 1066.6 103.87 1103.49 229.44 2.07499074787 0.676999586989 1.19699553193 7.74495985285 1.18272201395 11.5351027901 0.00692802392802 0.00034664
pedestrian -1 -1 -10 885.29 206.05 905.365 277.795 1.55299308896 0.81799976228 0.522998038028 3.01474305663 1.46631315163 6.68988761747 0.00692802392802 0.00034305
pedestrian -1 -1 -10 890.32 236.91 928.86 343.72 1.55299308896 0.81799976228 0.522998038028 3.01474305663 1.46631315163 6.68988761747 0.00692802392802 0.00034192
pedestrian -1 -1 -10 290.35 211.29 317.222 265.087 1.09499516934 0.721999632787 0.935996355595 -4.81510471819 1.36053923133 11.3833913385 0.00692802392802 0.00033336
pedestrian -1 -1 -10 907.01 175.1 959.021 245.889 1.55299308896 0.81799976228 0.522998038028 3.01474305663 1.46631315163 6.68988761747 0.00692802392802 0.00025528
pedestrian -1 -1 -10 331.79 219.67 345.148 268.125 0.963995653391 0.679999844355 1.03799597067 -3.72164753678 1.37781172442 10.257884368 0.00692802392802 0.00022365
pedestrian -1 -1 -10 298.17 207.08 332.487 276.71 1.05699529201 1.16399876868 1.07999586828 -4.54352179423 1.38504540851 11.1605552027 0.00692802392802 0.00016243
pedestrian -1 -1 -10 888.08 173.99 944.394 269.559 1.55299308896 0.81799976228 0.522998038028 3.01474305663 1.46631315163 6.68988761747 0.00692802392802 9.6846e-05
pedestrian -1 -1 -10 489.23 92.301 527.264 222.541 0.94999576956 1.16399876868 0.340998799644 -2.19658306771 -0.0338905443631 16.8058471126 0.00692802392802 7.3277e-05
pedestrian -1 -1 -10 104.99 139.32 166.003 262.76 1.86899160892 0.589999752758 0.928996889233 -4.85984300177 1.47869288517 6.98328043766 0.00692802392802 3.9963e-05
pedestrian -1 -1 -10 995.09 226.63 1023.79 293.214 1.05999523997 1.15099924288 0.95999643332 6.05460370109 1.40334826198 10.6966402695 0.00692802392802 3.1025e-05
pedestrian -1 -1 -10 947.61 205.76 982.973 274.818 1.07599514127 1.0949985713 0.737997144866 5.76922386805 1.40719477387 10.6446108791 0.00692802392802 2.964e-05
pedestrian -1 -1 -10 70.529 155.97 122.188 300.79 1.87699158937 0.637999579086 0.928996889233 -4.85999824107 1.48672077711 6.95928567606 0.00692802392802 1.8624e-05
pedestrian -1 -1 -10 270.02 194.92 309.183 280.853 1.86599169075 0.268999871111 1.1939952838 -6.8142976402 0.906397818833 15.4478653184 0.00692802392802 1.6513e-05
pedestrian -1 -1 -10 75.559 165.2 109.254 272.6 1.87699158937 0.637999579086 0.928996889233 -4.85999824107 1.48672077711 6.95928567606 0.00692802392802 8.0716e-06
pedestrian -1 -1 -10 95.586 138.24 143.167 286.19 1.8739915818 0.637999579086 0.928996889233 -4.86000237784 1.48372076954 6.9592839602 0.00692802392802 7.2808e-06
pedestrian -1 -1 -10 926.51 193.16 968.768 302.02 1.55299308896 0.628999760661 0.522998038028 3.0140883636 1.4664230535 6.59538988453 0.00692802392802 5.8898e-06
pedestrian -1 -1 -10 498.91 88.752 560.748 220.022 0.830996262468 0.156999481618 0.123999487647 -1.44165097069 -0.0677178014841 14.8350983234 0.00692802392802 8.5134e-08
