pedestrian -1 -1 -10 155.98 283.92 229.087 374.58 1.24586322713 0.732919506653 0.417999854879 -2.90118202954 1.50686088213 4.68201482024 0.00753464155925 0.22991
pedestrian -1 -1 -10 126.01 247.66 243.55 375.0 1.24586322713 0.762916430149 0.417999854879 -2.9012950365 1.50663884322 4.66701678423 0.00753464155925 0.13853
pedestrian -1 -1 -10 988.47 223.23 1020.79 293.362 2.29774765277 1.19786824495 0.891999686894 4.08173011088 1.71474710779 7.19996277107 0.00753464155925 0.0078244
pedestrian -1 -1 -10 80.28 214.33 271.52 375.0 1.76980570763 1.19286963181 1.19699966029 -2.74389164104 1.63252588007 4.53382713187 0.00753464155925 0.0067709
pedestrian -1 -1 -10 183.79 265.82 224.06 361.392 1.47783777856 1.19086951905 1.18999969295 -2.71146431937 1.63611548444 4.77540229721 0.00753464155925 0.0012478
pedestrian -1 -1 -10 1137.3 198.65 1170.3 292.376 2.02277795874 1.19686890375 1.12299980119 4.09347409136 1.64359309754 5.36513938395 0.00753464155925 0.0008492
pedestrian -1 -1 -10 974.29 215.7 1010.82 298.274 2.29774765277 1.19786872174 0.901999912714 4.10256785593 1.71834508492 7.44378636136 0.00753464155925 0.00012161
pedestrian -1 -1 -10 226.35 147.56 253.47 244.992 2.16476229847 1.19286915503 0.701999449416 -4.73139799662 1.5439629412 9.75175422571 0.00753464155925 8.7031e-05
pedestrian -1 -1 -10 1146.3 189.94 1180.95 285.378 1.97078356255 1.19786872174 1.10599960803 4.07203935829 1.64473508216 5.23838176098 0.00753464155925 5.7545e-05
pedestrian -1 -1 -10 259.78 175.71 291.865 255.135 2.17176149941 1.1938694498 0.821999775079 -4.64005050748 1.54655446321 9.93060425687 0.00753464155925 5.1688e-05
pedestrian -1 -1 -10 200.68 239.0 234.581 339.17 2.12576660561 1.19186981382 0.47800001771 -4.88710968476 1.51187716287 8.86149130618 0.00753464155925 3.1842e-05
pedestrian -1 -1 -10 1157.1 162.33 1192.08 274.61 1.9897815299 1.19786872174 1.18099963276 4.11764069838 1.61295716062 5.2556513171 0.00753464155925 1.4152e-05
