pedestrian -1 -1 -10 1200.8 280.97 1214.56 338.132 0.703922738549 0.886902442506 1.18299924877 5.43379874773 1.41251715023 6.69088396382 0.00753464155925 0.002141
pedestrian -1 -1 -10 989.02 202.73 1024.66 292.036 0.826909140713 1.17387213651 1.1979995875 4.6206998987 1.39456910639 8.34991444564 0.00753464155925 0.0012315
pedestrian -1 -1 -10 1041.3 220.78 1052.5 257.482 0.66992649197 1.0308871985 0.866999837597 5.13840185786 1.34152984977 8.63817724649 0.00753464155925 0.00053862
pedestrian -1 -1 -10 1110.2 146.25 1195.38 337.48 0.874903982872 1.18387031637 1.18799936168 8.24257161033 1.10768325296 10.8745787572 0.00753464155925 0.00047204
pedestrian -1 -1 -10 630.2 134.48 666.314 197.765 1.95478537619 0.368959059898 0.57399988485 1.13243860479 1.11388407591 23.296258645 0.00753464155925 0.00028613
pedestrian -1 -1 -10 1191.4 266.49 1227.21 336.911 0.703922738549 0.870904401165 1.18599950725 5.43523856532 1.41239763963 6.68287388354 0.00753464155925 0.00013884
pedestrian -1 -1 -10 1001.2 104.63 1035.88 210.66 1.58382602764 1.0548847373 1.12400020525 8.72093030836 1.15141839591 15.203671093 0.00753464155925 8.8784e-05
pedestrian -1 -1 -10 628.75 129.8 640.205 174.228 1.41884421122 0.805913371384 0.90599971098 0.935983669198 0.566456296649 23.5294074761 0.00753464155925 5.5736e-05
pedestrian -1 -1 -10 623.58 130.15 636.271 176.679 1.25286242807 0.805913371384 0.873999775135 0.919932976171 0.400486162651 23.5307568832 0.00753464155925 5.2858e-05
pedestrian -1 -1 -10 1004.1 188.76 1036.17 280.591 0.683924953455 0.68592472383 0.833999855329 5.00120750539 1.35418301184 8.81165120831 0.00753464155925 4.6327e-05
pedestrian -1 -1 -10 633.73 129.66 645.532 179.001 1.52883214843 0.649930322775 0.834999722939 0.970935104932 0.685262684536 23.4501885803 0.00753464155925 3.482e-05
pedestrian -1 -1 -10 969.73 191.98 1004.13 296.9 0.826909140713 1.17987009086 1.17399966542 4.40200753197 1.39532065348 8.39155660036 0.00753464155925 2.2202e-05
pedestrian -1 -1 -10 898.9 201.84 929.722 293.611 0.969893506765 1.18786958831 1.19299971301 3.70911602083 1.44294413698 8.74317869036 0.00753464155925 1.7593e-05
pedestrian -1 -1 -10 621.4 124.58 641.944 183.453 1.53883104098 0.805913371384 0.90599971098 0.936020665321 0.686443126406 23.528519023 0.00753464155925 1.7524e-06
pedestrian -1 -1 -10 604.17 127.46 633.571 194.561 0.728919940116 0.291967830364 0.168999948029 0.493413838761 0.0184127074752 25.6680437747 0.00753464155925 7.7518e-07
