pedestrian -1 -1 -10 249.54 163.48 300.921 303.77 1.62999268472 0.451999357997 0.675997579856 -4.35002396546 1.34492006551 9.05278284594 0.00692802392802 0.99687
pedestrian -1 -1 -10 842.43 213.59 856.112 259.959 0.553997579217 0.280999946902 0.63699769197 4.90871270349 1.27983240625 13.9118081793 0.00692802392802 0.0082914
pedestrian -1 -1 -10 265.88 177.14 312.278 297.4 1.86999162138 0.251000234261 1.19299536004 -6.80081189489 0.908362987219 15.4457719425 0.00692802392802 0.0073709
pedestrian -1 -1 -10 663.66 224.63 676.415 262.611 2.27798978984 1.17699829448 1.14099574794 1.23826858719 1.46018031686 12.8344177982 0.00692802392802 0.003012
pedestrian -1 -1 -10 891.22 228.62 917.433 278.063 1.15399477184 1.17299954078 0.603997585098 4.30107694923 1.37222702245 10.6586961833 0.00692802392802 0.0025366
pedestrian -1 -1 -10 659.28 229.74 671.664 266.971 2.27798978984 1.18999972762 1.06699602486 1.20155019809 1.46023495983 12.8751734151 0.00692802392802 0.0017804
pedestrian -1 -1 -10 884.86 234.56 903.059 279.285 0.921995845437 0.971999463368 0.609997842947 4.26504130278 1.37288123138 10.1745696267 0.00692802392802 0.0015852
pedestrian -1 -1 -10 661.37 213.29 680.724 266.172 2.27798978984 1.17699829448 1.14099574794 1.23826858719 1.46018031686 12.8344177982 0.00692802392802 0.0014183
pedestrian -1 -1 -10 746.44 119.81 759.802 189.418 1.53299317509 0.46899954484 0.905996496856 2.92763991553 0.634859164478 14.2872227904 0.00692802392802 0.00092892
pedestrian -1 -1 -10 835.8 158.67 851.071 215.12 2.19799022377 1.0039990297 1.19599560817 4.24177373847 1.33953355102 12.2780020521 0.00692802392802 0.00071375
pedestrian -1 -1 -10 838.58 187.91 865.696 264.545 0.553997579217 0.280999946902 0.63699769197 4.90871270349 1.27983240625 13.9118081793 0.00692802392802 0.00053659
pedestrian -1 -1 -10 668.69 221.87 679.718 263.532 2.25898994058 1.18799987393 1.14799575074 1.29557103139 1.44105084502 12.8095091021 0.00692802392802 0.00051765
pedestrian -1 -1 -10 882.13 218.39 909.194 276.295 0.903996038437 0.742999527003 0.587998089589 4.25322361785 1.35504483384 10.0601383533 0.00692802392802 0.00046267
pedestrian -1 -1 -10 960.3 234.67 980.843 275.273 0.981995639205 1.13199920235 0.660997769696 5.73326576425 1.40555542005 10.416406752 0.00692802392802 0.00033399
pedestrian -1 -1 -10 655.88 218.36 675.174 275.702 2.27798978984 1.18999972762 1.06699602486 1.20155019809 1.46023495983 12.8751734151 0.00692802392802 0.00032152
pedestrian -1 -1 -10 228.41 194.64 265.526 294.79 1.48999328949 1.15799920762 0.981996186678 -6.9016818557 1.34380458497 13.5576518916 0.00692802392802 0.00029054
pedestrian -1 -1 -10 873.37 208.56 896.874 270.097 0.921995845437 0.954999276524 0.609997842947 4.2649824144 1.37289111684 10.1660697373 0.00692802392802 0.00016292
pedestrian -1 -1 -10 705.84 163.18 719.027 214.661 0.754996626079 0.0909995416031 1.06999591536 2.85912489482 0.739234688361 17.6243540262 0.00692802392802 0.00013267
pedestrian -1 -1 -10 742.4 122.77 769.5 206.564 1.96599126756 0.46899954484 1.11399589891 3.09123256489 1.06740903338 14.2863406678 0.00692802392802 0.00012944
pedestrian -1 -1 -10 876.87 228.55 894.882 276.982 1.15399477184 1.17899910184 0.634997606021 4.25387413359 1.37263823279 10.4130178062 0.00692802392802 0.00011701
pedestrian -1 -1 -10 934.75 218.79 966.702 272.773 2.26298993081 1.04699922181 1.1979954557 5.78884445983 1.39993524968 11.6938018798 0.00692802392802 8.3879e-05
pedestrian -1 -1 -10 342.98 224.18 381.447 284.476 1.06199523509 1.18599906657 1.01799606485 -3.70832376227 1.38737321518 10.6087551615 0.00692802392802 7.4557e-05
pedestrian -1 -1 -10 347.19 212.09 370.552 273.281 1.0229954049 1.19299903131 1.01799606485 -3.70871683726 1.38744822735 10.5442792041 0.00692802392802 6.9968e-05
pedestrian -1 -1 -10 276.84 210.46 323.917 290.166 1.06499518305 1.19299903131 0.742997478949 -4.30931501396 1.39110993615 10.5394200185 0.00692802392802 5.8679e-05
pedestrian -1 -1 -10 348.81 196.67 393.172 279.199 1.0549952969 1.18699947025 1.18699557902 -3.61164578375 1.37958061413 11.0685919738 0.00692802392802 4.4641e-05
pedestrian -1 -1 -10 247.77 165.96 275.851 233.268 1.62999268472 0.451999357997 0.675997579856 -4.35002396546 1.34492006551 9.05278284594 0.00692802392802 4.1944e-05
pedestrian -1 -1 -10 957.78 236.54 972.895 281.263 2.09799064696 0.879999518085 1.19699553193 6.13011906111 1.39090184084 11.7750248939 0.00692802392802 2.8857e-05
pedestrian -1 -1 -10 756.06 168.57 786.678 244.469 0.764996556938 0.085000934218 0.785997061899 4.07732641444 0.750850417695 17.6459223285 0.00692802392802 1.9881e-05
pedestrian -1 -1 -10 328.06 208.67 372.311 281.32 1.0229954049 1.18499961657 1.15699548186 -3.77800703926 1.38760445173 10.5747599109 0.00692802392802 1.5146e-05
pedestrian -1 -1 -10 1098.4 124.19 1133.14 260.93 2.32398964763 1.194998885 1.1989958563 8.30302300428 1.4213919652 11.3523649171 0.00692802392802 1.0311e-05
pedestrian -1 -1 -10 908.61 217.52 947.883 275.078 2.23199005127 1.06199955496 1.19899537947 5.50808042006 1.37658320391 11.8042406 0.00692802392802 5.8747e-06
pedestrian -1 -1 -10 327.37 210.89 348.576 279.784 1.06299521774 1.19699873869 1.15399594898 -4.10078902675 1.38803549373 10.9759834422 0.00692802392802 3.8667e-06
pedestrian -1 -1 -10 317.8 213.81 340.76 275.133 1.06499518305 1.18599906657 1.15399594898 -4.10331151208 1.39045936602 10.6114935349 0.00692802392802 2.8484e-06
pedestrian -1 -1 -10 317.1 199.06 356.704 285.002 1.06499518305 1.16399972235 1.15399594898 -4.10131625776 1.39012442709 10.8994865349 0.00692802392802 9.2102e-08
