pedestrian -1 -1 -10 451.75 184.89 482.612 256.733 2.04777513051 1.15587350563 0.661999738226 -2.58037750652 1.64980293936 11.9899259505 0.00753464155925 0.012162
pedestrian -1 -1 -10 468.78 195.43 497.487 259.917 1.71281187261 1.17487052414 0.133000094709 -2.4776460916 1.3947811011 14.2882645577 0.00753464155925 0.0072765
pedestrian -1 -1 -10 1022.6 179.83 1071.27 282.59 1.9897815299 1.19886853972 1.05499950539 3.12200701928 1.46261079845 5.05685056972 0.00753464155925 0.0053394
pedestrian -1 -1 -10 445.18 189.54 473.528 267.89 2.04477546871 1.18487061114 0.663999831074 -2.58106789059 1.64647904951 11.7654270001 0.00753464155925 0.00017957
pedestrian -1 -1 -10 483.84 194.03 497.624 255.184 1.82179996228 1.09088009192 0.473999832015 -2.38711423076 1.61936061641 15.0731732224 0.00753464155925 3.6455e-05
pedestrian -1 -1 -10 757.21 191.13 795.874 292.26 2.27974968195 1.19486974457 0.586999951919 2.67071739979 1.63666293862 11.7957498173 0.00753464155925 3.2932e-05
pedestrian -1 -1 -10 677.12 177.63 717.322 264.92 0.839907784461 0.99888920868 0.311999940733 3.79684600923 1.76923358868 27.8748652584 0.00753464155925 3.0824e-05
pedestrian -1 -1 -10 823.76 125.91 857.129 218.743 1.85779602313 1.19086951905 1.19899951472 3.3427845481 1.23796550899 10.3582671018 0.00753464155925 2.6347e-05
pedestrian -1 -1 -10 434.21 174.57 464.348 244.319 1.70081319559 0.79991255633 0.739999783014 -2.57527240113 1.17071697547 10.8372521107 0.00753464155925 1.0428e-05
pedestrian -1 -1 -10 809.97 67.653 853.377 212.343 1.5018350432 1.18387031637 1.19399964022 3.22205396157 0.88184801378 10.3453112655 0.00753464155925 6.652e-06
pedestrian -1 -1 -10 356.55 238.73 370.754 285.819 1.33285365784 1.05388444253 1.19599973307 -3.68719602548 1.55884680787 10.929173104 0.00753464155925 3.063e-06
pedestrian -1 -1 -10 484.73 189.9 508.601 248.956 1.24686304486 0.667926092948 0.394999860012 -2.84236454401 1.54311275422 18.410436965 0.00753464155925 1.6151e-07
pedestrian -1 -1 -10 358.23 239.46 377.289 296.903 0.696923463107 0.74291864008 0.799999945845 -4.1404435695 0.367408469306 12.8432809727 0.00753464155925 1.2233e-07
pedestrian -1 -1 -10 1182.1 65.887 1241.98 352.977 1.65381845426 1.19586908577 0.646999876332 2.8692424936 1.14983727548 3.50818444361 0.00753464155925 8.1112e-08
