pedestrian -1 -1 -10 229.32 162.68 318.035 318.8 1.69699237198 0.691999443309 1.00899627412 -3.74247893317 1.45659585979 7.87163528557 0.00692802392802 0.99487
pedestrian -1 -1 -10 700.53 163.37 714.311 214.945 2.06999071538 0.556999782751 1.19599548896 2.17718019309 1.16478971149 14.4087296395 0.00692802392802 0.021257
pedestrian -1 -1 -10 703.59 167.91 724.718 211.173 0.756996591389 0.111999435819 1.10099593629 2.87969284704 0.74116723327 17.6337133511 0.00692802392802 0.0041643
pedestrian -1 -1 -10 659.53 231.98 671.215 270.093 2.27198989391 1.194998885 1.07499589182 1.20551751434 1.45422813512 12.8716423608 0.00692802392802 0.003747
pedestrian -1 -1 -10 836.7 158.77 850.974 214.945 2.1949902162 0.991998953904 1.18599541684 4.24879015914 1.33651080599 12.280951527 0.00692802392802 0.003281
pedestrian -1 -1 -10 693.39 166.55 720.195 230.263 2.06999071538 0.556999782751 1.18399568851 2.15618074872 1.16484745813 14.4088751936 0.00692802392802 0.0026732
pedestrian -1 -1 -10 943.51 228.83 965.358 272.062 0.771996480227 0.239999608476 0.382998458828 4.26151261078 1.4092771337 9.83771541989 0.00692802392803 0.0024242
pedestrian -1 -1 -10 890.5 229.59 917.816 278.839 1.18199473321 1.12499923761 0.61999779586 4.25554612161 1.39944607781 10.577025199 0.00692802392802 0.002101
pedestrian -1 -1 -10 696.74 166.39 710.231 228.239 2.06999071538 0.537999742221 1.17499565937 2.07274885618 1.16506602116 14.4189537364 0.00692802392802 0.0019333
pedestrian -1 -1 -10 882.75 222.11 899.771 274.628 1.18199473321 1.17599979814 0.61999779586 4.256519501 1.39928267877 10.7175218006 0.00692802392802 0.0019297
pedestrian -1 -1 -10 885.51 235.09 903.579 279.62 0.925995895266 0.943998650739 0.633997682255 4.24599474703 1.37794287391 10.1667050501 0.00692802392802 0.0016359
pedestrian -1 -1 -10 750.56 132.83 763.906 189.38 0.0999995529652 0.0 0.0 12.4977902858 -1.24307931784 55.8500972375 0.0 0.0010705
pedestrian -1 -1 -10 839.9 213.79 853.847 260.007 0.554997502267 0.258999649006 0.631997596305 4.91011718257 1.28084448531 13.8977992369 0.00692802392802 0.0010115
pedestrian -1 -1 -10 842.01 209.06 871.291 263.291 0.554997502267 0.258999649006 0.631997596305 4.91011718257 1.28084448531 13.8977992369 0.00692802392802 0.00097048
pedestrian -1 -1 -10 668.74 221.88 681.378 265.155 2.27198989391 1.18799892026 1.12299574925 1.28306154366 1.45408982358 12.8056030889 0.00692802392802 0.00093628
pedestrian -1 -1 -10 929.93 225.73 953.834 272.195 1.07199515104 1.00899914075 0.34199872341 5.57802552101 1.4047537112 10.6169344931 0.00692802392802 0.00036187
pedestrian -1 -1 -10 744.9 132.17 773.422 204.316 1.96899115592 0.37999890325 1.06599598188 3.1264492743 1.07044192597 14.1725960226 0.00692802392802 0.00035434
pedestrian -1 -1 -10 666.22 174.25 683.35 223.653 2.27198989391 1.1369993134 1.12299574925 1.28231679032 1.45421484368 12.6981061421 0.00692802392802 0.00028871
pedestrian -1 -1 -10 745.51 122.56 759.39 180.325 1.54199313819 0.526999116436 0.921996707618 2.92078707507 0.634851664382 14.3102658334 0.00692802392802 0.00023584
pedestrian -1 -1 -10 894.05 242.31 912.36 284.434 2.07299072295 1.16000001498 1.18499549307 4.8176055646 1.37909569881 11.273106684 0.00692802392802 0.00018698
pedestrian -1 -1 -10 341.12 221.74 381.485 282.619 0.981995639205 0.63400034855 0.70299742888 -3.56097206869 1.39634475843 10.2787831293 0.00692802392802 0.00014661
pedestrian -1 -1 -10 346.81 214.94 368.752 274.563 1.00999545157 1.06299995864 1.00299649311 -3.69957203431 1.3904860761 10.489225278 0.00692802392802 0.00012903
pedestrian -1 -1 -10 714.36 165.91 726.035 211.675 1.00599555075 0.518998748017 1.19499544598 2.98344320101 0.989649042768 17.8366435626 0.00692802392802 9.5312e-05
pedestrian -1 -1 -10 646.53 126.19 663.17 178.037 1.53799314797 0.418999387989 1.11699578942 1.10913455858 0.638537297284 14.5818300348 0.00692802392802 9.2908e-05
pedestrian -1 -1 -10 950.61 238.31 967.083 280.024 2.10999055803 1.1719991371 1.19699553193 6.03602899947 1.39701062069 11.9066806403 0.00692802392802 7.7782e-05
pedestrian -1 -1 -10 672.19 170.3 688.267 226.271 1.47699340135 0.865999588607 0.95599638063 1.36977972223 1.44249853646 13.1164591284 0.00692802392802 5.8442e-05
pedestrian -1 -1 -10 653.5 221.0 674.802 278.066 2.27198989391 1.18599906657 1.06499593891 1.20054883321 1.45423665097 12.8761768177 0.00692802392802 5.711e-05
pedestrian -1 -1 -10 361.82 197.67 379.917 270.091 2.00699103326 0.5429988996 1.19699553193 -4.98334029735 1.07248982382 15.32428905 0.00692802392802 2.7243e-05
pedestrian -1 -1 -10 281.01 195.52 328.17 308.4 1.69699237198 0.669999145413 0.797997100762 -3.63690567199 1.45629295915 7.88190393527 0.00692802392802 2.2918e-05
pedestrian -1 -1 -10 270.73 179.78 345.891 293.0 1.86099165827 0.383999564296 1.1909955125 -6.39173818174 0.907226093229 15.453441949 0.00692802392802 1.7839e-05
pedestrian -1 -1 -10 907.17 219.79 947.2 274.52 2.15099038333 0.86999929598 1.19299536004 5.63074315058 1.29395193612 12.0603485642 0.00692802392802 1.4097e-05
pedestrian -1 -1 -10 339.24 214.7 361.162 280.192 1.06599522531 1.194998885 1.16299573971 -3.77894722871 1.39058860123 10.5907455563 0.00692802392802 7.3075e-06
pedestrian -1 -1 -10 328.03 214.0 350.092 278.483 0.975995624065 0.827999507548 1.16299573971 -3.78033689076 1.39084271351 10.3723018094 0.00692802392802 4.2839e-06
pedestrian -1 -1 -10 326.52 201.93 373.742 284.52 0.975995624065 1.01299980179 1.06699590565 -3.73169728861 1.39060314503 10.4644670412 0.00692802392802 5.2667e-07
pedestrian -1 -1 -10 364.48 173.52 414.974 262.427 2.25898994058 0.52700007011 1.19899537947 -4.5219521897 1.32937991713 15.1822413493 0.00692802392802 3.4364e-07
