pedestrian -1 -1 -10 420.75 167.86 475.563 318.06 1.60199286677 0.641999763295 0.881996776757 -1.79517272914 1.45495768336 8.10620392467 0.00692802392802 0.96888
pedestrian -1 -1 -10 892.61 227.28 918.941 279.886 1.17499470562 1.18399921289 0.684997132168 4.32648401848 1.39317718735 10.6410319579 0.00692802392802 0.0074981
pedestrian -1 -1 -10 437.85 168.42 483.031 276.62 2.30998971164 0.761999567533 1.1979954557 -2.97266413133 1.39116583683 15.1310487096 0.00692802392802 0.0053184
pedestrian -1 -1 -10 902.96 231.71 931.35 277.699 0.898995946348 0.914999341778 0.707997286127 4.18850766683 1.35134056088 9.95758260821 0.00692802392802 0.0032554
pedestrian -1 -1 -10 356.04 244.2 383.283 279.557 0.947995752096 0.997998514963 0.640997625452 -3.50197447161 1.36200977061 10.4293579738 0.00692802392802 0.0025333
pedestrian -1 -1 -10 769.51 170.24 782.448 225.929 0.764996601641 0.0769996121257 0.695997247265 4.15129235806 0.751652787453 17.6404105778 0.00692802392802 0.001928
pedestrian -1 -1 -10 309.01 237.34 325.705 282.509 0.969995728135 0.985998439172 1.11399589891 -4.13164298092 1.38777794968 10.4017367236 0.00692802392802 0.0016145
pedestrian -1 -1 -10 311.99 210.12 337.885 275.67 1.00899552852 1.15599840026 1.17699586453 -4.09960865521 1.38759247605 10.4864940266 0.00692802392802 0.0011872
pedestrian -1 -1 -10 838.61 181.56 870.048 264.562 0.552997536957 0.271999174803 0.569997554459 4.87417405802 1.27893362988 13.9065470285 0.00692802392802 0.00095021
pedestrian -1 -1 -10 884.39 229.96 908.009 279.354 0.898995946348 0.85199965913 0.707997286127 4.18828943692 1.35137719465 9.92608352284 0.00692802392802 0.00093017
pedestrian -1 -1 -10 385.73 177.35 513.43 338.65 1.60199286677 0.641999763295 0.881996776757 -1.79517272914 1.45495768336 8.10620392467 0.00692802392802 0.00075987
pedestrian -1 -1 -10 333.19 246.32 357.492 288.118 0.421998140216 0.190999855305 0.164999342274 -4.47917750797 1.34186574605 12.0389501136 0.00692802392802 0.00072793
pedestrian -1 -1 -10 889.51 226.34 901.717 273.047 1.96699119061 0.913999891772 0.763997070124 4.88819741123 1.12379366087 11.3663845164 0.00692802392802 0.00059361
pedestrian -1 -1 -10 921.49 225.85 937.845 276.252 2.23498999923 1.19299903131 1.19699553193 5.30325712817 1.38461601353 11.3951570629 0.00692802392802 0.00043463
pedestrian -1 -1 -10 327.4 210.8 341.643 266.418 0.221998986602 0.114999693185 0.0909997384008 -6.89476325046 1.46312315143 18.513102996 0.00692802392802 0.0003792
pedestrian -1 -1 -10 699.92 173.82 711.774 217.177 2.05999082923 0.602999278556 1.17999551662 2.12146978476 1.16389726034 14.4491213346 0.00692802392802 0.00025077
pedestrian -1 -1 -10 440.8 228.24 485.109 321.749 1.60199286677 0.641999763295 0.881996776757 -1.79517272914 1.45495768336 8.10620392467 0.00692802392802 0.00019663
pedestrian -1 -1 -10 298.8 215.8 325.815 276.602 0.961995747685 0.772999239644 0.67899782799 -4.34986358641 1.38849989582 10.2967517774 0.00692802392802 0.00016239
pedestrian -1 -1 -10 395.61 180.1 456.562 307.45 2.33498957604 0.63099913751 1.19299536004 -3.72886129692 1.41620353811 15.1728032052 0.00692802392802 0.00010653
pedestrian -1 -1 -10 992.63 226.26 1018.18 282.542 1.06899520308 1.05199933286 0.801997034244 5.90805992997 1.40183874109 10.6211462521 0.00692802392802 9.3716e-05
pedestrian -1 -1 -10 324.12 211.86 348.39 284.445 1.0549953267 1.01899936285 1.17699586453 -4.09760395608 1.37724072852 10.7889485845 0.00692802392802 6.2193e-05
pedestrian -1 -1 -10 891.27 207.72 930.114 271.871 0.911995899677 1.03699995338 0.729997039485 4.19994781338 1.36423932393 10.0185126434 0.00692802392802 5.6472e-05
pedestrian -1 -1 -10 307.68 227.98 335.147 290.433 0.969995728135 0.985998439172 1.17699586453 -4.10014375477 1.38769132956 10.401518392 0.00692802392802 5.5447e-05
pedestrian -1 -1 -10 485.11 88.111 539.043 218.271 0.853996175528 1.18600002025 0.276998910266 -2.15909791136 -0.141265850556 17.0435241446 0.00692802392802 5.2497e-05
pedestrian -1 -1 -10 641.47 128.6 666.214 182.721 1.64999263585 0.36400007376 1.10899583305 1.10824399258 0.750547094115 14.5754014174 0.00692802392802 4.2031e-05
pedestrian -1 -1 -10 444.91 154.26 506.323 274.23 2.30798962712 0.860999477555 1.1909955125 -2.64384407824 1.38420493286 15.1782648772 0.00692802392802 4.1488e-05
pedestrian -1 -1 -10 323.09 230.32 341.628 278.346 1.06299530715 1.17799869816 1.10899580325 -4.0647486293 1.38734197892 10.6212239022 0.00692802392802 3.1308e-05
pedestrian -1 -1 -10 881.77 205.62 912.425 271.919 1.17499470562 1.18099895552 0.694997561916 4.24983850787 1.39349491346 10.5480608935 0.00692802392802 2.7955e-05
pedestrian -1 -1 -10 419.34 174.0 455.786 246.56 1.60199286677 0.641999763295 0.881996776757 -1.79517272914 1.45495768336 8.10620392467 0.00692802392802 1.5587e-06
pedestrian -1 -1 -10 284.59 185.34 323.387 276.947 1.86399172544 0.270999724797 1.1909955125 -6.4770940269 0.908519765049 15.4025319516 0.00692802392802 1.1175e-06
