pedestrian -1 -1 -10 1007.5 142.94 1025.14 197.395 1.56282839501 0.825909731098 0.0959996883257 13.3277059612 0.76845667085 23.167077723 0.00753464155925 0.18428
pedestrian -1 -1 -10 1015.3 143.56 1030.62 194.521 1.56282839501 1.12687735369 0.100000350858 13.3245718557 0.766230348034 23.0166132333 0.00753464155925 0.032842
pedestrian -1 -1 -10 1181.9 140.44 1202.61 186.414 1.56482814968 1.18987017785 1.18099939434 8.88979431389 0.849462104261 10.8936333771 0.00753464155925 0.024077
pedestrian -1 -1 -10 1132.4 114.72 1155.15 181.676 1.61082316267 0.711921898598 0.796999687364 13.5859011839 0.712997566327 18.0826060845 0.00753464155925 0.0089371
pedestrian -1 -1 -10 1176.0 142.39 1194.61 185.367 1.54982981086 1.18587090591 1.19200002421 8.7006339025 0.848281928109 10.8059530815 0.00753464155925 0.0062232
pedestrian -1 -1 -10 1119.2 119.0 1147.46 183.04 1.62682137883 0.972892987481 0.685999660307 13.5313865104 0.723968712249 18.2134906879 0.00753464155925 0.0047781
pedestrian -1 -1 -10 1005.9 139.99 1039.98 196.683 1.56282839501 1.12687735369 0.100000350858 13.3245718557 0.766230348034 23.0166132333 0.00753464155925 0.0038437
pedestrian -1 -1 -10 997.96 139.34 1029.27 209.13 1.56282839501 0.709923216197 0.0959996883257 13.3281429155 0.769315209531 23.2250693343 0.00753464155925 0.0031
pedestrian -1 -1 -10 1127.6 108.45 1162.89 195.129 1.60782347107 0.669926682489 0.738999140543 13.5567444483 0.712707829715 18.0618050531 0.00753464155925 0.002052
pedestrian -1 -1 -10 1134.2 7.1787 1241.96 342.379 1.54982981086 1.19786872174 1.19300042826 8.68138873999 0.84682995115 10.707105948 0.00753464155925 0.00044109
pedestrian -1 -1 -10 1173.0 128.22 1199.33 207.669 1.54982981086 1.18587090591 1.19200002421 8.7006339025 0.848281928109 10.8059530815 0.00753464155925 8.5812e-05
pedestrian -1 -1 -10 755.81 218.87 793.602 286.836 1.25186261033 1.16187336711 0.618999768555 3.33931599752 1.83515430447 13.2658696414 0.00753464155925 7.5671e-05
pedestrian -1 -1 -10 1114.3 95.333 1150.72 196.013 1.62682137883 0.972892987481 0.685999660307 13.5313865104 0.723968712249 18.2134906879 0.00753464155925 6.7758e-05
pedestrian -1 -1 -10 1156.9 117.77 1188.29 197.112 1.54982981086 0.972893941051 1.17899953991 8.87477731343 0.853360139259 11.1561143036 0.00753464155925 1.8565e-05
pedestrian -1 -1 -10 1107.1 110.17 1139.6 200.083 1.90679066813 1.15187423369 0.769999268383 13.4705661789 0.999137646809 18.3574678759 0.00753464155925 3.8625e-06
pedestrian -1 -1 -10 1173.6 0.0 1242.04 271.15 0.868904584766 1.01288952119 0.981000599972 8.57142061526 0.16158774439 10.2134696362 0.00753464155925 3.5052e-06
