pedestrian -1 -1 -10 552.87 153.29 600.521 300.82 1.9399912715 0.714998714375 0.828996898168 -0.524803471493 1.46075563336 9.5897494841 0.00692802392802 0.99896
pedestrian -1 -1 -10 495.26 154.9 564.241 292.91 1.96299125999 0.861998927561 0.849996802266 -0.816897814469 1.43247468599 9.66522885754 0.00692802392802 0.9833
pedestrian -1 -1 -10 1071.5 108.09 1224.02 370.0 1.92399144471 1.19099941605 0.996996235256 2.7308336803 1.52981902394 3.43413227216 0.00692802392802 0.89741
pedestrian -1 -1 -10 1068.5 132.25 1170.05 332.73 1.92399144471 1.19899930763 0.930996498347 2.69854125683 1.52979114435 3.53635848087 0.00692802392802 0.82467
pedestrian -1 -1 -10 459.77 149.45 548.148 288.83 1.80099198371 1.06999896971 0.879996810016 -1.56970768263 1.39070913154 10.4015080392 0.00692802392802 0.69481
pedestrian -1 -1 -10 1083.8 146.67 1112.99 221.22 0.842996262014 0.288999361647 0.230999556018 7.30139867331 0.880182266859 11.3315355102 0.00692802392802 0.5747
pedestrian -1 -1 -10 832.25 146.57 883.548 236.636 1.75699218065 0.785998765442 0.987996206109 4.8199839548 1.21179515614 13.2791289269 0.00692802392802 0.46347
pedestrian -1 -1 -10 1074.5 137.5 1126.32 318.98 1.92399144471 1.19699921552 0.86699660897 2.66679148677 1.52983727205 3.57257928363 0.00692802392802 0.14698
pedestrian -1 -1 -10 1155.1 89.195 1223.97 369.995 1.89999150336 1.19199910447 0.941996375026 2.89472433836 1.50546268102 3.35048030915 0.00692802392802 0.1436
pedestrian -1 -1 -10 857.19 151.25 889.889 236.663 1.69899235219 0.83199921492 0.69399763815 4.96800127626 1.15320618819 13.4370728736 0.00692802392802 0.10417
pedestrian -1 -1 -10 1082.7 146.99 1103.75 202.823 0.981995609403 0.846000098071 0.516998257014 10.3155191924 0.386469579945 14.3015719666 0.00692802392802 0.066309
pedestrian -1 -1 -10 534.48 150.42 587.188 293.47 1.99199105501 0.77599949701 1.04699601472 -0.633660809334 1.46101989398 9.62097489622 0.00692802392802 0.062768
pedestrian -1 -1 -10 1032.3 140.28 1129.06 331.73 0.727996736765 0.639998955935 0.456998539536 6.80078862184 0.890847956305 10.2085551565 0.00692802392802 0.038024
pedestrian -1 -1 -10 862.24 154.83 882.311 219.577 1.75699218065 0.83199921492 0.770997013321 4.92958249063 1.21131188488 13.4373728945 0.00692802392802 0.02926
pedestrian -1 -1 -10 1086.0 143.9 1131.18 245.13 0.49899777323 0.362000220074 0.581998070158 7.80599652301 0.45932371507 10.8652386548 0.00692802392802 0.023853
pedestrian -1 -1 -10 870.69 172.84 893.053 227.894 2.02399097681 0.516997940658 1.15499539592 9.73610790204 0.863557698833 24.3612832801 0.00692802392802 0.018197
pedestrian -1 -1 -10 851.04 150.75 876.403 227.762 1.75699218065 0.819999139129 0.952996490123 4.83767737457 1.21171447087 13.3070068195 0.00692802392802 0.013513
pedestrian -1 -1 -10 470.28 159.33 539.807 245.754 1.80099198371 1.06999896971 0.879996810016 -1.56970768263 1.39070913154 10.4015080392 0.00692802392802 0.012206
pedestrian -1 -1 -10 1092.3 147.81 1119.99 202.627 0.981995609403 0.905000073347 0.516998257014 10.3153148174 0.386503887922 14.2720726869 0.00692802392802 0.0097358
pedestrian -1 -1 -10 854.34 152.42 881.166 199.451 1.36599392593 0.443999943252 0.803996881776 9.56134358696 0.859067652544 24.3393704555 0.00692802392802 0.0088653
pedestrian -1 -1 -10 809.54 142.51 841.03 206.862 1.95999125242 0.863999734921 1.17699562611 7.81706753258 0.836850471867 24.3610852139 0.00692802392802 0.0074857
pedestrian -1 -1 -10 819.43 144.05 850.504 221.504 1.99599104524 0.686999809094 1.19099503567 8.1682269684 0.692782987865 24.4469660543 0.00692802392802 0.0071608
pedestrian -1 -1 -10 1082.2 145.28 1115.76 281.21 0.981995609403 0.905000073347 0.516998257014 10.3153148174 0.386503887922 14.2720726869 0.00692802392802 0.0070983
pedestrian -1 -1 -10 814.85 118.84 874.224 248.12 1.75699218065 0.83099881124 0.813996596271 4.73314211913 1.2120082251 13.3022314201 0.00692802392802 0.005914
pedestrian -1 -1 -10 832.8 121.41 927.527 247.25 2.2039901197 0.516997940658 1.16699543478 9.74187336195 0.868541172581 24.3611444616 0.00692802392802 0.0044853
pedestrian -1 -1 -10 933.14 151.54 977.561 252.76 1.94099128395 0.629001191171 0.323999141951 12.6356792977 0.738524553959 24.3930988357 0.00692802392802 0.0033696
pedestrian -1 -1 -10 1047.6 148.02 1076.75 249.49 0.897995993495 0.854998962822 0.456998539536 6.80176779396 1.06072219238 10.3161498115 0.00692802392802 0.0014313
pedestrian -1 -1 -10 859.5 149.27 949.849 249.27 2.2039901197 1.19600024235 0.956996185187 10.2754646376 0.867469071325 24.0119379049 0.00692802392802 0.0013937
pedestrian -1 -1 -10 1031.2 145.85 1084.24 258.66 1.89499154538 0.374000295865 1.14099455585 15.7054131294 0.79323501907 24.239418718 0.00692802392803 0.0010768
pedestrian -1 -1 -10 1024.1 175.81 1055.75 258.406 1.11699504107 1.08499930287 0.71299762021 7.05798179628 1.13930670714 10.9353539074 0.00692802392802 0.00091025
pedestrian -1 -1 -10 873.41 160.27 902.366 241.046 2.03299093992 0.982999135479 1.17099608351 9.92348994021 0.868308928015 24.1269788598 0.00692802392802 0.00075208
pedestrian -1 -1 -10 1062.5 130.45 1099.21 243.66 0.217999026179 0.159999738984 0.167999590407 12.5360883405 0.266680228665 18.3825942513 0.00692802392802 0.00068332
pedestrian -1 -1 -10 927.93 181.69 956.031 241.673 1.05999523997 1.09999868235 0.521997875844 5.4270403331 1.16256364861 11.1462184908 0.00692802392802 0.00065125
pedestrian -1 -1 -10 945.39 143.77 979.131 225.854 1.55499303192 0.510999333272 0.889996047676 10.6509202926 0.889738773871 21.1251683165 0.00692802392802 0.00059354
pedestrian -1 -1 -10 866.6 144.76 885.866 205.096 2.19899014682 0.516997940658 1.05499634362 9.68586826696 0.86369518985 24.3615297441 0.00692802392802 0.00039594
pedestrian -1 -1 -10 1000.0 202.69 1025.05 254.053 1.15299486369 1.15300005024 0.563998011864 6.26198070018 1.16191308159 10.575865291 0.00692802392802 0.00038087
pedestrian -1 -1 -10 875.74 113.24 991.0 252.95 1.41199372411 0.398997990106 0.89399574274 10.2239621365 0.749876395446 21.1600481651 0.00692802392803 0.00034054
pedestrian -1 -1 -10 1129.3 111.12 1196.35 242.71 1.74499222487 0.900999412301 0.611997690479 2.72964339575 1.35089561011 3.37003492812 0.00692802392802 0.00032615
pedestrian -1 -1 -10 541.82 163.45 635.79 297.33 1.72699225396 0.714998714375 0.682997418746 -0.451608300478 1.42555508513 9.58932529952 0.00692802392802 0.00029359
pedestrian -1 -1 -10 924.31 136.88 963.223 226.68 1.55499303192 0.510999333272 1.05699523748 10.3054298967 0.890688842213 21.1275630257 0.00692802392802 0.0002601
pedestrian -1 -1 -10 494.37 154.11 507.808 220.338 1.80099198371 1.06999896971 0.953996413889 -1.6067065958 1.39081087531 10.401764491 0.00692802392802 0.00025888
pedestrian -1 -1 -10 966.53 142.32 1048.96 261.8 1.18399474323 1.15300005024 0.718997162806 6.33952116042 1.1926998492 10.5753458589 0.00692802392802 0.00023688
pedestrian -1 -1 -10 1007.0 193.91 1035.67 250.997 1.18399474323 1.15299909657 0.585997765222 6.24834271482 1.19339328266 10.188969206 0.00692802392802 0.00023468
pedestrian -1 -1 -10 828.85 154.01 862.075 245.281 1.75699218065 0.83099881124 0.813996596271 4.73314211913 1.2120082251 13.3022314201 0.00692802392802 0.00016698
pedestrian -1 -1 -10 1199.8 109.35 1224.02 295.47 1.86399165094 0.977999501263 0.611997690479 2.73007421361 1.46985026129 3.40860211062 0.00692802392802 0.00015241
pedestrian -1 -1 -10 488.9 153.78 514.806 222.55 1.77699204236 1.04999947917 0.953996413889 -1.60680896774 1.36682256349 10.3917512589 0.00692802392802 0.00014876
pedestrian -1 -1 -10 489.72 156.79 505.395 204.448 1.77699204236 1.0230000239 0.913996602237 -1.62671486746 1.36686186021 10.4053892853 0.00692802392802 0.00014485
pedestrian -1 -1 -10 506.47 245.71 520.06 285.543 1.80099198371 0.63299994487 0.727997430371 -1.59819306301 1.39053751538 10.620210242 0.00692802392802 0.00013621
pedestrian -1 -1 -10 1188.7 129.73 1223.98 224.454 1.77599210441 0.950999569152 0.611997690479 2.72985934188 1.38186641499 3.39505213702 0.00692802392802 0.00012655
pedestrian -1 -1 -10 914.46 120.39 1097.42 288.86 1.18399474323 1.18699947025 0.718997162806 6.3391401236 1.19276381301 10.5203473878 0.00692802392802 0.00012192
pedestrian -1 -1 -10 913.45 163.38 956.492 245.378 1.41199372411 0.398997990106 0.836996750231 10.1954633248 0.749954764683 21.1602456998 0.00692802392803 0.00011631
pedestrian -1 -1 -10 501.62 149.76 512.888 209.667 0.37499832958 0.382999160616 0.650997578365 -7.56236953999 -0.2224814762 57.3606381738 0.00692802392802 9.6445e-05
pedestrian -1 -1 -10 561.72 152.91 593.997 235.849 1.9399912715 0.714998714375 0.812996925824 -0.516803677487 1.46073363463 9.58969403486 0.00692802392802 9.4674e-05
pedestrian -1 -1 -10 908.98 175.78 938.373 237.387 1.06399522647 0.392999382721 0.43699863371 11.388236572 -0.111907125661 24.281259358 0.00692802392802 8.3875e-05
pedestrian -1 -1 -10 841.52 147.67 869.214 206.772 1.75699218065 0.711999410682 0.904996334672 4.77822868334 1.21195230458 13.2424177805 0.00692802392802 8.0464e-05
pedestrian -1 -1 -10 914.11 95.448 1017.86 258.248 1.54599306881 0.349000694276 0.597997327249 10.7963425748 0.880431535763 21.0431538474 0.00692802392802 7.856e-05
pedestrian -1 -1 -10 1104.8 141.75 1147.79 229.245 1.80299193412 0.950999569152 0.611997690479 2.7298965725 1.4088662447 3.39506757963 0.00692802392802 6.6708e-05
pedestrian -1 -1 -10 507.44 208.29 548.994 292.911 1.96299125999 0.861998927561 0.815996920639 -0.83389734693 1.43252143321 9.66534668697 0.00692802392802 6.2642e-05
pedestrian -1 -1 -10 1121.0 140.19 1158.6 229.004 1.80299193412 0.950999569152 0.611997690479 2.7298965725 1.4088662447 3.39506757963 0.00692802392802 5.9878e-05
pedestrian -1 -1 -10 97.576 220.46 147.88 293.867 1.12799498439 0.789999426488 0.649997177764 -6.55538272745 1.46590248432 10.0165173567 0.00692802392802 5.0036e-05
pedestrian -1 -1 -10 474.33 157.06 507.484 221.195 1.80099198371 0.934999785988 0.878996647832 -1.643737943 1.39083549337 10.469522381 0.00692802392802 4.4302e-05
pedestrian -1 -1 -10 547.72 154.21 580.457 229.853 1.99199105501 0.714998714375 1.02199613244 -0.621372474202 1.46102099249 9.59038859769 0.00692802392802 4.3241e-05
pedestrian -1 -1 -10 898.29 160.0 982.935 257.106 1.11899499148 1.12999839499 0.600997575382 5.46605942599 1.22154898296 11.0649806033 0.00692802392802 4.241e-05
pedestrian -1 -1 -10 984.18 177.98 1027.72 255.448 1.15299486369 1.13299865236 0.539997934138 6.27459011036 1.16177774112 10.6637797659 0.00692802392802 4.0179e-05
pedestrian -1 -1 -10 507.96 239.01 530.045 290.964 1.80099198371 0.663999107518 0.635997648995 -1.55230165789 1.39042904849 10.6043921997 0.00692802392802 3.5746e-05
pedestrian -1 -1 -10 1204.0 176.57 1223.96 244.217 1.89999150336 1.18599906657 1.03299611343 2.94004991651 1.50536663775 3.32516570191 0.00692802392802 3.4198e-05
pedestrian -1 -1 -10 1180.8 94.201 1224.04 272.291 1.75299220532 0.900999412301 0.611997690479 2.72965442709 1.35889559056 3.37003950373 0.00692802392802 2.5941e-05
pedestrian -1 -1 -10 1093.1 178.73 1123.51 260.191 1.92399144471 1.19399919658 0.901996563374 2.68430143563 1.52978740532 3.57395796184 0.00692802392802 2.5005e-05
pedestrian -1 -1 -10 1107.7 125.23 1170.25 236.72 1.79999192655 0.950999569152 0.611997690479 2.72989243573 1.40586623713 3.39506586377 0.00692802392802 2.1495e-05
pedestrian -1 -1 -10 479.68 155.46 496.938 211.662 0.102999560535 0.221999971626 0.623997252506 -8.94392704923 -0.89541855591 57.1380789891 0.00692802392802 1.332e-05
pedestrian -1 -1 -10 549.68 214.41 576.789 293.063 1.99199105501 0.77599949701 1.02799615187 -0.624161106105 1.46099377062 9.6209090506 0.00692802392802 1.0924e-05
pedestrian -1 -1 -10 525.38 149.53 540.095 204.498 1.8239918232 0.861998927561 0.893996636806 -0.795090094845 1.2934147528 9.66499687142 0.00692802392802 8.8608e-06
pedestrian -1 -1 -10 950.94 197.77 993.24 263.903 1.99799112976 0.653999839086 1.15399547215 6.37591721755 1.12991434716 12.0450836142 0.00692802392802 9.9787e-07
