pedestrian -1 -1 -10 34.418 147.15 68.512 234.033 1.33285362804 1.17087172898 1.14099944473 -5.85764918059 0.733320412379 7.56778045421 0.00753464155925 0.020542
pedestrian -1 -1 -10 44.235 160.95 74.023 228.992 1.76380630207 1.19186933704 0.384999634192 -4.60752926188 1.48932767116 6.0646539302 0.00753464155925 0.0065685
pedestrian -1 -1 -10 0.0 146.12 47.506 255.7 1.85579617906 1.19286963181 0.416999689246 -4.59430600796 1.54184010001 5.69490666216 0.00753464155925 0.0062738
pedestrian -1 -1 -10 25.804 156.74 52.341 225.808 1.7328096875 1.19686890375 0.401999827352 -4.60085836187 1.45475006793 5.82335290249 0.00753464155925 0.0019796
pedestrian -1 -1 -10 48.438 110.4 82.405 241.4 1.32685430443 1.06988248387 0.92699976201 -5.75084262891 0.732865044248 7.54143444508 0.00753464155925 0.00093898
pedestrian -1 -1 -10 11.325 164.4 35.153 229.929 1.85579617906 1.19286963181 0.416999689246 -4.59430600796 1.54184010001 5.69490666216 0.00753464155925 0.00080136
pedestrian -1 -1 -10 222.89 264.95 238.712 323.374 2.44973097444 1.11087835878 0.623999881465 -4.79929031632 1.84425167451 8.68778322314 0.00753464155925 0.00070942
pedestrian -1 -1 -10 81.862 162.66 124.915 251.436 1.39584673452 1.14087528227 1.07699981146 -5.75117653433 0.810986851984 8.15737631093 0.00753464155925 0.00039127
pedestrian -1 -1 -10 360.2 236.91 379.506 280.06 2.26775094533 0.798912261559 0.620000172607 -5.06584844869 2.05850278093 14.5660841898 0.00753464155925 0.00035785
pedestrian -1 -1 -10 98.923 166.76 132.093 250.887 0.854906131196 1.16887209301 0.904999932777 -5.52369797044 0.813412746177 8.32664654712 0.00753464155925 0.00019806
pedestrian -1 -1 -10 111.58 188.75 129.372 249.407 1.40784544134 1.13987546429 1.07199969855 -5.46168499033 0.810783475648 8.15578691582 0.00753464155925 0.00017156
pedestrian -1 -1 -10 335.67 209.4 368.248 284.385 2.37773900174 1.1338756028 0.962999525923 -4.92642635784 2.16228106108 14.1517546235 0.00753464155925 0.00010579
pedestrian -1 -1 -10 37.107 191.28 61.035 247.611 2.02277792894 1.19586860898 0.387999892673 -4.60662736331 1.74696597943 5.97273732601 0.00753464155925 0.00010175
pedestrian -1 -1 -10 348.68 228.65 363.418 285.888 2.37773900174 1.11887690266 1.07899966589 -4.86848443388 2.16212781155 14.1438191058 0.00753464155925 3.1099e-05
pedestrian -1 -1 -10 16.284 192.12 41.842 248.639 2.01177909946 1.1938694498 0.401999827352 -4.60120553714 1.73286833487 5.76379505564 0.00753464155925 2.8869e-05
pedestrian -1 -1 -10 120.66 185.62 140.425 252.82 1.8727943247 1.19486926778 0.414999834816 -4.6510607059 1.773745361 7.03521212055 0.00753464155925 1.9869e-05
pedestrian -1 -1 -10 146.44 177.56 167.466 246.054 1.78180430084 1.194868791 0.420999874941 -4.67007092905 1.74362710617 7.43118250133 0.00753464155925 1.1023e-05
