pedestrian -1 -1 -10 697.76 151.46 751.338 303.43 1.91199148893 0.616999208033 1.07899600411 1.38379247111 1.3288339269 8.41636085933 0.00692802392802 0.99935
pedestrian -1 -1 -10 637.43 130.82 689.953 301.34 1.96699122041 0.872998599672 0.83799685281 0.902149887673 1.34201177248 8.54768402853 0.00692802392802 0.99906
pedestrian -1 -1 -10 805.88 151.05 859.712 276.04 1.58799287677 0.762999971213 0.615997623961 3.12640514473 1.21655561781 9.70437741913 0.00692802392802 0.99871
pedestrian -1 -1 -10 419.42 145.95 431.84 188.484 1.47199342474 0.440000235879 0.910996354103 -7.63972051688 -0.023831632757 31.6236314298 0.00692802392802 0.96063
pedestrian -1 -1 -10 490.22 143.87 507.479 186.016 1.42099359781 0.440000235879 0.481998064192 -4.49098740243 -0.0407100454162 30.9198086658 0.00692802392802 0.93232
pedestrian -1 -1 -10 549.13 135.18 563.516 182.214 1.41699364111 0.747998684382 0.621997762601 -1.89901095369 -0.0498457525981 30.9088429454 0.00692802392802 0.66357
pedestrian -1 -1 -10 440.05 149.33 452.871 190.216 1.24899446517 0.3619992664 0.680997198686 -6.94717672705 -0.0274481014509 31.3679522643 0.00692802392802 0.59064
pedestrian -1 -1 -10 328.26 143.71 340.961 187.872 1.16299479455 0.570001215896 0.414998403517 -7.62755548625 0.039916242181 20.4515244285 0.00692802392802 0.48983
pedestrian -1 -1 -10 322.44 141.46 345.868 204.453 1.16299479455 0.570001215896 0.414998403517 -7.62755548625 0.039916242181 20.4515244285 0.00692802392802 0.18883
pedestrian -1 -1 -10 332.38 131.14 370.629 207.705 1.1789946998 0.519000655365 0.444998023838 -8.44272196118 -0.067990979036 24.0836268213 0.00692802392802 0.12899
pedestrian -1 -1 -10 646.76 141.88 703.84 248.13 1.96699122041 0.903998715993 0.984996255998 0.975755207659 1.34179163329 8.562674276 0.00692802392802 0.082504
pedestrian -1 -1 -10 422.79 144.38 443.572 190.362 1.47199342474 0.461000130095 1.118996233 -7.3660619387 -0.0243639620134 31.4292290492 0.00692802392802 0.07144
pedestrian -1 -1 -10 414.16 146.64 425.33 187.059 0.785996475816 0.269000824784 0.619997557442 -10.2050789954 -0.221470723964 39.2432597992 0.00692802392802 0.05004
pedestrian -1 -1 -10 292.5 135.09 328.999 243.73 1.07499521077 0.482999474318 0.417997697979 -8.64520487329 0.0577810485168 21.2751666469 0.00692802392802 0.04245
pedestrian -1 -1 -10 311.89 131.82 345.849 239.57 1.16299479455 0.570001215896 0.414998403517 -7.62755548625 0.039916242181 20.4515244285 0.00692802392802 0.03854
pedestrian -1 -1 -10 436.18 144.44 456.51 201.835 1.24899446517 0.3619992664 0.680997198686 -6.94717672705 -0.0274481014509 31.3679522643 0.00692802392802 0.036987
pedestrian -1 -1 -10 701.34 153.31 757.565 235.814 1.69699246138 0.463999433788 0.754997160186 1.54661445711 1.32829948532 8.49185903465 0.00692802392802 0.036526
pedestrian -1 -1 -10 485.67 147.71 497.593 185.928 1.42099359781 0.440000235879 0.481998064192 -4.49098740243 -0.0407100454162 30.9198086658 0.00692802392802 0.036021
pedestrian -1 -1 -10 336.67 134.83 351.08 187.591 0.494997768104 0.197002277385 0.176999381136 -12.1147942153 -1.09774505632 33.5945016873 0.00692802392802 0.026126
pedestrian -1 -1 -10 428.76 145.4 438.754 184.592 0.786996458471 0.194000112671 0.855996732291 -9.17046641776 -0.224752233779 39.61759903 0.00692802392802 0.016762
pedestrian -1 -1 -10 409.3 144.76 438.978 193.167 1.47199342474 0.440000235879 0.808996977441 -7.69071898016 -0.0236913914478 31.6239849172 0.00692802392802 0.0096991
pedestrian -1 -1 -10 795.13 159.37 838.381 273.63 1.55899308175 0.680999294361 0.615997623961 3.12664920537 1.1875081401 9.74536018711 0.00692802392802 0.0050985
pedestrian -1 -1 -10 349.2 135.19 364.957 192.364 1.1789946998 0.519000655365 0.444998023838 -8.44272196118 -0.067990979036 24.0836268213 0.00692802392802 0.0040731
pedestrian -1 -1 -10 725.89 147.56 741.978 209.522 1.69699246138 0.463999433788 0.754997160186 1.54661445711 1.32829948532 8.49185903465 0.00692802392802 0.003669
pedestrian -1 -1 -10 822.19 155.14 856.701 246.039 1.58999284208 0.762999971213 0.615997623961 3.12640790253 1.21855558312 9.70437856302 0.00692802392802 0.0034566
pedestrian -1 -1 -10 659.02 124.94 686.369 205.389 1.8149919495 0.903998715993 0.944996444346 0.955546187318 1.18984735904 8.56272596238 0.00692802392802 0.0033213
pedestrian -1 -1 -10 341.54 127.85 359.935 189.571 1.1789946998 0.519000655365 0.444998023838 -8.44272196118 -0.067990979036 24.0836268213 0.00692802392802 0.0027347
pedestrian -1 -1 -10 724.62 151.36 749.936 232.485 1.69699246138 0.463999433788 0.754997160186 1.54661445711 1.32829948532 8.49185903465 0.00692802392802 0.0023151
pedestrian -1 -1 -10 503.39 149.44 517.015 186.721 0.786996458471 0.388000225342 1.01799630327 -4.96630849703 -0.237019101523 40.2054697773 0.00692802392802 0.0022183
pedestrian -1 -1 -10 807.64 203.08 827.17 268.301 1.59899286479 0.762999971213 0.615997623961 3.12642031284 1.22755560582 9.7043837106 0.00692802392802 0.0015015
pedestrian -1 -1 -10 733.77 149.8 823.631 292.44 1.85099177212 0.918998095477 1.18899518814 5.82256100683 1.06987776561 23.0277037727 0.00692802392802 0.0010834
pedestrian -1 -1 -10 358.95 148.06 372.082 196.516 0.396998233907 0.372998938511 0.378999240599 -8.51124131134 -0.0610178521893 25.1495902359 0.00692802392802 0.00096564
pedestrian -1 -1 -10 241.06 138.21 274.229 256.8 1.52699322328 0.894999374405 0.411998632219 -2.87590658316 1.41269292872 5.69812585066 0.00692802392802 0.00095211
pedestrian -1 -1 -10 39.144 136.46 70.327 211.041 0.798996414244 0.853999512816 1.19899561788 -3.13767589989 0.508522623105 3.85476586032 0.00692802392802 0.00085063
pedestrian -1 -1 -10 247.37 152.23 265.911 215.444 0.257998853922 0.0830001268581 0.259999252574 -14.2985818196 -0.21059286688 29.988711737 0.00692802392802 0.00077907
pedestrian -1 -1 -10 626.24 128.19 677.353 257.2 1.96699122041 0.903998715993 0.697997392819 0.832259223044 1.34218623468 8.56366889453 0.00692802392802 0.00070222
pedestrian -1 -1 -10 274.21 140.78 307.729 237.639 1.72799229622 0.411000926918 0.561997687496 -7.68312392577 0.703719813799 17.2607744184 0.00692802392802 0.00048399
pedestrian -1 -1 -10 412.11 222.16 439.499 274.747 1.15199486986 0.686999809094 1.11399589891 -2.90014433442 1.03761712278 11.942229881 0.00692802392802 0.0004076
pedestrian -1 -1 -10 669.04 131.26 694.189 231.79 1.96699122041 0.903998715993 1.06599604149 1.01625412756 1.3416802648 8.56239356447 0.00692802392802 0.00024144
pedestrian -1 -1 -10 832.19 150.64 849.595 245.003 1.58999284208 0.762999971213 0.615997623961 3.12640790253 1.21855558312 9.70437856302 0.00692802392802 0.00013298
pedestrian -1 -1 -10 261.87 135.31 296.473 238.93 1.83899180144 0.411000926918 0.561997687496 -7.68297086626 0.814719319021 17.2608379048 0.00692802392802 0.00013133
pedestrian -1 -1 -10 249.84 162.2 281.351 238.49 0.10099953562 0.0180015441972 0.0969997578322 -12.4941198185 0.374390202915 27.4044181146 0.00692802392802 0.00012
pedestrian -1 -1 -10 349.39 127.14 382.078 216.3 0.396998233907 0.372998938511 0.378999240599 -8.51124131134 -0.0610178521893 25.1495902359 0.00692802392802 0.00011672
pedestrian -1 -1 -10 676.85 138.47 716.747 272.13 1.96399124265 1.09500047865 1.15699572028 3.41756246982 0.695320792013 24.9399112951 0.00692802392802 8.5065e-05
pedestrian -1 -1 -10 645.12 127.53 680.938 194.043 1.7579921633 0.762999017539 0.83799685281 0.901480657743 1.13307667917 8.49256601993 0.00692802392802 5.681e-05
pedestrian -1 -1 -10 379.86 200.19 410.05 270.9 1.02799546719 0.730999451212 0.690997390017 -2.73470405913 1.30195219465 8.62938170082 0.00692802392802 3.5095e-05
pedestrian -1 -1 -10 839.72 152.68 854.077 238.395 1.58999284208 0.762999971213 0.615997623961 3.12640790253 1.21855558312 9.70437856302 0.00692802392802 3.2515e-05
pedestrian -1 -1 -10 745.03 186.02 755.879 217.69 1.69699246138 0.463999433788 0.754997160186 1.54661445711 1.32829948532 8.49185903465 0.00692802392802 3.1757e-05
pedestrian -1 -1 -10 274.33 181.67 311.954 255.852 1.72799229622 0.411000926918 0.561997687496 -7.68312392577 0.703719813799 17.2607744184 0.00692802392802 2.8326e-05
pedestrian -1 -1 -10 801.5 152.05 846.099 238.315 1.58799287677 0.762999971213 0.615997623961 3.12640514473 1.21655561781 9.70437741913 0.00692802392802 1.7016e-05
pedestrian -1 -1 -10 234.77 140.27 266.056 207.547 0.417998122051 0.254998987959 0.356999010406 -12.5356644987 -0.0353560255745 25.5314984442 0.00692802392802 1.6567e-05
pedestrian -1 -1 -10 730.81 169.9 745.642 235.647 1.69699246138 0.463999433788 0.754997160186 1.54661445711 1.32829948532 8.49185903465 0.00692802392802 1.0234e-05
pedestrian -1 -1 -10 722.44 225.76 741.276 289.205 1.69699246138 0.463999433788 0.754997160186 1.54661445711 1.32829948532 8.49185903465 0.00692802392802 9.1582e-06
pedestrian -1 -1 -10 818.4 195.78 835.667 273.182 1.58799287677 0.762999971213 0.615997623961 3.12640514473 1.21655561781 9.70437741913 0.00692802392802 1.5372e-06
