pedestrian -1 -1 -10 299.67 134.19 350.002 307.79 1.98499108702 0.702000142251 0.621997643392 -3.45475701816 1.39068000785 8.85142211804 0.00692802392802 0.98098
pedestrian -1 -1 -10 282.97 136.21 328.431 300.04 1.75699215084 0.360999816394 1.1919959131 -6.42813319403 0.801284480471 15.4901327182 0.00692802392802 0.064407
pedestrian -1 -1 -10 261.21 136.03 364.27 294.7 1.98499108702 0.702000142251 0.621997643392 -3.45475701816 1.39068000785 8.85142211804 0.00692802392802 0.044752
pedestrian -1 -1 -10 841.48 177.67 873.12 264.909 2.1219905287 0.635999248563 0.731997125435 4.41099859554 1.26184744556 12.4697880857 0.00692802392802 0.0089128
pedestrian -1 -1 -10 892.46 227.61 918.409 280.988 1.18999471366 1.19399943499 0.682997761471 4.26708347404 1.40757508423 10.4364465333 0.00692802392802 0.0037823
pedestrian -1 -1 -10 356.5 233.8 377.235 276.317 0.959995663166 0.948999715465 0.607997756997 -3.49931271328 1.37130723478 10.162836796 0.00692802392802 0.0023137
pedestrian -1 -1 -10 295.38 256.19 316.571 299.907 0.916995932162 0.615998804353 0.663997540994 -4.76937815618 1.35532238218 10.5891527158 0.00692802392802 0.0020272
pedestrian -1 -1 -10 904.87 230.19 928.463 274.234 0.954995749891 0.879999518085 0.67699774204 4.26806580609 1.40795992236 10.0985686678 0.00692802392802 0.0015243
pedestrian -1 -1 -10 340.32 240.57 364.179 292.744 0.962995670736 1.07499908076 0.971996472183 -3.67563408443 1.37451643457 10.405066484 0.00692802392802 0.001511
pedestrian -1 -1 -10 883.05 232.88 907.818 280.694 0.954995749891 0.722999082793 0.615997623961 4.23702263265 1.40813508723 10.0202817351 0.00692802392802 0.0008489
pedestrian -1 -1 -10 291.08 139.56 355.988 240.82 1.98499108702 0.702000142251 0.621997643392 -3.45475701816 1.39068000785 8.85142211804 0.00692802392802 0.00078626
pedestrian -1 -1 -10 911.18 235.04 936.859 276.872 2.15099038333 1.01699855549 1.1949956844 5.34958466371 1.38512407106 11.7138936518 0.00692802392802 0.00064745
pedestrian -1 -1 -10 1087.3 91.823 1122.92 205.863 1.84199174941 0.70799970331 1.19599513133 8.11515960686 0.943696668436 11.5388959017 0.00692802392802 0.00052152
pedestrian -1 -1 -10 665.03 222.79 680.347 258.288 1.47499343604 1.0039990297 1.15799564405 1.29496157524 1.44083929132 12.998973293 0.00692802392802 0.00028329
pedestrian -1 -1 -10 1067.4 86.72 1103.9 210.79 1.82499186546 0.747999638056 1.1899951119 7.81630230939 0.934495664113 11.5609660846 0.00692802392802 0.00028098
pedestrian -1 -1 -10 330.01 248.07 355.227 299.283 1.98499108702 0.702000142251 0.621997643392 -3.45475701816 1.39068000785 8.85142211804 0.00692802392802 0.00018304
pedestrian -1 -1 -10 351.26 255.95 364.635 295.6 1.05299524218 1.18699947025 0.975996644082 -3.67212315221 1.37423647138 10.6409949063 0.00692802392802 0.00010399
pedestrian -1 -1 -10 289.31 205.71 321.547 295.125 1.98499108702 0.702000142251 0.621997643392 -3.45475701816 1.39068000785 8.85142211804 0.00692802392802 9.3077e-05
pedestrian -1 -1 -10 478.97 89.259 530.1 219.479 1.52899312526 1.19600024235 0.347998504424 -2.24156934183 0.551447834453 16.6184984844 0.00692802392802 8.1794e-05
pedestrian -1 -1 -10 908.21 244.5 928.836 281.814 0.954995749891 0.792999683854 0.67699774204 4.26776444003 1.40801051201 10.0550697946 0.00692802392802 4.7211e-05
pedestrian -1 -1 -10 700.97 175.4 713.48 227.786 2.39298928529 0.693999773832 1.19699541273 2.1556740511 1.49676231077 14.4845787736 0.00692802392802 2.2926e-05
pedestrian -1 -1 -10 321.58 214.7 351.415 300.251 1.04999523461 1.14599913183 0.664997703177 -3.82656650867 1.37148670854 10.7945673727 0.00692802392802 1.1125e-05
pedestrian -1 -1 -10 318.56 185.93 364.735 291.28 1.03199542761 0.918999049151 0.612997852663 -3.85051570461 1.35321008425 11.0942298855 0.00692802392802 2.543e-06
