pedestrian -1 -1 -10 188.7 156.8 296.58 326.94 1.8329917714 0.697000031199 0.833996740515 -3.93435960512 1.48049656568 7.54640561659 0.00692802392802 0.98939
pedestrian -1 -1 -10 829.63 167.49 873.471 263.926 0.689996919036 0.0979995063418 0.581998070158 6.36094172626 0.783493900208 17.6976844899 0.00692802392802 0.12046
pedestrian -1 -1 -10 764.37 167.89 786.5 240.776 0.762996576726 0.0980014136891 0.645997721117 4.11722505054 0.749757303894 17.631145775 0.00692802392802 0.0778
pedestrian -1 -1 -10 326.36 235.03 350.981 282.675 1.06299527735 1.09999868235 1.18499573149 -4.02181611411 1.38907061168 10.754932078 0.00692802392802 0.01557
pedestrian -1 -1 -10 362.91 223.51 386.395 276.714 0.191999149322 0.0290002626348 0.0539996980467 -4.19158506853 1.28993286935 13.0360557033 0.00692802392804 0.010326
pedestrian -1 -1 -10 896.86 226.95 921.909 279.115 0.955995732546 1.16399876868 0.666997312292 4.25452406325 1.37674194594 10.3216311504 0.00692802392802 0.0068113
pedestrian -1 -1 -10 367.41 241.66 389.296 279.848 0.966995660961 0.929998721262 0.605997671048 -3.52103243635 1.38015825932 10.345497885 0.00692802392802 0.0050375
pedestrian -1 -1 -10 226.27 181.37 300.374 297.48 1.78099207729 0.697000031199 0.77699727117 -3.90593225849 1.42841850168 7.54617833884 0.00692802392802 0.0026113
pedestrian -1 -1 -10 349.82 237.8 379.706 281.167 1.0549952969 1.18799892026 1.11599574645 -3.63112088611 1.38012548784 10.6392163563 0.00692802392802 0.0017226
pedestrian -1 -1 -10 323.43 217.85 344.507 272.464 1.0549952969 1.13799971708 1.18099532117 -4.10040915071 1.38121808909 10.8154735239 0.00692802392802 0.0011286
pedestrian -1 -1 -10 762.9 169.65 774.683 238.916 0.763996574283 0.0980014136891 0.831997131401 4.02422620041 0.750013038798 17.6317897995 0.00692802392802 0.00092341
pedestrian -1 -1 -10 888.1 222.84 914.203 278.382 1.15799482167 1.19299903131 0.669997560425 4.25793138165 1.37637090027 10.6369972162 0.00692802392802 0.00074159
pedestrian -1 -1 -10 291.05 210.32 316.607 266.46 1.0729951933 0.86999929598 0.891996372043 -4.81242608666 1.3385798502 11.3413596584 0.00692802392802 0.00064509
pedestrian -1 -1 -10 258.86 206.9 295.168 287.223 1.78099207729 0.663000134348 0.696997171031 -3.86581539414 1.42828873704 7.56290063226 0.00692802392802 0.0006201
pedestrian -1 -1 -10 1057.3 89.07 1092.87 205.92 1.64799267054 0.676999586989 1.1909955125 7.6153372924 0.755084438114 11.5307515495 0.00692802392802 0.00061443
pedestrian -1 -1 -10 906.16 238.06 931.512 276.499 0.923995870352 1.01799895917 0.648997253998 4.26162124269 1.37704399533 10.0405938688 0.00692802392802 0.00058428
pedestrian -1 -1 -10 356.19 216.07 372.966 271.371 0.945995727182 0.737999415951 0.568997869111 -3.50522705748 1.35922459952 10.2493741623 0.00692802392802 0.0005422
pedestrian -1 -1 -10 918.31 230.27 943.098 276.804 2.21799005568 0.972998913374 1.19599560817 5.65594604416 1.35694488056 12.0057068082 0.00692802392802 0.00038208
pedestrian -1 -1 -10 1078.0 86.534 1115.17 195.514 1.62799271941 0.670999072256 1.19799593254 7.99272331895 0.734059215488 11.5171241946 0.00692802392802 0.00033553
pedestrian -1 -1 -10 306.78 213.85 326.752 277.019 0.977995589376 1.0689995197 1.14299559547 -4.1538283466 1.39378796382 10.4463937367 0.00692802392802 0.0003328
pedestrian -1 -1 -10 347.65 255.02 371.942 285.496 0.704996837676 0.459999726415 0.637997615736 -4.26438026618 1.03117274354 11.2504162044 0.00692802392802 0.00029774
pedestrian -1 -1 -10 844.44 223.6 863.815 268.045 2.21599014997 1.17699924815 1.19399552222 4.12065193067 1.37672520223 11.5283557443 0.00692802392802 0.00025805
pedestrian -1 -1 -10 205.92 153.85 270.85 295.42 1.8329917714 0.697000031199 0.872996628401 -3.95385908066 1.48055018753 7.54654077396 0.00692802392802 0.00016816
pedestrian -1 -1 -10 365.84 206.3 401.922 280.084 0.99199552536 1.18799892026 0.748997021545 -3.44759697426 1.358620959 10.6379565025 0.00692802392802 0.00015272
pedestrian -1 -1 -10 345.64 216.75 372.105 281.137 1.0549952969 1.18399921289 1.1629955013 -3.6544816366 1.38016684872 10.6593792021 0.00692802392802 0.00014345
pedestrian -1 -1 -10 927.57 227.3 952.528 276.749 0.99299556762 1.05099892918 0.800996633642 5.26123565208 1.40869382181 10.5591778772 0.00692802392802 0.00014299
pedestrian -1 -1 -10 488.9 94.424 526.707 224.694 0.948995786905 1.18799892026 0.314998635969 -2.20462304759 -0.0338615682439 16.7999037168 0.00692802392802 0.00011498
pedestrian -1 -1 -10 277.1 200.16 318.971 280.435 0.967995643616 1.0689995197 1.03999605662 -4.55030377421 1.39487827445 10.4491476552 0.00692802392802 7.1514e-05
pedestrian -1 -1 -10 758.61 167.45 770.92 213.804 2.06899073273 0.442000089565 0.993996225541 3.17283529705 1.17027314321 14.2083332717 0.00692802392802 5.2646e-05
pedestrian -1 -1 -10 692.18 170.37 703.165 218.041 1.40599370897 0.208000042148 1.18899542655 2.4245584451 0.736455245149 17.6024824728 0.00692802392802 2.1762e-05
pedestrian -1 -1 -10 995.58 227.54 1024.01 293.413 1.07899514884 1.10800000444 0.754997279394 5.93785143751 1.40970991922 10.6619440927 0.00692802392802 1.9737e-05
pedestrian -1 -1 -10 930.1 218.59 968.276 279.235 0.99299556762 1.16199986867 0.800996633642 5.25952098144 1.40898165978 10.3116840418 0.00692802392802 1.933e-05
pedestrian -1 -1 -10 943.63 221.26 982.589 277.429 1.37299386412 0.334999811125 0.828996883267 5.76800735625 0.609386905747 11.3495360128 0.00692802392802 1.101e-05
