pedestrian -1 -1 -10 731.56 150.97 771.415 296.09 1.77199202478 0.391999932715 0.364998638952 1.98753533748 1.40296007771 9.47387193104 0.00692802392802 0.99596
pedestrian -1 -1 -10 738.08 192.57 779.296 288.183 1.77199202478 0.391999932715 0.364998638952 1.98753533748 1.40296007771 9.47387193104 0.00692802392802 0.14653
pedestrian -1 -1 -10 714.26 154.53 760.596 248.223 1.77199202478 0.391999932715 0.364998638952 1.98753533748 1.40296007771 9.47387193104 0.00692802392802 0.042662
pedestrian -1 -1 -10 741.05 154.83 780.844 246.811 1.77199202478 0.391999932715 0.364998638952 1.98753533748 1.40296007771 9.47387193104 0.00692802392802 0.027187
pedestrian -1 -1 -10 306.48 232.14 327.805 279.902 0.96799570322 1.07899878813 1.18899542655 -4.17157457549 1.38195691298 10.3415061304 0.00692802392802 0.0099223
pedestrian -1 -1 -10 647.24 119.56 661.83 164.365 1.35999391079 0.373999342191 1.1109958594 1.10772636371 0.460568139346 14.5582362498 0.00692802392802 0.0053902
pedestrian -1 -1 -10 841.79 186.26 870.131 266.969 0.552997477353 0.260000052686 0.621997404974 4.90717037592 1.27784284305 13.906317157 0.00692802392803 0.0033486
pedestrian -1 -1 -10 355.19 241.31 383.544 280.14 0.950995700062 0.756999456481 0.665997388526 -3.5302323232 1.36121153304 10.3210479174 0.00692802392802 0.002609
pedestrian -1 -1 -10 891.24 229.67 917.344 283.657 0.955995672941 1.19099917763 0.711997219609 4.28192345498 1.40886282963 10.1499742431 0.00692802392802 0.0024694
pedestrian -1 -1 -10 898.4 231.4 927.391 279.197 0.955995672941 1.06299900497 0.697997333214 4.28938047554 1.40876682407 10.2159240814 0.00692802392802 0.0023105
pedestrian -1 -1 -10 768.71 166.87 781.985 221.793 0.763996559382 0.253000087947 0.67499765609 4.13043612014 0.750603709297 17.733556187 0.00692802392802 0.0014792
pedestrian -1 -1 -10 755.34 154.4 767.101 215.478 0.764996556938 0.253000087947 0.783997214368 4.07593627121 0.750753575319 17.7339333622 0.00692802392802 0.0010424
pedestrian -1 -1 -10 846.24 214.08 863.406 267.813 0.552997477353 0.260000052686 0.621997404974 4.90717037592 1.27784284305 13.906317157 0.00692802392803 0.0010109
pedestrian -1 -1 -10 745.35 152.28 760.019 248.961 1.77199202478 0.391999932715 0.364998638952 1.98753533748 1.40296007771 9.47387193104 0.00692802392802 0.00091793
pedestrian -1 -1 -10 663.51 220.66 680.167 258.782 1.47399339378 0.979998878113 1.01899610782 1.33741047973 1.43973052198 12.991678351 0.00692802392802 0.00081121
pedestrian -1 -1 -10 655.35 222.3 667.751 274.189 2.25199000239 0.762999971213 0.801996915035 1.22439134388 1.43460524038 12.496491156 0.00692802392802 0.00062973
pedestrian -1 -1 -10 910.05 234.24 935.76 276.921 2.12599045932 1.15300005024 1.1949956844 5.35215541441 1.36601974981 11.7988702958 0.00692802392802 0.0005379
pedestrian -1 -1 -10 1087.8 93.401 1123.44 205.021 1.79299200326 0.79499953754 1.19299536004 8.21891702622 0.891355901641 11.5866459348 0.00692802392802 0.00048138
pedestrian -1 -1 -10 722.03 148.3 745.95 212.387 1.00499547869 0.519000655365 0.639997463268 3.06295906357 0.990428027838 17.8380940579 0.00692802392802 0.00042636
pedestrian -1 -1 -10 882.76 228.07 901.992 279.137 0.955995672941 1.16899983341 0.751997269679 4.19828856216 1.40919805989 10.0585517892 0.00692802392802 0.00036886
pedestrian -1 -1 -10 328.56 249.43 352.046 286.787 0.590997414291 0.336999664811 0.499998122486 -4.61186646139 1.30386597685 11.4837134578 0.00692802392802 0.0003105
pedestrian -1 -1 -10 478.02 90.956 529.794 221.796 1.3369940415 1.17799869816 0.326998674831 -2.26777266194 0.358592096962 16.5555660999 0.00692802392802 0.0002403
pedestrian -1 -1 -10 364.85 237.45 392.3 279.402 0.950995700062 0.898999558615 0.582997755506 -3.48824161743 1.36101484308 10.3917586224 0.00692802392802 0.0002298
pedestrian -1 -1 -10 734.95 148.56 759.176 231.987 1.77199202478 0.391999932715 0.364998638952 1.98753533748 1.40296007771 9.47387193104 0.00692802392802 0.00016464
pedestrian -1 -1 -10 641.36 219.3 667.34 279.796 1.47399339378 1.00999859075 0.733997211385 1.19456805826 1.44018052234 12.9426675584 0.00692802392802 0.00016334
pedestrian -1 -1 -10 311.77 223.73 338.687 281.476 0.9639957726 1.16799942973 1.17599546392 -4.06577474176 1.3776151216 10.3852718603 0.00692802392802 0.00014693
pedestrian -1 -1 -10 707.48 168.07 747.582 280.07 2.06099075228 0.537999742221 1.1909955125 2.54469279242 1.16377740265 14.4076872085 0.00692802392802 7.1047e-05
pedestrian -1 -1 -10 774.3 166.93 788.067 227.679 2.18099028021 0.980999281793 0.970996309999 3.26023977688 1.3360788286 12.4193114653 0.00692802392802 6.8935e-05
pedestrian -1 -1 -10 364.04 210.59 396.938 277.319 0.99399549067 1.12499923761 0.694997323499 -3.51451725187 1.36095767165 10.5049182967 0.00692802392802 6.2537e-05
pedestrian -1 -1 -10 292.61 207.13 331.884 279.238 0.216999013722 0.0869998342306 0.304998683056 -7.74500092649 1.50019147666 18.7550454602 0.00692802392802 1.5113e-05
pedestrian -1 -1 -10 720.38 192.92 746.899 270.273 2.06099075228 0.626999430138 1.19099563171 2.66238119228 1.16350467462 14.362370558 0.00692802392802 5.8552e-06
pedestrian -1 -1 -10 738.63 218.74 763.675 287.741 1.77199202478 0.391999932715 0.364998638952 1.98753533748 1.40296007771 9.47387193104 0.00692802392802 3.5412e-06
pedestrian -1 -1 -10 497.48 101.6 539.814 225.01 0.868996097893 1.02699973127 0.367998648667 -1.98889713818 -0.137181779534 17.4338511308 0.00692802392802 9.2356e-07
