pedestrian -1 -1 -10 565.76 158.48 596.019 209.405 2.35874100459 0.99989045702 1.18899958692 -1.30970645139 1.24797527203 37.182079742 0.00753464155925 0.03275
pedestrian -1 -1 -10 570.7 157.44 584.902 203.805 2.35874100459 1.05988525758 1.17099964536 -1.45368933547 1.24614022439 37.0521712866 0.00753464155925 0.01815
pedestrian -1 -1 -10 562.64 154.21 582.883 213.014 2.35474137605 1.12287808175 1.1389995903 -1.64585412287 1.24397749303 36.8980997502 0.00753464155925 0.0084599
pedestrian -1 -1 -10 580.59 158.23 593.097 206.291 2.17976057769 1.04288501433 1.15499967743 -0.926717696228 1.06376695308 37.4541325349 0.00753464155925 0.0055415
pedestrian -1 -1 -10 585.19 158.17 597.743 209.631 1.70381293189 1.00188913942 1.1679996551 -0.708956055307 0.581452865888 37.6446345511 0.00753464155925 0.0014445
pedestrian -1 -1 -10 695.86 179.15 724.249 248.813 0.64992858768 0.937896974057 0.890999998097 4.26205478934 1.82889782456 28.8827095398 0.00753464155925 0.0011314
pedestrian -1 -1 -10 591.14 163.26 603.508 211.505 1.71081215519 1.03288778804 1.15199965737 -0.380988717622 0.5871009278 37.9046666574 0.00753464155925 0.00064855
pedestrian -1 -1 -10 0.0 195.69 26.296 277.056 0.425953233718 1.07388270938 1.14999974334 -6.70810947588 0.6114542902 8.07584943742 0.00753464155925 0.00015019
pedestrian -1 -1 -10 764.41 183.4 776.285 220.758 0.506944281226 0.734922003334 0.644999783484 7.56594035887 1.64986602773 31.9223310779 0.00753464155925 7.2417e-05
pedestrian -1 -1 -10 554.08 170.08 566.943 216.417 2.95467558443 0.978892848965 0.937999915046 -2.36754523097 1.87877059953 36.1784819339 0.00753464155925 5.7961e-05
pedestrian -1 -1 -10 467.72 122.92 501.238 210.202 1.95678510106 1.13887516952 0.959999744279 -6.30061180169 0.822757993733 37.5675501111 0.00753464155925 5.3334e-05
pedestrian -1 -1 -10 405.47 167.58 417.521 220.024 2.10576882052 0.677925226375 1.07399907614 -8.63485118612 1.86690662291 31.8684970887 0.00753464155925 4.6614e-05
pedestrian -1 -1 -10 553.07 164.69 579.954 214.341 2.56071884858 1.1468737134 1.18099951355 -1.95569737826 1.45540354515 36.6437946423 0.00753464155925 3.836e-05
pedestrian -1 -1 -10 675.63 173.79 693.528 207.877 1.11587747502 0.720921690825 0.932999563717 4.3993523394 1.21448809699 41.4974585181 0.00753464155925 8.1192e-06
