pedestrian -1 -1 -10 648.4 157.82 661.13 201.467 0.0999890208244 0.0 0.0 2.95885536938 0.698178704956 42.9661377638 0.0 0.027937
pedestrian -1 -1 -10 650.3 154.09 666.327 209.535 0.100988898159 0.0559936214792 0.734999908522 3.62359276194 -0.0428617534488 51.5732962184 0.00753464155925 0.0050087
pedestrian -1 -1 -10 472.06 175.65 485.154 217.065 0.777914614912 0.415954796291 0.816999662168 -7.00215201151 0.369620843773 39.2795538901 0.00753464155925 0.0026043
pedestrian -1 -1 -10 1040.2 128.21 1078.85 232.66 0.444951141477 0.0939895656458 0.723999755487 9.27562436564 -0.333251974563 15.1165284275 0.00753464155925 0.00092879
pedestrian -1 -1 -10 1059.1 101.96 1104.75 223.21 1.08988030672 0.783914514989 1.17299997662 8.88515217945 0.347906241753 13.6249544822 0.00753464155925 0.00041329
pedestrian -1 -1 -10 644.73 156.85 672.098 219.734 1.11187787629 0.0969894963879 0.13999982363 3.30746928453 1.21246883319 41.4506780153 0.00753464155925 0.00035141
pedestrian -1 -1 -10 525.98 158.57 538.844 205.758 0.100988927959 0.109988560557 0.939999769475 -6.44683700782 1.20121468511 64.7915728958 0.00753464155925 0.0002571
pedestrian -1 -1 -10 1037.0 124.83 1064.09 205.971 0.446950925946 0.0939895656458 0.900999747081 9.18712749136 -0.331187755591 15.1171794755 0.00753464155925 0.00022931
pedestrian -1 -1 -10 1047.5 133.52 1072.02 214.478 0.444951141477 0.0939895656458 0.680999547397 9.29712386114 -0.33326762822 15.1163666652 0.00753464155925 2.6463e-05
pedestrian -1 -1 -10 1080.0 110.31 1118.92 243.8 1.08988030672 0.901901619431 1.17699968548 9.16409671149 0.345644836167 13.4838670556 0.00753464155925 2.9046e-06
pedestrian -1 -1 -10 1155.0 124.77 1195.7 242.15 0.426953118503 0.566937324617 0.214999609937 8.02649336556 0.154806973285 10.3374216068 0.00753464155925 4.2562e-07
pedestrian -1 -1 -10 1101.9 141.92 1140.03 255.45 1.7228107875 1.00489002373 0.969999731681 3.23146356965 1.53731841239 4.49886705665 0.00753464155925 2.4298e-07
pedestrian -1 -1 -10 1135.2 139.98 1170.24 247.56 1.71381183189 0.777914653505 0.991999799333 3.2416054365 1.52663136353 4.3853664645 0.00753464155925 1.7412e-07
