pedestrian -1 -1 -10 606.59 156.88 663.69 306.86 1.73199224174 0.527999520116 0.884996682165 0.245611597914 1.42458780706 8.75397021547 0.00692802392802 0.9773
pedestrian -1 -1 -10 615.12 159.45 646.731 278.22 1.73199224174 0.527999520116 0.944996444346 0.215612437445 1.42467030212 8.75417814966 0.00692802392802 0.37553
pedestrian -1 -1 -10 629.25 188.39 665.278 297.32 2.26498983651 1.12599868762 0.681997420474 1.06488742861 1.4407972374 12.7131010578 0.00692802392802 0.26351
pedestrian -1 -1 -10 622.12 169.23 660.157 273.29 1.71499235779 0.527999520116 0.804996999256 0.274587364993 1.40750817782 8.75375948917 0.00692802392802 0.12931
pedestrian -1 -1 -10 586.78 166.04 648.705 297.86 1.71999233067 0.527999520116 0.933996508063 0.210096054492 1.41268551512 8.75420940748 0.00692802392802 0.091294
pedestrian -1 -1 -10 767.77 173.8 780.976 241.224 0.761996594071 0.108999178453 0.690997628435 4.09477621607 0.748810470646 17.6388006637 0.00692802392802 0.056961
pedestrian -1 -1 -10 606.77 166.92 638.958 260.886 1.71999233067 0.527999520116 0.933996508063 0.210096054492 1.41268551512 8.75420940748 0.00692802392802 0.027321
pedestrian -1 -1 -10 762.52 183.1 792.575 239.958 0.761996594071 0.104999471081 0.613998014846 4.13328895299 0.748702276295 17.6405336208 0.00692802392802 0.021381
pedestrian -1 -1 -10 624.32 167.16 649.967 244.057 1.73199224174 0.527999520116 0.873996716079 0.251111448843 1.42457268295 8.75393209417 0.00692802392802 0.016038
pedestrian -1 -1 -10 355.28 220.73 384.565 279.254 0.941995856166 0.991998953904 0.744997088064 -3.50763524086 1.3581340722 10.3343940396 0.00692802392802 0.0047595
pedestrian -1 -1 -10 617.73 156.71 645.495 226.316 1.73199224174 0.527999520116 0.944996444346 0.215612437445 1.42467030212 8.75417814966 0.00692802392802 0.0027891
pedestrian -1 -1 -10 318.89 235.29 348.551 281.069 1.04699534625 1.17999950552 1.15799564405 -4.0582916335 1.36132303518 10.62215864 0.00692802392802 0.0025601
pedestrian -1 -1 -10 368.96 206.77 381.48 256.214 1.00999545157 1.11799927287 1.17099560668 -3.60014885797 1.32245114495 11.1539739201 0.00692802392802 0.0019306
pedestrian -1 -1 -10 308.63 225.25 335.485 275.781 1.04499538094 1.17699924815 1.16999568291 -4.22867652049 1.35969036792 10.7118405603 0.00692802392802 0.0017902
pedestrian -1 -1 -10 847.79 222.94 862.176 266.523 2.22799012065 1.19399943499 1.19199519785 4.17035102183 1.38147239092 11.6295120272 0.00692802392802 0.0015703
pedestrian -1 -1 -10 322.33 217.31 344.272 269.373 0.226998959482 0.0470008531583 0.255999080674 -6.97178304173 1.47325945344 18.5796461402 0.00692802392802 0.0010598
pedestrian -1 -1 -10 362.94 206.0 391.047 276.943 0.991995644569 1.15599935393 0.744997088064 -3.50661649583 1.35795148396 10.4913616328 0.00692802392802 0.0010488
pedestrian -1 -1 -10 839.98 191.58 867.424 266.49 0.550997512043 0.305000098484 0.648997730833 4.89074909708 1.27887604634 13.9169335037 0.00692802392802 0.0008416
pedestrian -1 -1 -10 372.63 204.11 385.248 252.818 0.941995856166 1.17099873342 0.744997088064 -3.50701518844 1.35802998537 10.4238917815 0.00692802392802 0.00053503
pedestrian -1 -1 -10 1059.6 89.809 1095.16 205.909 1.70899232775 0.692999370152 1.19199543627 7.63871170866 0.818055550579 11.4996269475 0.00692802392802 0.00052122
pedestrian -1 -1 -10 843.0 217.21 857.417 268.423 0.550997512043 0.305000098484 0.648997730833 4.89074909708 1.27887604634 13.9169335037 0.00692802392802 0.00051949
pedestrian -1 -1 -10 323.71 216.06 357.641 277.087 0.950995759666 0.785998765442 1.0549961052 -3.72333047371 1.36784497788 10.2328917603 0.00692802392802 0.00035247
pedestrian -1 -1 -10 886.82 221.72 920.722 278.654 0.951995742321 1.06599926234 0.677997188971 4.28030945366 1.40480268962 10.2064848581 0.00692802392802 0.00026577
pedestrian -1 -1 -10 275.31 251.42 292.321 283.955 0.922995828092 0.798999244913 0.62299732874 -4.90234075667 1.11882982278 11.3393141342 0.00692802392802 0.00022855
pedestrian -1 -1 -10 614.14 157.3 628.181 216.14 1.71499235779 0.527999520116 0.933996508063 0.210089159927 1.40768554224 8.75420654774 0.00692802392802 0.00019967
pedestrian -1 -1 -10 1077.2 88.247 1115.28 210.597 1.75399214327 0.997999468636 1.19599560817 8.19879246289 0.853340872976 11.6482654171 0.00692802392802 0.00016877
pedestrian -1 -1 -10 1015.0 98.932 1051.19 223.172 1.81799186766 0.716999521735 1.19299536004 6.96792235286 0.936814362349 11.5793506607 0.00692802392802 0.00014146
pedestrian -1 -1 -10 353.93 210.37 369.248 252.593 0.941995856166 1.00299862602 0.943996460976 -3.60709443456 1.35840128484 10.3405833926 0.00692802392802 0.00011746
pedestrian -1 -1 -10 576.97 177.43 627.535 288.31 1.99299115688 0.471999802206 0.907996567904 -0.12479402099 1.09377862574 14.7231471668 0.00692802392802 8.6355e-05
pedestrian -1 -1 -10 283.76 204.27 309.019 265.296 1.05099527687 1.11699886919 1.05099617172 -4.54807834997 1.36688548241 10.4370515133 0.00692802392802 7.871e-05
pedestrian -1 -1 -10 295.57 205.73 324.172 266.232 1.14799484611 0.749999491742 1.0159959789 -4.70536616151 1.3432600049 11.3625801419 0.00692802392802 4.2881e-05
pedestrian -1 -1 -10 643.26 194.45 693.574 286.605 1.79599196613 1.08399985286 1.07099601794 1.26193408844 1.42993797671 12.9910026768 0.00692802392802 2.5376e-05
pedestrian -1 -1 -10 600.36 184.57 634.265 290.69 1.987991184 0.386999821662 0.617997665207 0.0199006141925 1.0884293534 14.6796403213 0.00692802392802 2.1203e-05
pedestrian -1 -1 -10 301.78 206.53 315.147 261.281 1.14799484611 0.749999491742 1.0159959789 -4.70536616151 1.3432600049 11.3625801419 0.00692802392802 1.7738e-05
pedestrian -1 -1 -10 980.37 219.09 1014.43 289.84 0.918995897472 0.622999722765 0.176999381136 5.51281952292 1.41658571481 10.047474267 0.00692802392802 1.598e-05
pedestrian -1 -1 -10 491.66 94.067 531.651 216.707 0.846996192634 1.15499799658 0.276998910266 -2.15251872379 -0.140212415395 16.9809823166 0.00692802392802 8.1528e-06
