pedestrian -1 -1 -10 596.09 174.62 609.076 205.736 1.47383819472 0.343960272761 0.648999820168 -0.358044647816 1.69563621406 36.6486582992 0.00753464155925 0.080963
pedestrian -1 -1 -10 351.95 210.7 378.655 255.19 1.90479085386 1.1708712522 0.853999830133 -5.76506662556 1.73105495837 17.4779146198 0.00753464155925 0.0060702
pedestrian -1 -1 -10 1089.8 278.26 1111.18 329.006 1.75280754709 1.19586908577 0.791999812872 3.10390158556 1.48441818451 4.29830560744 0.00753464155925 0.0023673
pedestrian -1 -1 -10 1163.7 244.33 1190.91 296.985 1.60482377201 1.19886853972 0.907999714421 3.15858430605 1.46978230695 3.85145323985 0.00753464155925 0.0012592
pedestrian -1 -1 -10 1154.8 246.43 1180.32 297.505 1.60582366239 1.19786872174 0.906999787206 3.15854737236 1.47069302166 3.91295575694 0.00753464155925 0.00069998
pedestrian -1 -1 -10 1138.8 246.66 1165.06 304.547 1.61082313473 1.19786896013 0.876999586581 3.14410550384 1.47479902227 3.98705124352 0.00753464155925 0.00062752
pedestrian -1 -1 -10 1086.6 267.14 1122.43 347.533 1.75280754709 1.19786872174 0.799999707426 3.1076678725 1.48395639302 4.26727965103 0.00753464155925 0.00046447
pedestrian -1 -1 -10 1189.9 253.14 1217.52 306.942 1.45184056556 1.19786896013 0.877999752214 3.20257918816 1.46768459595 3.71050111062 0.00753464155925 0.00032221
pedestrian -1 -1 -10 1196.1 265.84 1221.68 316.456 1.53983096301 1.19786896013 1.19299947459 3.00961460385 1.55483818337 3.64530702583 0.00753464155925 0.00024653
pedestrian -1 -1 -10 352.06 212.69 366.093 245.601 1.90479085386 1.12687735369 0.822999702293 -5.78194493033 1.72835737947 17.2950559149 0.00753464155925 0.00024011
pedestrian -1 -1 -10 1079.9 245.29 1110.56 329.455 1.75280754709 1.19586908577 0.785999772747 3.10105985837 1.48473121969 4.319325191 0.00753464155925 0.00019989
pedestrian -1 -1 -10 1172.7 225.98 1208.51 308.469 1.51083409566 1.19886853972 0.947999664029 3.17827367597 1.4691016323 3.8056129397 0.00753464155925 0.00015469
pedestrian -1 -1 -10 614.14 173.92 654.446 233.568 0.732919509055 0.307964918136 0.56799978512 1.13638927018 1.37382804636 35.1674752431 0.00753464155925 0.0001464
pedestrian -1 -1 -10 486.7 187.9 500.557 238.592 0.23697400367 0.433952473604 0.23800008164 -3.18918037628 0.966396215858 20.3703829231 0.00753464155925 0.00011598
pedestrian -1 -1 -10 1151.5 221.48 1189.83 308.4 1.60582366239 1.19886877812 0.915999608975 3.16300572239 1.47060833583 3.90742293852 0.00753464155925 6.4189e-05
pedestrian -1 -1 -10 485.3 175.07 510.828 237.398 0.23697400367 0.433952473604 0.23800008164 -3.18918037628 0.966396215858 20.3703829231 0.00753464155925 2.8403e-05
pedestrian -1 -1 -10 1188.4 245.22 1231.85 321.307 1.45184056556 1.19786896013 0.885999646769 3.21542061971 1.46736428005 3.68940628923 0.00753464155925 1.4636e-05
