pedestrian -1 -1 -10 53.658 122.17 88.969 174.763 0.596934470592 0.332963705273 0.47999987214 -6.81508527328 -0.0427436267302 9.3472800353 0.00753464155925 0.14609
pedestrian -1 -1 -10 67.033 119.82 98.134 176.652 0.596934470592 0.332963705273 0.47999987214 -6.81508527328 -0.0427436267302 9.3472800353 0.00753464155925 0.066767
pedestrian -1 -1 -10 969.67 140.31 983.434 195.251 1.90479088366 1.19686890375 0.492999641186 3.05636777267 1.35719766623 6.1744303045 0.00753464155925 0.025892
pedestrian -1 -1 -10 891.77 295.18 903.843 335.279 2.08277125443 1.19786824495 0.390999912735 2.7718225058 1.52095208346 7.15910315342 0.00753464155925 0.022448
pedestrian -1 -1 -10 879.19 212.48 913.864 334.25 2.0877707305 1.19586908577 0.378999832485 2.79029051208 1.52788641315 7.08788869132 0.00753464155925 0.019698
pedestrian -1 -1 -10 887.54 282.81 900.8 333.48 2.08577094603 1.19786872174 0.402999754566 2.76023631597 1.52177495827 7.21420813098 0.00753464155925 0.018312
pedestrian -1 -1 -10 890.49 238.23 927.877 333.3 2.07977159262 1.19286915503 0.37299979236 2.7927041166 1.51873790001 7.01043617281 0.00753464155925 0.014865
pedestrian -1 -1 -10 959.16 148.84 970.839 197.075 1.98278226936 1.19686890375 0.492999641186 3.05614320661 1.43470056986 6.14085736957 0.00753464155925 0.0048344
pedestrian -1 -1 -10 973.46 133.21 988.424 199.472 1.84779710078 1.19586908577 0.500999774159 3.06343772152 1.30339900575 6.05323507289 0.00753464155925 0.0048233
pedestrian -1 -1 -10 892.6 169.18 913.713 227.251 2.07977159262 1.19886853972 0.37299979236 2.79259110963 1.5185158611 6.9954381368 0.00753464155925 0.0048201
pedestrian -1 -1 -10 836.31 227.61 860.634 316.218 2.1137678392 1.19786872174 0.655999698101 2.50414733627 1.5335024636 8.33332508056 0.00753464155925 0.0043755
pedestrian -1 -1 -10 988.01 72.976 1022.4 156.111 1.5048347646 1.19686890375 0.508999907131 3.08949225329 0.961796522058 5.81102366483 0.00753464155925 0.0037555
pedestrian -1 -1 -10 705.01 230.96 719.027 276.391 0.114987359645 0.17198108995 0.369999772298 2.44621731606 1.64275891312 14.7482365966 0.00753464155925 0.0034245
pedestrian -1 -1 -10 942.87 117.63 955.089 172.016 1.68181534743 1.19786872174 0.472999666381 3.04683674721 1.13328800525 6.24767640077 0.00753464155925 0.0033746
pedestrian -1 -1 -10 774.51 129.22 791.073 179.412 1.66581707168 1.15887343637 0.288999945866 2.4197535103 1.05068842793 10.233554686 0.00753464155925 0.002077
pedestrian -1 -1 -10 827.38 98.472 844.231 165.207 1.51283387268 1.19386897301 0.701999687834 2.52484872588 0.935391454041 8.0565369075 0.00753464155925 0.0020251
pedestrian -1 -1 -10 872.33 210.99 902.599 286.929 2.08977054477 1.19486926778 0.435000048039 2.7266556131 1.52359089497 7.40299005226 0.00753464155925 0.0019262
pedestrian -1 -1 -10 844.42 229.85 873.208 316.295 2.10676869785 1.19686938054 0.408999794691 2.68471026803 1.54161731362 7.80822090844 0.00753464155925 0.0017576
pedestrian -1 -1 -10 927.55 119.57 959.725 213.392 1.86379531694 1.19886853972 0.473999832015 3.04706459451 1.3125936254 6.33587975095 0.00753464155925 0.0015206
pedestrian -1 -1 -10 953.71 148.85 965.504 199.521 1.9407869445 1.19786872174 0.492999641186 3.05621689696 1.39287547542 6.15266686166 0.00753464155925 0.0013216
pedestrian -1 -1 -10 883.56 268.69 910.456 334.974 2.08577100563 1.19786824495 0.410999887539 2.75642408867 1.52114811302 7.2392494424 0.00753464155925 0.0013028
pedestrian -1 -1 -10 847.95 225.59 863.07 289.44 2.11976722241 1.19786824495 0.70599987353 2.5265254572 1.54431647219 7.98399288392 0.00753464155925 0.0011802
pedestrian -1 -1 -10 900.22 165.61 915.307 219.231 2.07977159262 1.19886853972 0.37299979236 2.79258357643 1.51850105969 6.99443834719 0.00753464155925 0.0011428
pedestrian -1 -1 -10 979.58 119.66 1000.45 182.968 1.76280639494 1.19586908577 0.515999874471 3.07038399036 1.21736666246 5.98381744836 0.00753464155925 0.0011116
pedestrian -1 -1 -10 937.99 122.51 965.466 195.242 1.81180106974 1.19786919852 0.472999666381 3.04669601699 1.26291846883 6.2227172908 0.00753464155925 0.001066
pedestrian -1 -1 -10 861.13 227.7 885.593 283.753 2.10276912892 1.19586860898 0.435000048039 2.72661064984 1.53649325932 7.3963944555 0.00753464155925 0.0010123
pedestrian -1 -1 -10 885.24 227.04 901.169 285.149 2.08577100563 1.19586860898 0.393999932798 2.74818049861 1.52165758511 7.27330862491 0.00753464155925 0.00099273
pedestrian -1 -1 -10 898.07 169.81 923.512 233.217 2.07577202368 1.19586860898 0.349999797493 2.81762822734 1.51758694105 6.93372507537 0.00753464155925 0.00084642
pedestrian -1 -1 -10 822.36 103.48 849.688 188.399 1.67181645488 1.19286915503 0.677999765753 2.51374382408 1.09304836802 8.16797932766 0.00753464155925 0.0008081
pedestrian -1 -1 -10 872.61 226.53 891.395 285.985 2.09277023637 1.194868791 0.417999854879 2.71896094016 1.52518094474 7.51006109446 0.00753464155925 0.0007874
pedestrian -1 -1 -10 960.64 134.01 988.216 217.119 1.94478645384 1.19886853972 0.492999641186 3.05627463273 1.39698600245 6.16013614575 0.00753464155925 0.00074376
pedestrian -1 -1 -10 780.86 127.96 795.92 183.423 1.72581048656 1.19686938054 0.328999895474 2.43823193278 1.11563190984 10.0278698741 0.00753464155925 0.00069379
pedestrian -1 -1 -10 858.45 210.0 896.842 326.94 2.09277023637 1.17987009086 0.412999980387 2.71651757805 1.52529378609 7.51757904066 0.00753464155925 0.00069027
pedestrian -1 -1 -10 951.45 138.09 973.88 200.766 1.90479088366 1.19786872174 0.492999641186 3.05637153927 1.35720506694 6.1749301993 0.00753464155925 0.00048279
pedestrian -1 -1 -10 759.65 126.59 797.949 215.665 2.02877725255 1.18586995234 0.280999812893 2.41746269222 1.41079772815 10.4434568423 0.00753464155925 0.00038749
pedestrian -1 -1 -10 914.1 243.38 932.628 302.468 2.07277236188 1.19886901651 0.491999713971 2.98233237452 1.51492745426 6.76097760149 0.00753464155925 0.00037897
pedestrian -1 -1 -10 880.98 180.98 930.443 324.94 2.07977159262 1.19486926778 0.37299979236 2.7926965816 1.51872309507 7.00943614482 0.00753464155925 0.00037073
pedestrian -1 -1 -10 851.39 224.76 871.515 287.176 2.10676869785 1.19886853972 0.408999794691 2.68430344475 1.54081797708 7.75422821718 0.00753464155925 0.00031337
pedestrian -1 -1 -10 923.39 123.93 945.958 199.916 1.80080229985 1.19686890375 0.489999859542 3.00338442531 1.2472687384 6.51473421927 0.00753464155925 0.00029256
pedestrian -1 -1 -10 776.53 125.21 804.834 205.679 1.82179996228 1.19686938054 0.757999784179 2.40748492892 1.23838133453 8.65880604564 0.00753464155925 0.00027943
pedestrian -1 -1 -10 910.87 108.11 948.786 232.61 1.86379528714 1.19686890375 0.489999859542 3.00356897281 1.30958750071 6.53627939115 0.00753464155925 0.00024471
pedestrian -1 -1 -10 946.06 146.06 962.199 201.343 1.96578420567 1.19786872174 0.491999713971 3.05607750732 1.41656903216 6.19950859288 0.00753464155925 0.00024281
pedestrian -1 -1 -10 867.58 211.25 886.804 264.791 2.09477005064 1.18786958831 0.444999797023 2.70090172787 1.52606036396 7.56870731251 0.00753464155925 0.00023315
pedestrian -1 -1 -10 979.87 96.542 1014.84 181.346 1.63582033444 1.19886853972 0.499999846944 3.08583699794 1.09136957105 5.91711716659 0.00753464155925 0.00019777
pedestrian -1 -1 -10 785.32 124.9 801.597 184.348 1.79980230332 1.19186886025 0.604999595457 2.47188760921 1.21419703022 8.5139962727 0.00753464155925 0.00019713
pedestrian -1 -1 -10 880.2 165.75 915.743 248.841 2.08277125443 1.19886806294 0.393000005583 2.77272835175 1.52076632352 7.14659730566 0.00753464155925 0.00018819
pedestrian -1 -1 -10 907.66 228.76 940.83 326.287 2.06977270007 1.19886853972 0.508999907131 2.99050920451 1.51428475873 6.71789738522 0.00753464155925 0.00018013
pedestrian -1 -1 -10 905.04 166.18 920.217 216.411 2.07877174509 1.19786872174 0.491999713971 2.98236059233 1.52097864596 6.76443268054 0.00753464155925 0.0001648
pedestrian -1 -1 -10 944.27 139.0 970.689 252.14 2.05377445412 1.19886853972 0.492999641186 3.0564061763 1.50616643527 6.17232735292 0.00753464155925 0.00016424
pedestrian -1 -1 -10 916.53 104.48 932.995 145.633 1.51283387268 1.19786872174 0.46599993746 3.01554701953 0.95878757981 6.55028636464 0.00753464155925 0.00015995
pedestrian -1 -1 -10 861.67 201.99 894.119 269.072 2.09277023637 1.194868791 0.412999980387 2.7166946208 1.52564164411 7.5410757651 0.00753464155925 0.00013661
pedestrian -1 -1 -10 697.88 221.7 726.393 274.606 1.98878165257 0.610933130268 0.506999814284 2.56937702992 1.58995771727 15.861611572 0.00753464155925 0.00012668
pedestrian -1 -1 -10 854.15 209.6 878.704 275.916 2.09177035903 1.19786872174 0.413999907602 2.68224709221 1.52670220635 7.81384985608 0.00753464155925 0.00011971
pedestrian -1 -1 -10 949.85 105.35 987.136 196.29 1.75680713093 1.19886901651 0.492999641186 3.0560810656 1.20874023638 6.14353065038 0.00753464155925 0.00011174
pedestrian -1 -1 -10 920.48 224.13 952.882 317.617 2.06577313114 1.19786872174 0.496999826881 3.00712736762 1.51155539575 6.53425760046 0.00753464155925 4.5982e-05
pedestrian -1 -1 -10 932.27 222.14 960.608 311.871 2.06077368486 1.19786872174 0.486999839479 3.02992287308 1.50916952576 6.37406223088 0.00753464155925 4.2257e-05
pedestrian -1 -1 -10 827.98 80.667 861.786 201.597 1.57782679343 1.19786919852 0.413999907602 2.68214889647 1.01287706267 7.82565442848 0.00753464155925 2.1957e-05
pedestrian -1 -1 -10 897.81 141.79 937.936 265.65 2.07277236188 1.19786919852 0.491999713971 2.9823813439 1.51502367053 6.7674767107 0.00753464155925 1.7586e-05
pedestrian -1 -1 -10 835.07 85.639 867.765 167.198 1.50283503973 1.19786872174 0.408999794691 2.68447508304 0.937587435696 7.80619344081 0.00753464155925 7.5596e-06
pedestrian -1 -1 -10 900.68 86.34 934.683 211.02 1.72181100702 1.19586908577 0.491999713971 2.98211553713 1.16475133853 6.74906337719 0.00753464155925 1.4342e-06
