pedestrian -1 -1 -10 1080.1 246.45 1137.27 346.68 2.08377116156 1.10887872281 1.11299957537 5.52279140423 1.47291293445 7.94670534058 0.00753464155925 0.0068375
pedestrian -1 -1 -10 244.17 109.95 271.618 190.045 1.47383817983 1.16187241354 0.986000236045 -7.41351081371 0.722873060532 15.3752768949 0.00753464155925 0.0037818
pedestrian -1 -1 -10 783.02 167.51 813.308 245.31 0.996890522601 0.958894582111 0.386000038243 5.27164017003 1.5422732682 19.3651020769 0.00753464155925 0.0023054
pedestrian -1 -1 -10 239.15 117.59 263.509 182.153 1.46983861089 1.18986922428 0.850000121274 -7.48185426191 0.722241662019 15.3297657156 0.00753464155925 0.00079288
pedestrian -1 -1 -10 797.81 172.43 829.643 242.345 1.82679940856 1.1428763486 0.381999852548 5.30377683399 1.42449882313 18.1055717107 0.00753464155925 0.00024948
pedestrian -1 -1 -10 808.6 184.28 827.676 220.744 0.572937019713 0.831909592582 0.10899969579 5.16346826955 1.28249300045 17.6858929249 0.00753464155925 0.00015101
pedestrian -1 -1 -10 218.0 117.05 232.935 182.256 1.47283830249 1.18886988308 0.145999863755 -7.31597729437 0.75816101347 13.9803205231 0.00753464155925 5.1447e-05
pedestrian -1 -1 -10 0.0 270.53 29.584 335.387 2.25975189686 1.19086951905 0.767999890791 -7.48396193126 1.68177170573 8.88103447346 0.00753464155925 7.0199e-06
pedestrian -1 -1 -10 326.2 122.99 357.296 212.676 1.05788382971 0.655928277119 0.792000051291 -6.77537582917 0.41819001343 18.1912891143 0.00753464155925 6.7337e-06
pedestrian -1 -1 -10 214.91 103.39 243.545 181.916 1.47283830249 1.18886988308 0.305999662189 -7.39535716385 0.759433060213 14.0629108946 0.00753464155925 1.5349e-06
