pedestrian -1 -1 -10 37.717 116.84 72.051 228.06 0.5769366408 1.06788380147 0.668000016769 -9.50238257732 0.142359751241 12.8876259298 0.00753464155925 0.00046616
pedestrian -1 -1 -10 6.3998 258.96 41.7478 341.693 0.990891228791 1.18886988308 0.96499985719 -7.67523983384 1.56459546 9.39288960927 0.00753464155925 0.00039885
pedestrian -1 -1 -10 5.16 168.3 38.692 283.35 1.99278119171 1.18486965757 1.17699920865 -8.22998093955 1.31825177706 10.1662372099 0.00753464155925 0.00029374
pedestrian -1 -1 -10 61.012 120.11 92.161 224.48 0.875903815509 1.16487234429 0.95099992251 -9.36097149023 0.440876045566 12.8608508603 0.00753464155925 0.0001381
pedestrian -1 -1 -10 71.525 118.6 102.813 224.44 0.599934121222 1.12687640012 0.723999755487 -9.46979767517 0.165345145929 13.495794322 0.00753464155925 0.00012696
pedestrian -1 -1 -10 25.6 133.44 62.008 267.31 2.06577313114 1.19186981382 1.15099967055 -8.01012506043 1.39273475028 10.275533912 0.00753464155925 0.00010861
pedestrian -1 -1 -10 80.752 113.6 112.946 216.48 0.579936339853 0.743917981281 0.622999954251 -14.4235016679 -0.348618064994 20.0489784701 0.00753464155925 9.8052e-05
pedestrian -1 -1 -10 46.867 128.96 80.514 249.99 0.783913908722 1.17287184174 0.95099992251 -9.36296710395 0.428909838409 12.5923250116 0.00753464155925 7.1395e-05
pedestrian -1 -1 -10 17.41 175.68 52.463 300.29 2.04477540911 1.18786958831 1.13599980866 -8.07743569044 1.37020158049 10.169204607 0.00753464155925 2.4122e-05
pedestrian -1 -1 -10 28.464 238.15 60.754 335.658 2.23575454282 1.18987017785 1.03400008021 -7.67646962424 1.55483234813 9.75580688837 0.00753464155925 1.0639e-05
pedestrian -1 -1 -10 183.07 168.5 216.236 277.09 1.18986937374 1.19386849623 1.08999981893 -8.34576235488 1.17236530101 14.7564599135 0.00753464155925 1.0235e-05
pedestrian -1 -1 -10 142.5 136.87 176.901 249.7 1.38584784198 1.16687198026 1.0669991088 -9.02129327953 0.624666330642 14.5515786512 0.00753464155925 7.8203e-06
pedestrian -1 -1 -10 38.355 219.35 72.641 325.49 2.21175712919 1.18986922428 1.12099994677 -7.71782860579 1.5350853202 10.0412728793 0.00753464155925 2.0849e-06
pedestrian -1 -1 -10 165.69 137.5 198.232 237.315 1.5538293798 1.18087038563 1.16699945966 -8.75796398295 0.798912453117 14.984318365 0.00753464155925 1.9857e-06
pedestrian -1 -1 -10 175.0 145.97 206.801 248.26 1.0688826145 1.18387126994 1.01299922452 -8.98676186243 0.643248872476 15.5353334825 0.00753464155925 1.9682e-06
pedestrian -1 -1 -10 6.948 117.27 41.405 249.38 2.02377780628 1.17587177248 1.17399990384 -8.13017149695 1.34780599413 10.0727645797 0.00753464155925 1.6496e-06
