pedestrian -1 -1 -10 81.193 80.117 113.613 194.347 1.51283387268 1.17987009086 0.591999826411 -6.73333533752 0.860038296933 9.40358722481 0.00753464155925 0.00013137
pedestrian -1 -1 -10 1021.9 126.3 1050.82 233.12 2.0097792852 1.19086951905 1.142999776 6.12094486726 1.36037401821 10.2316320986 0.00753464155925 0.00011676
pedestrian -1 -1 -10 7.1108 112.04 41.5468 231.95 1.93678734577 1.19286915503 0.58899956793 -6.8437327173 1.29721643928 8.46545581544 0.00753464155925 8.5016e-05
pedestrian -1 -1 -10 28.787 83.639 61.149 200.969 1.6318208251 1.19586908577 0.611999801215 -6.83177322295 0.993329538102 8.54111793807 0.00753464155925 7.3593e-05
pedestrian -1 -1 -10 49.922 89.188 83.159 203.218 1.54483036459 1.19786872174 0.614999582859 -6.82756346422 0.902727074522 8.9058336886 0.00753464155925 6.4298e-05
pedestrian -1 -1 -10 38.9 85.926 72.433 202.666 1.57482710182 1.19586908577 0.614999582859 -6.82853298988 0.931799356596 8.77561410683 0.00753464155925 5.2869e-05
pedestrian -1 -1 -10 70.382 86.315 104.632 204.015 1.58182630277 1.19586908577 0.614999582859 -6.82571369324 0.931350966873 9.15070305614 0.00753464155925 3.7085e-05
pedestrian -1 -1 -10 518.67 165.55 539.525 217.116 0.0999890208244 0.0 0.0 -7.10825987635 1.66963310089 67.0849293003 0.0 3.2018e-05
pedestrian -1 -1 -10 59.245 111.09 95.179 225.03 1.80580174613 1.19786872174 0.512999854408 -6.774292124 1.15598500167 9.19565482349 0.00753464155925 2.868e-05
pedestrian -1 -1 -10 18.903 109.28 53.043 234.29 1.93978703737 1.19186981382 0.611999801215 -6.83100776483 1.30261316829 8.62782504805 0.00753464155925 2.3104e-05
