pedestrian -1 -1 -10 706.81 156.99 734.731 239.539 1.73799224198 0.726998790166 0.58199783174 2.76549420638 1.28994181928 16.3560402085 0.00692802392802 0.99534
pedestrian -1 -1 -10 627.95 158.4 649.753 242.276 1.72299232334 1.00900009442 0.533997974311 0.891380104789 1.28011951591 16.3480211971 0.00692802392802 0.26159
pedestrian -1 -1 -10 454.42 166.14 478.126 241.178 1.61299280077 0.880998968091 0.604997747282 -3.03847796445 1.26050998947 15.8652756555 0.00692802392802 0.23061
pedestrian -1 -1 -10 459.17 169.92 487.485 251.245 1.65399262607 0.951999019158 0.604997747282 -3.03866737201 1.30155110069 15.8297999319 0.00692802392802 0.0086905
pedestrian -1 -1 -10 488.93 176.78 502.233 212.805 0.823996323347 0.357999559027 0.343999047777 -4.46001502232 1.0821920414 30.0632262175 0.00692802392802 0.0042374
pedestrian -1 -1 -10 621.87 166.25 633.459 212.446 1.72299232334 1.02599837392 0.54799792031 0.886572998472 1.2797706813 16.6645616152 0.00692802392802 0.0024722
pedestrian -1 -1 -10 622.87 163.12 638.574 225.656 1.72299232334 1.1049987934 0.54799792031 0.884712837916 1.28008294234 16.3960679127 0.00692802392802 0.0016957
pedestrian -1 -1 -10 704.55 159.17 717.716 238.215 1.73799224198 0.726998790166 0.58199783174 2.76549420638 1.28994181928 16.3560402085 0.00692802392802 0.0016461
pedestrian -1 -1 -10 493.52 176.12 506.704 214.171 0.10099953562 0.23699935111 0.0449999073174 -6.92012383979 -0.46426062442 49.4998720085 0.00692802392802 0.0012566
pedestrian -1 -1 -10 451.73 167.04 467.172 233.354 1.61299280077 0.748999088062 0.604997747282 -3.03802071895 1.26043323268 15.9312740116 0.00692802392802 0.0011329
pedestrian -1 -1 -10 635.06 160.0 656.029 233.064 1.72299232334 1.00900009442 0.533997974311 0.891380104789 1.28011951591 16.3480211971 0.00692802392802 0.00045339
pedestrian -1 -1 -10 621.89 162.66 667.649 240.116 1.72299232334 1.00900009442 0.533997974311 0.891380104789 1.28011951591 16.3480211971 0.00692802392802 0.00037173
pedestrian -1 -1 -10 477.79 180.06 493.201 222.583 0.0999995529652 0.0 0.0 -7.05697110326 0.852378601265 43.1566944365 0.0 0.00011416
pedestrian -1 -1 -10 455.52 201.12 478.85 249.956 1.61299280077 0.880998968091 0.604997747282 -3.03847796445 1.26050998947 15.8652756555 0.00692802392802 3.3061e-05
pedestrian -1 -1 -10 478.57 170.9 506.555 217.307 0.823996323347 0.357999559027 0.343999047777 -4.46001502232 1.0821920414 30.0632262175 0.00692802392802 3.0172e-05
pedestrian -1 -1 -10 484.07 171.65 498.992 210.247 0.823996323347 0.357999559027 0.343999047777 -4.46001502232 1.0821920414 30.0632262175 0.00692802392802 9.8286e-06
pedestrian -1 -1 -10 471.87 171.56 497.688 222.883 0.0999995529652 0.00400161471983 0.0679995844414 -7.1422476623 0.308730153568 42.1786301102 0.00692802392802 9.0328e-06
