pedestrian -1 -1 -10 1167.8 98.655 1201.19 210.375 1.01788825208 0.634930669064 0.654999532468 13.256140491 0.136380892469 16.9465806674 0.00753464155925 5.9811e-05
pedestrian -1 -1 -10 1154.9 104.95 1193.82 227.59 0.271970127584 0.169981453979 0.359999546477 14.178550211 -0.374288717745 17.3432253515 0.00753464155925 3.3489e-05
pedestrian -1 -1 -10 1104.0 183.67 1140.51 318.01 3.38162862993 1.19086951905 1.18699895763 11.4048138357 3.26247328289 15.9246077999 0.00753464155925 2.9499e-05
pedestrian -1 -1 -10 1138.2 97.091 1170.57 214.511 0.513943541768 0.678924567575 0.976999937439 12.7687702026 -0.358638746563 16.7898289113 0.00753464155925 1.5682e-05
pedestrian -1 -1 -10 1114.5 199.35 1151.54 320.64 3.44662155068 1.19186886025 1.1869999113 11.2224731879 3.31901775457 15.3460455178 0.00753464155925 1.2923e-05
pedestrian -1 -1 -10 1083.8 190.15 1117.52 313.82 3.33263395513 1.17287184174 1.18999921611 10.9484716396 3.1192506814 15.9588081955 0.00753464155925 9.4748e-06
pedestrian -1 -1 -10 1063.9 178.1 1099.57 306.51 0.895901630401 0.736918778596 1.01399962857 8.85039493332 1.36090157525 13.7493030249 0.00753464155925 6.9025e-06
pedestrian -1 -1 -10 1143.1 114.63 1182.02 239.79 1.70281298006 0.789913422903 0.715999384095 11.4428884436 1.56019520781 14.4893958205 0.00753464155925 6.5767e-06
pedestrian -1 -1 -10 1125.0 117.13 1161.93 245.39 0.511943787098 0.678924567575 1.13499988144 12.5717764287 -0.358495316104 16.7912962908 0.00753464155925 5.8614e-06
pedestrian -1 -1 -10 1096.1 163.16 1127.71 287.72 2.83568863201 1.16687198026 1.17099916852 11.1313815482 2.37468152812 15.7947509505 0.00753464155925 4.7168e-06
pedestrian -1 -1 -10 1135.2 145.43 1171.44 275.03 2.61671257533 1.1328762616 1.08599915639 12.115043065 2.26631694041 15.9453449118 0.00753464155925 4.2138e-06
pedestrian -1 -1 -10 1125.1 168.1 1162.86 312.68 2.83268894041 1.14887430294 1.19599973307 11.6110884392 2.47669266095 15.5445703395 0.00753464155925 3.4357e-06
pedestrian -1 -1 -10 1117.1 145.55 1150.02 279.8 2.73969915629 1.17687016011 1.18599950725 11.5341009466 2.2749478157 15.6944689458 0.00753464155925 2.2205e-06
pedestrian -1 -1 -10 1043.3 184.55 1079.73 302.98 1.05988365888 0.801912192301 1.15699923384 8.6861948133 1.52548445685 13.7818222552 0.00753464155925 1.1682e-06
pedestrian -1 -1 -10 1072.8 159.54 1108.87 274.1 2.16476241766 1.16787227503 1.18599950725 10.87233455 2.28938924612 16.0975412714 0.00753464155925 7.798e-07
