pedestrian -1 -1 -10 885.84 154.68 966.71 298.78 1.7239923209 0.85199965913 0.863996837672 4.04418836554 1.41478408315 9.04065433678 0.00692802392802 0.97922
pedestrian -1 -1 -10 887.99 165.84 934.266 290.52 2.22599009573 0.844999694391 1.1909955125 5.11745221007 1.37359740244 11.8594484849 0.00692802392802 0.18532
pedestrian -1 -1 -10 702.82 166.67 717.122 215.843 0.754996626079 0.324001092687 0.991996378009 2.81291940191 0.739230769307 17.7391770105 0.00692802392802 0.069875
pedestrian -1 -1 -10 928.92 208.06 961.361 290.976 0.981995639205 0.925999013889 0.153999704012 5.49329937342 1.40745901349 10.2050664093 0.00692802392802 0.039517
pedestrian -1 -1 -10 699.55 166.57 712.376 210.304 2.38898935467 0.731999854892 1.19299547924 2.11739940926 1.49291223078 14.4458403203 0.00692802392802 0.037854
pedestrian -1 -1 -10 894.23 199.06 917.348 282.405 0.937995806336 1.1849986629 0.623997490924 4.23815488754 1.32624158265 9.92418644676 0.00692802392802 0.027941
pedestrian -1 -1 -10 847.03 217.22 864.278 261.534 0.95599579215 1.18599906657 0.629997748773 4.27455280107 1.37660933592 11.2635153896 0.00692802392802 0.0163
pedestrian -1 -1 -10 751.83 138.71 788.605 234.289 0.762996591628 0.0970000563355 0.784997376551 4.04784536669 0.748928084103 17.6491248842 0.00692802392802 0.013313
pedestrian -1 -1 -10 667.57 216.17 685.67 262.175 2.25998986363 1.11099930814 1.08099591125 1.306910736 1.43504304764 12.7889227585 0.00692802392802 0.0050196
pedestrian -1 -1 -10 709.31 168.07 721.216 214.5 0.756996591389 0.324001092687 1.14399575765 2.88892002395 0.741021747144 17.7386513878 0.00692802392802 0.0047988
pedestrian -1 -1 -10 691.78 165.35 716.089 243.033 2.38698938936 0.762999971213 1.1909955125 2.09150479427 1.4909657348 14.461519072 0.00692802392802 0.0029529
pedestrian -1 -1 -10 709.23 162.34 729.23 205.48 0.757996633649 0.363000623753 1.17599546392 2.96178435497 0.74184372906 17.7186466884 0.00692802392802 0.0024077
pedestrian -1 -1 -10 836.68 155.75 851.346 217.291 2.19799016416 0.99499921127 1.18399556931 4.25975194343 1.33548574787 12.2763730992 0.00692802392802 0.0020655
pedestrian -1 -1 -10 883.09 203.85 907.555 278.989 0.948995734751 1.16999928341 0.599997651616 4.25477009562 1.37045182052 10.5746327029 0.00692802392802 0.00092063
pedestrian -1 -1 -10 327.54 215.53 348.678 281.25 0.961995747685 0.717999925415 1.04299582792 -3.71286374377 1.37674074514 10.298824808 0.00692802392802 0.00056652
pedestrian -1 -1 -10 659.23 212.87 679.458 269.879 2.25998986363 1.15399854657 1.12899582828 1.21606225137 1.43526827893 12.8110525953 0.00692802392802 0.00047616
pedestrian -1 -1 -10 848.19 209.57 877.088 263.109 0.553997579217 0.294999876379 0.609997366112 4.89921294066 1.27985852976 13.9118740253 0.00692802392802 0.00044698
pedestrian -1 -1 -10 754.62 118.51 769.429 175.409 1.5439931035 1.02499892391 0.690997390017 3.06376538613 0.702720219848 12.3323044888 0.00692802392802 0.00023201
pedestrian -1 -1 -10 831.77 146.76 857.352 250.24 2.19799016416 0.989999100218 1.18199572177 4.26076916348 1.33548009071 12.278866164 0.00692802392802 0.00019819
pedestrian -1 -1 -10 761.56 159.41 793.919 243.564 0.761996594071 0.0970000563355 0.611997928897 4.13434439164 0.748690223149 17.6485259122 0.00692802392802 0.0001364
pedestrian -1 -1 -10 743.35 119.49 773.123 214.684 1.96799123287 0.56199894013 1.04599607606 3.1043699509 1.06935057267 14.305751482 0.00692802392802 0.00013491
pedestrian -1 -1 -10 836.69 205.44 862.802 262.976 0.553997579217 0.294999876379 0.609997366112 4.89921294066 1.27985852976 13.9118740253 0.00692802392802 0.00012276
pedestrian -1 -1 -10 245.7 204.85 274.963 282.509 0.953995707631 1.01999881286 0.776997032752 -4.75797496616 1.39264555862 10.2790880129 0.00692802392802 0.00010172
pedestrian -1 -1 -10 691.44 169.18 705.063 219.981 1.74399219751 0.377000553231 1.19199555548 2.42437463679 0.737325766766 17.7147911773 0.00692802392802 6.0883e-05
pedestrian -1 -1 -10 882.38 207.43 899.46 258.842 0.99299556762 1.14399927814 0.523997961794 4.17380262252 1.32662939264 9.74009598651 0.00692802392802 4.843e-05
pedestrian -1 -1 -10 338.9 220.33 383.884 281.08 1.00599558055 1.17999855184 1.09499567844 -3.68476359202 1.3763063992 10.6106115311 0.00692802392802 3.9447e-05
pedestrian -1 -1 -10 940.51 246.52 957.54 291.26 0.981995639205 1.14299887446 0.234999251082 5.53454985822 1.40722146178 10.313283025 0.00692802392802 3.1738e-05
pedestrian -1 -1 -10 381.25 189.84 400.708 261.857 1.04299529642 1.11199875814 0.716997315274 -3.38126740015 1.36287899342 11.1264846438 0.00692802392802 1.259e-05
pedestrian -1 -1 -10 872.42 195.61 895.809 272.72 0.919995880127 1.11499901551 0.623997490924 4.24014664714 1.3709319856 10.1902414474 0.00692802392802 8.3525e-06
pedestrian -1 -1 -10 347.41 212.49 371.327 279.338 1.00599558055 1.19399943499 1.07699609698 -3.67591643154 1.37630723657 10.588549859 0.00692802392802 3.1406e-06
pedestrian -1 -1 -10 331.31 206.51 360.364 291.308 0.961995747685 1.00899914075 1.11099612762 -3.7438550223 1.37665952686 10.4445427216 0.00692802392802 3.9498e-07
pedestrian -1 -1 -10 369.08 174.21 407.712 275.49 2.16099038869 0.589999752758 1.18999558874 -4.56028196224 1.23243562647 15.2259521631 0.00692802392802 5.8477e-08
pedestrian -1 -1 -10 323.05 202.49 378.286 285.7 0.961995747685 0.938999493361 1.09499567844 -3.68609890402 1.37654073999 10.4091417303 0.00692802392802 5.53e-08
