pedestrian -1 -1 -10 1084.0 160.51 1186.04 338.59 1.56399296918 1.00999906759 1.04099598039 5.72707015788 1.37992412102 7.48400916568 0.00692802392802 0.94556
pedestrian -1 -1 -10 840.77 206.36 855.544 263.667 0.555997484923 0.285000607948 0.614997461777 4.89764357463 1.28087420746 13.9018849176 0.00692802392802 0.0041959
pedestrian -1 -1 -10 838.97 177.37 870.375 265.484 0.689996919036 0.0760001621194 0.578997822024 6.39139924288 0.783417008881 17.6914727198 0.00692802392802 0.0040416
pedestrian -1 -1 -10 1083.2 166.42 1150.22 286.38 1.56399296918 0.735999085428 0.818996691937 5.61702231158 1.38007002436 7.62177522602 0.00692802392802 0.0029547
pedestrian -1 -1 -10 762.23 157.64 791.325 242.155 0.762996576726 0.0910014489504 0.638997539502 4.14577593904 0.749670212319 17.6384477492 0.00692802392802 0.0019326
pedestrian -1 -1 -10 1155.4 285.81 1172.6 343.0 1.56399296918 0.951999019158 1.08699581147 6.02126281342 1.37908194293 7.51097073909 0.00692802392802 0.0019251
pedestrian -1 -1 -10 766.84 161.54 779.69 224.228 0.762996576726 0.0910014489504 0.753997117211 4.08827753137 0.749828327907 17.6388462898 0.00692802392802 0.0016866
pedestrian -1 -1 -10 354.86 197.85 392.432 277.011 1.05099527687 1.14399927814 1.17199553044 -3.6017918047 1.37149229065 11.122017642 0.00692802392802 0.0011572
pedestrian -1 -1 -10 883.57 231.17 905.328 276.701 0.921995845437 0.77599949701 0.593997632185 4.24841126951 1.37303106029 10.0836826906 0.00692802392802 0.00065316
pedestrian -1 -1 -10 761.75 160.19 773.892 216.196 2.39798925817 0.686999809094 1.01699614108 3.25060785855 1.4989234924 14.3264885189 0.00692802392802 0.00062975
pedestrian -1 -1 -10 836.2 207.09 850.716 261.352 0.555997484923 0.285000607948 0.614997461777 4.89764357463 1.28087420746 13.9018849176 0.00692802392802 0.00061747
pedestrian -1 -1 -10 655.32 231.03 667.081 274.359 2.27698986679 0.763999421219 0.922996512175 1.12699437076 1.4598621659 12.5066805562 0.00692802392802 0.00060802
pedestrian -1 -1 -10 1147.5 287.43 1181.14 341.955 1.56399296918 0.951999019158 1.08699581147 6.02126281342 1.37908194293 7.51097073909 0.00692802392802 0.00058382
pedestrian -1 -1 -10 377.9 203.16 403.285 266.124 1.05099527687 1.1819993592 0.888996600745 -3.46042737047 1.37112528557 11.102037301 0.00692802392802 0.0003453
pedestrian -1 -1 -10 751.51 154.69 763.293 214.764 1.01599543691 0.540999999587 1.1669956732 3.90864319404 1.00107159411 17.8592421192 0.00692802392802 0.00022773
pedestrian -1 -1 -10 354.76 214.1 372.857 275.356 0.97499564141 0.824999250181 0.827996959501 -3.61189220309 1.39038808829 10.3636349747 0.00692802392802 0.00014119
pedestrian -1 -1 -10 935.64 218.09 966.926 272.376 2.25398984849 1.04199911075 1.19699553193 5.78731212171 1.38994221668 11.6913059888 0.00692802392802 0.00013353
pedestrian -1 -1 -10 689.28 210.5 706.484 263.542 2.06099075228 0.534999484855 1.18999558874 1.94030998071 1.16542281586 14.4263763901 0.00692802392802 0.00012011
pedestrian -1 -1 -10 341.29 205.86 373.217 276.135 1.02699539512 1.16599862237 1.0199961508 -3.70691853567 1.3904770433 10.5147672063 0.00692802392802 0.00011791
pedestrian -1 -1 -10 929.85 223.7 953.685 273.713 0.977995708584 1.06099915128 0.240998793678 5.5204635533 1.40210805959 10.4463801746 0.00692802392802 9.3636e-05
pedestrian -1 -1 -10 955.86 242.83 971.987 281.89 2.01099105328 1.04199911075 1.19699553193 5.98268284404 1.40440603734 11.6901105606 0.00692802392802 8.2307e-05
pedestrian -1 -1 -10 346.0 205.8 362.15 274.09 0.97499564141 1.02199866654 1.03799620909 -3.71634545868 1.39058552673 10.4428610783 0.00692802392802 6.9544e-05
pedestrian -1 -1 -10 317.56 203.81 348.867 276.531 1.06599519551 1.17599884447 1.15399571057 -4.16386400146 1.38822094423 10.9659186921 0.00692802392802 6.5616e-05
pedestrian -1 -1 -10 1146.3 252.55 1197.2 346.779 1.03099544495 0.299000060588 0.857996579823 5.25657029451 1.47854330542 6.33116509028 0.00692802392802 3.4907e-05
pedestrian -1 -1 -10 367.64 186.25 400.941 271.042 2.26098990589 0.520999555377 1.1949956844 -4.66002874644 1.33177331573 15.1711992029 0.00692802392802 3.0545e-05
pedestrian -1 -1 -10 880.25 204.37 902.01 270.677 0.921995845437 0.765999274906 0.593997632185 4.2483766289 1.37303687534 10.0786826996 0.00692802392802 2.8779e-05
pedestrian -1 -1 -10 1069.4 206.64 1131.65 327.1 2.02599091232 0.64899877436 1.18799574121 8.03209206651 1.39693662641 11.5303912703 0.00692802392802 1.6498e-05
pedestrian -1 -1 -10 1121.8 134.02 1196.62 303.84 1.83699183613 0.655999692773 1.10799564107 8.96805287131 0.926359280669 11.5259695435 0.00692802392802 1.5253e-05
pedestrian -1 -1 -10 258.34 201.98 287.226 267.772 1.46499342509 1.02299907022 1.09299630774 -6.40975527858 1.31737351199 13.6227288109 0.00692802392802 5.0324e-06
pedestrian -1 -1 -10 1138.5 217.15 1184.74 353.73 0.997995480895 0.459999726415 0.633997443837 4.43132184475 1.49802818064 5.27439839621 0.00692802392802 2.6825e-06
pedestrian -1 -1 -10 1128.4 165.73 1162.02 350.41 1.56399296918 1.1269990913 1.08599588771 5.74916428483 1.3799302841 7.42535460681 0.00692802392802 2.4998e-07
pedestrian -1 -1 -10 284.91 183.46 311.679 279.425 1.86399166584 0.308999805856 1.18599589367 -6.62802581451 0.904839847236 15.4865755787 0.00692802392802 2.3034e-08
