pedestrian -1 -1 -10 404.96 184.04 417.85 212.643 0.894901767966 0.260972996022 0.980999646298 -6.51184733705 1.24134932275 24.4862818649 0.00753464155925 0.0068579
pedestrian -1 -1 -10 903.9 197.24 930.514 244.591 0.907900337216 1.08788016118 0.334999935599 8.62049768116 1.54547439911 20.1927802192 0.00753464155925 0.0068252
pedestrian -1 -1 -10 710.03 162.07 740.904 222.113 1.17287117595 0.641931778889 1.00399987958 5.65463521864 1.57349837582 34.2546108497 0.00753464155925 0.0037264
pedestrian -1 -1 -10 905.08 197.74 922.901 228.235 0.907900337216 1.09987988415 0.385000111029 8.64615249627 1.54674401229 20.2795800175 0.00753464155925 0.0021603
pedestrian -1 -1 -10 740.15 92.824 771.355 194.964 0.944896230699 0.424953634947 0.426999676648 3.06171658381 0.261705885251 14.7866897841 0.00753464155925 0.0021036
pedestrian -1 -1 -10 274.98 215.93 289.637 261.745 2.46672918713 0.3429628387 0.770999672435 -7.58966410257 1.83364657302 16.0270999803 0.00753464155925 0.00044623
pedestrian -1 -1 -10 894.12 195.83 919.6 229.428 0.907900337216 0.803910874703 0.385000111029 8.64726749592 1.54893479148 20.4275603216 0.00753464155925 0.00025647
pedestrian -1 -1 -10 286.39 164.02 325.116 235.656 2.62771146441 1.18786958831 0.497999515678 -7.63332447405 1.83397905216 18.0073899842 0.00753464155925 0.00014452
pedestrian -1 -1 -10 268.04 160.72 311.949 235.569 2.56871798646 1.15387482323 0.244999810562 -7.46443218907 1.81188601909 16.9948676739 0.00753464155925 2.3475e-06
pedestrian -1 -1 -10 423.39 181.97 444.467 210.379 0.413954556702 0.245971435172 0.513999781623 -6.07077452771 0.760524743674 24.5840300603 0.00753464155925 5.8126e-07
