pedestrian -1 -1 -10 31.627 186.83 166.727 374.85 2.12876620782 1.18886988308 0.37299979236 -3.26607932739 1.6057608043 4.53081369823 0.00753464155925 0.040479
pedestrian -1 -1 -10 914.43 166.29 944.46 228.034 1.15787281478 0.758917158206 0.45399985721 3.13159843404 1.30488213481 7.56930235201 0.00753464155925 0.001886
pedestrian -1 -1 -10 1113.2 230.51 1127.69 287.183 1.10987815141 0.738918891352 0.927999927643 4.05199889534 1.48613293914 6.13713258645 0.00753464155925 0.00097051
pedestrian -1 -1 -10 1110.7 237.39 1135.25 295.755 1.10987815141 0.68592472383 0.942999789537 4.04429953253 1.48574613384 6.11069268274 0.00753464155925 0.00087396
pedestrian -1 -1 -10 62.818 263.95 143.79 375.0 2.12876620782 1.19886853972 0.376999978056 -3.2681622342 1.60559943434 4.5198303457 0.00753464155925 0.00044366
pedestrian -1 -1 -10 924.35 166.77 952.45 234.402 1.00588955271 0.623931717652 0.45399985721 3.13104304366 1.15189970295 7.50293692098 0.00753464155925 0.00042925
pedestrian -1 -1 -10 900.9 169.14 934.163 232.082 1.18586973775 0.986891869636 0.45399985721 3.13246591221 1.33456653936 7.68307916648 0.00753464155925 0.0002764
pedestrian -1 -1 -10 612.18 148.35 640.369 211.075 2.59371527742 1.16487329786 0.708999804186 0.797211151071 1.60153809554 31.0263611206 0.00753464155925 0.00017849
pedestrian -1 -1 -10 500.85 140.71 540.733 229.989 2.22575559068 1.15287357489 0.568999712335 -1.97914740532 1.46871531907 18.2247543789 0.00753464155925 5.9762e-05
pedestrian -1 -1 -10 618.67 137.6 656.983 212.749 2.34274278843 0.550938329706 0.266999997423 1.58224403921 1.30870371323 33.5692744115 0.00753464155925 2.3483e-05
pedestrian -1 -1 -10 782.71 167.58 821.159 249.955 1.47983756303 0.709921309057 0.853999830133 4.50863076358 1.36702675494 16.350102222 0.00753464155925 1.5098e-05
