pedestrian -1 -1 -10 366.99 169.58 386.628 226.388 1.75680716073 0.491946684624 0.719000119413 -7.68118641407 1.65560350462 23.7827418643 0.00753464155925 0.80854
pedestrian -1 -1 -10 357.58 168.46 382.314 222.834 1.75680716073 0.491946684624 0.719000119413 -7.68118641407 1.65560350462 23.7827418643 0.00753464155925 0.10585
pedestrian -1 -1 -10 351.34 172.56 388.503 241.879 1.75680716073 0.491946684624 0.719000119413 -7.68118641407 1.65560350462 23.7827418643 0.00753464155925 0.021091
pedestrian -1 -1 -10 147.46 218.55 176.464 270.545 0.909900091886 0.565937983416 1.16599953245 -6.99089405821 1.14382827702 11.5331583116 0.00753464155925 0.002009
pedestrian -1 -1 -10 1067.2 210.19 1115.79 286.528 1.43584230471 0.71392153457 0.626999663109 7.65850431061 1.32791218464 11.2059161261 0.00753464155925 0.00095322
pedestrian -1 -1 -10 1214.9 211.72 1242.01 281.039 1.452840428 1.17987009086 0.631999776019 10.0300355316 1.2614132926 11.474196632 0.00753464155925 0.00026989
pedestrian -1 -1 -10 243.2 228.43 268.734 307.633 1.30385685754 0.674926249202 1.18299972561 -5.62148865153 1.53437965052 11.7625076694 0.00753464155925 1.4232e-05
pedestrian -1 -1 -10 135.36 217.26 167.146 281.844 1.7848039645 1.03588676522 1.17199957257 -6.15005000724 1.13990658463 9.82412113681 0.00753464155925 9.243e-06
pedestrian -1 -1 -10 1056.6 194.26 1101.46 287.862 1.43584230471 1.00288943419 0.639999670574 7.66609275484 1.33004640874 11.3503470701 0.00753464155925 1.1421e-06
pedestrian -1 -1 -10 1082.1 207.74 1131.39 298.158 0.262971112372 0.135985735325 0.0710000774481 8.19469464563 0.351441929068 11.5326949813 0.00753464155925 8.6181e-07
