pedestrian -1 -1 -10 364.62 172.06 407.75 258.573 1.53283172482 0.881903352577 0.596999939321 -4.02592097833 1.63717090698 12.8963163343 0.00753464155925 0.21025
pedestrian -1 -1 -10 358.67 171.15 382.5 221.021 1.40484574974 0.298967033049 1.1369987822 -12.8589066205 1.19526800299 39.5506320003 0.00753464155925 0.014792
pedestrian -1 -1 -10 503.55 148.02 516.922 192.883 0.63493024886 1.06988629815 1.14500010726 -5.94028927562 -0.643577511288 45.4623472841 0.00753464155925 0.014066
pedestrian -1 -1 -10 512.4 151.79 525.825 193.259 0.631930676453 0.908900822116 0.93899984226 -5.55616065681 -0.648673584579 45.8770633496 0.00753464155925 0.0067678
pedestrian -1 -1 -10 494.13 153.79 506.174 196.083 0.616932218437 0.702922106372 0.726999537131 -6.67164095688 -0.645626177834 44.7531559479 0.00753464155925 0.0031201
pedestrian -1 -1 -10 368.97 175.88 398.579 235.532 1.53283172482 0.916899366002 0.596999939321 -4.02605281829 1.63691186453 12.8788188243 0.00753464155925 0.0024648
pedestrian -1 -1 -10 517.78 152.76 530.307 193.122 0.629930802587 0.705923944254 0.723999755487 -5.35861795138 -0.651751245654 46.0151264882 0.00753464155925 0.0023465
pedestrian -1 -1 -10 498.8 153.75 510.601 196.973 0.627931047917 1.04288501433 1.08499970602 -6.26966862762 -0.646039454814 45.1472707539 0.00753464155925 0.0017207
pedestrian -1 -1 -10 659.07 174.91 671.522 223.089 0.313965512039 0.362963012694 0.408999794691 3.43687859428 1.36986181394 39.9222577592 0.00753464155925 0.0016122
pedestrian -1 -1 -10 381.75 174.69 402.953 240.888 1.53283172482 0.929897476601 0.596999939321 -4.02610178588 1.63681565179 12.8723199534 0.00753464155925 0.0013236
pedestrian -1 -1 -10 525.24 153.12 536.766 192.252 0.64592907834 1.1088758621 1.10999931689 -4.80463103131 -0.651268571096 46.5436363837 0.00753464155925 0.0012835
pedestrian -1 -1 -10 502.35 148.22 527.398 198.14 0.637929940463 1.07788102775 1.12499965562 -5.69443192938 -0.645083573543 45.7085746219 0.00753464155925 0.0010186
pedestrian -1 -1 -10 529.13 153.81 540.583 192.979 0.34896169555 0.721921032025 1.05899969109 -4.54269249452 -0.0595764750548 46.6622212603 0.00753464155925 0.00049353
pedestrian -1 -1 -10 650.23 169.65 677.723 227.972 0.313965512039 0.362963012694 0.408999794691 3.43687859428 1.36986181394 39.9222577592 0.00753464155925 0.00034147
pedestrian -1 -1 -10 343.98 164.54 411.58 288.95 1.53283172482 0.881903352577 0.596999939321 -4.02592097833 1.63717090698 12.8963163343 0.00753464155925 0.0001874
pedestrian -1 -1 -10 112.46 100.81 151.857 193.231 0.805911537882 1.10487849729 1.18599950725 -10.6387861035 -0.000170613272389 16.3189651577 0.00753464155925 0.00017576
pedestrian -1 -1 -10 694.68 195.67 727.796 278.741 1.57382714254 0.888902555262 0.894999826165 1.79250752096 1.6963333795 11.7312490948 0.00753464155925 0.00012654
pedestrian -1 -1 -10 372.5 198.1 403.068 279.05 1.53283172482 1.03988603716 0.596999939321 -4.02651614415 1.6360015103 12.8173272342 0.00753464155925 7.5321e-05
pedestrian -1 -1 -10 524.17 160.19 545.393 215.41 0.892901968597 1.17987104443 1.12099970835 -4.05184256163 1.47415142526 42.1322212187 0.00753464155925 3.9728e-05
pedestrian -1 -1 -10 669.42 171.96 680.799 217.073 0.355960903944 0.261972337223 0.628999994375 4.20132421286 0.911601036952 41.0882529876 0.00753464155925 3.0332e-05
