pedestrian -1 -1 -10 578.51 174.65 589.952 202.468 0.100988957758 0.101990016671 0.267999805428 -1.75867424212 1.38489289339 57.4675223633 0.00753464155925 0.56632
pedestrian -1 -1 -10 564.18 177.48 576.339 201.683 0.102988712428 0.12898748621 0.458000042906 -2.60722794492 1.77592185687 57.0935898856 0.00753464155925 0.04652
pedestrian -1 -1 -10 575.75 163.68 594.974 202.81 0.100988957758 0.101990016671 0.267999805428 -1.75867424212 1.38489289339 57.4675223633 0.00753464155925 0.028778
pedestrian -1 -1 -10 302.88 176.27 334.31 274.198 0.75791679257 0.400956096151 0.889999594046 -5.8626246389 0.925126937321 14.3696622237 0.00753464155925 0.0089424
pedestrian -1 -1 -10 9.3034 138.21 87.6684 320.29 2.4947261101 1.19786872174 0.707000039163 -7.53720856669 1.83012458554 9.44355633807 0.00753464155925 0.0068004
pedestrian -1 -1 -10 39.753 222.54 74.519 324.96 2.55271971071 1.19886806294 0.722999828272 -7.46175352867 1.8869297761 9.5010844725 0.00753464155925 0.0010266
pedestrian -1 -1 -10 277.73 189.67 348.074 274.145 1.44184168792 1.17487147771 0.923999741948 -3.81867331447 1.90704791335 8.97704606669 0.00753464155925 0.00093498
pedestrian -1 -1 -10 312.06 181.35 345.301 262.541 0.756916855637 0.315965369161 0.574999633251 -5.70480924042 0.924641434946 14.4109787879 0.00753464155925 0.00086382
pedestrian -1 -1 -10 311.77 184.65 366.226 285.47 1.90679066813 1.1438756898 0.230999875882 -7.35523786317 1.22490047173 19.8362270977 0.00753464155925 0.00077691
pedestrian -1 -1 -10 199.09 214.99 239.673 252.056 1.85579620886 1.1938694498 0.625999735894 -7.38637701015 1.14030751028 13.2444270115 0.00753464155925 0.00026216
pedestrian -1 -1 -10 294.72 177.68 322.462 275.543 0.75791679257 0.411955524348 1.12899936448 -5.98216257977 0.925132523639 14.365061758 0.00753464155925 8.7125e-05
pedestrian -1 -1 -10 20.45 207.27 55.427 317.97 2.54772020484 1.19786872174 0.628000067161 -7.51152701299 1.8864861189 9.19888755423 0.00753464155925 8.2543e-05
pedestrian -1 -1 -10 259.81 193.7 284.471 250.155 1.5278322115 1.18687024711 0.106999841361 -7.14517222927 0.931386476868 14.2719164064 0.00753464155925 6.4368e-05
pedestrian -1 -1 -10 19.047 129.4 195.507 336.75 2.56071878899 1.19586908577 0.330999749904 -7.20252804701 1.88801061116 10.327789065 0.00753464155925 3.6253e-05
pedestrian -1 -1 -10 720.93 215.01 734.231 272.745 1.42584341216 0.84290711364 0.606999926723 2.28621911295 1.72118346668 12.2131329625 0.00753464155925 2.1438e-05
pedestrian -1 -1 -10 715.37 206.31 740.224 271.868 1.42584341216 0.907900527346 0.631999895229 2.29396373994 1.72165909103 12.2455723186 0.00753464155925 1.6042e-05
