pedestrian -1 -1 -10 506.53 183.82 516.868 213.279 0.598934188013 0.335961728875 0.514999708838 -5.70220669698 1.84221000891 44.8314033678 0.00753464155925 0.7718
pedestrian -1 -1 -10 510.64 183.22 520.983 210.239 0.598934188013 0.335961728875 0.514999708838 -5.70220669698 1.84221000891 44.8314033678 0.00753464155925 0.47416
pedestrian -1 -1 -10 524.87 183.12 535.56 208.368 0.622931661241 0.248973273054 0.468999719104 -4.87756550862 1.92144404399 46.501927634 0.00753464155925 0.29374
pedestrian -1 -1 -10 933.28 173.36 946.263 220.234 1.52483257949 1.18787054188 0.432999955191 5.68328280944 0.84231053157 12.0327576677 0.00753464155925 0.016644
pedestrian -1 -1 -10 931.63 174.98 961.491 232.731 1.43284267271 1.18786958831 0.522000153014 5.72614414502 0.752119935443 11.8190592589 0.00753464155925 0.013196
pedestrian -1 -1 -10 102.56 262.22 120.584 305.129 2.3447425431 1.19486974457 0.178999846024 -7.07832455568 1.75740175363 10.2236734602 0.00753464155925 0.010652
pedestrian -1 -1 -10 109.71 260.73 127.459 303.887 2.34574248003 1.19686842697 0.178999846024 -7.07766942899 1.75868956871 10.310668758 0.00753464155925 0.0077422
pedestrian -1 -1 -10 185.85 221.07 203.686 289.322 2.4947260505 1.1818706804 0.819999920649 -7.1961873391 1.79729448292 12.3058678799 0.00753464155925 0.0058103
pedestrian -1 -1 -10 682.92 175.35 714.242 261.955 1.25486218274 0.746917912023 0.344999923001 2.33599166483 1.7570517036 18.4178184095 0.00753464155925 0.005274
pedestrian -1 -1 -10 191.26 212.71 208.186 285.059 2.50072537411 1.18786958831 0.819999920649 -7.19481051292 1.80000333996 12.4888871499 0.00753464155925 0.0044758
pedestrian -1 -1 -10 197.45 205.73 210.945 257.574 2.50772463465 1.19586908577 0.819999920649 -7.19356959982 1.80244575736 12.6539166575 0.00753464155925 0.0042813
pedestrian -1 -1 -10 183.53 201.0 213.663 285.958 2.50072537411 1.18686929354 0.819999920649 -7.19480674453 1.8000107442 12.4893872831 0.00753464155925 0.0035985
pedestrian -1 -1 -10 607.63 181.4 619.882 213.878 0.314965389374 0.0419952161094 0.181999948043 0.516163565635 1.42794453234 41.494127045 0.00753464155925 0.0033489
pedestrian -1 -1 -10 854.72 243.83 894.899 351.6 0.692923849471 1.11487763072 0.164999911345 2.36349189788 1.6627049596 6.37118597111 0.00753464155925 0.0029995
pedestrian -1 -1 -10 682.4 178.39 704.242 240.121 1.25486218274 0.790911810534 0.364999897806 2.32615769803 1.75738462963 18.4398899722 0.00753464155925 0.0018008
pedestrian -1 -1 -10 325.57 192.77 338.678 231.253 1.01188889122 0.61393306101 0.496999588463 -10.4990329763 2.19367986857 27.7130347849 0.00753464155925 0.001505
pedestrian -1 -1 -10 675.13 181.09 706.819 286.45 1.7098122257 1.1458743722 0.36599982502 2.32944422485 1.76313502217 18.8317006043 0.00753464155925 0.0013984
pedestrian -1 -1 -10 201.82 203.78 215.469 254.927 2.50772463465 1.19786872174 0.782999752685 -7.17505497666 1.80246188372 12.6557765691 0.00753464155925 0.0012418
pedestrian -1 -1 -10 940.77 181.75 966.508 224.646 1.44984082579 1.19186981382 0.537000014908 5.73224337905 0.771344011599 11.6318289231 0.00753464155925 0.00096233
pedestrian -1 -1 -10 72.725 178.09 108.491 239.321 2.4197343564 1.19686842697 0.178999846024 -7.08026878408 1.75362711689 9.96926380018 0.00753464155925 0.00091421
pedestrian -1 -1 -10 184.81 201.68 205.583 260.282 2.4947260505 1.18587090591 0.819999920649 -7.19592365559 1.79781257489 12.3408633767 0.00753464155925 0.00071691
pedestrian -1 -1 -10 603.43 177.95 615.532 212.117 0.101988805294 0.225973168319 1.16899967172 0.430284161051 1.40730569911 74.1320050044 0.00753464155925 0.00067841
pedestrian -1 -1 -10 689.66 170.57 727.799 242.493 1.43584236431 0.54294073939 0.34199978373 2.12840609736 1.75899178808 14.827196798 0.00753464155925 0.00039924
pedestrian -1 -1 -10 679.66 181.85 692.087 240.453 1.54383044255 1.11487763072 0.362999804958 2.33554511142 1.60629270334 19.4503344352 0.00753464155925 0.00030555
pedestrian -1 -1 -10 905.76 159.19 940.133 237.66 1.91678956067 1.17887074966 0.358000168885 5.90431666526 1.21267281678 13.2821835028 0.00753464155925 0.00029793
pedestrian -1 -1 -10 662.28 179.56 690.518 267.984 0.942896520728 0.721921032025 0.157999944005 2.34210026085 1.87952238032 24.1869465595 0.00753464155925 0.00027047
pedestrian -1 -1 -10 699.2 172.6 719.808 230.384 1.43584236431 0.54294073939 0.34199978373 2.12840609736 1.75899178808 14.827196798 0.00753464155925 0.00021517
pedestrian -1 -1 -10 319.82 191.16 332.062 231.198 0.291967912677 0.290968489164 0.460999347713 -11.112512648 1.52640314795 28.4788105694 0.00753464155925 0.00015827
pedestrian -1 -1 -10 705.02 161.71 732.316 220.42 2.17276149594 1.17287088817 0.184999886149 1.99714367287 1.51073778318 13.1910889565 0.00753464155925 0.000138
pedestrian -1 -1 -10 676.87 174.47 695.466 222.759 1.54383044255 1.11487763072 0.362999804958 2.33554511142 1.60629270334 19.4503344352 0.00753464155925 9.7329e-05
pedestrian -1 -1 -10 741.17 199.86 761.735 247.144 2.13876513017 1.0788822761 0.680999905025 2.28635074118 1.52960684167 10.2899787283 0.00753464155925 9.4215e-05
pedestrian -1 -1 -10 671.14 180.08 691.663 229.541 0.992890983462 0.415954796291 0.117999755978 2.21481509992 1.47147837942 20.6028195865 0.00753464155925 9.3678e-05
pedestrian -1 -1 -10 689.54 185.63 728.431 295.65 1.43584236431 0.54294073939 0.34199978373 2.12840609736 1.75899178808 14.827196798 0.00753464155925 8.4641e-05
pedestrian -1 -1 -10 166.0 210.25 202.57 292.599 2.48872678649 1.19786872174 0.819999920649 -7.19827295284 1.79219437609 12.0288765192 0.00753464155925 7.9553e-05
pedestrian -1 -1 -10 941.62 166.05 975.572 230.68 1.44984082579 1.17887074966 0.537000014908 5.73206633271 0.770996146526 11.6083317219 0.00753464155925 5.0147e-05
pedestrian -1 -1 -10 194.0 196.61 225.626 276.665 2.50772463465 1.19786872174 0.782999752685 -7.17505497666 1.80246188372 12.6557765691 0.00753464155925 4.2286e-05
pedestrian -1 -1 -10 671.26 162.58 702.527 234.586 0.815910422979 0.811911325728 0.183999958934 2.24916992679 1.01584033802 19.8878975186 0.00753464155925 1.8177e-05
pedestrian -1 -1 -10 658.28 171.64 692.52 232.26 1.24586322713 1.11687631312 0.458999731702 2.49501632271 1.76451061893 24.5332862858 0.00753464155925 1.4385e-05
