pedestrian -1 -1 -10 926.7 150.55 945.85 209.541 1.65381836486 0.364959787956 0.678999692968 9.81186404245 1.22102123051 21.3677903751 0.00753464155925 0.8551
pedestrian -1 -1 -10 159.59 177.31 180.9 227.222 0.622931631442 0.591934204615 0.671999725628 -16.0382504376 1.29433159538 26.1119779384 0.00753464155925 0.18485
pedestrian -1 -1 -10 744.85 164.56 758.562 205.616 2.23775429749 0.497946546108 0.89299937569 6.29168626191 1.22696077905 31.4864415681 0.00753464155925 0.018682
pedestrian -1 -1 -10 152.36 168.38 179.113 244.348 0.622931631442 0.88590262452 0.770998718761 -16.0748564576 1.29218147096 25.965264992 0.00753464155925 0.0089911
pedestrian -1 -1 -10 749.81 165.71 762.79 203.338 2.23775429749 0.489946095083 0.75099969763 6.36268408417 1.22690907183 31.4859064265 0.00753464155925 0.0037507
pedestrian -1 -1 -10 937.1 157.23 951.019 205.061 1.53183178044 0.360960516013 0.678999692968 9.81184149613 1.09906424892 21.3706932147 0.00753464155925 0.00094139
pedestrian -1 -1 -10 911.57 147.89 943.622 213.218 1.67181645488 0.364959787956 0.591999826411 9.76837088984 1.23905099168 21.3679843911 0.00753464155925 0.00066444
pedestrian -1 -1 -10 331.02 208.67 361.366 248.299 1.30785636688 0.592935452955 0.75799966497 -6.80492276468 1.75029888839 18.9322465754 0.00753464155925 0.00041001
pedestrian -1 -1 -10 140.7 172.42 172.658 233.534 0.78791347766 1.05288414776 1.12899841081 -16.13643278 1.45597172296 25.8810139279 0.00753464155925 0.00033698
pedestrian -1 -1 -10 346.59 207.45 358.672 251.233 1.30785636688 0.671925364891 0.75799966497 -6.80462518716 1.75088357615 18.9717404103 0.00753464155925 0.00017593
pedestrian -1 -1 -10 127.59 157.96 164.226 243.311 1.39284704292 1.1438756898 1.05699888298 -16.6360853769 0.93701311808 26.1414734163 0.00753464155925 2.0848e-05
pedestrian -1 -1 -10 220.39 199.85 257.715 257.576 0.762916216494 0.416954137492 0.787999865595 -9.39796821123 1.72668696185 18.7790773946 0.00753464155925 3.5935e-08
