pedestrian -1 -1 -10 520.66 171.87 555.282 273.82 1.6738162468 1.14987364415 0.931999636502 -1.14381594972 1.75045403671 12.5629240124 0.00753464155925 0.035683
pedestrian -1 -1 -10 484.23 172.58 554.58 293.57 1.6738162468 0.77091545082 0.639999789783 -1.28838409711 1.75336540517 12.7534962038 0.00753464155925 0.023734
pedestrian -1 -1 -10 519.0 173.74 543.693 249.123 1.6738162468 1.13387655637 0.868999692027 -1.13947831251 1.7462009939 12.2759149898 0.00753464155925 0.0042233
pedestrian -1 -1 -10 45.425 105.8 214.785 361.83 2.22175599194 0.665925503406 1.19099962016 -12.5254215477 1.90346890645 19.1163648567 0.00753464155925 0.0026754
pedestrian -1 -1 -10 329.31 253.01 361.767 335.289 1.10587855268 0.662927479804 0.609999946786 -4.18190271734 1.68854302767 10.5477470289 0.00753464155925 9.9678e-05
pedestrian -1 -1 -10 505.44 209.43 527.516 280.879 1.34085279572 1.1588724828 0.611999801215 -1.36768936193 1.66675144359 8.45231830253 0.00753464155925 8.5417e-05
pedestrian -1 -1 -10 105.27 203.86 161.287 315.1 1.21586648989 1.18886988308 0.328999657056 -4.01679030045 1.72673802225 6.11114021887 0.00753464155925 6.8851e-05
pedestrian -1 -1 -10 524.31 167.95 577.943 282.69 1.65781797105 0.868904288408 0.747999737173 -1.01084405841 1.72645889049 12.0285855792 0.00753464155925 5.5393e-05
pedestrian -1 -1 -10 500.01 180.06 537.843 290.15 1.94978587032 0.802911533502 1.17099940694 -3.62524216523 1.92296451518 30.2560490186 0.00753464155925 5.1396e-05
pedestrian -1 -1 -10 167.14 91.287 205.417 192.077 1.48283719504 0.592935452955 0.440999849746 -5.58170460319 0.858473200186 9.54823232338 0.00753464155925 4.6339e-05
pedestrian -1 -1 -10 512.57 202.19 530.705 267.882 1.6738162468 0.84290711364 0.667999778351 -1.27465571221 1.75282232582 12.7173960611 0.00753464155925 2.1905e-05
pedestrian -1 -1 -10 519.39 192.89 535.941 270.868 1.6738162468 0.768914861278 0.721999722243 -1.24737775456 1.75335036265 12.7541879949 0.00753464155925 9.5264e-06
