pedestrian -1 -1 -10 244.87 134.86 278.446 192.07 1.73380956484 1.02088806507 1.18799936168 -8.03445739653 0.949869752945 16.9702387981 0.00753464155925 0.006966
pedestrian -1 -1 -10 236.4 129.37 263.03 193.004 1.28285913551 0.77191669916 0.805999509133 -8.22397236499 0.494249196713 17.1906045133 0.00753464155925 0.00085521
pedestrian -1 -1 -10 1126.1 179.82 1161.29 308.87 1.52783223385 1.19686866536 0.597999866536 3.26463181728 1.52159365827 4.24737204055 0.00753464155925 0.0002394
pedestrian -1 -1 -10 1053.3 204.03 1087.35 315.39 1.61082315801 1.19586860898 0.578999818946 3.27016028911 1.51258041786 4.78765270193 0.00753464155925 0.00012651
pedestrian -1 -1 -10 926.16 212.78 955.203 279.942 1.00189005827 1.16687198026 0.732999815674 3.64861015776 1.46613766192 8.0109269172 0.00753464155925 3.6969e-05
pedestrian -1 -1 -10 1145.8 181.32 1181.72 311.7 1.53083192545 1.19786872174 0.62999992159 3.27444392955 1.52028448882 3.9567995654 0.00753464155925 3.0236e-05
pedestrian -1 -1 -10 1114.1 201.86 1149.56 328.07 1.53083192545 1.19886901651 0.592999753626 3.26757721984 1.52546487857 4.30632301603 0.00753464155925 2.7513e-05
pedestrian -1 -1 -10 889.3 90.862 919.694 184.561 1.42584341216 1.05988430401 0.838000041024 4.92057160431 0.754400228211 12.2771060151 0.00753464155925 2.5333e-05
pedestrian -1 -1 -10 1167.6 187.0 1202.98 312.95 1.52783223385 1.19786896013 0.601999813813 3.26060155766 1.51760584652 3.97792447999 0.00753464155925 2.1941e-05
pedestrian -1 -1 -10 1073.8 196.12 1108.06 302.23 1.60882340334 1.19586908577 0.54399974383 3.25202729668 1.50934999721 4.70381088942 0.00753464155925 2.078e-05
pedestrian -1 -1 -10 1093.5 212.45 1128.15 329.39 1.53083192545 1.19786919852 0.586999713501 3.26601999645 1.52830173895 4.4978191234 0.00753464155925 1.6791e-05
pedestrian -1 -1 -10 1102.2 239.99 1141.52 354.27 1.53083192545 1.19786919852 0.592999753626 3.2677316612 1.52576832881 4.32682013326 0.00753464155925 1.4517e-05
pedestrian -1 -1 -10 1175.0 203.71 1213.21 337.51 1.52783223385 1.19786848335 0.62999992159 3.27405125046 1.51651506881 3.90482902241 0.00753464155925 1.3352e-05
pedestrian -1 -1 -10 1136.2 215.08 1171.55 333.85 1.53083192545 1.19786896013 0.597999866536 3.26380026444 1.52295767678 4.13686521092 0.00753464155925 1.2869e-05
pedestrian -1 -1 -10 1123.1 233.85 1162.33 352.51 1.53083192545 1.19786848335 0.597999866536 3.26383793223 1.5230316874 4.14186439734 0.00753464155925 5.4441e-06
pedestrian -1 -1 -10 1155.5 207.17 1193.44 338.34 1.53083192545 1.19586884737 0.62999992159 3.27454940242 1.52049172455 3.97079769261 0.00753464155925 4.9978e-06
pedestrian -1 -1 -10 1163.9 230.31 1204.14 352.32 1.53783112639 1.19686914215 0.609999708367 3.2630713574 1.52458951955 3.77434838288 0.00753464155925 2.1795e-06
pedestrian -1 -1 -10 1143.5 230.53 1183.58 353.6 1.53783112639 1.19686890375 0.62999992159 3.27403549957 1.52647695605 3.90225539152 0.00753464155925 5.3277e-07
pedestrian -1 -1 -10 964.21 106.2 1007.41 229.08 1.25886178148 0.674927202772 1.19599973307 8.96391807624 0.453606343542 16.7149733206 0.00753464155925 4.4924e-08
pedestrian -1 -1 -10 947.85 108.15 991.056 237.11 2.02277786935 0.609933789067 1.17999994396 8.2133088406 1.24632588066 16.5970323041 0.00753464155925 3.2304e-08
pedestrian -1 -1 -10 1143.7 46.716 1188.46 193.056 0.756916892886 0.84990679311 0.505999887069 4.80814026773 0.177451523206 6.12969452052 0.00753464155925 1.6005e-08
