pedestrian -1 -1 -10 29.059 152.51 93.842 307.07 1.7489922151 0.54399930328 0.424998118012 -6.76098679838 1.4068003102 8.85048334818 0.00692802392802 0.99622
pedestrian -1 -1 -10 542.56 154.04 600.127 309.5 1.82099187523 0.764999824899 0.634997635823 -0.412171515674 1.41417267515 8.95396828003 0.00692802392802 0.9868
pedestrian -1 -1 -10 16.392 149.94 66.902 298.89 1.7489922151 0.54399930328 0.424998118012 -6.76098679838 1.4068003102 8.85048334818 0.00692802392802 0.16694
pedestrian -1 -1 -10 9.1007 151.57 122.781 331.52 1.7489922151 0.54399930328 0.424998118012 -6.76098679838 1.4068003102 8.85048334818 0.00692802392802 0.074277
pedestrian -1 -1 -10 841.16 215.45 855.343 259.147 0.550997571647 0.280998993228 0.56499793563 4.87264027538 1.27694302234 13.9020564793 0.00692802392802 0.018781
pedestrian -1 -1 -10 842.16 156.64 856.277 217.657 2.13399038017 0.923999160203 1.19699529352 4.36332198008 1.2731752148 12.2981204168 0.00692802392802 0.0097932
pedestrian -1 -1 -10 563.26 151.41 611.36 264.2 1.82099187523 0.924999563883 0.634997635823 -0.411617279097 1.41407963668 9.03396622963 0.00692802392802 0.0094682
pedestrian -1 -1 -10 704.11 163.83 717.246 213.649 1.00399546623 0.505998268546 1.01099612165 2.82733056248 0.988097122151 17.8212236101 0.00692802392802 0.0091774
pedestrian -1 -1 -10 699.94 162.02 712.677 206.275 2.06099075228 0.531999227489 1.17899547364 2.12165594876 1.16494872441 14.4036192851 0.00692802392802 0.0081497
pedestrian -1 -1 -10 56.094 203.71 93.308 301.774 1.7329922542 0.54399930328 0.424998118012 -6.76100886105 1.3908003493 8.85047419697 0.00692802392802 0.007652
pedestrian -1 -1 -10 760.19 162.24 774.257 213.869 2.06799080968 0.485000281678 0.946996470691 3.21453030461 1.16912595664 14.2365444336 0.00692802392802 0.0029916
pedestrian -1 -1 -10 1206.1 241.37 1224.04 290.174 0.991995584965 0.288999361647 0.943996699393 4.59497055233 1.47062447868 5.23273507065 0.00692802392802 0.0021986
pedestrian -1 -1 -10 842.43 211.97 870.434 264.306 0.550997571647 0.280998993228 0.56499793563 4.87264027538 1.27694302234 13.9020564793 0.00692802392802 0.0021862
pedestrian -1 -1 -10 671.26 217.05 683.188 261.968 2.2539899677 1.1849986629 1.02399614388 1.33510227676 1.43601821732 12.7427304511 0.00692802392802 0.002116
pedestrian -1 -1 -10 710.83 165.03 722.244 211.02 1.00499550849 0.518998748017 1.16699543478 2.90537475786 0.988875117669 17.8271836372 0.00692802392802 0.001632
pedestrian -1 -1 -10 547.37 189.36 580.515 297.26 1.82099187523 0.764999824899 0.634997635823 -0.412171515674 1.41417267515 8.95396828003 0.00692802392802 0.0016032
pedestrian -1 -1 -10 752.53 160.78 783.568 238.709 2.06799080968 0.485000281678 0.935996594012 3.22003011084 1.16911083265 14.2365063126 0.00692802392802 0.0015454
pedestrian -1 -1 -10 897.31 226.8 921.314 277.595 0.939995831251 1.17699924815 0.589997937121 4.28906154525 1.38948521784 10.4629190054 0.00692802392802 0.0012955
pedestrian -1 -1 -10 664.89 222.01 677.024 263.073 1.46499349028 0.99399880759 1.02399614388 1.33805046662 1.43070365761 13.0136695079 0.00692802392802 0.001224
pedestrian -1 -1 -10 696.21 164.25 720.287 227.259 1.24199440032 0.543000806947 1.17399561639 2.69628769747 0.988492609745 17.7904929152 0.00692802392802 0.0011609
pedestrian -1 -1 -10 757.43 164.8 768.654 209.759 2.06799080968 0.485000281678 1.03599612314 3.17003154731 1.16924832432 14.2368528693 0.00692802392802 0.0011309
pedestrian -1 -1 -10 696.16 166.91 709.305 216.871 2.06099075228 0.539999595907 1.19899549868 2.05363022498 1.16514036513 14.4000905137 0.00692802392802 0.0010541
pedestrian -1 -1 -10 574.88 146.15 607.514 214.139 0.532997645438 0.476999913259 0.702997339473 0.0258946883855 1.18238091226 14.7135549535 0.00692802392802 0.00087294
pedestrian -1 -1 -10 676.13 216.65 686.549 262.514 2.2539899677 1.17399899078 0.9919962588 1.35179809607 1.43585734013 12.8431171796 0.00692802392802 0.00087148
pedestrian -1 -1 -10 941.35 226.74 971.218 272.549 0.887995958329 0.603998728562 0.204999630761 4.44500710434 1.34947104732 10.0993136365 0.00692802392802 0.00085823
pedestrian -1 -1 -10 544.21 198.51 567.617 293.47 1.82099187523 0.924999563883 0.634997635823 -0.411617279097 1.41407963668 9.03396622963 0.00692802392802 0.00075703
pedestrian -1 -1 -10 905.28 233.15 927.579 276.796 0.924995912611 0.86799848862 0.592997946837 4.25052479127 1.37508939644 10.0276675596 0.00692802392802 0.00070622
pedestrian -1 -1 -10 542.72 210.96 554.177 263.918 1.82099187523 0.646999874348 0.634997635823 -0.412580265644 1.4142412911 8.89496972067 0.00692802392802 0.00067158
pedestrian -1 -1 -10 834.75 154.64 862.316 236.62 0.785996505618 0.0950011563229 0.606997594814 6.38028433981 0.783444349432 17.6939945286 0.00692802392802 0.00066788
pedestrian -1 -1 -10 679.27 217.98 690.448 261.829 1.46999346316 1.18999877395 0.928996472002 1.38487711535 1.43568698553 12.9153455071 0.00692802392802 0.00045074
pedestrian -1 -1 -10 850.75 221.82 866.688 263.457 0.550997571647 0.280998993228 0.56499793563 4.87264027538 1.27694302234 13.9020564793 0.00692802392802 0.00041655
pedestrian -1 -1 -10 706.72 160.09 731.751 211.683 1.00599555075 0.518998748017 1.19599560817 2.97187423826 0.989692295971 17.8267232886 0.00692802392802 0.00031276
pedestrian -1 -1 -10 534.89 143.3 582.134 272.51 1.82099187523 0.764999824899 0.634997635823 -0.412171515674 1.41417267515 8.95396828003 0.00692802392802 0.00019619
pedestrian -1 -1 -10 888.71 234.83 909.314 281.887 0.924995912611 0.718999375421 0.592997946837 4.25000866069 1.37517603814 9.95316979087 0.00692802392802 0.00015222
pedestrian -1 -1 -10 763.93 165.22 795.104 243.698 2.18499021083 0.899999962295 0.989996292059 3.24469075792 1.33329255907 12.2699100426 0.00692802392802 0.00013748
pedestrian -1 -1 -10 747.47 165.5 758.144 206.17 1.01499546915 0.529998420129 1.19199543627 3.8050761044 0.999367285768 17.8504575075 0.00692802392802 0.00013451
pedestrian -1 -1 -10 17.07 179.49 41.997 252.818 1.34199404046 0.801999502279 0.941996851861 -11.5729155984 1.1359831244 14.1728732863 0.00692802392802 0.0001334
pedestrian -1 -1 -10 655.43 215.66 677.104 273.206 2.2539899677 1.17399899078 0.906996599435 1.27656580706 1.43618547893 12.7376362187 0.00692802392802 0.00012675
pedestrian -1 -1 -10 35.574 190.09 65.394 308.78 1.7489922151 0.54399930328 0.424998118012 -6.76098679838 1.4068003102 8.85048334818 0.00692802392802 0.00010791
pedestrian -1 -1 -10 885.07 219.2 913.96 276.757 1.170994775 1.1849986629 0.672997331723 4.33284663368 1.38893381835 10.8384903698 0.00692802392802 8.0465e-05
pedestrian -1 -1 -10 875.09 230.98 895.31 276.896 0.939995831251 1.13699835973 0.626997739057 4.26893401955 1.38980939008 10.2280533735 0.00692802392802 6.4716e-05
pedestrian -1 -1 -10 339.75 220.18 383.041 279.958 1.00899552852 1.18399921289 1.01099636007 -3.7020930654 1.37640780647 10.5637293514 0.00692802392802 6.3822e-05
pedestrian -1 -1 -10 253.13 204.89 281.535 268.958 1.98599109948 1.09899923234 1.15899556781 -6.4593611169 1.18442858633 13.6916168541 0.00692802392802 6.2315e-05
pedestrian -1 -1 -10 564.03 146.41 595.584 207.02 1.75299216062 0.518998748017 0.968996358159 -0.405697549967 0.743047575162 17.7874005256 0.00692802392802 4.7392e-05
pedestrian -1 -1 -10 578.92 156.12 619.289 248.061 1.9739911288 0.532998677495 1.19199555548 -0.0419098389847 0.9630481403 17.7840080307 0.00692802392802 3.674e-05
pedestrian -1 -1 -10 317.81 210.4 342.992 276.413 1.03399539292 0.865999588607 1.06299621058 -4.45434260153 1.36168236218 11.2629262657 0.00692802392802 1.7296e-05
pedestrian -1 -1 -10 347.95 212.64 370.648 279.339 1.00899552852 1.18899932394 1.03099626589 -3.71191611627 1.37640564898 10.5892978542 0.00692802392802 1.6766e-05
pedestrian -1 -1 -10 242.62 205.65 269.598 277.878 0.952995724976 0.775000047004 0.774996708385 -4.70910860867 1.39053236682 10.2602467995 0.00692802392802 8.0571e-06
pedestrian -1 -1 -10 326.54 210.31 350.083 278.78 0.9639957726 0.72599934016 1.10499610819 -3.76892048598 1.37690404056 10.2912116323 0.00692802392802 7.6654e-06
pedestrian -1 -1 -10 276.73 196.73 311.223 276.814 0.962995670736 1.07799933813 1.12099560369 -4.53507752097 1.38988045344 10.4105380017 0.00692802392802 6.5287e-06
pedestrian -1 -1 -10 551.14 143.08 582.498 208.366 1.6579926163 0.646999874348 0.634997635823 -0.412805028684 1.25124203217 8.89487649291 0.00692802392802 5.2934e-06
pedestrian -1 -1 -10 332.07 203.84 360.87 291.117 0.9639957726 0.921999306517 1.12299592806 -3.75924185143 1.3767653199 10.3891468837 0.00692802392802 1.2947e-07
