pedestrian -1 -1 -10 368.37 152.01 435.83 326.19 1.74499215037 0.570999712228 0.82399702602 -2.31295796457 1.4441446627 8.31620015211 0.00692802392802 0.98433
pedestrian -1 -1 -10 895.89 226.31 923.349 279.635 0.941995856166 1.09699937866 0.567997945345 4.30847056578 1.39253024492 10.3767853046 0.00692802392802 0.0072998
pedestrian -1 -1 -10 364.08 175.95 406.47 301.82 1.74499215037 0.570999712228 0.82399702602 -2.31295796457 1.4441446627 8.31620015211 0.00692802392802 0.0056409
pedestrian -1 -1 -10 369.5 217.17 401.265 304.371 1.04299529642 1.1849986629 0.61999779586 -3.5070098116 1.36376070572 10.6588451325 0.00692802392802 0.0040843
pedestrian -1 -1 -10 377.82 180.22 427.809 293.63 1.74499215037 0.570999712228 0.82399702602 -2.31295796457 1.4441446627 8.31620015211 0.00692802392802 0.003691
pedestrian -1 -1 -10 768.87 171.27 781.97 231.7 0.763996559382 0.0970000563355 0.700997581348 4.11786135387 0.750733234168 17.65064218 0.00692802392802 0.0036303
pedestrian -1 -1 -10 902.85 232.46 931.867 277.311 0.911995899677 0.729999047532 0.608997680763 4.26073079266 1.36302465299 10.0595912336 0.00692802392802 0.0025996
pedestrian -1 -1 -10 365.02 237.82 391.647 304.734 0.949995717406 0.862999331241 0.61999779586 -3.50891146419 1.36410145914 10.3659058095 0.00692802392802 0.0015593
pedestrian -1 -1 -10 322.65 207.4 344.957 253.415 2.13599046469 0.588000852746 1.19699553193 -5.82831518983 1.18967088954 15.454707766 0.00692802392802 0.0014016
pedestrian -1 -1 -10 371.91 255.29 392.86 311.568 0.949995717406 0.97599917074 0.61999779586 -3.50852003453 1.36403575071 10.4224043734 0.00692802392802 0.0011018
pedestrian -1 -1 -10 644.2 121.99 662.809 167.138 1.53799314797 0.378999453243 1.12899573888 1.07209400283 0.638646019202 14.5760865932 0.00692802392802 0.00099175
pedestrian -1 -1 -10 886.66 226.88 904.708 275.632 0.911995899677 0.729999047532 0.608997680763 4.26073079266 1.36302465299 10.0595912336 0.00692802392802 0.00096251
pedestrian -1 -1 -10 359.28 212.75 372.982 266.21 1.72199225128 0.570999712228 0.58199783174 -2.43398637023 1.42147749392 8.31702566569 0.00692802392802 0.0008719
pedestrian -1 -1 -10 665.44 220.35 679.974 259.208 1.46499349028 1.09399912129 1.02399614388 1.33825137953 1.43066993081 13.0426690746 0.00692802392802 0.00078926
pedestrian -1 -1 -10 395.92 171.86 434.061 276.65 1.72799226642 0.570999712228 0.82399702602 -2.31298140606 1.42714477875 8.31619042899 0.00692802392802 0.00068179
pedestrian -1 -1 -10 329.24 240.91 347.934 283.912 1.04399533868 1.09899923234 1.16899575915 -4.01783607117 1.36605680609 10.7573884291 0.00692802392802 0.00046472
pedestrian -1 -1 -10 921.01 226.31 939.035 275.458 2.14399038553 0.933999382308 1.1979954557 5.61243062345 1.37517527724 11.9095697445 0.00692802392802 0.0004503
pedestrian -1 -1 -10 320.74 204.8 336.18 261.897 1.04399533868 1.18599906657 1.1529957868 -4.14991909168 1.36643432175 10.7458038395 0.00692802392802 0.00045006
pedestrian -1 -1 -10 309.64 209.72 337.502 278.719 1.06599519551 1.1819993592 1.14999553867 -4.11607459606 1.39062029157 10.5015791941 0.00692802392802 0.00033277
pedestrian -1 -1 -10 319.69 211.29 347.046 277.056 1.04399533868 1.10599919708 1.1529957868 -4.14869284177 1.36622847389 10.9227995175 0.00692802392802 0.00030934
pedestrian -1 -1 -10 361.43 196.77 392.276 282.209 1.74099221975 0.570999712228 0.726997268187 -2.36146219406 1.4402780993 8.31653402511 0.00692802392802 0.0002819
pedestrian -1 -1 -10 331.69 210.0 344.457 266.099 0.961995747685 0.811999724384 1.18799574121 -3.79306372972 1.3769120988 10.3423819258 0.00692802392802 0.00024126
pedestrian -1 -1 -10 994.95 223.09 1015.59 277.771 0.97599568367 0.960999791257 0.221999288454 5.5524643509 1.40193770475 10.5181612368 0.00692802392802 0.00021268
pedestrian -1 -1 -10 887.03 208.87 920.477 274.476 0.941995856166 1.09199926761 0.633997682255 4.27452582377 1.39277973639 10.2405175188 0.00692802392802 0.0001616
pedestrian -1 -1 -10 480.32 88.426 529.208 218.026 1.23199449182 1.16599957604 0.309998778721 -2.25092173841 0.25246345783 16.6273883099 0.00692802392802 0.00012741
pedestrian -1 -1 -10 763.0 173.31 774.291 218.582 2.06899073273 0.376999599557 0.930996498347 3.22312263051 1.17016974672 14.1774845431 0.00692802392802 8.8237e-05
pedestrian -1 -1 -10 637.53 128.42 660.865 184.016 1.72999226153 0.365998973772 1.17499554016 0.990406063176 0.830863059659 14.5832648448 0.00692802392802 7.5817e-05
pedestrian -1 -1 -10 405.81 204.63 427.538 275.272 1.72799226642 0.570999712228 0.82399702602 -2.31298140606 1.42714477875 8.31619042899 0.00692802392802 6.6725e-05
pedestrian -1 -1 -10 906.41 219.27 948.874 276.537 2.23099000901 0.855999366502 1.19299536004 5.59608131082 1.37517529319 11.9486334207 0.00692802392802 5.503e-05
pedestrian -1 -1 -10 292.06 204.66 329.692 278.444 0.219999021292 0.0550002679033 0.23299940355 -7.70500070346 1.50208144974 18.7547678331 0.00692802392802 3.5585e-05
pedestrian -1 -1 -10 414.06 213.02 428.354 269.639 1.72799226642 0.570999712228 0.82399702602 -2.31298140606 1.42714477875 8.31619042899 0.00692802392802 2.6568e-05
pedestrian -1 -1 -10 630.07 119.97 664.494 197.935 1.72999226153 0.365998973772 1.17799557968 0.966906735337 0.830927680753 14.5834277265 0.00692802392802 2.0029e-06
pedestrian -1 -1 -10 262.42 218.85 308.273 282.08 0.97399571836 0.737999415951 1.04999624795 -4.56569648163 1.39414886339 10.249745431 0.00692802392802 6.0247e-07
pedestrian -1 -1 -10 393.62 164.59 460.991 300.47 2.43898908347 0.559999086443 1.1939952838 -3.67774229964 1.5201492339 15.0970075852 0.00692802392802 3.2202e-08
