pedestrian -1 -1 -10 874.26 150.12 931.529 293.91 1.7329922989 0.643999616981 0.451998443871 3.82663606538 1.42347614198 8.96016464196 0.00692802392802 0.9404
pedestrian -1 -1 -10 699.45 166.69 712.887 219.524 2.05999082923 0.569999308548 1.19699541273 2.14459164216 1.1638960216 14.394459694 0.00692802392802 0.066851
pedestrian -1 -1 -10 842.62 220.21 856.658 260.75 0.550997512043 0.267999467431 0.566997783161 4.87464629797 1.2779368644 13.9025439517 0.00692802392803 0.053023
pedestrian -1 -1 -10 704.15 166.53 717.672 214.884 1.00399546623 0.50499881854 1.01099636007 2.82632708145 0.988100453287 17.8207308286 0.00692802392802 0.033245
pedestrian -1 -1 -10 694.41 171.54 718.239 244.47 2.05999082923 0.569999308548 1.17199564965 2.11909241052 1.16396614225 14.3946364377 0.00692802392802 0.023144
pedestrian -1 -1 -10 842.08 156.63 856.28 217.72 2.19299013168 0.933999382308 1.1909955125 4.35638289452 1.332197704 12.2952024934 0.00692802392802 0.0096936
pedestrian -1 -1 -10 846.98 215.99 864.702 261.854 0.550997512043 0.267999467431 0.566997783161 4.87464629797 1.2779368644 13.9025439517 0.00692802392803 0.0065304
pedestrian -1 -1 -10 838.78 217.04 852.194 258.187 0.550997512043 0.267999467431 0.566997783161 4.87464629797 1.2779368644 13.9025439517 0.00692802392803 0.005347
pedestrian -1 -1 -10 708.72 167.0 723.169 211.951 1.00499550849 0.514999040645 1.16999568291 2.90586085281 0.988876068646 17.8251803662 0.00692802392802 0.0046661
pedestrian -1 -1 -10 669.68 218.41 683.019 263.947 2.25298992544 1.14799898552 1.02299622012 1.33470140436 1.43500268648 12.7572331278 0.00692802392802 0.0040258
pedestrian -1 -1 -10 881.01 153.29 947.932 238.537 1.7329922989 0.643999616981 0.451998443871 3.82663606538 1.42347614198 8.96016464196 0.00692802392802 0.0034885
pedestrian -1 -1 -10 698.29 179.2 712.18 240.309 2.05999082923 0.569999308548 1.187995622 2.11109261651 1.16398814098 14.394691887 0.00692802392802 0.003151
pedestrian -1 -1 -10 751.12 166.04 782.101 237.818 2.06799080968 0.504999772214 0.954996337655 3.20953033236 1.16913970558 14.2365795669 0.00692802392802 0.0030289
pedestrian -1 -1 -10 665.3 221.62 678.324 262.161 1.46499349028 0.981999685473 1.02299622012 1.33767521767 1.43068409916 13.0316721781 0.00692802392802 0.0027803
pedestrian -1 -1 -10 871.49 239.1 890.679 285.148 1.97099124044 1.10799905077 1.15699572028 4.53964794073 1.37554590271 11.5500944776 0.00692802392802 0.00097859
pedestrian -1 -1 -10 713.23 165.51 727.387 208.566 1.00599547625 0.514999040645 1.17699562611 2.99136261661 0.990640922966 17.8245894694 0.00692802392802 0.00093616
pedestrian -1 -1 -10 325.77 215.17 349.565 279.924 0.964995636046 0.710999960676 1.13999582417 -3.78541659146 1.37994988238 10.2908291428 0.00692802392802 0.00074279
pedestrian -1 -1 -10 689.81 169.61 708.672 225.474 1.23299449682 0.534999484855 1.19399552222 2.45326122723 0.980164404633 17.7891728035 0.00692802392802 0.00060527
pedestrian -1 -1 -10 706.76 161.84 732.736 213.105 1.00599547625 0.514999040645 1.17699562611 2.99136261661 0.990640922966 17.8245894694 0.00692802392802 0.00039298
pedestrian -1 -1 -10 832.98 152.91 861.923 230.786 2.19299013168 0.932998978628 1.17999587424 4.32588727191 1.3322809921 12.2959140826 0.00692802392802 0.0003622
pedestrian -1 -1 -10 837.21 207.82 867.479 259.217 0.550997512043 0.267999467431 0.566997783161 4.87464629797 1.2779368644 13.9025439517 0.00692802392803 0.00030692
pedestrian -1 -1 -10 657.78 217.25 678.739 271.047 1.78499205261 0.385999417982 1.18399556931 1.39342836677 1.16880944143 14.5338326134 0.00692802392802 0.00030233
pedestrian -1 -1 -10 936.11 220.86 967.756 274.156 0.97099571079 0.629999687504 0.266999195771 4.9871140846 1.38595847624 10.1145525386 0.00692802392802 0.00021161
pedestrian -1 -1 -10 871.17 212.96 901.618 278.604 0.789996466041 1.11499901551 0.670997484191 4.33264921865 1.38889004876 10.878714188 0.00692802392802 0.00018021
pedestrian -1 -1 -10 341.96 222.79 382.291 281.065 0.964995636046 0.624000126445 0.574997888543 -3.5029625122 1.37917944982 10.2833713912 0.00692802392802 0.00013938
pedestrian -1 -1 -10 251.92 205.83 280.232 270.573 1.51399322152 1.09899923234 1.12799554689 -6.44498073905 1.27455930308 13.5448925774 0.00692802392802 0.00013822
pedestrian -1 -1 -10 745.01 120.62 775.475 217.263 1.96699119061 0.513000140632 1.03599612314 3.13122587037 1.06830012543 14.2850645683 0.00692802392802 0.00010107
pedestrian -1 -1 -10 679.23 218.78 690.678 261.497 1.4689934209 1.16299931867 0.927996548236 1.38429611573 1.43470169224 12.9038488024 0.00692802392802 8.2271e-05
pedestrian -1 -1 -10 747.68 163.03 758.378 207.13 1.01599551141 0.52499926275 1.1939952838 3.80506709053 1.00036907265 17.8489579867 0.00692802392802 5.9101e-05
pedestrian -1 -1 -10 242.57 204.39 270.804 280.306 0.953995767236 0.808999467018 0.740996916164 -4.72594044186 1.39155124386 10.284365253 0.00692802392802 4.4275e-05
pedestrian -1 -1 -10 903.48 255.82 923.323 295.166 1.7329922989 0.643999616981 0.451998443871 3.82663606538 1.42347614198 8.96016464196 0.00692802392802 2.1865e-05
pedestrian -1 -1 -10 317.55 209.91 342.766 275.162 1.02799546719 0.879999518085 1.05699595273 -4.45218744184 1.35464901263 11.2869074036 0.00692802392802 1.2976e-05
pedestrian -1 -1 -10 322.62 205.71 364.434 285.882 0.964995636046 0.738999819631 1.07499601103 -3.7528204745 1.37984423095 10.304603474 0.00692802392802 5.491e-07
