pedestrian -1 -1 -10 878.12 184.42 900.616 247.71 1.72499234825 0.992999357584 0.972996395949 7.97622123789 1.87203192759 19.452700418 0.00692802392802 0.91839
pedestrian -1 -1 -10 1028.1 180.33 1062.07 272.874 1.77399203479 0.820999542809 0.706997600779 8.39361774974 1.79203086265 13.2015342245 0.00692802392802 0.7277
pedestrian -1 -1 -10 920.31 187.77 932.551 219.954 0.107999414206 0.0860022915717 0.352999315342 21.0573192534 2.14462754888 45.0994654583 0.00692802392804 0.63997
pedestrian -1 -1 -10 913.94 187.86 926.015 219.418 0.640997262298 0.607001846949 0.560998717401 18.7820887579 1.95535068012 42.0821243534 0.00692802392802 0.50429
pedestrian -1 -1 -10 708.55 170.0 742.892 300.63 1.65099261105 1.18799987393 0.901996563374 1.33491786904 1.55486415918 8.50961613239 0.00692802392802 0.48714
pedestrian -1 -1 -10 924.52 186.68 936.089 218.819 0.107999414206 0.0860022915717 0.352999315342 21.0573192534 2.14462754888 45.0994654583 0.00692802392804 0.20548
pedestrian -1 -1 -10 888.16 184.17 905.292 243.508 1.72499234825 0.998997964969 0.850997113461 7.91365734985 1.87246249986 19.227129915 0.00692802392802 0.12642
pedestrian -1 -1 -10 485.42 182.17 499.385 239.465 1.5189932242 0.442001043239 0.494998503656 -4.73097030732 1.17742045356 32.2628651812 0.00692802392802 0.057477
pedestrian -1 -1 -10 626.8 181.58 641.037 222.312 0.693996909261 0.563998793816 0.356998652779 1.72170811138 0.982984367802 32.8254290883 0.00692802392802 0.048497
pedestrian -1 -1 -10 489.34 187.97 503.173 245.786 2.42798915505 1.08299754183 0.835996826465 -2.58400142008 1.46450732095 16.5179071072 0.00692802392802 0.030735
pedestrian -1 -1 -10 623.62 180.65 645.736 245.464 0.825996258855 0.6519999854 0.643997545761 0.830143544794 1.51548723402 17.0527579479 0.00692802392802 0.029314
pedestrian -1 -1 -10 72.332 192.46 241.272 346.49 0.0999995529652 0.0 0.0 -8.89710133417 1.22631523288 14.4301695242 0.0 0.022934
pedestrian -1 -1 -10 683.8 175.25 736.949 302.66 1.64199270755 1.18299976288 0.923996495545 1.32388843672 1.54589741141 8.50718723195 0.00692802392802 0.022109
pedestrian -1 -1 -10 700.69 180.67 761.037 278.534 1.65499254167 1.14699953551 0.841996845896 1.36506454727 1.55875775345 8.52991016336 0.00692802392802 0.021588
pedestrian -1 -1 -10 27.634 168.54 41.029 221.38 2.19199020863 0.884000179131 0.963997082055 -12.7494668416 1.14130376647 15.8515782142 0.00692802392802 0.018369
pedestrian -1 -1 -10 209.36 212.75 343.7 354.67 2.04599092305 0.948999238629 1.08199595423 -2.71308417297 1.45317242557 5.75874487754 0.00692802392802 0.018028
pedestrian -1 -1 -10 774.53 208.22 794.058 251.882 0.956995774805 0.395000190081 0.480998617261 4.79237168528 1.69203320485 19.2619912129 0.00692802392802 0.015261
pedestrian -1 -1 -10 869.75 187.01 885.912 248.581 1.18699470609 0.493999146429 0.547998277937 12.7038055677 1.67935941367 33.1218738534 0.00692802392802 0.014296
pedestrian -1 -1 -10 485.59 175.83 510.478 249.249 2.42798915505 1.08999941392 0.80299695801 -2.56889787309 1.46469629057 16.3162968231 0.00692802392802 0.011296
pedestrian -1 -1 -10 716.41 172.78 733.976 284.98 1.65099261105 1.14099902078 0.947996394457 1.31068186322 1.55513499789 8.3312797779 0.00692802392802 0.0093293
pedestrian -1 -1 -10 493.63 177.56 515.184 233.954 2.73298779875 0.484000831671 1.02299639893 -3.59279730551 1.41152106291 26.8044108448 0.00692802392802 0.0087457
pedestrian -1 -1 -10 482.52 189.35 494.81 238.504 2.43498909324 0.923999160203 0.835996826465 -2.58344099983 1.47141480296 16.5974083938 0.00692802392802 0.00715
pedestrian -1 -1 -10 712.43 175.49 725.812 264.888 1.64199270755 1.18199840553 0.973996319715 1.29793653145 1.54612606713 8.36986409424 0.00692802392802 0.0057257
pedestrian -1 -1 -10 884.43 188.08 916.514 235.678 1.69899244159 0.992999357584 0.785997300317 8.06968268796 1.84577491154 19.4520374863 0.00692802392802 0.0056664
pedestrian -1 -1 -10 31.676 168.55 166.586 338.02 0.61199734807 0.150001424226 0.145999360214 -15.6353533125 1.14567638415 22.4896587809 0.00692802392802 0.0050739
pedestrian -1 -1 -10 9.4825 157.92 80.9815 293.83 1.00099557787 0.471999802206 1.03599636156 -8.61658923751 1.26439338601 11.0596633167 0.00692802392802 0.0039024
pedestrian -1 -1 -10 845.07 180.66 856.886 224.413 1.32899403125 0.392997475374 0.62699750064 11.5526398272 1.62140450426 32.3601814981 0.00692802392802 0.0037932
pedestrian -1 -1 -10 758.85 212.38 786.08 250.815 0.959995722771 0.981000235466 0.950996165755 4.12599668456 0.162859092801 16.6437637515 0.00692802392802 0.003421
pedestrian -1 -1 -10 70.05 171.31 81.803 213.417 0.0999995529652 0.0 0.0 -28.8446687099 -0.157701213434 38.9273581556 0.0 0.0028798
pedestrian -1 -1 -10 779.96 219.51 792.502 255.134 0.744996661693 0.594998910137 0.945996546925 4.30097975953 -0.0542570379858 16.3234158446 0.00692802392802 0.0023332
pedestrian -1 -1 -10 278.6 248.45 292.617 318.427 2.04599092305 0.873999480189 1.026996094 -2.68532510545 1.45305319327 5.7960532502 0.00692802392802 0.0023042
pedestrian -1 -1 -10 865.91 184.48 878.031 235.366 1.18699470609 0.493999146429 0.661998170297 12.6468069907 1.67951615477 33.1222689295 0.00692802392802 0.0022357
pedestrian -1 -1 -10 503.03 178.12 521.129 232.967 0.685996928811 0.440000235879 0.309998540303 -3.93990285772 0.742132283106 31.4833424865 0.00692802392802 0.0018108
pedestrian -1 -1 -10 274.5 251.25 309.398 320.342 2.04599092305 0.86699951545 1.01399613137 -2.6788010325 1.45303124891 5.79950809612 0.00692802392802 0.0017451
pedestrian -1 -1 -10 738.84 185.78 776.61 258.351 0.9819955796 0.79499953754 1.06499605812 3.59939860775 1.61573828819 16.2760787134 0.00692802392802 0.0015441
pedestrian -1 -1 -10 278.03 225.11 322.913 333.89 0.993995550275 0.731999854892 0.426997965544 -4.59685932625 1.31479814905 9.75684474393 0.00692802392802 0.001472
pedestrian -1 -1 -10 375.9 174.24 392.518 242.878 0.877996083349 0.242000415836 0.403998765255 -9.16773373118 0.756450241328 30.6954459198 0.00692802392802 0.0014249
pedestrian -1 -1 -10 856.11 181.68 887.476 238.753 1.18699470609 0.493999146429 0.661998170297 12.6468069907 1.67951615477 33.1222689295 0.00692802392802 0.0012548
pedestrian -1 -1 -10 782.16 194.85 799.435 250.64 0.78799650073 0.2169989069 0.0879994902675 7.74732291086 1.48819659208 27.7305898996 0.00692802392802 0.0012372
pedestrian -1 -1 -10 929.57 189.24 940.041 219.687 0.0999995529652 0.0 0.0 26.1200768576 2.31550363405 54.8578361795 0.0 0.001193
pedestrian -1 -1 -10 1099.5 122.57 1145.75 239.48 0.10099953562 0.700999738571 1.09799926442 44.8725876267 0.594884340021 60.0115426464 0.00692802392801 0.0010491
pedestrian -1 -1 -10 373.59 169.8 404.615 235.835 0.877996083349 0.242000415836 0.403998765255 -9.16773373118 0.756450241328 30.6954459198 0.00692802392802 0.00090534
pedestrian -1 -1 -10 282.78 254.24 300.408 308.687 2.04599092305 0.86699951545 1.01399613137 -2.6788010325 1.45303124891 5.79950809612 0.00692802392802 0.00087244
pedestrian -1 -1 -10 169.57 259.97 207.149 327.966 0.889996102452 0.692999370152 0.294998491725 -4.33637231393 1.35868542704 7.47959560563 0.00692802392802 0.00067024
pedestrian -1 -1 -10 715.96 256.52 729.287 303.809 1.64799260348 1.09900018602 0.946996411087 1.31192592814 1.55200801305 8.43927220994 0.00692802392802 0.00061486
pedestrian -1 -1 -10 177.96 250.61 192.762 319.041 0.889996102452 0.692999370152 0.294998491725 -4.33637231393 1.35868542704 7.47959560563 0.00692802392802 0.00054562
pedestrian -1 -1 -10 774.75 199.75 805.561 254.547 1.06199526489 1.13400000971 0.990996454243 4.46461124633 0.169639889127 16.8928717384 0.00692802392802 0.00053484
pedestrian -1 -1 -10 503.82 212.73 543.718 284.98 0.908995951712 0.433999721147 0.20399923016 -2.26553436401 1.49758999605 16.5581236182 0.00692802392802 0.00050973
pedestrian -1 -1 -10 368.73 210.8 388.895 269.215 1.63899267763 0.90599856968 1.01699614108 -4.42126016918 1.21723576236 14.1932493396 0.00692802392802 0.0004902
pedestrian -1 -1 -10 272.85 183.57 355.907 335.9 2.07399070561 0.752999749108 1.17199553044 -4.88829871947 1.34004169579 11.9908203722 0.00692802392802 0.00048945
pedestrian -1 -1 -10 1019.8 184.62 1050.49 252.17 1.77399203479 0.934998832314 0.645997959535 8.36351355349 1.79204844287 13.2587439007 0.00692802392802 0.00037423
pedestrian -1 -1 -10 338.71 182.82 368.795 273.202 1.00799548626 1.10299893972 0.913996602237 -3.33224908819 1.38282119867 9.31064400545 0.00692802392802 0.00036981
pedestrian -1 -1 -10 39.527 165.17 88.112 255.766 1.01499545425 0.471999802206 1.05299601925 -8.3390777264 1.27763018311 11.057747933 0.00692802392802 0.00034768
pedestrian -1 -1 -10 482.47 193.49 500.4 256.625 2.37298939377 1.14099997445 0.691997552201 -2.6271027157 1.41729398188 15.9341687484 0.00692802392802 0.00030683
pedestrian -1 -1 -10 692.18 176.97 723.481 275.922 1.64199270755 1.14699953551 0.923996495545 1.32404778156 1.54587066255 8.53018690472 0.00692802392802 0.00030641
pedestrian -1 -1 -10 1044.0 197.5 1066.21 267.808 1.8829915151 1.16799942973 0.772996860853 8.53246263143 1.90020338439 13.5901439853 0.00692802392802 0.00030546
pedestrian -1 -1 -10 555.51 186.83 570.533 235.496 0.7909965083 0.636998698569 0.272998976785 -1.29472474565 1.46395611166 23.5140986305 0.00692802392802 0.00029966
pedestrian -1 -1 -10 748.12 163.37 770.412 224.42 0.602997325361 0.281001854249 0.620997958044 9.76558674066 1.1108993645 44.1046807194 0.00692802392802 0.00026742
pedestrian -1 -1 -10 4.7909 158.58 37.9569 258.192 2.19199020863 0.884000179131 1.103995946 -12.8194645921 1.14149625415 15.852063392 0.00692802392802 0.00026113
pedestrian -1 -1 -10 773.72 224.53 790.504 256.432 0.732996709645 0.625999026458 1.05899603868 4.21282111637 0.069823958193 16.4656809159 0.00692802392802 0.000214
pedestrian -1 -1 -10 1106.7 159.17 1140.09 259.76 0.10099953562 0.637000605916 0.998996798042 44.9218659789 0.594785434177 59.9792007467 0.00692802392802 0.00020179
pedestrian -1 -1 -10 552.31 188.88 581.859 245.936 1.19499465674 1.11499996918 1.14599566106 -0.49425450753 1.43866070041 9.60194573969 0.00692802392802 0.00019177
pedestrian -1 -1 -10 383.22 164.77 413.604 250.748 1.59299281985 0.898999558615 0.947996394457 -4.67405171257 1.16349030808 16.3285172208 0.00692802392802 0.0001891
pedestrian -1 -1 -10 62.765 168.54 89.258 238.746 0.0999995529652 0.0 0.0 -23.657406346 0.322950643733 31.9728096647 0.0 0.00018856
pedestrian -1 -1 -10 839.88 177.03 859.833 240.813 0.664997084439 0.176000475821 0.198998657659 9.81641527215 1.74221690479 27.9711285695 0.00692802392803 0.00017288
pedestrian -1 -1 -10 492.26 199.38 509.037 259.762 2.43498909324 1.12499923761 0.771996937087 -2.55213808491 1.47144368783 16.49668897 0.00692802392802 0.00017202
pedestrian -1 -1 -10 522.72 229.92 548.518 286.977 1.14199492037 0.85300006281 0.865996804412 -0.733251723982 1.38630654547 9.61357147472 0.00692802392802 0.00015664
pedestrian -1 -1 -10 604.34 200.01 642.563 278.019 1.10899498612 1.07999919181 1.17299560322 0.372776658829 1.45307666371 12.3935747649 0.00692802392802 0.00015348
pedestrian -1 -1 -10 1092.5 107.25 1132.45 205.38 0.100999595225 0.646998920674 0.990997407914 44.1879727593 -1.60488961044 60.5817421982 0.00692802392802 0.00015092
pedestrian -1 -1 -10 846.67 177.49 878.1 241.585 1.18699470609 0.493999146429 0.661998170297 12.6468069907 1.67951615477 33.1222689295 0.00692802392802 0.00014484
pedestrian -1 -1 -10 380.84 185.66 397.145 258.707 1.59299281985 0.898999558615 0.673997255489 -4.81104799121 1.16386703585 16.3294667877 0.00692802392802 0.00014138
pedestrian -1 -1 -10 387.11 178.52 401.148 256.869 1.59299281985 0.971999463368 0.673997255489 -4.81130086173 1.16390948466 16.2929677113 0.00692802392802 0.00013779
pedestrian -1 -1 -10 24.324 163.75 61.842 266.0 1.03499534577 0.471999802206 1.14199591012 -8.80653713435 1.29891562292 11.0609996802 0.00692802392802 0.0001209
pedestrian -1 -1 -10 788.92 201.27 812.822 248.808 0.868996049464 0.694999223839 0.758996974458 5.76603434424 1.73095116678 19.6093508067 0.00692802392802 0.00011415
pedestrian -1 -1 -10 22.555 168.02 49.961 231.343 2.19199020863 1.09999963602 0.963997082055 -12.7487186228 1.14117816464 15.9595753508 0.00692802392802 8.2052e-05
pedestrian -1 -1 -10 476.61 171.33 498.41 237.356 2.37998939157 1.08299754183 0.835996826465 -2.58406760795 1.41650755746 16.5178796536 0.00692802392802 7.9906e-05
pedestrian -1 -1 -10 787.97 213.29 803.021 255.981 0.759996569157 0.694999223839 0.612997614245 5.69288611602 1.62215242438 19.6097944372 0.00692802392802 6.3701e-05
pedestrian -1 -1 -10 182.64 268.94 224.662 349.537 2.01999101639 0.88899933651 1.12799578531 -3.08543994156 1.42841600095 5.56930604769 0.00692802392802 6.1316e-05
pedestrian -1 -1 -10 368.93 180.79 397.984 276.799 1.59299281985 0.627999833818 0.630997195704 -4.83160876587 1.16376857363 16.4651124186 0.00692802392802 5.8076e-05
pedestrian -1 -1 -10 356.32 184.03 390.512 280.333 1.48099339157 0.77699990069 0.452998367637 -4.70228893077 1.05981364118 14.3656096242 0.00692802392802 3.8539e-05
pedestrian -1 -1 -10 724.97 178.1 741.006 261.947 0.858996103704 0.700999738571 0.393998573925 3.03985639445 1.57461567802 15.1099510051 0.00692802392802 3.6936e-05
pedestrian -1 -1 -10 666.64 181.57 713.64 293.11 1.61399283558 1.10199948971 0.823996847206 1.21149849259 1.51843013411 8.31244550124 0.00692802392802 2.8634e-05
pedestrian -1 -1 -10 1031.2 179.03 1048.1 276.522 1.77399203479 0.8689988923 0.706997600779 8.39378401873 1.79200295144 13.2255333233 0.00692802392802 2.0402e-05
pedestrian -1 -1 -10 153.68 196.19 193.281 299.6 2.01899100393 0.805999209652 0.992996301775 -5.20525543906 1.2974487475 8.90242260457 0.00692802392802 1.5618e-05
pedestrian -1 -1 -10 381.41 198.69 406.854 265.984 1.59299281985 0.971999463368 0.673997255489 -4.81130086173 1.16390948466 16.2929677113 0.00692802392802 7.4829e-06
pedestrian -1 -1 -10 267.03 242.06 294.063 323.884 2.04599092305 0.881999371771 1.05799611492 -2.70085245508 1.45310046779 5.79216083357 0.00692802392802 5.8266e-06
pedestrian -1 -1 -10 137.51 191.05 179.055 295.75 0.823996293545 0.61299950066 1.04499615229 -9.07440251943 1.25144948958 14.7375136349 0.00692802392802 2.2923e-06
