pedestrian -1 -1 -10 545.7 159.67 573.23 233.499 1.659992522 0.849999805444 0.925996462286 -1.19936153365 1.2158377732 18.1380111653 0.00692802392802 0.99346
pedestrian -1 -1 -10 530.79 160.28 554.682 231.951 1.659992522 0.740998719643 0.961996340457 -1.33842115174 1.21639576788 17.9854718474 0.00692802392802 0.87878
pedestrian -1 -1 -10 540.08 157.84 552.171 225.622 1.659992522 0.740998719643 0.961996340457 -1.33842115174 1.21639576788 17.9854718474 0.00692802392802 0.3929
pedestrian -1 -1 -10 534.97 157.51 548.71 222.374 1.659992522 0.766999678586 0.938996424915 -1.34983076636 1.21641227166 17.998551723 0.00692802392802 0.30645
pedestrian -1 -1 -10 527.09 155.25 543.813 232.707 2.07099075764 1.18900027761 0.672997331723 -2.45950211676 1.10433526761 24.2360235938 0.00692802392802 0.15255
pedestrian -1 -1 -10 558.61 153.7 575.176 233.117 1.659992522 0.754998649121 0.747997157384 -1.11003493654 1.21553779547 18.1848937321 0.00692802392802 0.049621
pedestrian -1 -1 -10 531.62 158.84 544.999 204.988 1.79699205309 1.18500057024 1.16899563994 -2.17042631461 0.524664457459 24.9985252248 0.00692802392802 0.029144
pedestrian -1 -1 -10 547.22 155.7 561.79 218.42 1.659992522 0.948998761792 1.01499611474 -1.24420322178 1.21601770792 18.0888213108 0.00692802392802 0.028597
pedestrian -1 -1 -10 564.8 151.72 578.573 226.433 2.00099107772 0.877999664398 1.16599557062 -1.04720808577 0.710831394046 25.6413576526 0.00692802392802 0.00047835
pedestrian -1 -1 -10 567.57 150.12 585.312 218.979 2.00899099857 0.905999523353 1.06299606157 -0.842605768744 0.718252691808 25.6539444035 0.00692802392802 3.3059e-05
pedestrian -1 -1 -10 243.62 110.67 269.812 200.958 1.58799287677 0.454000165357 0.311999103088 -9.8042326918 0.457361426171 20.0648327512 0.00692802392802 2.8167e-05
pedestrian -1 -1 -10 463.74 110.53 492.344 181.493 1.48799329996 1.12000008023 1.19299536004 -4.16272444793 0.247133423795 24.1466632432 0.00692802392802 2.401e-05
