pedestrian -1 -1 -10 524.25 164.72 542.174 207.249 2.20875743759 0.596934724898 0.740999710228 -2.77104301924 1.30774191935 26.2310816501 0.00753464155925 0.0045627
pedestrian -1 -1 -10 1116.4 90.286 1148.72 195.556 1.54183073258 1.19586908577 1.17099964536 6.84606687988 0.88469541954 9.33812377056 0.00753464155925 0.00019222
pedestrian -1 -1 -10 764.86 153.35 796.197 257.12 1.31785524452 1.00089075179 1.0979999519 3.83777274433 1.61639308266 16.0737287815 0.00753464155925 0.00013054
pedestrian -1 -1 -10 1167.8 87.682 1203.55 214.152 1.77680482663 1.19686842697 1.08299985159 6.68808677389 1.12891514962 8.26579022457 0.00753464155925 0.0001087
pedestrian -1 -1 -10 518.28 152.35 553.43 205.108 0.0999890208244 0.0 0.0 -4.43969648461 0.466801610321 45.335629802 0.0 9.4815e-05
pedestrian -1 -1 -10 1156.8 114.45 1193.07 232.95 2.09177029944 1.18986922428 0.858999943043 6.57542291179 1.45544349608 8.16162237653 0.00753464155925 5.8496e-05
pedestrian -1 -1 -10 786.48 166.16 802.614 222.662 0.29696737385 0.066992096107 0.011999603413 7.01948494869 0.703690456799 26.828196173 0.00753464155925 3.7187e-05
pedestrian -1 -1 -10 1136.4 93.295 1169.62 194.775 1.74680820858 1.19186981382 0.972999751744 6.63551941632 1.09676272448 8.59098512661 0.00753464155925 2.9287e-05
pedestrian -1 -1 -10 668.88 178.66 683.754 231.716 0.792912953732 0.418954727033 0.361999996953 2.25716319118 1.4646397921 22.2348469504 0.00753464155925 1.6506e-05
pedestrian -1 -1 -10 1146.9 105.49 1181.69 222.45 1.87379417969 1.19586908577 0.890999998097 6.5925420464 1.22181129855 8.3223610216 0.00753464155925 1.2348e-05
