pedestrian -1 -1 -10 915.39 166.39 930.876 211.064 2.21675663507 1.19686842697 1.12999976853 3.79214414563 1.61751702985 8.59067616784 0.00753464155925 0.0047373
pedestrian -1 -1 -10 910.06 165.61 925.72 210.481 2.21675663507 1.19786872174 1.16399967802 3.73254873413 1.61835264315 8.64461991629 0.00753464155925 0.0025638
pedestrian -1 -1 -10 833.6 192.46 857.648 248.633 2.24775324964 1.1938694498 0.588999806348 3.3069892369 1.62414990097 10.2341893198 0.00753464155925 0.0015843
pedestrian -1 -1 -10 831.1 178.65 852.147 231.229 2.25075288164 1.19286915503 0.606999926723 3.28754263471 1.62525244778 10.3078520254 0.00753464155925 0.0015717
pedestrian -1 -1 -10 820.65 188.88 848.165 249.61 2.23475454629 1.18786958831 0.591999826411 3.27904765202 1.60422240003 10.5756453068 0.00753464155925 0.0010363
pedestrian -1 -1 -10 760.91 159.19 787.241 210.055 2.27275042141 1.1818706804 0.770999910853 2.92373681884 1.59217075251 13.5291895105 0.00753464155925 0.00040928
pedestrian -1 -1 -10 937.17 245.26 962.398 312.763 2.49272635543 1.09388002267 1.19799982592 3.86049298439 1.89505355097 8.22454490195 0.00753464155925 0.00030404
pedestrian -1 -1 -10 1041.5 162.81 1064.89 218.411 2.29974752664 0.837907546927 1.19599973307 5.17417485098 1.68470534996 8.1883284767 0.00753464155925 0.0002241
pedestrian -1 -1 -10 823.17 165.12 856.769 230.764 2.25075288164 1.194868791 0.606999926723 3.28550516745 1.62414965596 10.4359011481 0.00753464155925 0.00020995
pedestrian -1 -1 -10 802.03 149.5 829.769 206.867 2.10576876092 1.19586908577 0.410999887539 3.26524137731 1.4605176543 11.4730460473 0.00753464155925 0.00016556
pedestrian -1 -1 -10 843.95 142.1 868.775 195.559 1.96978377461 1.18786958831 0.43699966405 3.40938932477 1.34812884889 10.034418567 0.00753464155925 0.00012299
pedestrian -1 -1 -10 814.12 156.97 841.778 229.454 2.24775319004 1.19586908577 0.645999710699 3.19702248353 1.61113120663 10.9713117711 0.00753464155925 0.00010099
pedestrian -1 -1 -10 809.65 139.41 831.038 194.456 1.94578636098 1.19786872174 0.401999827352 3.29094048944 1.30303522205 11.3739859282 0.00753464155925 8.932e-05
pedestrian -1 -1 -10 791.04 156.05 809.545 214.341 2.23775429749 1.19286915503 0.568999831544 3.12438565687 1.58265513712 12.1518699662 0.00753464155925 8.2174e-05
pedestrian -1 -1 -10 774.73 167.37 813.729 248.331 2.28474906862 1.18987017785 0.695999647709 3.05603167699 1.62492908053 12.3026276079 0.00753464155925 6.9043e-05
pedestrian -1 -1 -10 834.68 144.72 857.764 189.1 1.94578630138 1.18586995234 0.427999842281 3.37437182941 1.32105922217 10.3659510576 0.00753464155925 3.3882e-05
pedestrian -1 -1 -10 781.14 121.78 819.805 208.305 1.87179448461 1.19686938054 0.369999772298 3.21878536568 1.2156259499 12.2889018277 0.00753464155925 3.3717e-05
pedestrian -1 -1 -10 757.92 148.92 792.931 225.558 2.25175281858 1.19586908577 0.760999923451 2.92844391362 1.5706070131 13.4913125045 0.00753464155925 3.2616e-05
pedestrian -1 -1 -10 795.22 121.71 831.701 185.76 1.73080993283 1.1938694498 0.355999837618 3.26784396859 1.0829259303 11.7708812653 0.00753464155925 3.138e-05
pedestrian -1 -1 -10 829.97 146.28 862.519 210.07 2.07877171529 1.19686842697 0.448000055504 3.36713796352 1.45350944209 10.3285240798 0.00753464155925 2.6931e-05
pedestrian -1 -1 -10 747.53 155.05 782.144 219.249 2.09576980878 1.17087220577 0.76999974522 2.87301931924 1.40578839702 14.0415912967 0.00753464155925 1.3848e-05
pedestrian -1 -1 -10 815.45 139.31 846.305 209.849 1.99478094638 1.19886901651 0.413999907602 3.31365304087 1.36050357652 10.9337656972 0.00753464155925 7.8426e-06
pedestrian -1 -1 -10 746.65 133.21 784.343 196.875 1.85779596353 1.18586995234 0.38499987261 3.0479188347 1.16659734892 14.2385799704 0.00753464155925 7.7131e-06
pedestrian -1 -1 -10 357.64 196.21 389.796 251.573 1.13287562811 0.389956667953 0.153000307932 -7.70743358017 0.420485545227 23.4405564424 0.00753464155925 1.7307e-06
