pedestrian -1 -1 -10 236.5 149.35 297.412 312.99 1.7829920128 0.633999394877 0.471998111279 -4.08400892704 1.38582870463 8.49088470472 0.00692802392802 0.99672
pedestrian -1 -1 -10 842.43 219.62 857.01 260.572 0.554997502267 0.291999619013 0.632997996906 4.90969666505 1.28083248663 13.9093023019 0.00692802392802 0.26446
pedestrian -1 -1 -10 241.25 182.97 280.369 309.88 1.7829920128 0.633999394877 0.471998111279 -4.08400892704 1.38582870463 8.49088470472 0.00692802392802 0.15131
pedestrian -1 -1 -10 262.43 212.22 296.157 305.161 1.7829920128 0.633999394877 0.471998111279 -4.08400892704 1.38582870463 8.49088470472 0.00692802392802 0.064609
pedestrian -1 -1 -10 848.01 215.36 863.192 261.114 1.16699472517 1.14299887446 0.624997891525 4.26232352022 1.38471815879 11.1969850216 0.00692802392802 0.023264
pedestrian -1 -1 -10 763.43 149.83 780.688 220.655 0.763996574283 0.085000934218 0.780996727816 4.07576964702 0.749863863004 17.6379329306 0.00692802392802 0.019118
pedestrian -1 -1 -10 665.92 217.16 676.469 261.599 2.0649907425 0.307999402176 1.19099557211 1.38724729173 1.16987449647 14.4907130492 0.00692802392802 0.013953
pedestrian -1 -1 -10 669.5 218.87 680.713 261.555 2.26898988634 1.17999855184 1.12399579222 1.28350199337 1.45109774477 12.7975982077 0.00692802392802 0.012325
pedestrian -1 -1 -10 692.12 209.33 713.831 258.016 2.05999082923 0.63099913751 1.19299547924 2.0574935898 1.16415212077 14.3805629201 0.00692802392802 0.0072598
pedestrian -1 -1 -10 250.41 185.07 312.25 300.45 1.7829920128 0.633999394877 0.471998111279 -4.08400892704 1.38582870463 8.49088470472 0.00692802392802 0.0065297
pedestrian -1 -1 -10 749.85 144.47 778.753 212.208 2.06899073273 0.370999084825 1.00299625469 3.18411674867 1.17027815387 14.1767544782 0.00692802392802 0.0058384
pedestrian -1 -1 -10 757.83 154.6 791.283 230.015 0.763996574283 0.0790004194856 0.723997020054 4.104289602 0.749782003536 17.6407355787 0.00692802392802 0.0046456
pedestrian -1 -1 -10 839.82 205.98 865.399 260.704 0.554997502267 0.291999619013 0.632997996906 4.90969666505 1.28083248663 13.9093023019 0.00692802392802 0.0042294
pedestrian -1 -1 -10 663.67 217.33 687.024 265.679 2.26898988634 1.18999972762 1.10399582679 1.29386891777 1.45100860834 12.8505275616 0.00692802392802 0.0034856
pedestrian -1 -1 -10 671.53 211.14 704.372 262.83 2.05999082923 0.647999324354 1.19199543627 1.7559430534 1.16499108187 14.3741527698 0.00692802392802 0.0030369
pedestrian -1 -1 -10 761.46 153.39 773.784 212.188 2.18399028778 0.834999472286 0.762997146358 3.13662385231 1.33451943596 12.3321618661 0.00692802392802 0.0029659
pedestrian -1 -1 -10 659.69 223.55 675.092 267.601 2.26898988634 1.18799892026 1.1209957229 1.22819058889 1.45121896021 12.8249821702 0.00692802392802 0.0026685
pedestrian -1 -1 -10 688.39 204.55 705.15 252.789 2.05999082923 0.647999324354 1.19599536975 1.93193816391 1.16450711073 14.372932889 0.00692802392802 0.0025151
pedestrian -1 -1 -10 893.12 226.26 919.436 275.075 0.98299562186 1.15299909657 0.645997244282 4.25207464181 1.39974464903 10.3251592433 0.00692802392802 0.0022369
pedestrian -1 -1 -10 1045.0 231.48 1057.26 266.086 2.269989869 0.97599917074 1.19499520757 7.51344551417 1.37615771884 11.712322574 0.00692802392802 0.0015644
pedestrian -1 -1 -10 685.44 208.18 698.529 255.65 2.05899084657 0.647999324354 1.15899556781 1.8674413601 1.16468447508 14.3733805193 0.00692802392802 0.001362
pedestrian -1 -1 -10 934.51 226.25 958.227 270.639 0.996995557845 1.09099886393 0.756997126926 5.23120390253 1.41011161256 10.2663782902 0.00692802392802 0.0012142
pedestrian -1 -1 -10 679.24 214.86 691.138 262.761 1.95099128932 1.15999906131 0.926996505261 1.38297007442 1.43272926905 12.8810748178 0.00692802392802 0.0011232
pedestrian -1 -1 -10 697.9 198.64 710.331 240.281 2.05999082923 0.63099913751 1.18899554576 2.10549223463 1.1640201287 14.3802302254 0.00692802392802 0.0010562
pedestrian -1 -1 -10 883.38 228.91 907.693 277.723 0.954995690286 0.779999204383 0.617997471493 4.23581560334 1.40717210203 9.99078871894 0.00692802392802 0.00083201
pedestrian -1 -1 -10 704.74 159.37 727.351 204.795 0.756996591389 0.108999178453 1.13299564256 2.8935920566 0.741145599362 17.6191160546 0.00692802392802 0.00077846
pedestrian -1 -1 -10 341.37 221.52 381.291 281.84 1.02199542224 1.19099917763 0.991996378009 -3.69379068281 1.38541864407 10.534174016 0.00692802392802 0.00052005
pedestrian -1 -1 -10 747.69 155.31 759.191 209.029 1.01599543691 0.52499926275 1.18299540712 3.8366243749 1.00127307273 17.8567400226 0.00692802392802 0.00050226
pedestrian -1 -1 -10 907.04 233.6 928.207 277.374 0.947995752096 0.787998619128 0.617997471493 4.23583366083 1.40016751225 9.99478432669 0.00692802392802 0.00045812
pedestrian -1 -1 -10 344.54 218.53 365.703 279.224 0.968995685875 0.995998661276 1.01399613137 -3.70539269155 1.38556228316 10.436782653 0.00692802392802 0.00044405
pedestrian -1 -1 -10 269.76 213.39 311.329 292.223 0.973995658755 0.929998721262 0.618997633676 -4.28707649727 1.40019964537 10.4078259464 0.00692802392802 0.00037017
pedestrian -1 -1 -10 248.44 251.07 270.74 309.95 1.7829920128 0.633999394877 0.471998111279 -4.08400892704 1.38582870463 8.49088470472 0.00692802392802 0.00033505
pedestrian -1 -1 -10 950.91 236.44 966.213 281.488 2.11099060029 1.12299938393 1.19699553193 6.02799400953 1.39603792991 11.9022340949 0.00692802392802 0.00024227
pedestrian -1 -1 -10 234.32 172.6 266.699 284.88 1.85099178702 0.633999394877 0.471998111279 -4.08391516075 1.45382847885 8.49092359733 0.00692802392802 0.00020946
pedestrian -1 -1 -10 739.73 151.89 763.948 214.276 1.01599543691 0.52499926275 1.1629955013 3.79162578693 1.00139681491 17.8570519228 0.00692802392802 0.00015372
pedestrian -1 -1 -10 351.88 214.13 375.691 275.427 0.968995685875 0.852999109136 0.831997131401 -3.61480066535 1.3853800833 10.3776530739 0.00692802392802 0.00011061
pedestrian -1 -1 -10 874.5 229.13 897.011 277.073 1.18099472076 1.18399921289 0.630997434121 4.25999067203 1.39960830908 10.4244912613 0.00692802392802 9.8272e-05
pedestrian -1 -1 -10 327.42 217.02 348.332 282.556 1.06799525022 1.1819993592 1.1629955013 -4.0882829509 1.38899941795 10.9773951787 0.00692802392802 6.9495e-05
pedestrian -1 -1 -10 712.6 147.03 742.6 211.405 2.0629908368 0.483999877998 1.19899537947 2.53507914708 1.16590574152 14.3187527043 0.00692802392802 3.5956e-05
pedestrian -1 -1 -10 730.67 151.33 755.09 215.426 2.17999029756 0.52599966643 1.1909955125 2.8460864639 1.28207442548 14.2956646465 0.00692802392802 3.4572e-05
pedestrian -1 -1 -10 244.24 144.05 285.624 257.33 1.7829920128 0.633999394877 0.471998111279 -4.08400892704 1.38582870463 8.49088470472 0.00692802392802 1.8028e-05
pedestrian -1 -1 -10 907.21 218.26 939.627 275.32 2.21099011749 1.07699893445 1.1939952838 5.19413865541 1.36184860479 11.4549024757 0.00692802392802 7.2914e-06
pedestrian -1 -1 -10 668.33 171.23 684.384 223.586 1.46699345559 0.647999324354 1.00799623114 1.34491213794 1.43254291402 13.1376260775 0.00692802392802 5.9503e-06
pedestrian -1 -1 -10 226.83 181.71 253.412 268.439 1.28999426067 0.156999481618 1.10899556483 -7.91853266562 0.31425624742 15.61116635 0.00692802392802 2.7768e-06
pedestrian -1 -1 -10 318.42 213.99 340.234 273.545 0.221999105811 0.0170001868436 0.138999893852 -7.62518312903 1.50289174288 18.728213961 0.00692802392802 2.5276e-06
pedestrian -1 -1 -10 331.79 207.12 362.512 292.447 0.968995685875 1.01699855549 1.11899575616 -3.75781849956 1.38569443832 10.4476462331 0.00692802392802 6.8302e-07
