pedestrian -1 -1 -10 829.16 164.72 873.618 263.464 0.688996936381 0.113000793173 0.572997802593 6.39548013324 0.783392634969 17.7029456423 0.00692802392802 0.0855
pedestrian -1 -1 -10 426.73 153.19 493.034 302.18 1.7829920575 0.597999167503 0.891996610461 -1.52648847839 1.47289655294 7.51124301115 0.00692802392802 0.078006
pedestrian -1 -1 -10 764.53 172.71 787.023 236.851 0.763996574283 0.100000313702 0.680997198686 4.1257578111 0.749728117064 17.6360853275 0.00692802392802 0.058101
pedestrian -1 -1 -10 325.24 237.29 351.027 282.439 1.06299518794 1.14399927814 1.16699543478 -4.0489647892 1.38516806713 10.7351146778 0.00692802392802 0.039323
pedestrian -1 -1 -10 363.56 223.86 386.371 276.39 1.79899192899 0.532999631169 1.17999587424 -4.99554483382 1.1735690531 15.2856111169 0.00692802392802 0.0098517
pedestrian -1 -1 -10 766.62 168.25 778.944 228.838 0.763996574283 0.100000313702 0.758996974458 4.08675886002 0.749835360766 17.6363556423 0.00692802392802 0.0070986
pedestrian -1 -1 -10 335.59 223.49 351.795 277.685 0.963995712995 0.806998659658 1.04899584735 -3.71010006392 1.3787725839 10.2643058875 0.00692802392802 0.0069245
pedestrian -1 -1 -10 361.49 246.12 385.937 282.368 0.785996416211 0.121999657924 0.0979996815981 -3.40968439245 1.18342560691 11.5916338866 0.00692802392802 0.0051164
pedestrian -1 -1 -10 310.91 220.97 344.529 279.966 1.0639952302 1.19199958131 1.14799569114 -4.10218957955 1.39143688739 10.6284880981 0.00692802392802 0.0036214
pedestrian -1 -1 -10 892.56 225.02 918.292 279.604 0.908996011316 1.08099959549 0.631997596305 4.27653219592 1.35976566993 10.2479842921 0.00692802392802 0.0019891
pedestrian -1 -1 -10 331.6 219.15 365.601 279.15 0.963995712995 1.09799882866 1.10999596543 -3.73959137032 1.37868724029 10.4100138812 0.00692802392802 0.0019018
pedestrian -1 -1 -10 449.74 163.56 484.494 274.63 2.37798936665 0.702999592257 1.19299559845 -2.81009217192 1.45872155038 15.1274617729 0.00692802392802 0.0016626
pedestrian -1 -1 -10 349.38 237.9 379.274 281.395 0.957995697856 0.964998544955 0.831996654565 -3.6010640382 1.37238233596 10.3425484737 0.00692802392802 0.0014784
pedestrian -1 -1 -10 442.97 231.7 471.491 289.334 1.75999215841 0.597999167503 0.891996610461 -1.52652019342 1.44989665385 7.51122985631 0.00692802392802 0.001381
pedestrian -1 -1 -10 762.77 171.33 775.327 238.667 2.06999077499 0.350000144282 0.926996564865 3.22498883113 1.17118696782 14.1579714786 0.00692802392802 0.0011685
pedestrian -1 -1 -10 1058.0 91.713 1092.51 204.303 1.7259922713 0.602999278556 1.19299536004 7.59732045189 0.838156828379 11.5109271551 0.00692802392802 0.0011269
pedestrian -1 -1 -10 416.58 186.64 466.048 321.41 1.75999215841 0.597999167503 0.871996704635 -1.53651990613 1.44992415218 7.51129916766 0.00692802392802 0.0010148
pedestrian -1 -1 -10 918.66 230.03 941.923 277.243 2.21799005568 0.804998805972 1.19599560817 5.57968998483 1.37336971949 11.8182493819 0.00692802392802 0.00083699
pedestrian -1 -1 -10 902.57 227.87 930.3 276.803 0.908996011316 0.971999463368 0.654997511847 4.26380279909 1.36000372263 10.0705681324 0.00692802392802 0.00082952
pedestrian -1 -1 -10 353.57 253.37 375.567 287.094 0.908995951712 0.628999283824 1.18299564554 -3.91997211045 1.23011858987 11.3416457689 0.00692802392802 0.00066089
pedestrian -1 -1 -10 1077.9 89.084 1115.22 210.634 1.76099214107 0.647999324354 1.19399576064 7.97587329381 0.866110634909 11.5128171479 0.00692802392802 0.00045799
pedestrian -1 -1 -10 306.46 212.7 327.299 277.207 1.11099501103 0.449000054304 0.404998212186 -6.0987182322 1.06631284345 13.8004925164 0.00692802392802 0.00043093
pedestrian -1 -1 -10 249.94 211.12 280.435 282.108 0.95599579215 0.846000098071 0.643997635168 -4.76250221963 1.39449795013 10.4191236905 0.00692802392802 0.00025574
pedestrian -1 -1 -10 439.17 185.6 477.202 291.17 1.7829920575 0.597999167503 0.891996610461 -1.52648847839 1.47289655294 7.51124301115 0.00692802392802 0.00024652
pedestrian -1 -1 -10 371.31 239.08 395.718 281.889 1.00799548626 1.18599906657 0.688997542485 -3.52786505174 1.37188858146 10.5975178359 0.00692802392802 0.00024156
pedestrian -1 -1 -10 332.33 219.45 345.247 268.29 0.963995712995 0.742999527003 1.04899584735 -3.7103217559 1.37880979884 10.2323070892 0.00692802392802 0.00019522
pedestrian -1 -1 -10 927.32 225.7 953.014 277.188 1.08099517375 1.02599932759 0.415998327283 5.07026071695 1.39410594262 10.6589355215 0.00692802392802 0.00017794
pedestrian -1 -1 -10 298.52 209.99 319.043 269.988 1.04299535602 0.690999516466 0.912996678471 -4.82376981388 1.3085784924 11.369920632 0.00692802392802 0.00017532
pedestrian -1 -1 -10 487.2 72.547 534.586 217.067 0.955995725095 1.1780006055 0.314998874386 -2.1760723198 -0.0340327644575 16.8807030168 0.00692802392802 8.7959e-05
pedestrian -1 -1 -10 260.02 195.86 297.376 282.093 1.4669933904 0.787999572802 0.942996298792 -6.36780117321 1.31910082398 13.7599426719 0.00692802392802 4.6525e-05
pedestrian -1 -1 -10 692.09 170.71 703.329 217.629 1.46399344802 0.928999271256 0.652997545106 1.52327492985 1.42907357611 13.117887281 0.00692802392802 4.548e-05
pedestrian -1 -1 -10 935.17 220.54 974.423 277.945 0.892996050417 0.635999248563 0.223999135986 4.4324588098 1.3595171149 10.0894093501 0.00692802392802 1.8356e-05
pedestrian -1 -1 -10 982.46 224.23 1017.21 291.943 2.00899099857 1.05999970128 1.1909955125 6.66941642495 1.3903882018 11.7983408187 0.00692802392802 6.1979e-06
