pedestrian -1 -1 -10 894.68 169.49 935.953 254.672 1.68581494617 0.581936978327 1.15299952498 5.62767614343 1.6178741191 13.3470690043 0.00753464155925 0.81367
pedestrian -1 -1 -10 876.41 168.65 917.883 255.319 1.68581494617 0.555939803559 0.845999458742 5.47408251623 1.61779344587 13.3352256883 0.00753464155925 0.03745
pedestrian -1 -1 -10 903.77 168.52 957.062 258.376 1.68581494617 0.581936978327 1.17599975827 6.06816356161 1.6175534028 13.3437547747 0.00753464155925 0.009004
pedestrian -1 -1 -10 913.48 177.21 938.367 254.89 1.68581494617 0.581936978327 1.15799963789 5.93216753461 1.61765242071 13.3447780095 0.00753464155925 0.00842
pedestrian -1 -1 -10 865.69 164.17 948.365 264.132 1.68581494617 0.581936978327 1.02799956325 5.56517793157 1.61791962368 13.3475392412 0.00753464155925 0.00095131
pedestrian -1 -1 -10 899.56 170.12 927.246 232.382 1.68581494617 0.581936978327 1.14199937195 5.62217622259 1.61787812356 13.3471103858 0.00753464155925 0.00068939
pedestrian -1 -1 -10 905.31 200.98 931.735 256.127 1.68581494617 0.581936978327 1.18499958004 5.85566954592 1.61770811844 13.3453535808 0.00753464155925 0.00058748
pedestrian -1 -1 -10 914.43 168.65 929.598 219.136 1.68581494617 0.581936978327 1.19299947459 5.74067282656 1.61779184688 13.3462188167 0.00753464155925 0.00036959
pedestrian -1 -1 -10 891.49 171.39 913.136 226.37 1.68581494617 0.581936978327 1.10799946246 5.60517674902 1.61789050078 13.3472382899 0.00753464155925 0.00014388
pedestrian -1 -1 -10 922.72 170.62 967.307 247.45 1.66081759561 0.581936978327 1.15699971068 6.11865432531 1.59251928459 13.343559919 0.00753464155925 3.782e-05
pedestrian -1 -1 -10 1190.7 128.36 1225.39 199.301 0.100988898159 0.254973134538 0.0620002556792 46.7258146541 0.283206426767 55.3287640318 0.00753464155923 1.7404e-05
pedestrian -1 -1 -10 902.96 168.45 921.28 216.661 1.68581494617 0.581936978327 1.10899938968 5.60567669847 1.61789013677 13.3472345283 0.00753464155925 2.7345e-06
