pedestrian -1 -1 -10 808.93 208.2 837.462 287.969 1.98478205383 1.19586908577 0.367999917868 2.61894975826 1.38995649263 9.111738119 0.00753464155925 0.0018835
pedestrian -1 -1 -10 795.83 192.36 829.639 284.474 1.98878162277 1.18987017785 0.411999814754 2.58358225787 1.39122611419 9.1960271165 0.00753464155925 0.0010592
pedestrian -1 -1 -10 794.98 84.076 827.586 199.546 1.53883104098 1.19286915503 0.412999980387 2.58357313721 0.944542014142 9.14980266111 0.00753464155925 0.0010388
pedestrian -1 -1 -10 769.17 206.11 789.035 267.101 2.03477651656 1.19786872174 0.721999662639 2.25042133941 1.41780709303 10.5046643225 0.00753464155925 0.00044759
pedestrian -1 -1 -10 815.91 214.58 832.697 272.672 1.99378100944 1.19586908577 0.523999769025 2.78597128881 1.40293849364 8.84731824371 0.00753464155925 0.00044314
pedestrian -1 -1 -10 786.01 188.61 813.524 265.508 2.00378002119 1.19686938054 0.454999784425 2.49033387076 1.40065304191 9.76127893081 0.00753464155925 0.00023275
pedestrian -1 -1 -10 848.98 134.12 864.675 184.329 1.83179885483 1.19886806294 0.492999879604 2.87616958875 1.24948452053 8.41515135758 0.00753464155925 0.00022005
pedestrian -1 -1 -10 773.2 201.97 796.83 278.751 2.01077922213 1.18786958831 0.461999990183 2.44616280197 1.40329881348 9.93814906546 0.00753464155925 0.00020029
pedestrian -1 -1 -10 793.54 188.36 807.825 247.378 2.00977934479 1.19386849623 0.464999771827 2.483096909 1.40216131979 9.8628695787 0.00753464155925 0.00010695
pedestrian -1 -1 -10 839.3 135.17 851.884 195.714 1.86179553247 1.19686842697 0.475999686444 2.86789745891 1.27991665621 8.44398900315 0.00753464155925 7.1169e-05
pedestrian -1 -1 -10 820.8 114.63 852.282 200.556 1.77680488622 1.19886806294 0.522999841811 2.83315906574 1.18950685774 8.54997460811 0.00753464155925 3.5466e-05
pedestrian -1 -1 -10 836.63 124.31 861.068 192.095 1.78780365611 1.19786872174 0.49199995239 2.87625291627 1.20469702197 8.36198056582 0.00753464155925 3.0687e-05
pedestrian -1 -1 -10 792.28 154.37 831.855 238.781 1.99378106904 1.19586908577 0.454999784425 2.54052847456 1.3941005903 9.38837237459 0.00753464155925 2.9769e-05
pedestrian -1 -1 -10 793.93 134.28 829.618 209.788 1.97278340661 1.19586908577 0.423999895004 2.56447950205 1.37301919476 9.31633909401 0.00753464155925 2.8258e-05
pedestrian -1 -1 -10 801.7 246.3 812.683 288.489 2.00677971279 1.19786872174 0.423999895004 2.56478380061 1.40759279857 9.35508202061 0.00753464155925 2.1658e-05
pedestrian -1 -1 -10 783.04 105.98 816.285 201.46 1.65981774807 1.19886901651 0.454999784425 2.48945937503 1.05518091834 9.66184013841 0.00753464155925 1.8129e-05
pedestrian -1 -1 -10 823.37 110.78 838.59 182.906 1.65181866979 1.19086951905 0.525999861873 2.80083372947 1.06592835916 8.71214498023 0.00753464155925 1.6163e-05
pedestrian -1 -1 -10 805.83 105.84 844.458 226.12 1.81180106974 1.19586908577 0.501999939792 2.78354053792 1.22218933346 8.93167608348 0.00753464155925 9.592e-06
pedestrian -1 -1 -10 730.11 115.13 759.942 206.754 1.80780156039 1.19286915503 0.777999878193 2.14779126371 1.1816831759 10.9648163013 0.00753464155925 2.7313e-06
