pedestrian -1 -1 -10 678.78 164.13 699.412 211.079 0.584935756327 0.440949769149 0.62499980868 4.52005161198 0.828800725957 38.1458670192 0.00753464155925 0.81162
pedestrian -1 -1 -10 526.59 179.19 540.914 213.566 1.36984962582 0.498945887309 0.55399996965 -3.40450509869 1.77020789077 34.1278901021 0.00753464155925 0.22922
pedestrian -1 -1 -10 533.0 176.07 555.749 213.111 1.37584890473 0.687924359802 0.568999831544 -2.67231743979 1.78792130415 34.7467399335 0.00753464155925 0.12919
pedestrian -1 -1 -10 685.85 163.01 706.546 212.723 0.584935756327 0.440949769149 0.558999844142 4.55305066021 0.828776699544 38.1456187342 0.00753464155925 0.059328
pedestrian -1 -1 -10 674.01 161.68 699.326 240.22 0.0999890208244 0.0 0.0 5.17359329395 1.63307522328 46.4210909722 0.0 0.03506
pedestrian -1 -1 -10 542.92 171.12 554.638 213.082 1.18686962253 0.58593434313 0.568999831544 -2.67199025002 1.60169673479 34.7991031931 0.00753464155925 0.029862
pedestrian -1 -1 -10 523.16 179.96 534.294 213.018 1.36984962582 0.498945887309 0.55399996965 -3.40450509869 1.77020789077 34.1278901021 0.00753464155925 0.0087099
pedestrian -1 -1 -10 681.98 156.77 710.067 242.248 0.648928769943 0.673925954432 0.278999958464 1.84721339556 0.901347272389 15.3127533889 0.00753464155925 0.0033129
pedestrian -1 -1 -10 1141.6 215.08 1169.04 278.688 2.16976168514 0.641929871749 1.1979995875 7.091647094 1.50818024046 9.58372619215 0.00753464155925 0.0013448
pedestrian -1 -1 -10 1188.8 193.14 1217.81 256.701 2.15676316059 0.160982615323 1.19699966029 7.74443218403 1.47739837701 9.35563647545 0.00753464155924 0.0012459
pedestrian -1 -1 -10 1137.4 206.44 1154.83 258.566 2.17176149941 0.753917114708 1.19699966029 7.04556972806 1.50904303169 9.64008288802 0.00753464155925 0.0010027
pedestrian -1 -1 -10 1116.6 166.78 1157.15 253.857 2.17676094568 0.91390038883 1.19699966029 7.04617088917 1.51022723685 9.72010927334 0.00753464155925 0.00043038
pedestrian -1 -1 -10 1123.6 201.56 1161.14 273.68 2.17476119101 0.8139109617 1.19699966029 7.04579481708 1.50948710951 9.67010117153 0.00753464155925 0.00042351
