pedestrian -1 -1 -10 785.08 235.29 798.162 273.463 2.15776303792 1.19486974457 0.796999687364 4.02315741931 1.95232979339 15.1354466286 0.00753464155925 0.0066899
pedestrian -1 -1 -10 69.161 240.89 102.677 318.595 2.13376568389 1.19786872174 0.399000045708 -5.07896892452 1.54071249676 6.95130530288 0.00753464155925 0.0064812
pedestrian -1 -1 -10 1078.9 228.94 1102.48 275.615 2.23575454282 1.19786872174 0.583999931857 3.529459521 1.68799852304 5.43781740967 0.00753464155925 0.003526
pedestrian -1 -1 -10 86.704 264.4 120.518 340.958 2.10976838946 1.19786872174 0.393000005583 -5.08669094177 1.51425353466 7.12260116383 0.00753464155925 0.0030139
pedestrian -1 -1 -10 39.619 265.29 76.058 350.901 2.11976722241 1.19786872174 0.399000045708 -5.08203084298 1.53468788222 6.54425772073 0.00753464155925 0.00095219
pedestrian -1 -1 -10 247.8 159.16 271.407 207.775 0.560938416264 0.84990679311 0.994999819396 -3.69306595073 0.49279856413 7.88886447429 0.00753464155925 0.00061819
pedestrian -1 -1 -10 231.65 151.85 278.095 223.672 0.647928846979 1.08888093274 1.09999980633 -3.78057247168 0.577816633533 7.75139030871 0.00753464155925 0.00059614
pedestrian -1 -1 -10 261.94 154.04 300.277 227.12 0.461949278734 0.822909800356 1.17599975827 -3.55678286264 0.395316846406 7.99706325131 0.00753464155925 0.00058515
pedestrian -1 -1 -10 790.85 231.91 804.84 278.124 2.25375251365 1.17587081891 0.748999843201 3.99316390042 1.92564755016 14.3461684637 0.00753464155925 0.00050691
pedestrian -1 -1 -10 868.45 199.18 897.695 264.472 1.99478093148 1.19686842697 0.866999599179 3.98455989611 1.77952207451 10.014381905 0.00753464155925 0.00018675
pedestrian -1 -1 -10 0.0 298.96 30.869 368.544 2.11676765 1.19586908577 0.499999846944 -5.03521866385 1.53439721783 6.05381971737 0.00753464155925 0.00017145
pedestrian -1 -1 -10 106.26 273.72 148.086 356.167 1.00488963068 0.944896176742 0.851999737285 -4.02131585996 1.50379395431 6.38495056104 0.00753464155925 0.00012622
pedestrian -1 -1 -10 255.57 159.45 283.867 211.718 0.546939954779 0.832908456998 1.12099970835 -3.62965398256 0.479575772721 7.94398650431 0.00753464155925 4.7613e-05
pedestrian -1 -1 -10 1011.2 239.65 1034.61 284.486 2.27575011301 1.19686890375 0.393000005583 3.61687215717 1.71250441669 6.48873720598 0.00753464155925 4.0096e-05
pedestrian -1 -1 -10 3.9708 138.75 42.2848 268.87 2.11276802146 1.1938694498 0.389999747102 -5.08843597582 1.52894637715 6.29130447991 0.00753464155925 2.2994e-05
pedestrian -1 -1 -10 785.14 222.3 810.338 282.172 2.46172962166 1.19586908577 0.767999652372 4.00038284695 1.93916611686 14.4504673356 0.00753464155925 2.0807e-05
pedestrian -1 -1 -10 16.202 110.64 52.577 239.2 1.86979467035 1.19586908577 0.334999935599 -5.11453648862 1.28389489129 6.48935760459 0.00753464155925 1.497e-05
pedestrian -1 -1 -10 376.68 209.23 409.216 293.877 1.75080778683 1.18586995234 1.12499965562 -2.74197622735 1.70416723913 9.03373289259 0.00753464155925 1.0939e-05
pedestrian -1 -1 -10 668.31 158.08 695.052 232.169 1.37384916496 0.78491385619 0.819999682231 2.85822408929 2.04414359559 25.5354966064 0.00753464155925 4.4124e-06
pedestrian -1 -1 -10 24.997 140.0 61.547 270.18 2.11976722241 1.19686890375 0.399000045708 -5.08197434039 1.53479889991 6.55175661954 0.00753464155925 2.546e-06
