pedestrian -1 -1 -10 888.26 211.58 906.891 278.095 1.19186907626 1.19886901651 0.176999991594 3.75040796551 1.43251207856 9.32524535369 0.00753464155925 0.17897
pedestrian -1 -1 -10 894.89 211.02 909.325 267.958 1.18586975265 1.1938694498 0.160999964067 3.74129126712 1.43031973385 9.17678163783 0.00753464155925 0.057933
pedestrian -1 -1 -10 881.29 217.55 915.369 292.058 1.19186907626 1.19086951905 0.176999991594 3.75064150905 1.43297095074 9.35624073855 0.00753464155925 0.029482
pedestrian -1 -1 -10 877.73 218.35 898.338 273.109 1.20786735201 1.19886806294 0.189999999059 3.74665536055 1.45390319097 9.68912543659 0.00753464155925 0.012264
pedestrian -1 -1 -10 796.76 204.22 814.392 254.741 1.16087255108 1.18987017785 0.127999981798 3.56711794772 1.487064566 13.0686055691 0.00753464155925 0.010614
pedestrian -1 -1 -10 805.03 206.28 822.027 259.744 1.1788705815 1.16487234429 0.165000149763 3.58193172338 1.47982007828 12.5801669045 0.00753464155925 0.0026219
pedestrian -1 -1 -10 858.88 224.07 878.328 279.779 1.22086593616 1.19086951905 0.244999810562 3.72394417082 1.47632138184 10.3241487374 0.00753464155925 0.0014935
pedestrian -1 -1 -10 911.92 230.67 947.431 301.527 1.19486885726 1.19786872174 0.255000036382 3.80046630576 1.4227994121 8.53642506218 0.00753464155925 0.0012655
pedestrian -1 -1 -10 871.97 227.79 892.386 276.734 1.21886618149 1.18987017785 0.207999881016 3.73862715174 1.46681069286 9.81759396984 0.00753464155925 0.0012406
pedestrian -1 -1 -10 891.47 215.44 931.131 292.423 1.18886947405 1.19086951905 0.271999991124 3.79547921328 1.42371158344 9.00296937738 0.00753464155925 0.0012147
pedestrian -1 -1 -10 869.33 234.01 884.937 281.833 1.21686642682 1.19086951905 0.226999928605 3.7309386421 1.46837784638 10.0581465789 0.00753464155925 0.0011813
pedestrian -1 -1 -10 811.16 206.76 827.546 262.508 1.20586759734 1.18886988308 0.16399998413 3.58737132179 1.49575651795 12.3060518504 0.00753464155925 0.0011757
pedestrian -1 -1 -10 848.96 214.85 875.399 270.013 1.21686639702 1.18886988308 0.193000019122 3.69133254325 1.47906978776 10.5083490919 0.00753464155925 0.0010852
pedestrian -1 -1 -10 708.15 161.66 732.312 231.857 1.71481177627 0.707922626656 0.402999754566 3.3781844592 1.567844856 20.2079178345 0.00753464155925 0.00097842
pedestrian -1 -1 -10 826.54 201.41 847.695 259.632 1.2218657837 1.18486965757 0.242999956132 3.6807139636 1.49258939698 11.4884011992 0.00753464155925 0.00075788
pedestrian -1 -1 -10 711.85 169.38 725.413 231.903 1.57282731549 0.595935383697 0.615999748492 3.37974752322 1.73479937143 23.7818766002 0.00753464155925 0.0006652
pedestrian -1 -1 -10 815.8 204.16 844.151 265.98 1.21286682808 1.18787054188 0.275000011187 3.66709604592 1.48828708153 11.8050447472 0.00753464155925 0.0006011
pedestrian -1 -1 -10 801.87 202.74 835.937 268.196 1.20586759734 1.19286915503 0.16399998413 3.58768020809 1.49636342547 12.3470465617 0.00753464155925 0.00052163
pedestrian -1 -1 -10 839.33 206.35 865.183 259.712 1.20286793554 1.19686938054 0.141999916478 3.66858734866 1.48449126632 10.8733872014 0.00753464155925 0.00047775
pedestrian -1 -1 -10 626.0 156.81 638.913 203.838 0.0999890208244 0.0 0.0 1.85803325217 1.07088312313 46.6794255121 0.0 0.00045473
pedestrian -1 -1 -10 833.15 198.56 851.611 249.701 1.2218657837 1.17887074966 0.199999986461 3.70048811522 1.48918397882 11.2592714079 0.00753464155925 0.00039736
pedestrian -1 -1 -10 818.38 200.8 834.121 260.183 1.21286682808 1.18586995234 0.275000011187 3.66831651035 1.49068508057 11.9670221059 0.00753464155925 0.00020036
pedestrian -1 -1 -10 703.02 160.65 720.072 222.5 1.57282731549 0.751918432306 0.778999805408 3.29883743417 1.73601330471 23.8604791 0.00753464155925 0.00017721
pedestrian -1 -1 -10 828.71 199.08 861.588 265.699 1.2218657837 1.19686938054 0.199999986461 3.6995689967 1.48737807178 11.1372880173 0.00753464155925 8.7428e-05
pedestrian -1 -1 -10 922.55 229.05 944.78 288.012 1.19486885726 1.19386849623 0.242000028918 3.80617508215 1.42124041785 8.43139062058 0.00753464155925 7.6309e-05
pedestrian -1 -1 -10 823.47 197.62 839.854 255.916 1.21286682808 1.17587081891 0.275000011187 3.66654608289 1.48720650041 11.7320548615 0.00753464155925 7.3979e-05
pedestrian -1 -1 -10 718.61 168.93 736.66 233.51 1.71481177627 1.02788726776 0.402999754566 3.37697906117 1.56547645981 20.0479400551 0.00753464155925 6.0849e-05
pedestrian -1 -1 -10 827.98 196.99 843.382 238.46 1.2218657837 1.19286915503 0.22099988848 3.69157054812 1.4923001471 11.4693214812 0.00753464155925 2.1944e-05
