pedestrian -1 -1 -10 845.17 165.2 932.425 319.55 1.66699255705 0.579000080647 0.912996678471 3.12794487169 1.46194954958 7.60855477412 0.00692802392802 0.98941
pedestrian -1 -1 -10 825.2 166.69 886.535 306.35 0.552997536957 0.272999578483 0.609997366112 4.8990799333 1.27888058367 13.8928743456 0.00692802392802 0.091348
pedestrian -1 -1 -10 764.64 173.0 787.278 237.177 0.762996576726 0.0959986989819 0.630997434121 4.11777325754 0.749747788893 17.6381421081 0.00692802392802 0.046808
pedestrian -1 -1 -10 333.41 231.18 353.464 278.536 0.220998944342 0.253000087947 0.28099860533 -4.57924152805 1.32686138024 12.2847487332 0.00692802392802 0.014146
pedestrian -1 -1 -10 317.46 233.11 348.716 279.274 0.227999001741 0.388999675348 0.242999118046 -5.07983913348 1.24246307369 12.0911103038 0.00692802392802 0.013855
pedestrian -1 -1 -10 826.62 152.36 860.438 287.38 2.19399017394 0.992999357584 1.12099560369 4.2225368878 1.33354121967 12.3176318956 0.00692802392802 0.0079631
pedestrian -1 -1 -10 332.61 225.08 346.026 272.171 0.97799564898 0.72699974384 1.08599588771 -3.74680441391 1.39191012234 10.2325664639 0.00692802392802 0.0063891
pedestrian -1 -1 -10 324.43 221.93 344.122 273.736 1.0639952302 1.1819993592 1.17699562611 -4.09926931288 1.38619205272 10.8354666526 0.00692802392802 0.00525
pedestrian -1 -1 -10 353.14 225.28 384.564 278.344 0.96799570322 0.844999694391 0.666997312292 -3.53691519771 1.38126546976 10.2901072292 0.00692802392802 0.0049645
pedestrian -1 -1 -10 364.37 217.46 385.724 271.627 1.01299551874 1.18499961657 0.691997313783 -3.52226752625 1.38086010515 10.6089872242 0.00692802392802 0.0040284
pedestrian -1 -1 -10 306.52 227.2 338.157 277.213 1.02099540979 0.927999821249 1.09399575467 -4.48950651423 1.34788539342 11.1701586929 0.00692802392802 0.0030162
pedestrian -1 -1 -10 341.31 227.07 356.772 277.248 0.191999149322 0.0909995416031 0.0169996576927 -4.21102629765 1.28597481184 13.0461857903 0.00692802392802 0.0029191
pedestrian -1 -1 -10 354.79 247.08 382.42 283.629 0.941995796561 0.72699974384 0.666997312292 -3.53735979949 1.35533417906 10.2310937991 0.00692802392802 0.00098704
pedestrian -1 -1 -10 649.1 177.45 661.561 226.506 1.80099193901 1.10799905077 0.793996988467 1.18972699243 1.43508963071 13.0325069222 0.00692802392802 0.00082627
pedestrian -1 -1 -10 1077.7 87.056 1115.0 210.046 1.66799256206 0.70599889595 1.1969950551 7.94948111599 0.773144385878 11.5469467143 0.00692802392802 0.00063136
pedestrian -1 -1 -10 1058.4 85.668 1093.65 206.168 1.81099192947 0.596999717497 1.1969950551 7.60231851899 0.920161336399 11.4949387603 0.00692802392802 0.00058051
pedestrian -1 -1 -10 365.55 240.86 391.625 280.253 0.96799570322 0.988999650211 0.667997474475 -3.51191705224 1.38111436401 10.3619356662 0.00692802392802 0.00037852
pedestrian -1 -1 -10 364.7 252.68 384.358 285.317 1.05999529958 1.17799965183 0.86499652302 -3.60840379507 1.38102644285 10.6710579639 0.00692802392802 0.00036746
pedestrian -1 -1 -10 886.88 180.44 950.255 316.48 2.21999002099 1.10799905077 1.1979954557 5.27779009083 1.36634572029 11.6928284501 0.00692802392802 0.00035813
pedestrian -1 -1 -10 634.91 172.06 647.889 216.325 1.99399107993 0.62999873383 1.19299547924 1.00895649188 0.974094887627 17.8322301039 0.00692802392802 0.00032869
pedestrian -1 -1 -10 643.74 176.28 656.111 227.596 2.26098990589 1.08899996391 0.670997543795 1.12532136996 1.43664082709 12.7041795464 0.00692802392802 0.00024909
pedestrian -1 -1 -10 345.97 214.87 356.978 269.534 0.968995626271 1.15199964656 1.1109958892 -3.73284493077 1.38262859277 10.4449695284 0.00692802392802 0.00020523
pedestrian -1 -1 -10 339.15 221.71 350.463 268.227 0.968995626271 0.838999179659 1.03099578906 -3.71892947119 1.38276935201 10.2883690829 0.00692802392802 0.00014584
pedestrian -1 -1 -10 359.85 206.29 393.298 280.217 1.04399533868 1.19199862763 1.10399618442 -3.57182322053 1.36441334647 11.1188059966 0.00692802392802 0.00012701
pedestrian -1 -1 -10 928.02 226.41 953.546 277.813 1.02699539512 1.18599906657 0.866996847387 5.29801439824 1.40045238145 10.6813971553 0.00692802392802 7.2649e-05
pedestrian -1 -1 -10 297.68 207.3 332.933 276.721 1.02099540979 1.04099966075 1.14599560519 -4.51589724462 1.34802259766 11.1138403389 0.00692802392802 7.0006e-05
pedestrian -1 -1 -10 489.5 95.675 527.549 221.465 0.952995728701 1.17799869816 0.33999863746 -2.21722942769 -0.0328097562022 16.7849892393 0.00692802392802 3.4424e-05
pedestrian -1 -1 -10 299.15 208.66 317.857 268.873 1.08299513906 0.595999313817 0.956996185187 -4.82793248295 1.3486259072 11.338472624 0.00692802392802 1.8999e-05
pedestrian -1 -1 -10 932.71 213.31 972.644 280.112 2.25398984849 1.0819990455 1.1949956844 5.81786753388 1.38993140314 11.6270930521 0.00692802392802 1.0727e-05
pedestrian -1 -1 -10 983.03 223.48 1016.42 289.825 0.972995616496 1.15499895025 0.330998608313 5.56547534083 1.39981718662 10.5920720809 0.00692802392802 6.1495e-06
pedestrian -1 -1 -10 919.28 214.53 949.182 292.439 2.13499048203 1.11099930814 1.19699553193 5.55406973097 1.35847248574 11.7904567759 0.00692802392802 1.8577e-06
pedestrian -1 -1 -10 499.14 88.934 560.481 222.174 0.641997155547 0.371000038498 0.158999442051 -1.4406523199 -0.2578462531 14.944982558 0.00692802392802 5.3606e-08
