pedestrian -1 -1 -10 328.51 164.06 378.489 297.47 1.69099244624 0.496999403795 0.792997243515 -3.11288366024 1.39858380103 8.98673740594 0.00692802392802 0.97459
pedestrian -1 -1 -10 340.97 166.82 405.242 292.49 1.8739916116 0.327999846386 1.19699553193 -4.89440431725 0.941391163385 15.196094557 0.00692802392802 0.12567
pedestrian -1 -1 -10 845.36 213.85 859.297 260.134 0.555997484923 0.257999245326 0.63699769197 4.9075777099 1.28085775683 13.8923158124 0.00692802392802 0.015708
pedestrian -1 -1 -10 666.03 211.44 682.412 260.272 1.47599335909 1.14799898552 1.12099578251 1.28364570544 1.44200531912 12.8810500003 0.00692802392802 0.0042397
pedestrian -1 -1 -10 659.96 232.25 671.542 269.73 1.78599197567 0.357000109021 1.16999562331 1.34161476325 1.16992153727 14.5606926991 0.00692802392802 0.0032244
pedestrian -1 -1 -10 535.63 201.27 554.391 234.708 1.63599264584 0.836999325973 0.863996778067 -1.22405023036 1.44390579349 12.8938328037 0.00692802392802 0.0025465
pedestrian -1 -1 -10 882.75 219.54 900.397 273.697 0.923995929956 0.77699990069 0.64399739675 4.24445217685 1.37503574758 10.0892117405 0.00692802392802 0.0015518
pedestrian -1 -1 -10 837.57 178.14 865.989 266.376 0.689996919036 0.0740012621068 0.547997801101 6.4078918566 0.783372798939 17.69035893 0.00692802392802 0.00077402
pedestrian -1 -1 -10 529.3 196.04 555.69 259.341 1.62499277703 0.876999260719 0.911996575891 -1.24820327986 1.43299518033 12.8739933722 0.00692802392802 0.0007405
pedestrian -1 -1 -10 655.98 217.28 676.136 275.036 2.25998986363 1.12799949498 1.06799594862 1.20118704186 1.44237437996 12.7541623506 0.00692802392802 0.00066985
pedestrian -1 -1 -10 655.79 228.35 667.807 274.212 2.25898994058 0.770999385958 0.960996357086 1.1458893489 1.44182336642 12.4950394483 0.00692802392802 0.00066697
pedestrian -1 -1 -10 323.89 205.22 352.572 299.729 0.954995749891 0.640999359615 0.278998757798 -4.15415153565 1.38000630411 10.2563885768 0.00692802392802 0.00043939
pedestrian -1 -1 -10 836.4 158.09 851.548 215.214 2.19899020642 1.0589992976 1.19699529352 4.25153872865 1.33946265322 12.316434517 0.00692802392802 0.00043253
pedestrian -1 -1 -10 705.8 164.31 718.368 214.172 1.00199550092 0.531999227489 1.16799559696 2.78887037486 0.986196047228 17.8274896864 0.00692802392802 0.0003628
pedestrian -1 -1 -10 838.93 209.56 853.273 261.255 0.555997484923 0.257999245326 0.63699769197 4.9075777099 1.28085775683 13.8923158124 0.00692802392802 0.00026763
pedestrian -1 -1 -10 343.8 164.72 384.784 252.072 1.69099244624 0.496999403795 0.792997243515 -3.11288366024 1.39858380103 8.98673740594 0.00692802392802 0.0002503
pedestrian -1 -1 -10 874.14 207.74 897.077 269.705 0.938995848596 1.000999726 0.64399739675 4.24524879242 1.38990541225 10.2012175446 0.00692802392802 0.00013019
pedestrian -1 -1 -10 934.57 217.21 966.821 273.805 2.26198988855 1.1269990913 1.19299583687 5.7710870722 1.39902635998 11.6569238145 0.00692802392802 0.00011426
pedestrian -1 -1 -10 364.93 188.59 390.429 287.991 0.928995783627 1.05499959023 0.362998553002 -3.37765430039 1.34261009211 10.4789863155 0.00692802392802 3.6652e-05
pedestrian -1 -1 -10 957.25 236.92 972.998 282.598 2.09999055266 0.902999265987 1.1909955125 6.13314324975 1.39188944335 11.7785044755 0.00692802392802 2.6415e-05
pedestrian -1 -1 -10 373.56 186.59 412.647 296.98 1.00099548846 1.15499990393 0.616997547727 -3.32627829358 1.36473992915 11.1156300459 0.00692802392802 2.3189e-05
pedestrian -1 -1 -10 286.72 163.65 367.545 286.74 1.94199138582 0.465999287474 1.1909955125 -5.92091797334 0.993980593568 15.4072330321 0.00692802392802 9.5343e-06
pedestrian -1 -1 -10 908.12 217.07 948.84 275.187 2.14999040067 0.871999149666 1.19299536004 5.62461301918 1.29399053253 12.0413906619 0.00692802392802 8.8982e-06
pedestrian -1 -1 -10 1090.4 138.74 1125.29 258.78 2.29598971605 0.710999960676 1.18399556931 8.14583538698 1.39460224705 11.5474440905 0.00692802392802 3.301e-06
pedestrian -1 -1 -10 306.06 180.86 353.46 293.78 1.94099134356 0.465999287474 1.17699562611 -5.89891736946 0.993920097625 15.4070811201 0.00692802392802 2.8451e-06
pedestrian -1 -1 -10 314.49 210.32 341.525 272.803 1.00899540931 1.15099924288 1.08699581147 -4.10758285884 1.39061145618 10.4890524262 0.00692802392802 8.8741e-07
pedestrian -1 -1 -10 293.29 195.72 336.39 284.045 1.05799527466 1.09799882866 1.0999957741 -4.53398891368 1.37709236072 11.0964776178 0.00692802392802 2.3353e-07
