pedestrian -1 -1 -10 727.92 231.13 762.897 294.349 0.95789479995 1.14387473623 0.126999935375 2.12368310924 1.81212097018 10.9148684986 0.00753464155925 0.0016281
pedestrian -1 -1 -10 596.05 174.94 610.467 210.301 0.100988838561 0.179980587406 0.121000014459 -0.451930541767 0.0872335193876 78.3547698887 0.00753464155925 0.0014052
pedestrian -1 -1 -10 1065.4 93.866 1107.99 175.331 1.36684987462 0.991890959564 0.966999711619 9.70406546042 0.596864428893 14.2642377519 0.00753464155925 0.00043289
pedestrian -1 -1 -10 691.78 189.31 719.064 250.122 1.31485559762 0.71392248814 0.499999846944 2.780110275 2.02130622389 19.9377143754 0.00753464155925 0.00019611
pedestrian -1 -1 -10 453.98 217.34 467.882 270.276 0.922898616438 0.750918137536 0.609999708367 -3.24233074359 2.03641254995 14.9637745545 0.00753464155925 4.2701e-05
pedestrian -1 -1 -10 693.7 179.76 706.425 238.018 1.43684218205 1.0288885161 0.500999774159 2.78224133204 2.02458460325 20.1600827669 0.00753464155925 4.0559e-05
pedestrian -1 -1 -10 697.11 171.39 735.819 259.663 1.31485559762 0.637930599807 0.49199995239 2.78382382595 2.02074081542 19.899689415 0.00753464155925 1.8601e-05
pedestrian -1 -1 -10 729.96 231.95 746.344 290.212 1.39784651899 1.17887074966 0.737999928584 2.77312560818 1.89190269922 14.3740283967 0.00753464155925 2.9806e-06
pedestrian -1 -1 -10 452.2 203.47 476.844 273.286 1.0718823061 1.06488387073 0.611999801215 -3.24019386389 2.03873581379 15.1218486038 0.00753464155925 8.1451e-07
pedestrian -1 -1 -10 188.56 216.93 278.187 312.875 1.49383602452 1.19486926778 0.805999747551 -3.05108865166 1.84066270843 5.47214745416 0.00753464155925 7.6922e-07
pedestrian -1 -1 -10 725.01 223.61 737.089 273.948 1.39784651899 1.14287444146 0.622999954251 2.71457252522 1.88987221676 14.2344804577 0.00753464155925 7.5013e-07
