pedestrian -1 -1 -10 233.56 170.64 298.165 318.72 1.83199184835 0.738999342794 0.605997909465 -3.71586601939 1.47897816392 7.47288863734 0.00692802392802 0.94524
pedestrian -1 -1 -10 829.57 167.62 873.512 263.257 0.687996953726 0.0900000915968 0.553997820533 6.37284424739 0.782477201621 17.6836017238 0.00692802392802 0.10569
pedestrian -1 -1 -10 325.42 235.4 350.822 283.814 1.06799519062 1.12799949498 1.16799559696 -4.01445050744 1.388070879 10.7368764079 0.00692802392802 0.02497
pedestrian -1 -1 -10 354.4 226.65 383.332 278.794 0.954995749891 1.13099879867 0.817996768171 -3.60644729019 1.36829423592 10.4325851329 0.00692802392802 0.0093674
pedestrian -1 -1 -10 363.07 241.74 385.176 280.447 0.954995749891 1.01699855549 0.630997672539 -3.51334488336 1.36810341669 10.3749383182 0.00692802392802 0.0083321
pedestrian -1 -1 -10 294.02 216.67 313.541 267.157 1.01699541956 0.658999950139 0.651997502131 -4.68106281525 1.34834067544 11.2339906954 0.00692802392802 0.0057602
pedestrian -1 -1 -10 310.66 220.3 345.587 280.47 1.06799519062 1.19599928868 1.15199586303 -4.12520273179 1.38850012605 10.6286417949 0.00692802392802 0.0046914
pedestrian -1 -1 -10 892.25 224.4 918.35 281.024 1.16999479234 1.14299887446 1.13099579503 4.58076960894 1.38859409069 10.5377657483 0.00692802392802 0.0029114
pedestrian -1 -1 -10 368.21 225.08 390.689 276.874 1.00599555075 0.9779999781 1.13799597664 -3.58667525868 1.32425520229 11.292888366 0.00692802392802 0.0027521
pedestrian -1 -1 -10 333.1 216.98 367.005 278.202 0.961995688081 1.0499985255 1.07499577261 -3.73521463706 1.37569462897 10.3929806234 0.00692802392802 0.0027271
pedestrian -1 -1 -10 284.86 216.54 302.805 275.242 1.05799524486 1.17999950552 0.974996243481 -4.49557219074 1.38966621483 10.502211566 0.00692802392802 0.00095846
pedestrian -1 -1 -10 345.02 248.6 373.469 283.932 0.959995722771 0.862999331241 0.895996543943 -3.64636769264 1.37355729188 10.2988617895 0.00692802392802 0.00075063
pedestrian -1 -1 -10 1058.3 90.54 1092.44 203.56 1.71299237758 0.609999243294 1.19799593254 7.61267430525 0.820133467509 11.4943074532 0.00692802392802 0.00070545
pedestrian -1 -1 -10 297.56 211.51 327.857 276.806 0.219999021292 0.0559997179096 0.195999363196 -7.71660095735 1.50212993603 18.7403482355 0.00692802392802 0.00064984
pedestrian -1 -1 -10 902.42 228.43 930.595 276.625 0.956995715201 0.844999694391 1.07399608726 4.47304983432 1.37546527013 10.0366079183 0.00692802392802 0.0005965
pedestrian -1 -1 -10 1077.8 87.795 1115.01 209.435 1.66399257183 0.697999481205 1.1969950551 7.98440102799 0.770060926894 11.5357035733 0.00692802392802 0.00049428
pedestrian -1 -1 -10 917.72 228.36 943.397 276.699 2.22499011308 0.953998872844 1.1909955125 5.66752155168 1.3639022655 12.0151308936 0.00692802392802 0.00048232
pedestrian -1 -1 -10 323.92 254.83 356.473 293.867 1.04299532622 1.08000014549 1.1529957868 -4.12302832207 1.36304691076 11.0196211071 0.00692802392802 0.00036962
pedestrian -1 -1 -10 372.35 240.9 394.12 281.495 1.04899534136 1.19199862763 0.77499718522 -3.43972716323 1.3676117754 10.6268793391 0.00692802392802 0.0003428
pedestrian -1 -1 -10 316.22 251.12 343.119 287.623 1.06799519062 1.18499961657 1.15199586303 -4.12464503314 1.38840650641 10.7091394575 0.00692802392802 0.00033968
pedestrian -1 -1 -10 346.8 211.69 365.886 265.551 0.993995550275 1.16499917236 1.01499605513 -3.70486126378 1.37554526208 10.4502533305 0.00692802392802 0.00025689
pedestrian -1 -1 -10 332.11 219.39 345.269 268.558 1.05399531424 1.05599904023 1.19399552222 -4.08429018488 1.37406853423 10.9073563937 0.00692802392802 0.00021537
pedestrian -1 -1 -10 286.2 206.36 314.674 275.803 1.01699541956 0.599999974863 0.651997502131 -4.68085844027 1.34830636746 11.2634899751 0.00692802392802 0.00021143
pedestrian -1 -1 -10 691.35 172.97 703.702 217.717 1.40699369162 0.215999456893 1.18199560256 2.42007800502 0.736464130087 17.6055132761 0.00692802392802 0.00014992
pedestrian -1 -1 -10 926.84 226.64 953.116 276.172 0.993995609879 1.01099899443 1.05399641985 5.13567127524 1.41005059793 10.5500488019 0.00692802392802 0.00014621
pedestrian -1 -1 -10 696.51 173.28 708.296 218.734 2.40098932534 0.843999290711 1.18099555959 2.06336496542 1.49606538098 14.4422115586 0.00692802392802 6.4042e-05
pedestrian -1 -1 -10 488.84 93.996 527.297 222.276 0.947995744646 1.16299931867 0.33999863746 -2.19225013773 -0.0338744257781 16.7813177776 0.00692802392802 5.4871e-05
pedestrian -1 -1 -10 364.21 205.99 401.087 279.624 1.04899534136 1.18799892026 0.77499718522 -3.43947775479 1.36756990776 10.6628787025 0.00692802392802 5.1917e-05
pedestrian -1 -1 -10 934.36 220.76 975.406 278.498 0.971995633841 0.728999597526 1.19199543627 4.93450118555 1.38912308367 10.0974193146 0.00692802392802 1.8675e-05
pedestrian -1 -1 -10 261.66 202.52 294.829 295.376 1.81299187988 0.738999342794 0.605997909465 -3.71589221883 1.45997819545 7.47287777026 0.00692802392802 1.7413e-05
pedestrian -1 -1 -10 983.11 223.33 1018.73 293.342 2.01099099368 0.967999755995 1.19399576064 6.68048503987 1.39342985467 11.7352647516 0.00692802392802 1.7115e-05
