pedestrian -1 -1 -10 497.07 175.6 510.699 207.375 1.33685325658 0.429953201661 0.551999876802 -5.48080509076 1.61186371489 39.6918976217 0.00753464155925 0.89032
pedestrian -1 -1 -10 516.16 172.44 526.665 203.191 0.623931478978 0.590938677693 0.542000127819 -4.7058722559 0.927268973951 41.4396586262 0.00753464155925 0.18863
pedestrian -1 -1 -10 0.0 97.939 85.676 301.969 2.07577208328 1.19886901651 0.724999682701 -7.22207588958 1.42258684124 8.94754602991 0.00753464155925 0.019533
pedestrian -1 -1 -10 768.07 154.83 779.809 188.115 1.89279214704 1.19786967531 0.191000045483 2.01115766694 1.30890581747 8.81279483691 0.00753464155925 0.017823
pedestrian -1 -1 -10 1125.6 156.65 1152.83 243.263 2.01377885413 1.19586956255 0.650999823609 5.74954813337 1.39037987714 7.78517858146 0.00753464155925 0.0065876
pedestrian -1 -1 -10 0.48118 115.24 47.9092 226.43 1.74280869924 1.19786967531 0.810999622043 -7.28030820929 1.09143668745 8.79990157285 0.00753464155925 0.005503
pedestrian -1 -1 -10 0.0 205.84 44.775 337.46 2.27774986768 1.19686938054 0.829999669633 -7.19747699331 1.62668120301 8.68479808432 0.00753464155925 0.0043769
pedestrian -1 -1 -10 719.82 174.36 741.352 229.756 1.73380959463 1.11587792549 0.652999916457 2.46716203115 1.59176504231 14.4917795028 0.00753464155925 0.0040674
pedestrian -1 -1 -10 711.25 177.3 732.743 235.824 1.73380959463 1.14187510026 0.658999956582 2.46426003477 1.59195965909 14.5048002927 0.00753464155925 0.0030368
pedestrian -1 -1 -10 1089.4 179.62 1127.75 279.026 2.10376900625 1.19086951905 0.650999823609 5.58508063833 1.47844453761 7.9853075569 0.00753464155925 0.0030261
pedestrian -1 -1 -10 1117.2 176.36 1146.16 272.592 2.09876955998 1.19486926778 0.816999662168 5.6666784725 1.47563084275 7.79867160928 0.00753464155925 0.001584
pedestrian -1 -1 -10 1082.2 214.82 1111.7 294.051 2.01177915906 1.05688437327 0.505999887069 5.72663503357 1.38839300553 8.52796788206 0.00753464155925 0.0014554
pedestrian -1 -1 -10 0.0 92.166 32.131 189.65 1.54882993352 1.194868791 0.794999832935 -7.289025658 0.898168341197 8.71388045274 0.00753464155925 0.00093863
pedestrian -1 -1 -10 12.296 106.47 179.436 322.01 2.30274709905 1.19686842697 0.555999585661 -7.24838685602 1.63557692667 10.0264201348 0.00753464155925 0.00070633
pedestrian -1 -1 -10 0.0 154.76 59.252 315.83 2.25875201952 1.19586908577 0.880999772277 -7.22163295559 1.60535952303 8.86467999575 0.00753464155925 0.00068812
pedestrian -1 -1 -10 715.92 170.7 750.362 247.83 1.35585110474 0.959894876882 0.485999912265 2.38319329761 1.59067124119 14.411619802 0.00753464155925 0.00051242
pedestrian -1 -1 -10 277.84 189.89 291.114 229.91 0.915899355897 0.696924152028 0.54599935984 -10.5217818674 1.7356777375 23.8652440718 0.00753464155925 0.00050262
pedestrian -1 -1 -10 0.0 151.83 38.13 250.993 2.22175602174 1.1938694498 0.824999556723 -7.27361155496 1.57149057915 8.73628121603 0.00753464155925 0.00041385
pedestrian -1 -1 -10 729.06 178.63 743.474 227.638 1.73380959463 1.05188480656 0.652999916457 2.46692095083 1.59129136166 14.4597838515 0.00753464155925 0.00040282
pedestrian -1 -1 -10 0.38609 158.87 120.006 344.52 2.27974962235 1.18986922428 0.422999729371 -6.98919495456 1.62495599396 9.31985677618 0.00753464155925 0.00036184
pedestrian -1 -1 -10 1074.1 203.51 1104.78 283.764 1.80180208779 0.58593625027 0.631999776019 3.88733969395 1.24864845945 6.23952364318 0.00753464155925 0.00034726
pedestrian -1 -1 -10 723.32 158.13 759.601 222.641 1.57182744747 0.974893577022 0.313999914371 2.12131532297 1.59504234964 10.9831535482 0.00753464155925 0.00015316
pedestrian -1 -1 -10 704.52 168.57 728.772 244.406 1.73380959463 1.18486965757 0.658999956582 2.46442200753 1.59227790721 14.5262969612 0.00753464155925 5.1276e-05
pedestrian -1 -1 -10 696.27 173.88 718.031 230.004 1.69981334806 1.1838693628 0.378999832485 2.34312686279 1.50059245018 15.6909769157 0.00753464155925 3.8235e-05
pedestrian -1 -1 -10 682.11 180.9 717.03 242.056 1.4168444491 1.09987988415 0.216000013988 2.24844271748 1.52973234139 17.1123605371 0.00753464155925 2.7964e-05
pedestrian -1 -1 -10 1115.0 142.15 1147.86 237.749 2.01877830041 1.19886901651 0.650999823609 5.74959111106 1.39546073827 7.79064088222 0.00753464155925 2.1333e-05
pedestrian -1 -1 -10 13.905 189.74 49.161 295.65 2.25875201952 1.19886901651 0.880999772277 -7.2215613884 1.60550014003 8.87417823539 0.00753464155925 1.6013e-06
