pedestrian -1 -1 -10 987.72 218.85 1028.74 333.01 1.57982651457 1.19286915503 0.734999908522 3.71671725785 1.53397818883 6.3184533821 0.00753464155925 0.00094155
pedestrian -1 -1 -10 971.56 289.83 1006.34 351.189 1.57582700523 0.891902009219 0.710999748022 3.71309849585 1.53269857768 6.50199535886 0.00753464155925 0.00059994
pedestrian -1 -1 -10 1018.5 200.66 1054.22 281.387 1.57382713137 1.18387031637 0.953999704154 3.82583175306 1.52715155712 6.26718099971 0.00753464155925 0.0005356
pedestrian -1 -1 -10 1004.3 195.64 1036.31 279.523 1.57382713137 1.16287270831 0.833999855329 3.76591263087 1.52735066695 6.27813093269 0.00753464155925 0.00051199
pedestrian -1 -1 -10 704.79 207.27 721.168 251.737 1.97278340661 1.16787132146 0.150999976665 3.42706624526 1.56976521082 20.0714111351 0.00753464155925 0.00012869
pedestrian -1 -1 -10 1154.4 235.04 1194.84 362.48 1.08388098311 1.19786872174 0.868999930445 3.74182048444 1.46536915731 4.58687044444 0.00753464155925 0.00011557
pedestrian -1 -1 -10 1115.1 240.9 1154.56 356.51 1.02788704778 1.19086951905 0.731999888459 3.67458759878 1.48185243835 4.75124097856 0.00753464155925 0.00010352
pedestrian -1 -1 -10 1028.6 219.55 1047.27 277.096 1.57382713137 1.19286963181 0.905999859991 3.80114317229 1.52581460231 6.17587414642 0.00753464155925 6.8981e-05
pedestrian -1 -1 -10 692.49 202.43 729.868 249.479 0.760916402226 0.109988560557 0.0369999295461 3.39869671394 1.52412676367 21.031463969 0.00753464155925 5.7944e-05
pedestrian -1 -1 -10 1031.4 200.63 1072.06 285.184 1.57382713137 1.19586908577 1.07799973868 3.88768687391 1.52682516844 6.24771709163 0.00753464155925 5.217e-05
pedestrian -1 -1 -10 1134.5 235.91 1175.97 362.28 1.19486879766 1.19586908577 0.696999813343 3.65520853921 1.46429197783 4.51134978918 0.00753464155925 2.3772e-05
