pedestrian -1 -1 -10 367.0 147.94 413.275 302.78 1.84299170226 0.511999736952 0.6459974827 -2.64448688353 1.44528761186 8.11593698519 0.00692802392802 0.98098
pedestrian -1 -1 -10 760.61 171.03 786.632 239.072 0.764996556938 0.110000535807 0.742997478949 4.09576710185 0.750809430943 17.6372942124 0.00692802392802 0.1054
pedestrian -1 -1 -10 705.45 170.28 717.75 214.883 0.753996628523 0.0989989563481 1.03899589444 2.84950873414 0.739280582801 17.6074206653 0.00692802392802 0.0093599
pedestrian -1 -1 -10 582.75 188.18 596.276 222.67 2.07499068826 0.470999398527 1.17899559285 -0.250326497981 1.18115056451 14.7005702586 0.00692802392802 0.009012
pedestrian -1 -1 -10 325.5 236.09 351.39 284.513 1.0639952302 1.10099908603 1.16099565376 -4.00286434684 1.38602475385 10.7492962014 0.00692802392802 0.0074502
pedestrian -1 -1 -10 828.36 165.94 873.003 265.842 0.689996919036 0.0939997989693 0.550997572399 6.37539966147 0.783461005238 17.6915845719 0.00692802392802 0.0041309
pedestrian -1 -1 -10 710.44 170.3 721.053 217.0 0.754996611178 0.0989989563481 1.14599560519 2.9030086833 0.740133449072 17.6070504208 0.00692802392802 0.0038243
pedestrian -1 -1 -10 335.63 225.54 351.579 275.283 0.960995705426 0.815999431756 1.05999596245 -3.76246214265 1.37789423017 10.284169642 0.00692802392802 0.002922
pedestrian -1 -1 -10 332.18 223.51 346.43 270.714 1.0389953658 1.03299929233 1.14099598636 -4.10126799351 1.3610265722 10.9849693516 0.00692802392802 0.0026758
pedestrian -1 -1 -10 339.93 224.27 358.18 278.841 0.960995705426 1.12299938393 1.05999596245 -3.76139869965 1.37771571234 10.4376659343 0.00692802392802 0.0025742
pedestrian -1 -1 -10 701.16 167.96 714.215 217.039 2.38898935467 0.700998784897 1.19199543627 2.1721299078 1.4927234048 14.4789619415 0.00692802392802 0.0020468
pedestrian -1 -1 -10 309.93 236.02 345.223 279.082 1.00899546891 1.15599935393 1.19099575092 -4.05968877095 1.38649523344 10.4752157523 0.00692802392802 0.0016264
pedestrian -1 -1 -10 332.15 217.79 367.074 284.432 0.960995705426 1.05099988285 1.00799611194 -3.73564880407 1.37768608363 10.4014868379 0.00692802392802 0.0014905
pedestrian -1 -1 -10 1087.5 90.622 1124.1 207.012 1.67299247533 0.697999481205 1.19499616124 8.17130742064 0.774561799007 11.5214078526 0.00692802392802 0.0011995
pedestrian -1 -1 -10 533.67 209.06 552.144 257.525 0.380998314917 0.239999608476 1.05699601234 -1.15088496351 1.11859040725 14.7452225871 0.00692802392802 0.0011192
pedestrian -1 -1 -10 310.26 220.4 332.047 275.256 1.01899541467 1.06699966602 1.12199576588 -4.48142428833 1.34785001998 11.1816044624 0.00692802392802 0.00099531
pedestrian -1 -1 -10 316.8 220.61 342.887 272.68 1.05799527466 1.17799869816 1.15899580623 -4.0808413101 1.38640221645 10.6073369246 0.00692802392802 0.00064068
pedestrian -1 -1 -10 1048.4 88.316 1082.93 205.896 1.64699262828 0.657999546459 1.19299583687 7.46647932021 0.758472596466 11.5502876874 0.00692802392802 0.0005965
pedestrian -1 -1 -10 891.27 230.22 917.449 282.101 1.09499505013 1.18999972762 0.690997151599 4.26952757587 1.39551140535 10.4864722374 0.00692802392802 0.00050856
pedestrian -1 -1 -10 359.18 209.03 371.33 263.721 1.88999151289 0.376999599557 1.1909955125 -5.084889621 0.954833181701 15.2689221829 0.00692802392802 0.00045236
pedestrian -1 -1 -10 886.87 230.49 902.927 276.367 0.944995744527 0.890999190196 0.592997708419 4.24031627974 1.3961568327 9.99325018385 0.00692802392802 0.00045014
pedestrian -1 -1 -10 1036.9 93.404 1071.51 207.064 1.79399192631 0.738000369624 1.18899518814 7.34097098794 0.908771861429 11.5912479705 0.00692802392802 0.00026399
pedestrian -1 -1 -10 715.99 168.7 726.24 215.157 0.756996636093 0.109998628459 1.17499577858 3.01854630907 0.741809471779 17.6117507222 0.00692802392802 0.00022953
pedestrian -1 -1 -10 909.45 239.9 927.659 277.761 0.944995744527 0.833999068606 0.592997708419 4.24011883221 1.39618997778 9.96475080701 0.00692802392802 0.00022819
pedestrian -1 -1 -10 290.48 211.67 313.768 262.151 1.08299513906 0.705999849623 0.927996488631 -4.81725293156 1.34856679715 11.3643992303 0.00692802392802 0.00018573
pedestrian -1 -1 -10 1067.6 81.837 1105.71 211.827 1.78799203038 0.697999481205 1.19499520757 7.83749722489 0.898479720455 11.5237977798 0.00692802392802 0.00018219
pedestrian -1 -1 -10 348.23 180.54 391.108 303.61 1.84299170226 0.511999736952 0.6459974827 -2.64448688353 1.44528761186 8.11593698519 0.00692802392802 0.00013246
pedestrian -1 -1 -10 928.36 225.39 953.202 276.663 0.98699555248 1.04799962549 0.781996651582 5.28344062668 1.40568136958 10.516522956 0.00692802392802 0.00012617
pedestrian -1 -1 -10 489.86 97.15 528.219 221.85 0.94999576956 1.15499990393 0.335998703978 -2.20091312061 -0.0339066632759 16.8303775908 0.00692802392802 0.0001159
pedestrian -1 -1 -10 948.53 236.23 982.807 277.015 2.09599062204 0.961999241263 1.19599560817 6.13750107829 1.38489864668 11.759967695 0.00692802392802 9.6725e-05
pedestrian -1 -1 -10 305.03 211.67 323.496 273.489 1.0229954645 1.13799971708 1.09399575467 -4.54966278587 1.35207834447 11.1465788939 0.00692802392802 6.4118e-05
pedestrian -1 -1 -10 351.06 210.58 362.992 271.361 1.00099548846 1.13899916709 0.972996395949 -3.71756715024 1.37753096736 10.4933404029 0.00692802392802 6.0339e-05
pedestrian -1 -1 -10 906.14 224.66 943.098 277.73 2.15799032152 0.856999770182 1.1949956844 5.47028238727 1.38367426146 11.8160543904 0.00692802392802 5.525e-05
pedestrian -1 -1 -10 843.51 191.25 871.418 273.468 0.553997519612 0.275999835849 0.57499812696 4.89975375424 1.28085068123 13.9173718848 0.00692802392802 4.1236e-05
pedestrian -1 -1 -10 1017.6 98.101 1053.47 212.741 1.79399204552 0.70900010699 1.1989958563 6.9958993904 0.916737475755 11.5791474384 0.00692802392802 2.3109e-05
pedestrian -1 -1 -10 933.55 214.1 970.131 280.093 0.895995998383 0.772999239644 0.226998907284 4.42402637986 1.36152940508 10.098968628 0.00692802392802 1.8911e-05
pedestrian -1 -1 -10 1017.1 149.69 1050.87 260.07 2.25498995036 0.736999965944 1.1979954557 6.9952705354 1.37769996385 11.6134210624 0.00692802392802 7.0865e-07
