pedestrian -1 -1 -10 302.5 232.14 328.081 310.356 1.46683894908 1.18886988308 0.706999562326 -5.35398098506 1.9405050056 12.8608389668 0.00753464155925 0.00026092
pedestrian -1 -1 -10 310.59 227.16 338.908 314.055 1.35585110474 0.653928641148 0.692999866065 -3.59293293113 1.66444641685 9.82491743772 0.00753464155925 0.00013687
pedestrian -1 -1 -10 676.22 156.7 705.776 240.98 2.08177140689 1.13087662563 0.955999797002 2.80934010254 1.20320184523 24.603423064 0.00753464155925 0.00011976
pedestrian -1 -1 -10 696.01 187.2 719.559 251.913 0.972893257966 1.1688725698 1.17699968548 2.22523719883 1.75201950236 16.0453127614 0.00753464155925 9.5209e-05
pedestrian -1 -1 -10 682.35 172.98 712.174 249.936 0.657927785155 0.588934273872 0.967999638833 2.88855512078 1.57141244504 23.7297176942 0.00753464155925 5.6953e-05
pedestrian -1 -1 -10 725.96 190.24 737.932 243.376 1.57182741022 0.596932817758 1.0249997816 2.85080297162 1.03988989097 16.7476703916 0.00753464155925 4.6898e-05
pedestrian -1 -1 -10 1049.3 143.64 1087.76 228.994 1.3418526656 1.19486974457 1.19800006434 6.11345670423 1.25929057484 9.54614705501 0.00753464155925 3.9184e-05
pedestrian -1 -1 -10 721.0 192.84 732.909 246.996 0.91689929283 1.11587697192 1.1979995875 2.63205904517 1.62657503468 15.8301596744 0.00753464155925 3.6496e-05
pedestrian -1 -1 -10 310.94 235.22 326.089 299.641 1.54982984066 1.16887161623 0.758999592185 -5.36104192805 1.9424055386 12.9894953211 0.00753464155925 2.2008e-05
pedestrian -1 -1 -10 711.42 190.18 736.131 257.44 0.863905138493 0.962893854054 1.18999957374 2.53705225232 1.63957618292 15.8257907212 0.00753464155925 1.7195e-05
pedestrian -1 -1 -10 1064.0 142.46 1104.71 240.314 1.34485233486 1.18986922428 1.18199979839 6.66717686692 0.918692256719 10.071611761 0.00753464155925 1.0706e-05
