pedestrian -1 -1 -10 1139.6 260.51 1153.11 310.75 1.94678629791 1.18587090591 0.349999797493 6.601903978 1.31545370165 8.29844104273 0.00753464155925 0.0034331
pedestrian -1 -1 -10 1042.6 229.85 1063.51 288.844 0.703922738549 1.11187865355 0.639999670574 5.40244472972 1.33354751869 8.31301277005 0.00753464155925 0.0024888
pedestrian -1 -1 -10 469.12 131.85 488.336 172.451 1.45484024227 0.37195899064 1.18599950725 -4.1846379069 0.595565438508 23.8638661306 0.00753464155925 0.0020216
pedestrian -1 -1 -10 762.13 127.35 783.229 171.969 0.100988957758 0.0559936214792 0.220999650062 5.48440796821 -0.602941241261 23.2856633966 0.00753464155925 0.001758
pedestrian -1 -1 -10 1033.0 211.14 1058.83 285.139 1.89679177558 1.17787045488 1.19599973307 5.74262851494 1.33015324745 9.45748677884 0.00753464155925 0.0016768
pedestrian -1 -1 -10 1037.2 217.1 1067.83 308.424 0.703922738549 1.11187865355 0.639999670574 5.40244472972 1.33354751869 8.31301277005 0.00753464155925 0.0015778
pedestrian -1 -1 -10 939.45 128.55 973.116 242.36 1.86079568493 1.17887074966 1.03699986185 4.66028351386 1.36112309961 9.47741907927 0.00753464155925 0.0010106
pedestrian -1 -1 -10 1045.4 212.31 1079.77 311.829 0.750917569277 1.08888045595 0.711999675237 5.43800678369 1.32570056843 8.2577011676 0.00753464155925 0.0010039
pedestrian -1 -1 -10 415.02 158.0 429.876 206.826 2.37573909808 0.698922834429 1.18499958004 -5.15256513287 1.58049267388 20.1713855286 0.00753464155925 0.0010022
pedestrian -1 -1 -10 467.25 141.28 480.758 178.679 1.58682577884 0.306967484075 1.17599975827 -4.38426566193 0.725340819828 23.9079329138 0.00753464155925 0.00079145
pedestrian -1 -1 -10 1132.3 246.68 1155.51 316.686 1.94678629791 1.19586860898 0.246999664991 6.54959172466 1.31389252793 8.1908433744 0.00753464155925 0.00045601
pedestrian -1 -1 -10 774.9 128.91 810.404 205.869 1.41184495068 0.919899296744 1.09599985905 4.88049143983 0.635822503143 18.9229756768 0.00753464155925 0.00032111
pedestrian -1 -1 -10 1135.2 242.45 1170.15 343.35 0.863905138493 1.12587658213 0.81100009888 5.45211731352 1.34225788437 7.01351444569 0.00753464155925 0.00025613
pedestrian -1 -1 -10 981.77 120.58 1017.04 240.93 1.84879697812 1.18786958831 1.19899951472 4.99713157905 1.34068149829 9.19155549941 0.00753464155925 0.00024723
pedestrian -1 -1 -10 921.73 126.45 955.757 234.19 1.87079451788 1.18886988308 0.891999448475 4.52825223992 1.37612092132 9.53927417206 0.00753464155925 0.00012704
pedestrian -1 -1 -10 960.09 134.19 994.951 256.2 1.85679617559 1.16687198026 1.16999971814 4.76527992969 1.35410035669 9.27767497637 0.00753464155925 8.6276e-05
pedestrian -1 -1 -10 1115.4 233.74 1152.02 340.78 0.750917569277 1.18687024711 0.988999540852 5.62463863517 1.3199376575 7.8763281826 0.00753464155925 6.0079e-05
pedestrian -1 -1 -10 1059.6 198.45 1099.38 321.45 0.703922738549 1.18087038563 0.694999958913 5.42699463442 1.32773232164 7.92135986619 0.00753464155925 5.7726e-05
pedestrian -1 -1 -10 461.54 139.91 497.274 205.396 2.03377663923 0.37195899064 1.18599950725 -4.18445940063 1.17450183547 23.859579345 0.00753464155925 5.5264e-05
pedestrian -1 -1 -10 971.19 129.98 1006.1 250.76 1.85079673279 1.19486974457 1.16899931409 4.827610925 1.34975986111 9.12220357795 0.00753464155925 4.2026e-05
pedestrian -1 -1 -10 1153.3 233.92 1191.01 349.93 0.842907416466 1.12587658213 0.887999739616 5.52260871918 1.32120883325 7.01313949875 0.00753464155925 2.7884e-05
