pedestrian -1 -1 -10 609.26 169.18 622.295 198.707 0.387957403302 0.333963046474 0.514999842948 0.516438656827 1.06384733485 46.4207326158 0.00753464155925 0.71504
pedestrian -1 -1 -10 606.33 165.72 617.818 200.792 0.387957403302 0.333963046474 0.514999842948 0.516438656827 1.06384733485 46.4207326158 0.00753464155925 0.18648
pedestrian -1 -1 -10 1029.3 183.62 1047.15 232.782 0.901900968909 0.959893923312 0.564000910726 16.6370693815 1.36872965303 27.3659474137 0.00753464155925 0.070327
pedestrian -1 -1 -10 1025.4 178.26 1051.4 257.793 0.67592575598 0.745917617252 0.588000117552 9.57096777392 1.54478519872 15.3892500544 0.00753464155925 0.0071963
pedestrian -1 -1 -10 1034.1 175.5 1048.35 217.8 0.901900968909 0.87090487795 0.729999318775 16.7197309892 1.36801052161 27.3208296853 0.00753464155925 0.0046361
pedestrian -1 -1 -10 991.52 239.34 1004.04 275.152 2.19875860464 0.910900458088 1.04999986932 5.67546324732 1.53349965968 10.6268788914 0.00753464155925 0.0017957
pedestrian -1 -1 -10 0.0 213.75 117.68 362.61 1.67881560368 0.808911394986 0.856999611777 -4.61479745939 1.50573136138 6.02333120797 0.00753464155925 5.4351e-05
pedestrian -1 -1 -10 40.747 268.19 75.205 342.907 1.68281523222 0.817910233643 0.872999877722 -4.62276223151 1.50980342451 6.02786107532 0.00753464155925 2.9569e-05
pedestrian -1 -1 -10 0.0 186.65 202.38 350.45 1.67781578594 1.12287665139 0.746999511935 -4.55061680971 1.50700966347 6.17984278492 0.00753464155925 1.1515e-05
pedestrian -1 -1 -10 438.06 173.61 464.823 210.106 0.492945938938 0.331964364072 0.334000008385 -6.78438285381 1.39358166761 30.4294260528 0.00753464155925 3.7772e-06
pedestrian -1 -1 -10 444.73 181.99 473.736 216.709 2.41673466479 0.790913717674 0.822999702293 -5.66326110803 1.46563392454 28.4673816623 0.00753464155925 2.5821e-06
pedestrian -1 -1 -10 423.31 147.6 464.025 206.039 0.103988589763 0.568937914158 0.692000177269 -14.7807919618 0.0279859637892 66.9365425219 0.00753464155925 1.2278e-08
