pedestrian -1 -1 -10 362.12 162.15 425.231 301.08 1.70899232775 0.577000226961 0.986996520761 -2.6975520846 1.41455372544 8.88586557107 0.00692802392802 0.99662
pedestrian -1 -1 -10 843.0 219.74 857.011 260.573 0.552997536957 0.284000204268 0.586997688988 4.89173584611 1.27887504133 13.9154253365 0.00692802392802 0.055654
pedestrian -1 -1 -10 698.13 167.01 717.648 236.197 1.74699220508 0.202998977422 1.19599560817 2.67471363056 0.739746049114 17.6180552541 0.00692802392802 0.025672
pedestrian -1 -1 -10 842.21 157.92 856.183 218.785 2.13699050695 0.942999200733 1.17199553044 4.35999332842 1.27515642989 12.3226450123 0.00692802392802 0.024267
pedestrian -1 -1 -10 703.99 166.82 717.388 214.579 0.755996608734 0.136999037408 1.02799625618 2.82930726281 0.740286928462 17.6505619134 0.00692802392802 0.021115
pedestrian -1 -1 -10 350.31 164.39 398.813 298.27 1.70899232775 0.577000226961 0.953996413889 -2.71405174169 1.41459909806 8.8859799357 0.00692802392802 0.017402
pedestrian -1 -1 -10 847.81 215.46 865.927 261.76 1.14799490571 0.983998585485 0.67499765609 4.28448833047 1.38363389813 11.2173419372 0.00692802392802 0.014751
pedestrian -1 -1 -10 696.6 169.76 709.92 222.138 2.06099075228 0.657999546459 1.19099539329 2.06983060669 1.16506264119 14.4289791828 0.00692802392802 0.0045715
pedestrian -1 -1 -10 838.95 216.65 852.22 257.837 0.552997536957 0.284000204268 0.586997688988 4.89173584611 1.27887504133 13.9154253365 0.00692802392802 0.0043417
pedestrian -1 -1 -10 1040.8 231.81 1053.36 265.495 0.218999098241 0.595999313817 0.532997990941 8.98560947422 1.5566640612 13.8485787228 0.00692802392802 0.0035727
pedestrian -1 -1 -10 337.79 211.78 380.5 294.157 0.99299556762 1.18799987393 0.975996167247 -3.74342146223 1.37749742536 10.5850262012 0.00692802392802 0.0030991
pedestrian -1 -1 -10 710.59 168.18 722.046 213.199 0.755996608734 0.184999340572 1.17499554016 2.90263886699 0.740112727499 17.6260528995 0.00692802392802 0.0030619
pedestrian -1 -1 -10 669.63 217.47 683.758 262.115 2.06199079454 0.664000061191 1.19799557491 1.52432643081 1.16756620806 14.4297605062 0.00692802392802 0.0020322
pedestrian -1 -1 -10 751.37 153.67 785.386 225.141 2.06899073273 0.443998989578 0.904996811507 3.21836871392 1.17014221052 14.2130178955 0.00692802392802 0.001896
pedestrian -1 -1 -10 690.15 171.26 713.995 254.136 2.06099075228 0.657999546459 1.17499554016 2.05983095358 1.16509013936 14.4290484937 0.00692802392802 0.0017795
pedestrian -1 -1 -10 665.03 221.66 677.757 262.047 2.2629898712 1.15599840026 1.02099613417 1.32156460673 1.43806053867 12.7383213604 0.00692802392802 0.0016813
pedestrian -1 -1 -10 713.33 164.72 727.532 209.054 0.757996618748 0.14099874478 1.19199543627 3.0119889744 0.742837213846 17.6032964571 0.00692802392802 0.0012873
pedestrian -1 -1 -10 897.19 227.94 921.345 277.823 0.919995880127 0.936999639674 0.595997718135 4.32165692034 1.37062318821 10.2636785585 0.00692802392802 0.0010498
pedestrian -1 -1 -10 941.21 225.46 973.254 274.504 0.985995569825 0.872999553346 0.324999065717 4.91745144925 1.40526494401 10.0145463154 0.00692802392802 0.00087403
pedestrian -1 -1 -10 905.7 234.19 927.481 277.026 0.914995907247 0.806000163325 0.652997664315 4.22859743268 1.36613591445 10.0398152574 0.00692802392802 0.00074838
pedestrian -1 -1 -10 835.49 157.2 862.12 236.349 0.689996919036 0.0909995416031 0.511998161349 6.39900635833 0.783378357885 17.7069213765 0.00692802392802 0.00059221
pedestrian -1 -1 -10 1037.1 233.58 1048.85 261.503 2.2629898116 0.981999685473 1.1969950551 7.40551103318 1.37544535404 11.721074172 0.00692802392802 0.00053385
pedestrian -1 -1 -10 756.33 160.05 768.292 205.599 0.765996584296 0.159000288978 0.994996387724 3.94553912424 0.749259737421 17.605832513 0.00692802392802 0.00049389
pedestrian -1 -1 -10 325.96 213.31 349.528 281.656 0.962995670736 0.721999632787 0.975996167247 -3.74557625868 1.37786609054 10.2680512698 0.00692802392802 0.0004102
pedestrian -1 -1 -10 751.88 167.8 762.618 207.591 0.765996584296 0.159000288978 1.1109958892 3.8875407667 0.749419227827 17.606234519 0.00692802392802 0.00039648
pedestrian -1 -1 -10 353.57 210.49 375.875 279.324 0.943995821476 0.728999597526 0.588997774937 -3.55208366205 1.35833007779 10.2701991259 0.00692802392802 0.00021232
pedestrian -1 -1 -10 678.67 217.13 691.295 262.099 2.05999082923 0.603999682236 1.19399546261 1.66611181864 1.16521065592 14.3987756713 0.00692802392802 0.00019825
pedestrian -1 -1 -10 656.84 216.06 678.333 271.876 2.26498983651 1.14699858184 0.960996416691 1.29200815161 1.44006914971 12.8020287988 0.00692802392802 0.00014932
pedestrian -1 -1 -10 836.69 201.64 868.494 258.117 0.552997536957 0.284000204268 0.586997688988 4.89173584611 1.27887504133 13.9154253365 0.00692802392802 0.00012474
pedestrian -1 -1 -10 707.58 161.1 733.034 212.866 0.757996618748 0.14099874478 1.19199543627 3.0119889744 0.742837213846 17.6032964571 0.00692802392802 0.00010406
pedestrian -1 -1 -10 690.21 170.19 707.266 226.757 1.74499223977 0.202998977422 1.19199555548 2.4247177571 0.738433542986 17.6197868958 0.00692802392802 9.3808e-05
pedestrian -1 -1 -10 884.34 219.29 913.438 276.8 0.903996038437 0.664999511198 0.595997718135 4.1995945522 1.35529640685 9.96950786989 0.00692802392802 7.4204e-05
pedestrian -1 -1 -10 874.77 229.99 896.675 277.269 0.919995880127 0.936999639674 0.595997718135 4.32165692034 1.37062318821 10.2636785585 0.00692802392802 6.8012e-05
pedestrian -1 -1 -10 889.82 220.89 903.054 275.682 0.677996978164 0.282999800588 0.530997904991 4.16597626466 1.31660804615 9.77882250914 0.00692802392802 5.97e-05
pedestrian -1 -1 -10 742.59 127.7 775.255 211.262 1.96799123287 0.587999899072 1.05899603868 3.11298759074 1.06930742787 14.3226923455 0.00692802392802 5.6918e-05
pedestrian -1 -1 -10 765.0 163.39 796.554 246.724 2.17699034959 0.881999371771 1.04099621881 3.23668412703 1.33223460096 12.339970834 0.00692802392802 4.7211e-05
pedestrian -1 -1 -10 249.68 206.62 275.564 271.725 1.52299324423 1.09899923234 1.18399556931 -6.49362751716 1.28363708085 13.5942368819 0.00692802392802 4.6391e-05
pedestrian -1 -1 -10 316.32 210.92 343.747 274.565 1.01799543202 0.806999613332 1.04499615229 -4.46557558241 1.34574812069 11.2324936971 0.00692802392802 1.2424e-05
pedestrian -1 -1 -10 411.28 186.45 443.336 285.779 2.44098910838 0.763999421219 1.18599541684 -3.70077164506 1.52105245416 15.2371708208 0.00692802392802 1.1713e-05
pedestrian -1 -1 -10 741.2 162.46 752.64 207.7 0.762996576726 0.159000288978 1.18499549307 3.65454306163 0.747059932172 17.6078477593 0.00692802392802 6.9147e-06
pedestrian -1 -1 -10 401.38 155.96 417.6 230.015 2.34598950446 0.749999491742 1.18899566497 -4.06835803314 1.42205530211 15.2466577593 0.00692802392802 7.8279e-07
pedestrian -1 -1 -10 381.13 150.95 419.403 261.67 1.70899232775 0.577000226961 0.936996517778 -2.67255268363 1.41448497928 8.88569229189 0.00692802392802 3.5679e-08
pedestrian -1 -1 -10 316.8 200.89 359.529 289.356 0.215999090671 0.000999450006289 0.00399969506399 -6.88385049892 1.46402686738 18.571032973 0.00692802392802 2.177e-08
