pedestrian -1 -1 -10 911.0 151.7 970.24 304.59 1.69799238443 0.714999668048 0.466998254031 4.1071311762 1.3860256349 8.67769127492 0.00692802392802 0.96413
pedestrian -1 -1 -10 875.21 153.19 995.53 302.75 1.69799238443 0.714999668048 0.466998254031 4.1071311762 1.3860256349 8.67769127492 0.00692802392802 0.10018
pedestrian -1 -1 -10 701.37 165.51 719.835 209.575 1.00199550092 0.522000912731 1.1069957173 2.79042576338 0.986182619264 17.8354785124 0.00692802392802 0.010756
pedestrian -1 -1 -10 893.45 216.26 924.438 293.347 0.950995759666 1.0359995497 0.616997786144 4.24198655889 1.40287835586 10.2327488953 0.00692802392802 0.0041221
pedestrian -1 -1 -10 696.79 191.4 708.743 227.725 2.40698928088 0.773999643324 1.18199560256 2.05457025025 1.5109786139 14.5392888602 0.00692802392802 0.0016502
pedestrian -1 -1 -10 890.18 222.95 911.012 278.243 0.950995759666 0.828999911228 0.545997953569 4.27820266593 1.40266036804 10.3360001748 0.00692802392802 0.0011183
pedestrian -1 -1 -10 897.37 199.59 947.945 296.915 1.69799238443 0.714999668048 0.466998254031 4.1071311762 1.3860256349 8.67769127492 0.00692802392802 0.0010041
pedestrian -1 -1 -10 882.46 222.19 900.014 275.513 0.918995837868 1.06299900497 0.616997786144 4.24184890785 1.37089413401 10.2192311892 0.00692802392802 0.00094505
pedestrian -1 -1 -10 888.77 232.06 901.076 284.45 0.950995759666 0.787999572802 0.616997786144 4.2409404395 1.40305396561 10.0817530754 0.00692802392802 0.00078894
pedestrian -1 -1 -10 841.37 210.63 870.264 263.466 0.553997579217 0.30699995217 0.634997844438 4.909774957 1.27981918942 13.9208013279 0.00692802392802 0.00064413
pedestrian -1 -1 -10 709.43 168.66 726.138 209.479 1.00599555075 0.522000912731 1.1869953406 2.92542751987 0.989811441249 17.8345450962 0.00692802392802 0.00061521
pedestrian -1 -1 -10 391.88 176.56 405.824 222.401 2.35198945999 0.536999338541 1.19699529352 -4.33289019425 1.42487135459 15.1709884813 0.00692802392802 0.00054079
pedestrian -1 -1 -10 753.74 161.5 781.18 236.947 2.40498931557 0.710999960676 1.00499634064 3.23583270984 1.5059287447 14.357595862 0.00692802392802 0.00025651
pedestrian -1 -1 -10 876.54 230.79 893.84 276.233 0.918995837868 0.973999317054 0.545997953569 4.27765626492 1.37074476215 10.2634839094 0.00692802392802 0.00017193
pedestrian -1 -1 -10 871.34 210.43 896.295 273.317 0.918995837868 1.01999881286 0.616997786144 4.24169995586 1.37091913825 10.1977316091 0.00692802392802 0.00014731
pedestrian -1 -1 -10 347.49 211.34 369.313 274.731 1.06199529469 1.1819993592 1.10099569787 -3.71226519333 1.38128916589 10.6917776235 0.00692802392802 0.00014072
pedestrian -1 -1 -10 905.81 222.95 937.252 297.108 1.69799238443 0.714999668048 0.466998254031 4.1071311762 1.3860256349 8.67769127492 0.00692802392802 0.00013608
pedestrian -1 -1 -10 743.94 131.37 774.635 210.029 1.96899115592 0.56299934381 1.04399622852 3.10732623721 1.07034980527 14.2992316534 0.00692802392802 0.00011513
pedestrian -1 -1 -10 887.51 212.11 903.501 270.466 0.950995759666 0.765999274906 0.545997953569 4.27842089914 1.40262373371 10.367499737 0.00692802392802 8.387e-05
pedestrian -1 -1 -10 340.37 220.59 381.879 280.779 1.06199529469 1.19199958131 1.18899542655 -3.64856486446 1.38116318483 10.6483348702 0.00692802392802 4.6925e-05
pedestrian -1 -1 -10 361.69 196.58 379.091 270.481 1.06499518305 1.18299976288 1.17299569263 -3.61075256371 1.38359524024 11.0535839261 0.00692802392802 3.9872e-05
pedestrian -1 -1 -10 911.46 241.24 928.483 295.456 1.69799238443 0.714999668048 0.466998254031 4.1071311762 1.3860256349 8.67769127492 0.00692802392802 3.8583e-05
pedestrian -1 -1 -10 922.67 144.03 988.737 272.41 1.69799238443 0.554998975391 0.466998254031 4.10657693632 1.38611867392 8.5976928485 0.00692802392802 3.7601e-05
pedestrian -1 -1 -10 358.59 184.66 391.949 274.071 1.01099555343 1.19699873869 0.787997147849 -3.55683200809 1.3760466656 10.5292203589 0.00692802392802 2.0991e-05
pedestrian -1 -1 -10 380.5 208.42 398.912 253.965 2.26098990589 0.534999484855 1.19499520757 -4.54401124568 1.33145084567 15.1733953763 0.00692802392802 1.377e-05
pedestrian -1 -1 -10 922.87 231.98 939.091 299.236 1.69799238443 0.714999668048 0.466998254031 4.1071311762 1.3860256349 8.67769127492 0.00692802392802 6.8027e-06
pedestrian -1 -1 -10 328.36 212.03 349.007 278.384 0.983995604515 0.734999158585 1.08099579204 -3.7052944438 1.39879594208 10.2322833965 0.00692802392802 1.7677e-06
pedestrian -1 -1 -10 314.94 197.82 361.386 279.574 0.966995720565 1.04699922181 1.18599541684 -3.83673337494 1.38197898588 10.3891883369 0.00692802392802 3.3404e-08
