pedestrian -1 -1 -10 1087.3 120.02 1169.59 364.98 1.96299123019 1.04099918391 0.784996899716 4.45519873206 1.49851220722 5.66418185205 0.00692802392802 0.99522
pedestrian -1 -1 -10 601.08 140.73 649.171 331.08 1.84499181658 0.59799964434 0.554997898898 0.296667836505 1.44290562191 7.47854076846 0.00692802392802 0.98976
pedestrian -1 -1 -10 898.32 139.88 1008.91 367.76 1.72899230868 0.887999409667 0.602997661332 2.81744499389 1.48635936827 5.37614299095 0.00692802392802 0.94246
pedestrian -1 -1 -10 996.86 151.58 1112.25 370.0 1.72999220751 1.14499920499 0.858996742006 3.00502297662 1.53592518593 4.42937726306 0.00692802392802 0.89537
pedestrian -1 -1 -10 603.47 154.3 643.934 266.73 1.84499181658 0.59799964434 0.554997898898 0.296667836505 1.44290562191 7.47854076846 0.00692802392802 0.82644
pedestrian -1 -1 -10 1040.1 117.0 1210.19 358.19 1.96299123019 1.04099918391 0.76099682199 4.44319898145 1.49854520549 5.66426502632 0.00692802392802 0.72334
pedestrian -1 -1 -10 961.15 135.76 1168.78 356.05 1.72999220751 1.17799917499 0.94099645126 3.04630935753 1.53576417877 4.4705921537 0.00692802392802 0.57946
pedestrian -1 -1 -10 907.41 144.03 1095.99 359.22 2.2719897747 1.11199971182 1.18799526437 6.63831306226 1.3926786244 11.618401289 0.00692802392802 0.525
pedestrian -1 -1 -10 1117.5 126.05 1219.52 350.88 2.07399076521 0.747999638056 1.11599598486 9.14790853399 1.16277643828 11.6018626597 0.00692802392802 0.045534
pedestrian -1 -1 -10 596.93 195.18 677.316 321.2 1.84499181658 0.59799964434 0.554997898898 0.296667836505 1.44290562191 7.47854076846 0.00692802392802 0.039499
pedestrian -1 -1 -10 596.17 152.57 628.511 260.14 1.84499181658 0.59799964434 0.554997898898 0.296667836505 1.44290562191 7.47854076846 0.00692802392802 0.017866
pedestrian -1 -1 -10 366.86 218.73 386.558 274.4 0.968995626271 1.0369989997 0.620997481208 -3.51266742023 1.38199280947 10.4699442483 0.00692802392802 0.0082608
pedestrian -1 -1 -10 1083.1 152.86 1124.81 313.4 1.96199118793 0.85099925545 0.470998425931 4.34285849401 1.49771241354 5.75996218444 0.00692802392802 0.0058956
pedestrian -1 -1 -10 840.55 187.77 868.99 262.72 0.553997579217 0.289999765327 0.612997614245 4.898598441 1.27987909444 13.8953779033 0.00692802392802 0.0050535
pedestrian -1 -1 -10 621.13 180.09 658.4 294.59 2.07099069804 0.489999439056 0.796996998183 0.981749090687 1.17090719523 14.5655219109 0.00692802392802 0.0027059
pedestrian -1 -1 -10 1119.7 122.31 1174.18 313.84 1.96299123019 1.11499901551 0.84099692213 4.48294173643 1.49847824176 5.62698875144 0.00692802392802 0.0021481
pedestrian -1 -1 -10 1164.9 218.38 1224.02 350.1 1.96299123019 0.732999304898 0.84099692213 4.48161849545 1.49870037129 5.43599347988 0.00692802392802 0.0012344
pedestrian -1 -1 -10 642.79 192.13 655.254 238.47 2.26098984629 1.14399927814 0.749997124125 1.07996497465 1.44257960602 12.8670046027 0.00692802392802 0.0012303
pedestrian -1 -1 -10 1015.2 149.74 1094.41 300.02 1.72999220751 1.17399946762 0.881996657548 3.01682402421 1.53584297316 4.4727964281 0.00692802392802 0.0011785
pedestrian -1 -1 -10 609.34 142.91 634.411 196.503 1.64599270523 0.59799964434 0.521998030443 0.279893894641 1.24395188284 7.4785413143 0.00692802392802 0.0011541
pedestrian -1 -1 -10 609.42 140.14 658.136 247.08 0.986995626986 0.56299934381 0.882996730325 0.967755343556 0.972308687637 17.7485966492 0.00692802392802 0.0010986
pedestrian -1 -1 -10 702.45 164.23 717.431 228.963 0.753996643424 0.0949992489756 1.00299625469 2.82759657332 0.73832597852 17.6205712208 0.00692802392802 0.0010396
pedestrian -1 -1 -10 1063.5 147.28 1104.53 290.98 2.07899067849 0.839998629665 1.1939952838 7.85101760334 1.1853381738 11.6148708365 0.00692802392802 0.00088024
pedestrian -1 -1 -10 1053.5 147.45 1132.21 300.14 2.08299060911 0.942999200733 1.18099579801 8.06385614236 1.18469510288 11.6638943505 0.00692802392802 0.00080685
pedestrian -1 -1 -10 360.61 228.06 379.42 279.375 0.968995626271 1.08599875287 0.825996635134 -3.61499480069 1.38224617463 10.4951539786 0.00692802392802 0.00078926
pedestrian -1 -1 -10 885.17 233.1 902.124 277.288 0.949995777011 1.02399852023 0.648997492415 4.25456486404 1.40291355004 10.1716609981 0.00692802392802 0.00071282
pedestrian -1 -1 -10 1104.6 124.3 1157.15 278.69 1.96299123019 1.04099918391 0.808996977441 4.46719848267 1.49847920896 5.66409867777 0.00692802392802 0.00064484
pedestrian -1 -1 -10 891.76 231.93 905.709 272.698 0.949995777011 0.68699885542 0.609997604529 4.23389802697 1.40316313429 10.0033003669 0.00692802392802 0.0005768
pedestrian -1 -1 -10 357.5 223.01 369.997 275.62 0.97999561429 0.640999359615 0.605997671048 -3.52152371356 1.39324369145 10.2720074545 0.00692802392802 0.00044073
pedestrian -1 -1 -10 606.07 143.62 622.097 214.45 1.71399236023 0.59799964434 0.554997898898 0.296487198653 1.31190616556 7.47846584305 0.00692802392802 0.00041162
pedestrian -1 -1 -10 610.77 145.53 641.816 226.225 1.81499186009 0.59799964434 0.554997898898 0.296626468946 1.41290566542 7.47852360992 0.00692802392802 0.00040339
pedestrian -1 -1 -10 763.07 169.27 776.197 220.218 0.763996574283 0.0970000563355 0.816996605987 4.05781862924 0.749905220342 17.6450565343 0.00692802392802 0.00033329
pedestrian -1 -1 -10 636.54 189.79 650.805 239.362 2.07099069804 0.489999439056 0.880996674178 1.02374791981 1.17079170213 14.565230803 0.00692802392802 0.00028238
pedestrian -1 -1 -10 1198.1 224.17 1224.04 336.92 1.91399142444 0.734999158585 0.930996259929 4.52655644404 1.44957566047 5.43665345696 0.00692802392802 0.0002522
pedestrian -1 -1 -10 697.99 170.12 710.352 226.716 1.46099344045 0.86999929598 0.597997804084 1.57564798015 1.43095185305 13.0980281025 0.00692802392802 0.00024772
pedestrian -1 -1 -10 601.68 146.18 617.295 208.868 1.68999241889 0.59799964434 0.554997898898 0.296454104639 1.28790622422 7.47845211623 0.00692802392802 0.00018007
pedestrian -1 -1 -10 346.33 216.09 374.617 281.169 1.05999526978 1.18599906657 1.0229959221 -3.71266708501 1.38535887591 10.6317844039 0.00692802392802 9.3231e-05
pedestrian -1 -1 -10 372.4 205.33 396.612 274.632 1.01099543422 1.17399899078 0.690997390017 -3.546570945 1.38189541792 10.636658323 0.00692802392802 7.1375e-05
pedestrian -1 -1 -10 692.19 208.71 705.059 262.888 2.39898930043 0.891999593876 1.19299547924 1.9691609747 1.50336218227 14.4098730592 0.00692802392802 6.2223e-05
pedestrian -1 -1 -10 879.81 227.69 895.564 277.823 0.949995777011 1.12799949498 0.615997862378 4.30788796196 1.40263078849 10.2902941339 0.00692802392802 4.6891e-05
pedestrian -1 -1 -10 1145.3 221.99 1203.88 346.26 1.96299123019 0.841999437025 0.808996977441 4.46599648218 1.49868098612 5.49060313649 0.00692802392802 2.6883e-05
pedestrian -1 -1 -10 879.76 206.14 901.566 270.593 0.948995734751 0.799998694919 0.622997567158 4.24078790284 1.40207950965 10.0597533063 0.00692802392802 2.1582e-05
pedestrian -1 -1 -10 340.8 209.52 365.232 285.656 1.00499547869 1.06599926234 1.02999586529 -3.71712339666 1.38554178425 10.4828441058 0.00692802392802 1.4207e-05
pedestrian -1 -1 -10 285.73 201.26 312.665 272.29 1.11199508309 1.0039990297 0.994996149307 -4.7755286113 1.37858711735 11.24612479 0.00692802392802 8.7851e-06
pedestrian -1 -1 -10 317.38 198.82 354.182 280.796 1.0639952302 1.18699947025 1.16299573971 -4.09300412401 1.38813190718 10.8729263325 0.00692802392802 6.8366e-06
pedestrian -1 -1 -10 768.46 161.66 793.172 245.748 2.18199032247 0.808000017011 1.00499634064 3.23108150237 1.33735066576 12.2520102234 0.00692802392802 6.3129e-06
pedestrian -1 -1 -10 1122.4 97.147 1195.9 255.947 1.96899121553 0.686999809094 1.12299592806 8.9287604732 1.05846320751 11.5298187176 0.00692802392802 2.4164e-07
pedestrian -1 -1 -10 488.87 87.63 539.1 217.24 0.971995667368 1.17100064076 0.320998893818 -2.12122058885 -0.0264896414593 17.1478289893 0.00692802392802 1.6339e-07
pedestrian -1 -1 -10 1114.2 101.29 1163.06 217.55 1.6669925496 0.890999667033 0.796997415414 4.50456051415 1.20241441335 5.63066682021 0.00692802392802 8.251e-08
