pedestrian -1 -1 -10 252.83 235.46 296.339 352.05 2.13576549816 1.13387512602 1.19899951472 -3.82737064958 1.54475701517 8.22200629652 0.00753464155925 0.18537
pedestrian -1 -1 -10 261.29 236.62 294.431 303.522 2.13476562082 1.16587216227 1.19699966029 -3.78239415205 1.54467984757 8.2186609529 0.00753464155925 0.071665
pedestrian -1 -1 -10 149.85 207.8 231.064 364.31 2.04877497805 1.19086951905 0.903999528725 -3.53499745625 1.49689518593 5.8120357477 0.00753464155925 0.017871
pedestrian -1 -1 -10 243.9 228.45 278.649 324.434 2.09277023637 0.745918570822 1.02099959591 -4.06704347352 1.504557264 8.40111376304 0.00753464155925 0.0055561
pedestrian -1 -1 -10 266.41 237.59 310.014 333.486 2.13676537549 1.10487897408 1.1979995875 -3.68866529968 1.54906275712 8.24840878565 0.00753464155925 0.0044833
pedestrian -1 -1 -10 1174.0 262.61 1192.03 310.872 1.61282285029 1.09388049945 0.80599998597 5.50036594751 1.60689879531 6.72473672848 0.00753464155925 0.0042178
pedestrian -1 -1 -10 751.72 188.59 763.476 233.349 2.38373829555 1.17487243128 0.640999597788 4.39870392412 1.5786042612 20.1715163836 0.00753464155925 0.0026693
pedestrian -1 -1 -10 294.08 262.89 311.631 310.945 2.10776863479 0.677926179945 1.19899951472 -3.70356507318 1.52323835795 8.46221797277 0.00753464155925 0.00098348
pedestrian -1 -1 -10 1172.9 231.07 1195.52 285.263 1.61282285029 1.05888400924 0.80599998597 5.50023410576 1.60663974933 6.70723898007 0.00753464155925 0.00085107
pedestrian -1 -1 -10 285.46 243.38 307.657 303.786 2.10276906932 0.639930235778 1.19699942187 -3.78842243183 1.51658217226 8.48192156336 0.00753464155925 0.00074371
pedestrian -1 -1 -10 1160.4 245.52 1194.22 320.049 1.61182303256 1.03888621917 0.753000028897 5.47394551473 1.60607369698 6.73544201807 0.00753464155925 0.00047105
pedestrian -1 -1 -10 280.12 231.47 315.891 309.571 2.10776857519 0.686925018601 1.19899975313 -3.74559856387 1.52220239031 8.45804948945 0.00753464155925 0.00043443
pedestrian -1 -1 -10 1170.5 275.7 1193.98 335.866 0.0999890208244 0.0 0.0 6.89785976525 1.57460871314 8.57574484162 0.0 0.0004026
pedestrian -1 -1 -10 1161.1 266.16 1190.24 341.688 1.61182303256 1.06288375797 0.758000141807 5.476535906 1.60624950788 6.74742163697 0.00753464155925 0.00028715
pedestrian -1 -1 -10 1160.4 219.73 1199.91 288.639 1.61182303256 1.07488205058 0.789999720024 5.49230923011 1.60579378457 6.71730542424 0.00753464155925 0.00015404
pedestrian -1 -1 -10 752.51 174.33 771.396 235.301 2.44173195576 1.18886892951 0.731999888459 4.50978032614 1.63571884167 19.8462181114 0.00753464155925 0.00011569
pedestrian -1 -1 -10 1068.8 115.55 1109.25 184.659 0.806911415217 1.19386849623 0.702999853468 10.5263870172 -0.0189644725591 15.9312443593 0.00753464155925 0.00010871
