pedestrian -1 -1 -10 682.75 149.78 720.814 298.98 1.80099196881 0.575998869607 0.82199694007 1.0807327472 1.43383447377 8.27314338853 0.00692802392802 0.97318
pedestrian -1 -1 -10 688.61 155.92 728.888 254.404 0.751996648312 0.206001142136 0.637997615736 2.98536183634 0.737848103213 17.6579805448 0.00692802392802 0.513
pedestrian -1 -1 -10 680.72 156.99 713.742 248.703 1.80099196881 0.575998869607 0.82199694007 1.0807327472 1.43383447377 8.27314338853 0.00692802392802 0.44012
pedestrian -1 -1 -10 766.3 178.5 780.101 238.353 0.763996574283 0.0909995416031 0.714997467742 4.07876957807 0.749855614547 17.6379111834 0.00692802392802 0.064864
pedestrian -1 -1 -10 830.82 166.7 873.72 265.84 0.786996503174 0.114999693185 0.584997841456 6.38617222862 0.783446457116 17.6779529687 0.00692802392802 0.039676
pedestrian -1 -1 -10 324.42 233.5 351.503 277.94 1.06699520797 1.19099917763 1.17399561639 -4.0232653522 1.38806480897 10.7634384549 0.00692802392802 0.032728
pedestrian -1 -1 -10 658.36 257.45 673.189 300.711 1.78599205017 0.575998869607 0.658997564537 0.999214333424 1.41905866675 8.27369969725 0.00692802392802 0.021684
pedestrian -1 -1 -10 763.97 174.46 789.081 243.238 0.762996576726 0.0909995416031 0.631997596305 4.12026989584 0.749741496098 17.6376241123 0.00692802392802 0.011474
pedestrian -1 -1 -10 659.49 185.5 706.045 304.84 1.80099196881 0.575998869607 0.82199694007 1.0807327472 1.43383447377 8.27314338853 0.00692802392802 0.0096138
pedestrian -1 -1 -10 352.77 226.61 381.335 279.906 0.939995831251 0.683999551727 0.567997706927 -3.50446648613 1.35517910087 10.2873682446 0.00692802392802 0.0074071
pedestrian -1 -1 -10 341.02 225.49 356.968 277.057 0.96599573791 1.01199939811 1.07199623973 -3.7514677126 1.38170047542 10.4270986445 0.00692802392802 0.0061038
pedestrian -1 -1 -10 363.97 215.73 387.246 273.396 1.06099531203 1.1719991371 0.820997016304 -3.59850269078 1.38101522685 10.6569884887 0.00692802392802 0.0044943
pedestrian -1 -1 -10 332.75 223.97 363.688 278.368 0.96599573791 1.01199939811 1.07199623973 -3.7514677126 1.38170047542 10.4270986445 0.00692802392802 0.0040102
pedestrian -1 -1 -10 310.89 236.86 344.898 278.848 0.971995633841 1.19299903131 1.14299559547 -4.08264174972 1.3885601884 10.473899001 0.00692802392802 0.0033872
pedestrian -1 -1 -10 652.99 226.77 691.3 307.913 1.80299190432 1.09299967129 0.865996744808 1.24352389537 1.43697541279 13.0026345047 0.00692802392802 0.0029113
pedestrian -1 -1 -10 653.75 251.25 682.629 299.428 0.0999995529652 0.0 0.0 0.540269060943 1.36196372497 11.2178659431 0.0 0.0025089
pedestrian -1 -1 -10 705.8 150.1 721.843 224.786 0.753996613622 0.206001142136 0.762997146358 3.04786285814 0.739676203768 17.6575484923 0.00692802392802 0.0020383
pedestrian -1 -1 -10 1087.9 91.185 1124.28 205.105 1.69499239177 0.904999119673 1.195996085 8.30360664557 0.791068140511 11.6340005884 0.00692802392802 0.0018324
pedestrian -1 -1 -10 892.11 227.19 918.352 279.555 1.13999486566 1.18899932394 0.651997740549 4.27073264896 1.35752897751 10.4678932391 0.00692802392802 0.0015537
pedestrian -1 -1 -10 656.76 160.91 692.605 276.54 1.80299190432 1.1139995655 0.865996744808 1.24286920565 1.43708531411 12.9081372486 0.00692802392802 0.0010774
pedestrian -1 -1 -10 645.14 239.43 677.255 290.918 1.9149914071 0.477999363265 0.374998651469 1.1463335255 1.33594488235 12.3886104936 0.00692802392802 0.0010587
pedestrian -1 -1 -10 904.44 233.43 929.874 276.972 0.906995926797 0.767999128592 0.589997937121 4.24092663779 1.35812831011 10.0167243702 0.00692802392802 0.00082316
pedestrian -1 -1 -10 356.39 216.1 373.845 272.941 0.939995831251 0.709999556996 0.567997706927 -3.50437642252 1.35516398209 10.3003679352 0.00692802392802 0.00080723
pedestrian -1 -1 -10 483.14 80.475 526.213 224.805 1.22599450648 1.17799869816 0.333998856447 -2.25442466588 0.250556611023 16.5544111408 0.00692802392802 0.00066842
pedestrian -1 -1 -10 1048.3 89.084 1082.82 205.414 1.63699268252 0.704999445944 1.19899537947 7.47748687522 0.747438348451 11.5537049556 0.00692802392802 0.00063299
pedestrian -1 -1 -10 358.86 245.42 388.457 282.75 0.96599573791 0.937999089681 0.571997878827 -3.50155074602 1.38102580906 10.4143659735 0.00692802392802 0.0006149
pedestrian -1 -1 -10 345.01 216.1 371.207 279.976 0.998995582759 1.18099895552 0.984996196394 -3.70732490636 1.38146514013 10.5262759883 0.00692802392802 0.00038662
pedestrian -1 -1 -10 349.77 211.39 362.224 270.5 0.96599573791 1.13799971708 1.02499648488 -3.72753193654 1.38156258627 10.4899344105 0.00692802392802 0.00038311
pedestrian -1 -1 -10 353.36 253.01 376.451 287.675 1.04399530888 0.643999616981 1.18899566497 -3.91032819109 1.36401584736 11.4081580034 0.00692802392802 0.00030284
pedestrian -1 -1 -10 698.66 158.22 717.982 244.446 0.751996648312 0.206001142136 0.613997538011 2.97336208572 0.737881101476 17.658063719 0.00692802392802 0.00022978
pedestrian -1 -1 -10 1078.3 115.91 1114.94 241.47 2.34598950446 1.0589992976 1.1979954557 8.21957009967 1.44528963426 11.6429652077 0.00692802392802 0.00022673
pedestrian -1 -1 -10 1067.8 83.706 1106.22 210.266 1.56199302971 0.899999008621 1.19399576064 7.96447206216 0.666997986175 11.6387833225 0.00692802392802 0.00019641
pedestrian -1 -1 -10 339.25 220.45 350.506 268.355 0.971995633841 0.777999350697 1.02099631298 -3.73077073666 1.38777731924 10.3099558417 0.00692802392802 0.00017171
pedestrian -1 -1 -10 839.74 194.11 868.56 271.912 0.552997536957 0.253000087947 0.573997726359 4.8822536453 1.27889825611 13.9179916532 0.00692802392802 4.6298e-05
pedestrian -1 -1 -10 1058.8 128.9 1093.82 246.47 2.28498984724 0.742999527003 1.1939952838 7.66698594966 1.3948985618 11.5687684585 0.00692802392802 3.9228e-05
pedestrian -1 -1 -10 369.69 242.92 398.68 284.668 0.570997463167 0.312000063223 0.578997822024 -3.40684037661 1.25344289421 11.5708202102 0.00692802392802 3.8172e-05
pedestrian -1 -1 -10 933.18 212.23 970.769 279.313 0.905995884538 0.695999627519 0.246999289945 4.41294974423 1.35756832699 10.0915341131 0.00692802392802 1.614e-05
pedestrian -1 -1 -10 298.19 203.8 331.43 275.346 0.998995552957 1.10099908603 1.15199562462 -4.51787219228 1.32601893646 11.1218417954 0.00692802392802 1.4812e-05
pedestrian -1 -1 -10 305.26 210.16 323.681 272.378 1.06099528223 0.963999094949 1.16899528231 -4.57798134528 1.32610563698 11.1907240195 0.00692802392802 1.0833e-05
pedestrian -1 -1 -10 1025.7 132.39 1061.14 252.52 2.27698980719 0.751999345428 1.19499520757 7.14778639539 1.39928221489 11.6108765525 0.00692802392802 5.9878e-06
pedestrian -1 -1 -10 496.6 88.786 558.784 223.946 0.641997155547 0.358999009034 0.159999365817 -1.44116612469 -0.257842552486 14.9429862176 0.00692802392802 2.806e-08
