pedestrian -1 -1 -10 0.60854 110.17 39.2735 163.282 0.560938387396 0.334963341244 0.456999638854 -6.63889080351 -0.0632349867199 8.37585572583 0.00753464155925 0.58913
pedestrian -1 -1 -10 15.467 103.82 53.797 168.546 0.560938387396 0.334963341244 0.456999638854 -6.63889080351 -0.0632349867199 8.37585572583 0.00753464155925 0.11597
pedestrian -1 -1 -10 953.31 231.8 988.463 369.28 2.04977494478 1.19786872174 0.380999925333 2.91511347028 1.50774486298 5.86779704353 0.00753464155925 0.10219
pedestrian -1 -1 -10 898.07 239.32 920.328 318.404 2.0907703923 1.19786872174 0.687999753155 2.66662196155 1.53369584639 6.79971679386 0.00753464155925 0.060168
pedestrian -1 -1 -10 1087.9 99.369 1113.49 167.525 1.66981670021 1.19686890375 0.475999686444 3.19265968093 1.14115878496 4.82667633535 0.00753464155925 0.042793
pedestrian -1 -1 -10 1062.4 146.2 1076.37 201.401 1.92178897715 1.19786872174 0.486999839479 3.1664135776 1.38946832168 4.98158484928 0.00753464155925 0.02054
pedestrian -1 -1 -10 1066.1 133.07 1093.33 223.088 2.00377993179 1.19786919852 0.486999839479 3.16679986216 1.47116991996 5.02898602425 0.00753464155925 0.018203
pedestrian -1 -1 -10 1098.4 95.142 1119.28 156.591 1.65381839466 1.19786872174 0.473999832015 3.19107975316 1.12602860582 4.75028355498 0.00753464155925 0.017718
pedestrian -1 -1 -10 1058.2 144.47 1071.02 199.439 1.96478429853 1.19786872174 0.478999706506 3.16292349174 1.43244364221 5.04730227135 0.00753464155925 0.016792
pedestrian -1 -1 -10 1034.5 193.77 1048.48 249.591 2.02077805508 1.19686842697 0.46799979189 3.15819686389 1.48792927052 5.14744490167 0.00753464155925 0.016575
pedestrian -1 -1 -10 1085.2 87.884 1124.46 187.494 1.67481614649 1.19886901651 0.475999686444 3.19242014391 1.14568455411 4.79464390366 0.00753464155925 0.016454
pedestrian -1 -1 -10 923.74 251.53 954.772 312.368 2.07077257741 1.19786872174 0.408999794691 2.85915784958 1.52276697816 6.27220724267 0.00753464155925 0.015461
pedestrian -1 -1 -10 871.32 86.882 902.519 171.095 1.53783113384 1.19786872174 0.668999705566 2.65846291752 0.9787393621 7.00492908583 0.00753464155925 0.014753
pedestrian -1 -1 -10 905.2 231.05 947.104 348.73 2.07477211655 1.19686890375 0.378999832485 2.84575797956 1.52592342633 6.48482026223 0.00753464155925 0.01388
pedestrian -1 -1 -10 907.9 240.33 924.831 301.783 2.07777180815 1.19586908577 0.420999874941 2.82039634666 1.53019285931 6.56948208827 0.00753464155925 0.013302
pedestrian -1 -1 -10 1084.8 109.61 1105.97 179.683 1.72981005549 1.19886853972 0.475999686444 3.19269324896 1.20118175014 4.82823216525 0.00753464155925 0.01222
pedestrian -1 -1 -10 964.63 170.27 989.983 237.886 2.03977605223 1.19886853972 0.38499987261 2.91694079296 1.49741145418 5.84535886061 0.00753464155925 0.011843
pedestrian -1 -1 -10 970.52 237.23 1009.68 361.43 2.03677636063 1.19686890375 0.490999786756 3.06313147679 1.49572056275 5.7372455353 0.00753464155925 0.011371
pedestrian -1 -1 -10 905.1 240.57 918.427 291.656 2.08977054477 1.19586908577 0.687999753155 2.66716346648 1.53276187142 6.87172910121 0.00753464155925 0.010073
pedestrian -1 -1 -10 1076.9 86.78 1109.65 210.33 1.74280863964 1.19786872174 0.471999739167 3.19088945079 1.21455925479 4.8536475055 0.00753464155925 0.0090141
pedestrian -1 -1 -10 1028.9 114.01 1045.42 178.247 1.73780913377 1.19886853972 0.46799979189 3.15789113578 1.20453107635 5.12054412593 0.00753464155925 0.0080399
pedestrian -1 -1 -10 1052.4 144.33 1065.6 197.646 1.91478968681 1.19586908577 0.494999734034 3.17019339301 1.38303675688 4.95259596792 0.00753464155925 0.0075459
pedestrian -1 -1 -10 1098.0 71.445 1130.36 167.118 1.56282842481 1.19886853972 0.462999917398 3.1924122904 1.03476369645 4.73244847445 0.00753464155925 0.0071627
pedestrian -1 -1 -10 959.45 297.33 980.843 364.542 2.05477439105 1.19786872174 0.394999860012 2.89236328681 1.51021954845 6.03399162661 0.00753464155925 0.0066854
pedestrian -1 -1 -10 1029.1 178.86 1053.91 269.834 2.02077805508 1.19786872174 0.46799979189 3.15806502393 1.48767022807 5.12994739164 0.00753464155925 0.0055815
pedestrian -1 -1 -10 1053.2 138.99 1081.72 208.054 1.94378657651 1.19786872174 0.486999839479 3.16675876273 1.4111321569 5.02643064313 0.00753464155925 0.0055222
pedestrian -1 -1 -10 961.5 168.57 984.168 218.252 2.04977494478 1.19786872174 0.380999925333 2.91509840029 1.50771525309 5.86579698755 0.00753464155925 0.0053485
pedestrian -1 -1 -10 938.87 223.52 978.39 345.52 2.05677417552 1.19786872174 0.413999907602 2.86109033947 1.5106562637 6.1972581973 0.00753464155925 0.0049608
pedestrian -1 -1 -10 1081.1 134.43 1097.04 197.988 1.86879485261 1.19786872174 0.494999734034 3.17023194718 1.33714553966 4.95993554474 0.00753464155925 0.0039733
pedestrian -1 -1 -10 902.83 236.19 931.363 314.454 2.07777180815 1.19886853972 0.420999874941 2.82066379677 1.53071835198 6.60497747989 0.00753464155925 0.0039119
pedestrian -1 -1 -10 894.87 243.92 915.172 299.983 2.09377008391 1.19586860898 0.668999705566 2.65883020862 1.53506317372 7.02680878535 0.00753464155925 0.0038123
pedestrian -1 -1 -10 934.88 241.48 953.182 307.284 2.07177248454 1.19486926778 0.400999900137 2.85583074562 1.52209496143 6.36176220057 0.00753464155925 0.0037679
pedestrian -1 -1 -10 944.14 242.31 962.939 302.976 2.05677417552 1.19686842697 0.408999794691 2.85897834046 1.51142040986 6.24876974768 0.00753464155925 0.0035798
pedestrian -1 -1 -10 930.01 240.84 967.191 312.89 2.0617736516 1.19586908577 0.4039999202 2.85703819709 1.51252501677 6.32331538424 0.00753464155925 0.0031451
pedestrian -1 -1 -10 1002.4 95.684 1038.34 230.124 1.80880134833 1.19686890375 0.46599993746 3.13458182112 1.27182841673 5.34227970881 0.00753464155925 0.0029049
pedestrian -1 -1 -10 1035.4 170.66 1069.12 286.51 2.03277685129 1.19686890375 0.486999839479 3.16665497637 1.50086326304 5.00825915103 0.00753464155925 0.0026393
pedestrian -1 -1 -10 1032.6 115.73 1060.34 187.771 1.77980454803 1.19786872174 0.478999706506 3.16286645604 1.24746389171 5.04867197021 0.00753464155925 0.0023999
pedestrian -1 -1 -10 1039.8 192.23 1054.25 250.146 2.03377672863 1.19686890375 0.471999739167 3.15970479323 1.50194930474 5.08131286923 0.00753464155925 0.0023854
pedestrian -1 -1 -10 882.19 235.14 911.727 323.541 2.09377008391 1.19886853972 0.668999705566 2.658886713 1.53517419494 7.03430792255 0.00753464155925 0.0022205
pedestrian -1 -1 -10 1023.3 117.05 1053.41 253.86 1.9607846998 1.19886853972 0.46799979189 3.15814069806 1.42786190463 5.14288994134 0.00753464155925 0.0020117
pedestrian -1 -1 -10 942.75 277.06 974.586 362.092 2.05677417552 1.19786872174 0.413999907602 2.8609848675 1.51044902973 6.18326018928 0.00753464155925 0.0018537
pedestrian -1 -1 -10 1039.8 112.57 1055.02 176.039 1.7358093493 1.19586908577 0.478999706506 3.16272481922 1.20321705477 5.03200035969 0.00753464155925 0.0017131
pedestrian -1 -1 -10 1018.7 106.52 1044.86 161.388 1.64581922699 1.19886853972 0.464999771827 3.15661895123 1.11304554517 5.15523178951 0.00753464155925 0.0015383
pedestrian -1 -1 -10 794.07 159.36 816.243 231.793 2.15276365125 1.18387031637 0.259999910874 2.59809869587 1.55205548571 9.52279590086 0.00753464155925 0.0015364
pedestrian -1 -1 -10 970.17 165.27 989.794 212.435 2.04977494478 1.19786872174 0.380999925333 2.91511347028 1.50774486298 5.86779704353 0.00753464155925 0.0014613
pedestrian -1 -1 -10 1035.7 217.66 1067.7 321.29 2.01677851594 1.19886853972 0.478999706506 3.16309396473 1.48474130985 5.06741439282 0.00753464155925 0.0014137
pedestrian -1 -1 -10 1013.8 103.44 1029.46 165.266 1.64881897819 1.19886853972 0.463999844612 3.13599936317 1.11379327398 5.27241453597 0.00753464155925 0.0013866
pedestrian -1 -1 -10 913.55 236.64 930.792 294.358 2.07777180815 1.19686890375 0.420999874941 2.82016656972 1.52974138784 6.53898659821 0.00753464155925 0.0013531
pedestrian -1 -1 -10 1024.2 220.5 1056.84 319.578 2.02077805508 1.19886901651 0.46799979189 3.15814412791 1.48782565354 5.14044589766 0.00753464155925 0.0012954
pedestrian -1 -1 -10 1029.3 104.44 1063.72 222.92 1.82779925609 1.19886901651 0.478999706506 3.16305076403 1.29579165637 5.07081352399 0.00753464155925 0.0011264
pedestrian -1 -1 -10 1044.8 133.55 1069.38 199.907 1.85179672932 1.19686890375 0.486999839479 3.16646356912 1.31961670144 4.99160206784 0.00753464155925 0.001107
pedestrian -1 -1 -10 967.67 245.52 983.23 302.808 2.05277460658 1.19586908577 0.37799990527 2.91403446568 1.50857489095 5.92382257264 0.00753464155925 0.0010992
pedestrian -1 -1 -10 962.77 156.93 997.79 276.82 2.04977494478 1.19886853972 0.38499987261 2.91706441792 1.50764719058 5.86128288694 0.00753464155925 0.0009697
pedestrian -1 -1 -10 1034.4 161.18 1059.75 255.608 2.03377672863 1.19886853972 0.478999706506 3.16303893668 1.50162110414 5.05928973444 0.00753464155925 0.00083172
pedestrian -1 -1 -10 962.01 248.66 978.883 316.17 2.05277460658 1.19586908577 0.376999978056 2.91363245499 1.5087676875 5.93682455268 0.00753464155925 0.00059241
pedestrian -1 -1 -10 1091.5 66.159 1121.67 146.69 1.5078344264 1.19786872174 0.468999719104 3.18897801338 0.978920020476 4.81040480888 0.00753464155925 0.00057583
pedestrian -1 -1 -10 938.74 170.05 994.902 334.32 2.04677528298 1.19886853972 0.389999747102 2.88997637327 1.50045191222 6.04959697421 0.00753464155925 0.00052072
pedestrian -1 -1 -10 1005.3 89.854 1025.36 143.497 1.51483365715 1.1938694498 0.513999781623 3.11055597363 0.978004018363 5.35313567732 0.00753464155925 0.00050578
pedestrian -1 -1 -10 330.91 182.75 343.592 212.923 1.10887824428 1.0068896597 0.419999947727 -5.625188718 0.788091627758 14.9885845449 0.00753464155925 0.00049901
pedestrian -1 -1 -10 951.74 239.7 966.244 304.711 2.05677417552 1.19686890375 0.413999907602 2.86112423886 1.51072287008 6.20175725053 0.00753464155925 0.00049756
pedestrian -1 -1 -10 792.61 120.63 831.97 220.65 1.87479411662 1.19286915503 0.283999832955 2.59726487106 1.27767320034 9.15925627372 0.00753464155925 0.00048695
pedestrian -1 -1 -10 862.56 85.541 895.94 208.701 1.65281848753 1.19886901651 0.650999823609 2.65090003024 1.09049458052 7.19070856044 0.00753464155925 0.00034198
pedestrian -1 -1 -10 999.38 90.17 1029.64 185.539 1.64481943905 1.19886853972 0.513999781623 3.11063748896 1.10807121512 5.35767250575 0.00753464155925 0.00030291
pedestrian -1 -1 -10 1018.6 177.6 1048.97 282.96 2.02277783955 1.19886901651 0.46799979189 3.15839965803 1.48832893703 5.17445593568 0.00753464155925 0.00028767
pedestrian -1 -1 -10 1035.5 160.39 1050.44 223.631 2.03377672863 1.19786872174 0.471999739167 3.15970102663 1.50194190404 5.08081297442 0.00753464155925 0.00027889
pedestrian -1 -1 -10 982.21 154.49 1015.5 276.87 2.03277676189 1.19486926778 0.477999779292 3.09477987961 1.49302428324 5.62400187423 0.00753464155925 0.00018017
pedestrian -1 -1 -10 1004.9 267.79 1017.84 322.076 2.02877719295 1.19786872174 0.497999754096 3.10363192173 1.49075962401 5.47141814064 0.00753464155925 0.00017542
pedestrian -1 -1 -10 1047.1 147.78 1059.03 214.862 1.99878054511 1.19586860898 0.486999839479 3.1667009985 1.46697797808 5.01601001688 0.00753464155925 0.00016542
pedestrian -1 -1 -10 918.93 224.07 940.913 291.513 2.07477223575 1.19786872174 0.411999814754 2.81662136041 1.52063326875 6.66664336011 0.00753464155925 0.00015299
pedestrian -1 -1 -10 968.13 240.87 995.374 315.137 2.0387761451 1.19886901651 0.368999845083 2.93055653881 1.49664633588 5.79425327754 0.00753464155925 0.00013355
pedestrian -1 -1 -10 989.12 82.072 1014.19 158.178 1.53283165777 1.19886853972 0.493999806819 3.10166366155 0.995178200855 5.49960173608 0.00753464155925 0.0001045
pedestrian -1 -1 -10 885.16 77.467 919.395 192.877 1.54982984066 1.19886901651 0.411999814754 2.81648587036 0.995742682152 6.67402984432 0.00753464155925 8.8795e-05
pedestrian -1 -1 -10 926.64 220.6 955.73 299.597 2.07277236188 1.19786872174 0.4039999202 2.85707925796 1.5235977412 6.32823336812 0.00753464155925 8.8203e-05
pedestrian -1 -1 -10 1009.5 162.19 1037.29 246.753 2.02577753115 1.19786872174 0.513999781623 3.11074365183 1.48900710509 5.35335198359 0.00753464155925 8.6536e-05
pedestrian -1 -1 -10 906.15 127.88 935.33 216.597 1.93278774703 1.19786872174 0.420999874941 2.82041944899 1.38534202506 6.57955469551 0.00753464155925 7.1883e-05
pedestrian -1 -1 -10 844.7 114.43 880.973 206.905 1.77180543995 1.19686842697 0.721999662639 2.58960895442 1.20280690891 7.479427852 0.00753464155925 6.5499e-05
pedestrian -1 -1 -10 795.17 161.93 829.568 250.482 2.14076494443 1.19586956255 0.667999778351 2.52894732082 1.56812663433 8.03878546248 0.00753464155925 5.8891e-05
pedestrian -1 -1 -10 967.57 57.493 1002.44 169.533 1.50983421087 1.19686890375 0.46099982455 3.06161489854 0.968083425067 5.69416140014 0.00753464155925 5.6094e-05
pedestrian -1 -1 -10 873.98 85.313 912.808 230.323 1.71381177974 1.19586908577 0.687999753155 2.66684413455 1.15640343989 6.84751669457 0.00753464155925 5.3241e-05
pedestrian -1 -1 -10 805.54 118.26 838.727 197.273 1.71081214774 1.19686938054 0.592999992044 2.49501457406 1.12649346004 8.53496470921 0.00753464155925 5.1732e-05
pedestrian -1 -1 -10 969.15 178.29 1012.1 317.86 2.03677636063 1.19886901651 0.490999786756 3.06305613941 1.49557253799 5.72724692409 0.00753464155925 4.7125e-05
pedestrian -1 -1 -10 817.86 121.25 832.192 170.013 1.61782236361 1.18987017785 0.328999895474 2.6175541468 1.02448769463 8.87741020475 0.00753464155925 4.6977e-05
pedestrian -1 -1 -10 993.72 155.98 1025.42 272.44 2.02877719295 1.19686842697 0.497999754096 3.10357541734 1.49064860279 5.46391900344 0.00753464155925 3.2836e-05
pedestrian -1 -1 -10 824.21 117.94 837.208 172.835 1.66781688595 1.19686842697 0.476999852077 2.54267509753 1.07876652509 8.75802472996 0.00753464155925 2.2063e-05
pedestrian -1 -1 -10 1004.9 225.07 1044.31 336.38 2.02377777648 1.19886853972 0.513999781623 3.11094267937 1.48739961622 5.37986312259 0.00753464155925 1.2131e-05
pedestrian -1 -1 -10 802.62 129.0 839.316 245.72 2.0907704817 1.19786824495 0.681999951449 2.53651189003 1.51926686181 8.1160920278 0.00753464155925 9.4775e-06
pedestrian -1 -1 -10 833.84 103.16 867.416 193.742 1.68581485677 1.19286867824 0.739999783014 2.56095114682 1.11556294802 7.52930564915 0.00753464155925 8.0984e-06
