pedestrian -1 -1 -10 711.04 160.39 730.163 214.803 1.88079344023 0.547940306104 0.5419998894 4.15826834521 1.61313778462 26.0013985368 0.00753464155925 0.98316
pedestrian -1 -1 -10 387.8 180.04 422.942 291.19 1.73081000733 1.19086951905 0.947999664029 -3.08417886544 1.7984946405 10.5264720409 0.00753464155925 0.20449
pedestrian -1 -1 -10 313.23 186.39 366.451 290.08 1.68881456327 1.18787054188 0.781999587052 -3.53010365174 1.80503614477 10.0038519515 0.00753464155925 0.12379
pedestrian -1 -1 -10 706.28 157.81 720.888 215.175 1.88079344023 0.547940306104 0.5419998894 4.15826834521 1.61313778462 26.0013985368 0.00753464155925 0.053769
pedestrian -1 -1 -10 720.2 159.94 732.212 214.539 1.71681153094 0.508945020736 0.5419998894 4.15836469023 1.44944452062 26.0221098445 0.00753464155925 0.031177
pedestrian -1 -1 -10 493.7 172.7 512.817 230.355 1.60782345989 0.875903491093 0.591999826411 -3.41638035949 1.78101598952 24.0536899596 0.00753464155925 0.030355
pedestrian -1 -1 -10 365.43 177.14 413.127 302.77 0.58293591226 0.519943495364 0.709999820807 -5.29638634312 1.81323210468 17.228849612 0.00753464155925 0.011077
pedestrian -1 -1 -10 694.64 153.45 713.823 221.56 2.3447425431 0.536941831476 0.393999932798 2.51773010936 1.58013453794 19.1832387351 0.00753464155925 0.0097728
pedestrian -1 -1 -10 343.78 178.98 370.509 278.788 1.75680705643 1.17987009086 1.03199951052 -3.40481944377 1.81753588188 10.0432316889 0.00753464155925 0.0093925
pedestrian -1 -1 -10 325.93 183.68 387.849 303.32 1.7588069303 1.17987009086 1.00699966123 -3.41731839798 1.81954485661 10.0433109275 0.00753464155925 0.0069589
pedestrian -1 -1 -10 350.81 181.04 364.533 257.758 1.74480840921 1.19186981382 1.05399957818 -3.39447885589 1.80424141075 9.95624987826 0.00753464155925 0.0042231
pedestrian -1 -1 -10 342.77 183.52 368.898 234.734 1.75680705643 1.18786958831 1.03099958331 -3.40612550298 1.81595238128 9.93625033439 0.00753464155925 0.0026464
pedestrian -1 -1 -10 400.79 182.46 423.357 259.498 1.7128119769 0.98589205165 0.817999827801 -3.0209002632 1.77708171936 10.2986476791 0.00753464155925 0.0022576
pedestrian -1 -1 -10 1158.8 88.731 1191.71 211.281 1.73480950177 1.18087038563 1.18999969295 5.84821145607 1.12790911007 7.41970521548 0.00753464155925 0.00081658
pedestrian -1 -1 -10 296.24 179.14 410.27 328.26 1.75480735391 1.19286915503 0.963999691556 -3.43903309963 1.81613895347 10.0149918242 0.00753464155925 0.00062035
pedestrian -1 -1 -10 317.27 186.71 349.831 245.772 2.53972112656 1.17987104443 0.314999483958 -8.07755487751 1.690243556 20.9786226366 0.00753464155925 0.00037327
pedestrian -1 -1 -10 1137.4 102.06 1172.52 221.9 1.87579399395 1.17787093167 1.19699966029 5.62463093742 1.27079709476 7.40281548474 0.00753464155925 0.00030757
pedestrian -1 -1 -10 373.82 174.45 400.922 263.47 1.7128119769 1.17387118294 1.12399972841 -3.17396368535 1.77705989476 10.2908002358 0.00753464155925 0.00029462
pedestrian -1 -1 -10 402.91 178.75 417.722 226.459 1.7128119769 0.98589205165 0.839999895454 -3.03189998568 1.77708972819 10.2987304411 0.00753464155925 0.00028944
pedestrian -1 -1 -10 498.24 194.05 510.207 232.639 1.60782345989 0.771914792021 0.591999826411 -3.41598860441 1.78178571969 24.1056828333 0.00753464155925 0.00025659
pedestrian -1 -1 -10 98.934 218.27 132.605 288.094 1.17087147343 1.08488118401 0.864999506331 -8.57818208789 1.8473172078 12.4422600207 0.00753464155925 0.00024729
pedestrian -1 -1 -10 1179.8 58.752 1213.69 180.562 1.48983639598 1.12787669489 1.19299947459 5.96337835925 0.880386567637 7.25416549083 0.00753464155925 0.00012341
pedestrian -1 -1 -10 372.2 195.74 396.62 292.149 0.58293591226 0.519943495364 0.854999757347 -5.36888425934 1.81328488999 17.2293950867 0.00753464155925 6.8481e-07
