pedestrian -1 -1 -10 1058.4 171.21 1080.09 227.358 2.09976937771 1.19886853972 0.506999814284 3.50968674477 1.5465159843 5.67458697001 0.00753464155925 0.051315
pedestrian -1 -1 -10 1063.9 152.57 1098.66 267.47 2.09576980878 1.19686890375 0.524999934658 3.51777620169 1.54471833303 5.55350651611 0.00753464155925 0.019353
pedestrian -1 -1 -10 1056.6 164.65 1090.36 236.947 2.09876950038 1.19786872174 0.514999947256 3.51335928703 1.54586916089 5.63105528542 0.00753464155925 0.018854
pedestrian -1 -1 -10 1045.1 164.19 1074.95 235.506 2.10376897645 1.194868791 0.505999887069 3.51010529544 1.54932218875 5.79658869093 0.00753464155925 0.0099242
pedestrian -1 -1 -10 1042.1 91.351 1064.41 148.851 1.5338315947 1.19086951905 0.251999777901 3.63842092197 0.975238804719 5.99892940794 0.00753464155925 0.0092669
pedestrian -1 -1 -10 1042.5 174.73 1066.16 227.789 2.11276796186 1.19686890375 0.505999887069 3.51044585424 1.55698749936 5.84154530357 0.00753464155925 0.0070013
pedestrian -1 -1 -10 1051.9 102.37 1065.16 149.256 1.59182522511 1.19486926778 0.260999838089 3.6336463194 1.03465820185 5.95950981426 0.00753464155925 0.0063068
pedestrian -1 -1 -10 1040.9 106.58 1074.47 163.773 1.66681697881 1.19486926778 0.281999978526 3.62289153563 1.11010978291 5.92202364817 0.00753464155925 0.0033486
pedestrian -1 -1 -10 1129.0 130.85 1157.09 214.606 1.94178682184 1.19686890375 0.352999817556 3.62647882503 1.39828791183 4.98863745781 0.00753464155925 0.0030097
pedestrian -1 -1 -10 1113.1 131.86 1149.94 257.4 2.06077374446 1.19786872174 0.518999894533 3.54407032003 1.51642346194 5.06190027937 0.00753464155925 0.0027103
pedestrian -1 -1 -10 1108.9 123.08 1144.07 215.079 1.91378992867 1.19886901651 0.314999722377 3.6305895722 1.36749492837 5.13787560846 0.00753464155925 0.0024357
pedestrian -1 -1 -10 188.26 271.02 200.722 308.137 2.01977826714 1.19686842697 0.244999810562 -6.08229355093 1.60273647989 10.4890902894 0.00753464155925 0.0022346
pedestrian -1 -1 -10 1173.8 230.63 1208.15 325.255 2.08577091623 1.19886853972 0.566999977115 3.55106712986 1.54751395841 4.52799874489 0.00753464155925 0.002069
pedestrian -1 -1 -10 1035.9 84.594 1061.81 168.537 1.55482928693 1.19786872174 0.237999843222 3.63207806407 0.995522226869 6.08534444743 0.00753464155925 0.0015555
pedestrian -1 -1 -10 888.83 164.46 919.997 229.367 1.84479749858 1.19586908577 0.286999853018 3.50874590565 1.24817112761 8.62303011197 0.00753464155925 0.0013547
pedestrian -1 -1 -10 1096.0 121.76 1133.29 242.6 1.98078245509 1.19586860898 0.379000070904 3.59760753287 1.4334738765 5.27016144624 0.00753464155925 0.001278
pedestrian -1 -1 -10 999.7 249.54 1034.22 332.43 2.12276685441 1.19686890375 0.488999932327 3.50460244763 1.5622189695 6.19463476975 0.00753464155925 0.0010803
pedestrian -1 -1 -10 1067.0 92.108 1105.19 183.013 1.67481611669 1.19886853972 0.275999938401 3.632451443 1.12328826985 5.59677107276 0.00753464155925 0.00099021
pedestrian -1 -1 -10 1053.1 100.95 1083.0 159.328 1.62182193255 1.19586908577 0.272999918339 3.62668946003 1.06575681625 5.83080592179 0.00753464155925 0.00090552
pedestrian -1 -1 -10 1066.4 100.85 1079.77 146.225 1.55182959533 1.19586860898 0.241999790499 3.6427316802 0.996893708074 5.77317857886 0.00753464155925 0.00074136
pedestrian -1 -1 -10 1083.8 143.39 1119.65 274.25 2.08977048517 1.19786872174 0.501999939792 3.53669167556 1.54158748323 5.34283688675 0.00753464155925 0.00064697
pedestrian -1 -1 -10 1054.2 92.153 1092.58 180.43 1.64981888532 1.19486926778 0.273999845553 3.6265934261 1.095561468 5.75006164723 0.00753464155925 0.00062116
pedestrian -1 -1 -10 1025.3 237.45 1062.35 314.294 2.11476774633 1.19786872174 0.505999887069 3.51111950923 1.55831232505 5.93104795565 0.00753464155925 0.00054996
pedestrian -1 -1 -10 1042.1 115.06 1082.82 201.075 1.82179990268 1.19786872174 0.302999880545 3.61172896407 1.26570130321 5.82643865522 0.00753464155925 0.00053305
pedestrian -1 -1 -10 1115.4 93.566 1149.04 182.011 1.69381396485 1.19786872174 0.297999767635 3.65485969765 1.1481827787 5.11780815389 0.00753464155925 0.00046162
pedestrian -1 -1 -10 1104.2 153.09 1140.97 277.58 2.08477103889 1.19786872174 0.519999821748 3.544073147 1.53839839292 5.12776165556 0.00753464155925 0.00045504
pedestrian -1 -1 -10 790.77 179.87 821.041 231.183 2.30774654532 1.19686842697 0.598999793751 3.1659633274 1.65577337702 11.9589654254 0.00753464155925 0.00041347
pedestrian -1 -1 -10 801.55 175.94 834.996 230.274 2.27974974155 1.18786958831 0.640999597788 3.18302810645 1.63702508255 11.4363355081 0.00753464155925 0.0003964
pedestrian -1 -1 -10 808.39 190.6 839.427 245.433 2.26875091207 1.19086951905 0.62499980868 3.21042770205 1.63188898006 11.0905760135 0.00753464155925 0.00035695
pedestrian -1 -1 -10 890.21 191.38 913.619 240.656 1.84479749858 1.19786872174 0.292999893143 3.51159516604 1.24787289385 8.60301031802 0.00753464155925 0.00035269
pedestrian -1 -1 -10 1016.9 225.49 1045.74 291.133 2.12176697708 1.194868791 0.491000025175 3.50503774282 1.56110805391 6.11963013864 0.00753464155925 0.00035076
pedestrian -1 -1 -10 975.34 189.86 1004.34 262.773 2.14676432764 1.19886901651 0.759999996236 3.34539079195 1.57775994669 6.7648604726 0.00753464155925 0.00030527
pedestrian -1 -1 -10 911.23 206.01 938.636 254.131 2.00777953053 1.19286963181 0.784999845533 3.29992054611 1.42068537483 7.97366625772 0.00753464155925 0.00024397
pedestrian -1 -1 -10 1187.8 214.56 1221.05 322.56 2.08477112829 1.19786872174 0.566999977115 3.55028139463 1.54796697121 4.42347608326 0.00753464155925 0.00023403
pedestrian -1 -1 -10 1025.4 175.92 1061.74 238.347 2.11776740814 1.19486926778 0.505999887069 3.51161204478 1.55928188848 5.9965611538 0.00753464155925 0.0001805
pedestrian -1 -1 -10 987.73 162.22 1025.41 239.898 2.13776528263 1.19486926778 0.540999962186 3.45723104454 1.57142107046 6.54401462611 0.00753464155925 0.00011042
pedestrian -1 -1 -10 881.39 186.56 909.683 253.877 1.89779165291 1.19286915503 0.334999935599 3.4828861595 1.29839846443 8.77239416602 0.00753464155925 6.5668e-05
pedestrian -1 -1 -10 995.11 96.752 1030.31 172.11 1.605823627 1.19786872174 0.242999956132 3.60638300019 1.04000004153 6.58932678551 0.00753464155925 5.2464e-05
pedestrian -1 -1 -10 992.43 177.73 1037.1 264.467 2.12876620782 1.19786872174 0.556999989713 3.4640822447 1.56515823882 6.39146815183 0.00753464155925 4.7085e-05
pedestrian -1 -1 -10 866.48 200.15 896.003 255.266 2.18675983823 1.19886901651 0.503999794221 3.37790437704 1.58022747409 9.09419637722 0.00753464155925 9.007e-06
