pedestrian -1 -1 -10 886.64 222.97 898.36 259.577 0.710921879894 1.07688264012 0.755999810541 4.71632394321 1.45085477152 11.4784338862 0.00753464155925 0.0096798
pedestrian -1 -1 -10 830.37 139.49 843.167 187.953 1.84679719365 1.13687553355 1.19399964022 4.02894859569 1.28120439283 12.6986993609 0.00753464155925 0.002488
pedestrian -1 -1 -10 834.46 137.96 847.188 191.047 1.79680273091 1.12387646938 1.19599997149 4.09788224109 1.23106347323 12.6920510602 0.00753464155925 0.0018906
pedestrian -1 -1 -10 840.22 141.28 853.082 194.453 1.05288441324 0.171980136381 0.589999971982 8.14807975415 0.131731801199 25.2670396697 0.00753464155925 0.0014553
pedestrian -1 -1 -10 849.45 142.05 862.906 194.11 1.89079239237 1.18686929354 1.19399987864 4.40313975474 1.32529734878 12.7205558679 0.00753464155925 0.0012076
pedestrian -1 -1 -10 826.52 136.72 859.467 235.83 2.03277676189 1.19186981382 1.1879996001 4.07913965428 1.46348247883 12.4494647401 0.00753464155925 0.00096582
pedestrian -1 -1 -10 830.25 129.12 852.505 198.43 1.72581054615 1.15887343637 1.18099963276 4.07603105034 1.15747357687 12.5162554673 0.00753464155925 0.00072515
pedestrian -1 -1 -10 716.39 149.47 737.43 201.905 1.75280753219 1.18087038563 1.14099968315 3.64488812014 0.924541484793 21.9594536692 0.00753464155925 0.00048469
pedestrian -1 -1 -10 838.64 129.48 863.205 190.198 1.72081109988 0.997890821049 1.19399964022 4.43277033352 1.15860403057 12.9450732688 0.00753464155925 0.00028433
pedestrian -1 -1 -10 1021.9 231.13 1057.9 331.71 0.90190095401 1.14787400817 1.1629997508 4.79865805194 1.43044475859 8.01155116268 0.00753464155925 0.00011019
pedestrian -1 -1 -10 702.01 136.87 737.489 217.044 1.96578414607 1.13087662563 1.15699971068 3.40818253309 1.13419580728 21.7236772452 0.00753464155925 8.7795e-05
pedestrian -1 -1 -10 807.85 134.65 840.473 232.936 2.04377559137 1.15387291609 1.04399959077 3.89507713581 1.478406168 12.7067474554 0.00753464155925 5.9643e-05
pedestrian -1 -1 -10 1039.3 231.01 1080.22 346.28 0.598934188013 1.1768706369 1.0879999645 4.60084112727 1.43991750015 7.2900591426 0.00753464155925 2.6431e-05
pedestrian -1 -1 -10 536.39 126.22 574.221 218.087 1.93978697777 1.13387464923 1.1779996127 -1.59668892658 1.10360131159 22.7582858878 0.00753464155925 2.0334e-05
pedestrian -1 -1 -10 1059.9 232.66 1099.66 358.29 0.613932586432 1.19086999584 1.13699973587 4.70846900722 1.429152067 7.17550301529 0.00753464155925 4.1921e-06
pedestrian -1 -1 -10 564.54 117.11 600.107 225.95 1.83179885483 1.19686938054 1.18399965282 -0.747289985807 1.01705542138 22.013766222 0.00753464155925 2.1715e-06
