pedestrian -1 -1 -10 279.34 162.73 297.561 223.886 1.81780039334 1.19786872174 0.422999729371 -7.23175120148 1.06086300665 16.0575446968 0.00753464155925 0.0089999
pedestrian -1 -1 -10 276.3 153.78 306.434 218.541 1.62182187295 1.18186972683 0.422999729371 -7.23054089444 0.863386592939 16.2280314291 0.00753464155925 0.0020759
pedestrian -1 -1 -10 657.79 173.54 670.499 216.388 0.640929572469 0.612931812669 0.190999926274 2.36954834282 1.77140457683 28.1631533885 0.00753464155925 0.0012546
pedestrian -1 -1 -10 823.01 235.96 846.801 296.981 1.5538293649 1.18686977033 0.662999665441 2.49219550115 1.65937024376 7.1707477063 0.00753464155925 0.00086151
pedestrian -1 -1 -10 645.84 177.38 657.92 215.142 0.32096477258 0.162980344154 0.423999775795 2.50415684925 1.46036329121 42.2803233235 0.00753464155925 0.00057807
pedestrian -1 -1 -10 823.03 224.59 870.508 290.678 1.55782891894 1.18786958831 0.784999607114 2.55318874563 1.65931843059 7.16981847544 0.00753464155925 0.00046613
pedestrian -1 -1 -10 661.28 170.85 677.446 217.689 1.34985178113 0.719922349624 0.103000013293 2.02154135544 0.666760646803 23.121177693 0.00753464155925 0.00029554
pedestrian -1 -1 -10 860.99 229.06 878.257 275.829 1.53483142734 0.980892484937 0.937999676627 2.62867636888 1.62630478585 7.03704975588 0.00753464155925 0.00028926
pedestrian -1 -1 -10 815.24 218.69 854.348 306.57 1.52583242703 1.16787179824 0.658999718163 2.49013264577 1.65923107584 7.16105673149 0.00753464155925 5.089e-05
pedestrian -1 -1 -10 806.28 207.03 843.094 287.4 1.55582913447 1.1938694498 0.69399979328 2.510817247 1.6654945908 7.58508872263 0.00753464155925 5.4514e-06
pedestrian -1 -1 -10 744.78 197.48 778.315 286.688 1.34685213423 0.674926249202 0.793999667301 2.86923237769 1.59579176429 12.8190959723 0.00753464155925 8.782e-08
