pedestrian -1 -1 -10 0.0 199.87 17.854 242.18 2.0417757771 1.19086951905 0.493999806819 -4.92965535797 1.47050533718 5.99790741154 0.00753464155925 0.011835
pedestrian -1 -1 -10 0.0 167.19 35.694 236.503 2.04877500785 1.18687024711 0.478999944925 -4.92062091348 1.47351958465 6.20187466949 0.00753464155925 0.0030171
pedestrian -1 -1 -10 62.36 181.17 95.256 287.24 2.067773005 1.19586908577 0.462000228602 -4.9078266865 1.4859578439 6.77231337019 0.00753464155925 0.001561
pedestrian -1 -1 -10 0.0 173.14 22.175 226.434 2.04877500785 1.19886853972 0.486999839479 -4.92508784 1.47260474197 6.13991327939 0.00753464155925 0.0010474
pedestrian -1 -1 -10 1103.8 249.59 1135.2 320.68 2.20175823665 1.19686890375 0.957999651431 4.08386776731 1.64343568443 5.62557451771 0.00753464155925 0.0010349
pedestrian -1 -1 -10 5.9505 143.01 41.6655 251.18 2.05877398979 1.19786872174 0.478999944925 -4.92020340699 1.47834075186 6.2573818523 0.00753464155925 0.00060815
pedestrian -1 -1 -10 0.0 193.03 34.797 266.144 2.04877500785 1.19586908577 0.49000009796 -4.92692317927 1.47194712169 6.0954305912 0.00753464155925 0.00047683
pedestrian -1 -1 -10 1109.4 235.86 1150.87 313.024 2.20175823665 1.19786872174 0.927000000429 4.06707634351 1.64090834283 5.45421482176 0.00753464155925 0.00045281
pedestrian -1 -1 -10 79.966 185.22 115.015 286.31 2.06977275967 1.19786872174 0.416000238868 -4.92871582962 1.48013519886 7.05361068044 0.00753464155925 0.00044812
pedestrian -1 -1 -10 16.655 153.9 53.683 275.14 2.05977386713 1.19586908577 0.478999944925 -4.91981196021 1.47911048203 6.30938212964 0.00753464155925 0.00043018
pedestrian -1 -1 -10 832.9 207.81 854.327 269.728 2.38873768223 1.194868791 0.268999732643 4.01801613152 1.75612504451 12.3557148008 0.00753464155925 0.00040936
pedestrian -1 -1 -10 39.402 277.17 77.771 359.646 2.06677306807 1.19586860898 0.478999944925 -4.91992280907 1.48588764407 6.29433226743 0.00753464155925 0.00038481
pedestrian -1 -1 -10 71.169 198.63 106.495 310.19 2.07077257741 1.19586908577 0.462000228602 -4.90790109721 1.48880939507 6.76229278676 0.00753464155925 0.00027446
pedestrian -1 -1 -10 141.73 217.74 177.504 324.11 2.08877066743 1.19786872174 0.642999929055 -4.77789831627 1.49249437632 7.75952929207 0.00753464155925 0.00026324
pedestrian -1 -1 -10 823.73 199.09 846.521 260.0 2.1657621758 1.1938694498 0.260999838089 4.02634765537 1.75650861499 12.9205746539 0.00753464155925 0.00025545
pedestrian -1 -1 -10 1158.0 48.361 1191.27 162.351 1.51883325588 1.19586908577 1.07699957304 4.21244506223 0.955093471285 5.27019180858 0.00753464155925 5.6199e-06
