pedestrian -1 -1 -10 1145.3 92.168 1182.63 208.188 1.81680045641 1.19586908577 0.78899979281 5.68241235308 1.20943729952 7.11081148474 0.00753464155925 0.0002197
pedestrian -1 -1 -10 1167.5 60.296 1203.65 197.006 1.59682464159 1.19786872174 0.913999754546 5.69238253484 0.986581432257 6.91838078248 0.00753464155925 0.00017044
pedestrian -1 -1 -10 1124.6 90.798 1161.12 211.098 1.67281639182 1.19186981382 0.881999699491 5.83268102277 1.06782163868 7.75079864086 0.00753464155925 0.00011907
pedestrian -1 -1 -10 1104.4 73.458 1139.62 189.738 1.54083079565 1.14287444146 0.83000014647 6.18703679953 0.895176597651 8.87036228151 0.00753464155925 0.00010349
pedestrian -1 -1 -10 1115.1 62.034 1151.13 180.924 0.765915900648 1.16487234429 0.756999737755 6.22269680131 0.123050491599 8.79577699035 0.00753464155925 6.0888e-05
pedestrian -1 -1 -10 1062.8 92.091 1098.78 209.711 1.64381947232 1.19586908577 1.12199987398 6.04373983117 0.99751972241 9.22523745615 0.00753464155925 3.5878e-05
pedestrian -1 -1 -10 1000.2 123.18 1038.63 242.52 2.07877171529 1.19186886025 0.661999976644 5.86678742822 1.42427247587 9.87656297055 0.00753464155925 1.6823e-05
pedestrian -1 -1 -10 982.73 135.97 1020.41 239.81 2.06877282274 1.19286915503 0.62499980868 5.90838553853 1.42230623461 10.4207796389 0.00753464155925 8.6476e-06
pedestrian -1 -1 -10 1041.9 104.9 1077.92 220.46 1.90379097652 1.19287010859 0.723999755487 5.84322204444 1.26247492619 9.01122114963 0.00753464155925 6.1336e-06
pedestrian -1 -1 -10 990.66 93.457 1028.93 224.517 1.8567960862 1.19686938054 0.602999979446 5.8974411174 1.21057435067 10.4384300644 0.00753464155925 1.089e-06
