pedestrian -1 -1 -10 1165.9 41.064 1202.92 170.654 1.52083298075 1.19886901651 0.891999686894 3.90260225174 0.982719051257 4.69155200056 0.00753464155925 0.00012183
pedestrian -1 -1 -10 1154.7 102.39 1191.26 231.34 1.5568290714 1.19886853972 0.785999772747 3.8494277843 1.0203834541 4.66665820101 0.00753464155925 8.5823e-05
pedestrian -1 -1 -10 1166.0 139.55 1201.59 263.59 1.73680931604 1.19886901651 0.799999945845 3.88117404069 1.20073337376 4.62407548036 0.00753464155925 7.172e-05
pedestrian -1 -1 -10 1155.5 171.63 1191.73 293.42 1.75180762506 1.19686890375 0.841999749883 3.87604332582 1.21443867598 4.73903813778 0.00753464155925 6.8199e-05
pedestrian -1 -1 -10 1145.2 77.535 1181.36 202.905 1.63282073223 1.19586908577 0.811999549258 3.86125180919 1.0959437857 4.77252759038 0.00753464155925 6.805e-05
pedestrian -1 -1 -10 1113.7 67.208 1150.83 189.058 1.61582263874 1.194868791 0.813999880524 3.81900211322 1.07443497104 5.00657075928 0.00753464155925 3.3458e-05
pedestrian -1 -1 -10 1134.9 96.946 1171.24 219.726 1.56382830214 1.1938694498 0.803999416285 3.82668051242 1.02286554045 4.83336748827 0.00753464155925 3.2896e-05
pedestrian -1 -1 -10 1135.0 142.73 1170.67 264.45 1.78380417656 1.19886901651 0.84099958425 3.84552288052 1.24336823601 4.86809440959 0.00753464155925 3.2294e-05
pedestrian -1 -1 -10 1083.2 59.399 1119.34 178.129 1.53683125651 1.19886901651 0.759999757818 3.77452298942 0.997511712157 5.21248820782 0.00753464155925 2.4668e-05
pedestrian -1 -1 -10 1103.2 85.313 1139.69 210.793 1.69081433284 1.19786872174 0.742999803076 3.78356763624 1.14953392311 5.01178165281 0.00753464155925 1.9059e-05
pedestrian -1 -1 -10 996.84 139.11 1037.33 270.65 1.81980014801 1.17887074966 0.841999749883 3.81075826765 1.25449520918 6.42867327322 0.00753464155925 5.8864e-07
