pedestrian -1 -1 -10 369.05 182.91 382.078 228.037 2.09776968264 0.662927479804 0.428999769496 -7.30267967986 1.50181955639 23.6141662099 0.00753464155925 0.10702
pedestrian -1 -1 -10 199.75 155.47 242.653 272.75 2.27475017608 1.17287088817 0.381999852548 -6.98282937584 1.57089417685 12.8955654729 0.00753464155925 0.1035
pedestrian -1 -1 -10 374.12 184.11 386.633 228.792 2.09776968264 0.662927479804 0.428999769496 -7.30267967986 1.50181955639 23.6141662099 0.00753464155925 0.069826
pedestrian -1 -1 -10 211.78 178.11 234.383 232.618 2.27475017608 1.18387031637 0.381999852548 -6.98216264283 1.57220419053 12.9840528126 0.00753464155925 0.045508
pedestrian -1 -1 -10 202.13 166.32 219.582 236.567 2.27175048447 1.17587177248 0.381999852548 -6.98355545671 1.56946573771 12.7990566513 0.00753464155925 0.01983
pedestrian -1 -1 -10 207.59 170.58 243.266 240.192 2.27475017608 1.18786958831 0.381999852548 -6.98142433187 1.57365484237 13.0820398223 0.00753464155925 0.016928
pedestrian -1 -1 -10 364.82 180.32 377.254 228.718 2.31274605119 0.884903283319 0.679999620182 -7.31449215296 1.47585627468 21.5919514533 0.00753464155925 0.014398
pedestrian -1 -1 -10 378.39 189.08 390.441 231.728 2.09776968264 0.649928415635 0.428999769496 -7.30272865104 1.50172333659 23.6076668624 0.00753464155925 0.01346
pedestrian -1 -1 -10 362.21 180.38 388.319 232.801 2.09776968264 0.662927479804 0.428999769496 -7.30267967986 1.50181955639 23.6141662099 0.00753464155925 0.0084892
pedestrian -1 -1 -10 217.08 192.63 231.508 252.866 2.27475017608 1.17787140845 0.381999852548 -6.9819516953 1.57261866551 13.0120493054 0.00753464155925 0.0050899
pedestrian -1 -1 -10 383.98 188.56 395.069 227.457 2.11976722241 1.16487139072 0.404000158618 -7.28795099028 1.52817473116 23.9088686696 0.00753464155925 0.0044879
pedestrian -1 -1 -10 370.6 184.92 395.761 234.423 2.09776968264 0.649928415635 0.428999769496 -7.30272865104 1.50172333659 23.6076668624 0.00753464155925 0.0038817
pedestrian -1 -1 -10 209.82 157.28 230.463 221.12 2.22275595867 1.19686842697 0.381999852548 -6.98293581304 1.51872232832 12.8839520398 0.00753464155925 0.0038029
pedestrian -1 -1 -10 189.59 155.64 225.892 270.01 2.27175048447 1.18687024711 0.381999852548 -6.9835968911 1.56938432639 12.79355757 0.00753464155925 0.003081
pedestrian -1 -1 -10 359.83 178.08 372.902 229.218 2.42873337161 1.17987104443 0.638999743359 -7.28721543288 1.58541931335 21.1584229051 0.00753464155925 0.0030599
pedestrian -1 -1 -10 205.58 149.8 220.705 218.342 2.1687618674 1.17587081891 0.376999739637 -6.98110229599 1.46644569053 12.7978003737 0.00753464155925 0.0014905
pedestrian -1 -1 -10 201.86 194.89 226.561 260.98 2.27175048447 1.19586908577 0.381999852548 -6.98363079229 1.56931771648 12.7890582784 0.00753464155925 0.001365
pedestrian -1 -1 -10 212.0 154.9 244.782 215.753 2.17176155901 1.19286915503 0.376999739637 -6.97822909537 1.47209284421 13.1792702108 0.00753464155925 0.00054737
pedestrian -1 -1 -10 216.88 157.26 236.171 206.458 2.17176155901 1.18786958831 0.376999739637 -6.97895610115 1.47066440508 13.0827836007 0.00753464155925 0.00038374
