pedestrian -1 -1 -10 146.96 138.96 217.324 340.46 1.87799163163 0.56399974749 0.434998309343 -4.33936237116 1.48601686497 7.19368279018 0.00692802392802 0.99563
pedestrian -1 -1 -10 892.08 221.67 917.515 276.528 0.949995777011 1.14099902078 0.571997878827 4.29890546931 1.40265262966 10.2928565101 0.00692802392802 0.032738
pedestrian -1 -1 -10 137.99 153.68 181.214 319.94 1.87799163163 0.56399974749 0.434998309343 -4.33936237116 1.48601686497 7.19368279018 0.00692802392802 0.0072117
pedestrian -1 -1 -10 664.73 195.52 676.984 234.052 1.47399343848 0.790999830168 1.10599585314 1.31970467122 1.44048355505 13.2503083725 0.00692802392802 0.0066023
pedestrian -1 -1 -10 275.93 242.18 288.453 280.032 0.972995616496 0.753999199114 1.06999567695 -4.54126803532 1.40017886722 10.1645811696 0.00692802392802 0.0042416
pedestrian -1 -1 -10 767.08 161.42 781.056 239.002 0.762996576726 0.0989989563481 0.710997295843 4.10878395663 0.749770792639 17.6397045806 0.00692802392802 0.0024932
pedestrian -1 -1 -10 898.97 230.83 928.516 279.634 0.955995672941 0.929999674936 0.653997588081 4.24832522838 1.409054172 10.0637049365 0.00692802392802 0.0019277
pedestrian -1 -1 -10 364.96 223.22 387.435 279.499 0.97999561429 0.824999250181 0.635997529787 -3.51291567186 1.39512047872 10.3589520394 0.00692802392802 0.001588
pedestrian -1 -1 -10 352.12 218.64 379.398 279.339 0.97999561429 0.675999183309 0.623997490924 -3.51943168105 1.39522362011 10.284495381 0.00692802392802 0.0014273
pedestrian -1 -1 -10 885.33 222.2 907.816 277.334 0.955995672941 0.719000329095 0.616997547727 4.22909475418 1.40922773852 9.95833602218 0.00692802392802 0.001355
pedestrian -1 -1 -10 361.58 246.14 385.572 281.975 0.966995660961 0.909999230726 0.6459974827 -3.51763901552 1.3820848478 10.40147823 0.00692802392802 0.0013471
pedestrian -1 -1 -10 643.46 210.51 666.572 272.37 1.47399343848 0.931999528622 0.907996582805 1.12341107493 1.44123783171 13.0641650488 0.00692802392802 0.0012921
pedestrian -1 -1 -10 659.33 194.68 671.24 239.2 1.47399343848 0.863998781247 1.05999608166 1.19917344527 1.44106838592 13.0296387241 0.00692802392802 0.0010765
pedestrian -1 -1 -10 657.15 191.28 685.051 256.096 1.47399343848 0.931999528622 1.15599567731 1.24740764361 1.440896852 13.0633055872 0.00692802392802 0.00097471
pedestrian -1 -1 -10 302.95 228.97 333.087 281.914 1.07599514127 1.1819993592 1.18799550279 -4.25930030257 1.39888832094 10.6125776528 0.00692802392802 0.00096472
pedestrian -1 -1 -10 762.83 163.19 792.312 242.466 0.761996594071 0.0989989563481 0.616997547727 4.15578408061 0.749641550205 17.6393793886 0.00692802392802 0.00091014
pedestrian -1 -1 -10 1088.1 91.04 1124.25 207.95 1.65899259895 0.827999507548 1.19799497887 8.24135959276 0.757273111576 11.604912739 0.00692802392802 0.00079814
pedestrian -1 -1 -10 315.52 221.59 347.879 283.621 1.0729952231 1.17799965183 1.17699562611 -4.08491143828 1.39426010614 10.741369147 0.00692802392802 0.00064299
pedestrian -1 -1 -10 910.08 233.21 938.323 276.27 2.14599041045 1.02099921654 1.19399576064 5.36316460924 1.3840741131 11.7248016823 0.00692802392802 0.00059357
pedestrian -1 -1 -10 649.08 203.5 676.277 269.175 1.3869937703 0.281999396908 0.961996400061 1.14822631152 1.42254158711 12.7390136671 0.00692802392802 0.00032045
pedestrian -1 -1 -10 652.08 197.31 668.606 249.268 1.3869937703 0.278999139542 0.925996521891 1.13021641197 1.42259282881 12.737638335 0.00692802392802 0.00027902
pedestrian -1 -1 -10 1067.0 86.84 1102.88 209.81 1.82099193484 0.716999521735 1.1979954557 7.77223070525 0.927626604581 11.5527654469 0.00692802392802 0.00027809
pedestrian -1 -1 -10 1077.1 117.15 1113.49 239.42 2.17999029756 1.14799898552 1.18999558874 7.90288983289 1.28656959671 11.2875627273 0.00692802392802 0.0002629
pedestrian -1 -1 -10 358.94 218.37 370.791 270.839 0.966995660961 1.03299929233 0.902996725558 -3.64570948001 1.38236667855 10.4638674373 0.00692802392802 0.00025298
pedestrian -1 -1 -10 476.98 87.886 532.097 225.216 1.53099315017 1.19099917763 0.335998703978 -2.27405682937 0.552617803485 16.5482206927 0.00692802392802 0.00015225
pedestrian -1 -1 -10 275.76 230.83 310.236 280.354 0.234998939931 0.248999426901 0.735997297334 -5.28450930987 1.22304413222 12.0765009659 0.00692802392802 7.4005e-05
pedestrian -1 -1 -10 298.08 209.99 319.215 275.655 0.224998994172 0.0399989810723 0.154999150943 -7.62221574228 1.50388864913 18.7236932711 0.00692802392802 4.2801e-05
pedestrian -1 -1 -10 366.46 206.77 399.457 278.671 1.06199523509 1.1849986629 0.691997313783 -3.53903392243 1.38185676738 10.652076855 0.00692802392802 3.2487e-05
pedestrian -1 -1 -10 895.75 209.03 939.554 276.566 2.23298997432 1.15299909657 1.19599560817 5.21259146924 1.38456334557 11.6597932384 0.00692802392802 1.4854e-05
pedestrian -1 -1 -10 162.75 143.09 224.969 264.58 1.87799163163 0.56399974749 0.434998309343 -4.33936237116 1.48601686497 7.19368279018 0.00692802392802 1.4601e-05
pedestrian -1 -1 -10 494.56 91.693 555.834 215.113 0.875996095687 0.880999921765 0.259999014156 -1.93155979936 -0.137727269858 17.7724563441 0.00692802392802 1.5274e-07
