pedestrian -1 -1 -10 992.8 153.67 1057.92 277.17 1.67899246067 0.776998947017 0.806996653074 5.73706886802 1.37255626834 9.52941496248 0.00692802392802 0.96514
pedestrian -1 -1 -10 843.89 218.96 857.945 263.778 0.558997492492 0.267000017424 0.662997140392 4.89363401577 1.28388754058 13.8999140752 0.00692802392802 0.0047712
pedestrian -1 -1 -10 704.04 165.88 718.682 214.665 1.00299554318 0.518001205359 1.15399547215 2.78391346226 0.987202861269 17.8335243311 0.00692802392802 0.0046936
pedestrian -1 -1 -10 699.62 164.43 714.459 221.198 2.06099075228 0.676999586989 1.19799557491 2.14618651879 1.16487611936 14.4079497497 0.00692802392802 0.0030805
pedestrian -1 -1 -10 660.47 189.85 694.262 264.104 2.05999082923 0.676999586989 1.1979954557 1.5522015973 1.16550959905 14.4120662758 0.00692802392802 0.0027422
pedestrian -1 -1 -10 679.12 193.24 692.024 243.225 1.47099344581 1.03099943864 0.928996472002 1.42174414494 1.4404443356 13.038598433 0.00692802392802 0.0024999
pedestrian -1 -1 -10 693.61 203.04 711.725 260.529 2.05999082923 0.676999586989 1.19699541273 2.0626874316 1.1641058077 14.4085279282 0.00692802392802 0.0018531
pedestrian -1 -1 -10 681.19 193.7 709.656 259.528 2.05999082923 0.676999586989 1.18199572177 1.91319163128 1.16451690806 14.4095641335 0.00692802392802 0.0013536
pedestrian -1 -1 -10 884.6 233.24 904.781 280.868 0.918995837868 1.01599910549 0.603997585098 4.24499881127 1.370943241 10.1687077844 0.00692802392802 0.0013261
pedestrian -1 -1 -10 846.75 217.49 866.926 264.864 0.558997492492 0.267000017424 0.662997140392 4.89363401577 1.28388754058 13.8999140752 0.00692802392802 0.0012693
pedestrian -1 -1 -10 898.34 232.84 926.654 277.931 0.918995837868 1.04099966075 0.603997585098 4.2450854128 1.3709287034 10.1812077621 0.00692802392802 0.0011522
pedestrian -1 -1 -10 944.41 225.74 962.536 273.135 0.977995708584 0.686999809094 0.236999098614 4.46365120195 1.43333115409 10.1767314412 0.00692802392802 0.00089728
pedestrian -1 -1 -10 892.63 233.48 916.302 283.087 0.918995837868 1.02199962022 0.562997611262 4.26632273647 1.37074847383 10.287563194 0.00692802392802 0.00085409
pedestrian -1 -1 -10 346.42 216.35 369.352 274.935 1.07099525779 1.17899910184 1.15499587275 -3.70137851666 1.38627808055 10.6752018876 0.00692802392802 0.00059085
pedestrian -1 -1 -10 708.94 169.01 727.459 210.148 1.00599555075 0.52900087747 1.17299545421 2.95545090576 0.989724875827 17.8378370606 0.00692802392802 0.00053153
pedestrian -1 -1 -10 689.44 194.93 702.018 237.638 1.34999395013 0.572000115908 1.1909955125 2.39767285264 0.982305937796 17.7989921663 0.00692802392802 0.00039997
pedestrian -1 -1 -10 340.04 218.97 382.886 281.863 1.07099525779 1.17899910184 1.15799564405 -3.63808102078 1.3861371912 10.645763146 0.00692802392802 0.00015227
pedestrian -1 -1 -10 846.65 201.64 878.355 267.287 2.20799016952 1.15999906131 1.1939952838 4.53448839893 1.34877663989 12.2339781669 0.00692802392802 0.0001449
pedestrian -1 -1 -10 685.85 207.09 697.845 261.311 2.05999082923 0.676999586989 1.13699569525 1.85569316401 1.16467502381 14.4099626745 0.00692802392802 0.00012923
pedestrian -1 -1 -10 950.73 236.55 966.078 281.394 1.52699318975 0.441999135892 0.200998982026 5.43337929511 1.22147218779 9.4609300044 0.00692802392802 0.00011134
pedestrian -1 -1 -10 957.42 236.28 971.352 279.182 2.11699055582 0.829999361234 1.19499520757 6.1419951164 1.41089432016 11.7529544392 0.00692802392802 9.8272e-05
pedestrian -1 -1 -10 881.18 210.93 912.576 275.567 1.15299481899 1.15799920762 0.60799751858 4.24610556785 1.37037306467 10.6635754811 0.00692802392802 6.6389e-05
pedestrian -1 -1 -10 663.23 174.49 678.825 225.717 2.26598987877 1.12999934867 1.12899582828 1.25291941582 1.44135685521 12.6447968506 0.00692802392802 6.3495e-05
pedestrian -1 -1 -10 670.57 174.99 688.88 228.555 1.47099344581 0.818999689123 1.01499617434 1.37947969046 1.44043930256 13.1448938031 0.00692802392802 6.1482e-05
pedestrian -1 -1 -10 839.79 212.65 854.255 261.188 0.558997492492 0.267000017424 0.662997140392 4.89363401577 1.28388754058 13.8999140752 0.00692802392802 6.005e-05
pedestrian -1 -1 -10 340.21 216.17 361.502 279.315 0.971995693445 1.06199955496 1.03699604691 -3.70040000849 1.38663209962 10.3637453304 0.00692802392802 5.9162e-05
pedestrian -1 -1 -10 748.59 120.92 762.873 184.081 1.53599312305 0.537999742221 0.843996931846 2.9537784533 0.637764937643 14.3065445476 0.00692802392802 4.7061e-05
pedestrian -1 -1 -10 354.38 209.95 375.529 271.641 0.963995712995 0.873999957026 0.646997644883 -3.5060677505 1.37820522146 10.2683916397 0.00692802392802 3.121e-05
pedestrian -1 -1 -10 329.27 215.2 348.53 277.225 0.963995712995 0.77800030437 1.03699604691 -3.70139480876 1.37879726229 10.2217445373 0.00692802392802 2.3404e-05
pedestrian -1 -1 -10 676.89 169.94 695.163 229.439 1.47099344581 0.988000200205 0.913996542632 1.42939287816 1.44039870816 13.0600455528 0.00692802392802 1.2527e-05
pedestrian -1 -1 -10 360.35 197.24 380.674 273.513 1.07099525779 1.19299903131 1.1629955013 -3.63260905642 1.38563139763 11.0747351333 0.00692802392802 9.1169e-06
pedestrian -1 -1 -10 320.04 215.34 340.794 277.483 0.227999001741 0.031000116321 0.166999189806 -6.993085737 1.5903390889 18.5619282646 0.00692802392802 8.6525e-06
pedestrian -1 -1 -10 328.34 202.46 374.893 286.963 0.971995693445 1.10600015076 1.03699604691 -3.70024759112 1.38660651365 10.3857451003 0.00692802392802 5.5631e-07
