pedestrian -1 -1 -10 606.91 180.21 623.957 229.789 1.54383048725 0.509944361937 0.776999742362 0.160405630467 1.85410093875 23.8021526703 0.00753464155925 0.99118
pedestrian -1 -1 -10 98.801 184.27 121.499 232.143 2.32674451268 1.194868791 1.02599970882 -5.96600835344 1.69870961934 8.73782397648 0.00753464155925 0.0011086
pedestrian -1 -1 -10 78.873 293.1 105.807 354.5 2.05577426839 1.1938694498 0.757000214592 -6.02416905847 1.69335451884 8.37178535016 0.00753464155925 0.00039616
pedestrian -1 -1 -10 81.634 175.03 119.745 264.725 2.29474802077 1.19686842697 0.746999511935 -5.76835159256 1.6970588145 7.95901510439 0.00753464155925 0.00025623
pedestrian -1 -1 -10 61.626 174.22 92.997 271.39 2.31374598813 1.19686938054 0.691999700432 -5.7078855723 1.70807568956 7.42246330003 0.00753464155925 0.0001413
pedestrian -1 -1 -10 86.043 118.17 128.167 249.65 1.91978919268 1.18786958831 0.948000140866 -6.0043759865 1.29227046858 8.84163179194 0.00753464155925 6.9164e-05
pedestrian -1 -1 -10 68.473 162.91 103.565 249.064 2.29674777544 1.19686890375 0.746999511935 -5.76461876198 1.69459865288 7.6579967896 0.00753464155925 4.1433e-05
pedestrian -1 -1 -10 1066.8 293.3 1147.63 374.601 1.21086707341 1.03988603716 0.6350000345 3.90046735999 1.48729636523 5.87246765931 0.00753464155925 2.1376e-05
pedestrian -1 -1 -10 0.0 198.16 44.868 294.568 2.30474691332 1.19786872174 0.710999748022 -5.64449858473 1.70593624485 6.87537513846 0.00753464155925 1.5719e-05
pedestrian -1 -1 -10 1029.3 212.33 1222.84 373.57 2.02577750135 1.19586908577 0.737999690166 6.20802095354 1.39289484122 8.31184877478 0.00753464155925 1.2541e-05
pedestrian -1 -1 -10 38.735 180.16 76.101 277.557 2.30974641919 1.19586908577 0.721999901057 -5.69964253101 1.70661178195 7.18886103403 0.00753464155925 2.4042e-06
pedestrian -1 -1 -10 1106.3 300.1 1154.99 374.996 1.20586762714 0.939897086813 0.586999951919 3.92408849359 1.48153932135 5.82233105076 0.00753464155925 1.562e-07
pedestrian -1 -1 -10 1088.8 321.15 1169.18 374.995 1.15687298214 0.558938780731 0.442000015379 3.99670054444 1.44073527348 5.83852785939 0.00753464155925 9.4608e-08
