pedestrian -1 -1 -10 308.94 146.87 360.861 309.4 1.82699184567 0.628999283824 0.550998049235 -3.29318289726 1.42760652931 8.52692939554 0.00692802392802 0.98233
pedestrian -1 -1 -10 322.7 200.93 374.802 301.06 1.82099183053 0.628999283824 0.550998049235 -3.29319117081 1.42160651417 8.52692596382 0.00692802392802 0.28021
pedestrian -1 -1 -10 843.15 219.53 857.777 260.321 0.551997554302 0.291999619013 0.584997841456 4.89173722501 1.27887504133 13.9154259084 0.00692802392802 0.081214
pedestrian -1 -1 -10 842.06 157.57 856.157 217.104 2.13699050695 0.941999750727 1.16699591161 4.3525109205 1.27517414651 12.3251965141 0.00692802392802 0.0090529
pedestrian -1 -1 -10 848.17 214.9 865.092 262.266 2.18999018371 1.1819993592 0.708997209893 4.30104582475 1.35657282261 11.2265898252 0.00692802392802 0.0087028
pedestrian -1 -1 -10 1041.2 233.48 1053.44 266.668 0.215999090671 0.561999893803 0.534997838473 8.98274554674 1.55665021284 13.8676012919 0.00692802392802 0.0057393
pedestrian -1 -1 -10 838.37 216.81 851.949 258.221 0.551997554302 0.291999619013 0.584997841456 4.89173722501 1.27887504133 13.9154259084 0.00692802392802 0.0050327
pedestrian -1 -1 -10 668.78 218.65 680.874 261.532 1.47299347073 1.13099975235 1.05699601234 1.34178200719 1.4388220994 12.9011454785 0.00692802392802 0.0022596
pedestrian -1 -1 -10 762.15 155.45 774.577 211.218 2.06799080968 0.435999574833 0.906996659039 3.21235360487 1.1691611124 14.2110591051 0.00692802392802 0.0020833
pedestrian -1 -1 -10 1205.3 241.19 1224.02 289.207 1.04499538094 0.465999764311 0.919996621668 4.58795889052 1.54250139063 5.35733953051 0.00692802392802 0.0019903
pedestrian -1 -1 -10 692.66 182.77 716.317 251.368 2.06999071538 0.64999917804 1.17499565937 2.0948037392 1.16499622138 14.4268004735 0.00692802392802 0.001922
pedestrian -1 -1 -10 755.42 156.34 785.33 215.334 0.763996574283 0.100999763708 0.790996919147 4.04880508056 0.749932294508 17.6431191085 0.00692802392802 0.0018481
pedestrian -1 -1 -10 897.01 229.04 921.211 278.259 0.939995831251 1.14199847078 0.671997169539 4.27820510019 1.36164367967 10.3504593506 0.00692802392802 0.0014722
pedestrian -1 -1 -10 293.8 183.08 343.852 303.27 1.82699184567 0.628999283824 0.550998049235 -3.29318289726 1.42760652931 8.52692939554 0.00692802392802 0.001393
pedestrian -1 -1 -10 308.64 191.03 331.781 268.721 1.82699184567 0.628999283824 0.550998049235 -3.29318289726 1.42760652931 8.52692939554 0.00692802392802 0.0013218
pedestrian -1 -1 -10 678.96 217.13 689.843 259.287 2.05899078697 0.64999917804 1.18299552633 1.66182533081 1.16418693533 14.4298056618 0.00692802392802 0.0010706
pedestrian -1 -1 -10 667.86 215.36 689.654 263.387 2.26398991346 1.18699947025 1.05699601234 1.33964516319 1.43899770971 12.7496967697 0.00692802392802 0.0010688
pedestrian -1 -1 -10 705.36 161.52 724.745 204.545 0.755996608734 0.128000172657 1.11299573673 2.87470546672 0.740178673987 17.6357472406 0.00692802392802 0.0010042
pedestrian -1 -1 -10 905.56 234.91 927.976 277.056 0.910995976627 0.740999673317 0.597998042502 4.24230974723 1.36206222734 10.0712184847 0.00692802392802 0.00079736
pedestrian -1 -1 -10 697.5 193.41 711.509 238.489 2.06999071538 0.64999917804 1.17499565937 2.0948037392 1.16499622138 14.4268004735 0.00692802392802 0.00074021
pedestrian -1 -1 -10 752.38 161.3 763.514 204.364 0.764996571839 0.100999763708 1.11099565078 3.88880817914 0.750372268188 17.6442275188 0.00692802392802 0.00056822
pedestrian -1 -1 -10 757.3 158.57 768.931 208.755 2.06799080968 0.435999574833 1.00199633092 3.16485490992 1.16929172965 14.2113883343 0.00692802392802 0.00055629
pedestrian -1 -1 -10 832.39 150.64 858.686 245.457 2.19299025089 0.989999100218 1.17899547364 4.27342383039 1.33141903935 12.3017770062 0.00692802392802 0.00038431
pedestrian -1 -1 -10 848.81 211.67 879.636 265.927 2.20699012727 1.12399883393 1.19499544598 4.5839705518 1.34464163578 12.2326311681 0.00692802392802 0.00030783
pedestrian -1 -1 -10 712.83 165.01 728.39 206.67 0.757996618748 0.100999763708 1.19199543627 3.01211368193 0.74281627947 17.6212966157 0.00692802392802 0.00025138
pedestrian -1 -1 -10 683.6 218.57 698.01 261.123 1.9649912253 0.64999917804 1.14399575765 1.87145190246 1.16461088689 14.4284084949 0.00692802392802 0.00023623
pedestrian -1 -1 -10 936.94 221.73 966.036 273.445 0.82999624908 0.499999661161 0.277999310868 4.36327194808 1.3527498273 10.0529158812 0.00692802392802 0.00020305
pedestrian -1 -1 -10 747.85 159.63 759.167 206.367 0.763996589184 0.105998921087 1.1629955013 3.8167914564 0.74957318077 17.6422264705 0.00692802392802 0.00015155
pedestrian -1 -1 -10 744.87 146.67 772.163 205.684 2.06799080968 0.578999126973 1.09499591685 3.11885158211 1.16933644393 14.2832086924 0.00692802392802 0.00014056
pedestrian -1 -1 -10 837.95 203.19 867.095 257.596 0.551997554302 0.291999619013 0.584997841456 4.89173722501 1.27887504133 13.9154259084 0.00692802392802 0.00012583
pedestrian -1 -1 -10 755.74 173.0 789.285 240.908 0.763996574283 0.100999763708 0.752997193445 4.06780448702 0.749880047803 17.6429874172 0.00692802392802 0.00012019
pedestrian -1 -1 -10 658.12 214.85 678.12 270.886 1.47299347073 1.01699950917 0.983996332232 1.30651622457 1.43871545704 13.0793945228 0.00692802392802 0.00011662
pedestrian -1 -1 -10 883.98 219.03 914.358 277.773 0.901995953918 0.612000050654 0.558998154616 4.22235100872 1.35319083865 10.0068502311 0.00692802392802 8.4178e-05
pedestrian -1 -1 -10 287.61 190.89 322.334 275.95 1.8649917081 0.356999155347 1.1909955125 -6.47546506079 0.90841118396 15.4935222835 0.00692802392802 7.4937e-05
pedestrian -1 -1 -10 889.34 220.56 903.402 273.843 0.775996530056 0.267000017424 0.504997979734 4.19448743472 1.41046548549 9.83467876429 0.00692802392802 6.7413e-05
pedestrian -1 -1 -10 874.41 230.66 896.111 277.486 0.939995831251 1.14199847078 0.671997169539 4.27820510019 1.36164367967 10.3504593506 0.00692802392802 6.3514e-05
pedestrian -1 -1 -10 304.74 153.13 349.315 237.712 1.82699184567 0.628999283824 0.550998049235 -3.29318289726 1.42760652931 8.52692939554 0.00692802392802 5.3083e-05
pedestrian -1 -1 -10 343.12 211.34 370.108 287.774 0.962995670736 1.06699871234 0.625997576874 -3.43614048447 1.37677665981 10.4744112428 0.00692802392802 1.6821e-05
pedestrian -1 -1 -10 412.62 196.93 446.655 261.705 2.43798910081 0.63299994487 1.19499544598 -3.64102384344 1.52001223095 15.1282547337 0.00692802392802 1.4848e-06
pedestrian -1 -1 -10 245.36 194.48 285.449 281.781 2.07499068826 1.04199911075 1.12699609996 -6.46583619278 1.27654644286 13.6042148403 0.00692802392802 1.3383e-06
