pedestrian -1 -1 -10 194.96 161.19 369.18 375.0 1.76680598576 1.16387276469 0.702999853468 -1.71671649775 1.63948761207 3.22328270442 0.00753464155925 0.9212
pedestrian -1 -1 -10 108.03 160.48 316.53 370.99 1.79780260033 1.17887074966 1.04599968362 -1.88792702071 1.67114937998 3.26083834065 0.00753464155925 0.53625
pedestrian -1 -1 -10 823.95 178.75 911.092 277.524 2.15076386678 0.747918206794 1.19699966029 5.15840870867 1.74948409523 14.5192594055 0.00753464155925 0.028355
pedestrian -1 -1 -10 239.34 152.54 319.36 326.4 1.744808446 1.16387276469 0.702999853468 -1.71672328036 1.6174900723 3.22344558714 0.00753464155925 0.016556
pedestrian -1 -1 -10 83.341 173.71 189.531 366.43 1.43584231216 1.1828700216 0.748999843201 -5.45987817613 1.5005222835 7.99824889268 0.00753464155925 0.0027834
pedestrian -1 -1 -10 0.0 155.87 26.448 203.465 1.74980784059 1.1578731416 1.19200002421 -9.21162665843 1.02161577486 11.2308723091 0.00753464155925 0.0018243
pedestrian -1 -1 -10 271.45 161.59 322.07 286.23 1.68781466312 1.1878698267 0.702999853468 -1.71607035033 1.56181371087 3.31285531394 0.00753464155925 0.0009522
pedestrian -1 -1 -10 284.34 158.99 338.106 334.78 1.76680598576 1.19486902939 0.702999853468 -1.71486696451 1.64312162122 3.46874869314 0.00753464155925 0.00013043
pedestrian -1 -1 -10 852.81 185.51 916.794 253.177 2.14976390005 0.748918501564 1.1889992889 5.51649164729 1.73542475378 14.5302636672 0.00753464155925 0.00011825
pedestrian -1 -1 -10 1010.6 124.6 1024.07 172.452 0.783913878923 0.729921483051 1.13099921891 14.1112497463 -0.212540985666 24.8221587899 0.00753464155925 4.9151e-05
pedestrian -1 -1 -10 1184.5 93.377 1224.67 233.667 1.55482925713 1.18687024711 0.783999679899 4.726314589 1.00240200144 5.44741098602 0.00753464155925 3.2046e-05
pedestrian -1 -1 -10 328.4 191.57 361.968 259.353 0.685924678326 0.724920962767 0.427999842281 -5.35247329648 0.879873945992 15.3190864783 0.00753464155925 2.7085e-05
pedestrian -1 -1 -10 300.25 168.21 348.059 302.26 1.75680709321 1.18686977033 0.653999843672 -1.69013718984 1.63356376834 3.49963414031 0.00753464155925 8.6595e-06
pedestrian -1 -1 -10 449.35 145.77 471.242 223.374 0.100988911197 0.0199963597142 0.387999892673 -5.29230993948 0.3279150023 26.2644846759 0.00753464155925 7.8399e-06
