pedestrian -1 -1 -10 547.01 173.21 559.877 211.106 1.50883436334 0.386954830071 0.47999987214 -2.721095746 1.74587296425 37.5115963106 0.00753464155925 0.4602
pedestrian -1 -1 -10 845.24 167.25 907.402 283.38 1.85179666972 1.19686938054 0.690999773218 3.70826704761 1.50244332775 9.86348613928 0.00753464155925 0.010563
pedestrian -1 -1 -10 278.43 215.43 299.429 266.335 2.50972444892 1.07788198132 1.14999974334 -6.49415210673 1.7973263422 14.7010204799 0.00753464155925 0.0085452
pedestrian -1 -1 -10 283.34 213.33 308.954 267.574 0.768915540102 0.402955732122 0.649999419557 -7.33831714689 1.7800896352 16.4604944904 0.00753464155925 0.003526
pedestrian -1 -1 -10 267.41 219.12 294.24 266.734 2.50972444892 0.977892554195 1.16899931409 -6.55202727429 1.79662807916 14.6514598043 0.00753464155925 0.0021052
pedestrian -1 -1 -10 294.2 209.68 310.206 261.615 2.50672475731 1.0068896597 1.11099972094 -6.08274033677 1.7899475088 14.4224697814 0.00753464155925 0.00056679
pedestrian -1 -1 -10 258.36 212.04 287.755 269.522 2.50972444892 0.646928484893 0.965999784404 -6.69675838083 1.79823646707 14.7540405503 0.00753464155925 0.00046222
pedestrian -1 -1 -10 291.92 209.23 325.347 272.805 2.50672475731 1.10187856655 1.03299967616 -6.04338356794 1.79062222712 14.4696694586 0.00753464155925 0.00019364
pedestrian -1 -1 -10 263.66 207.24 314.089 269.827 2.50972444892 1.09388002267 1.18199979839 -6.47821280125 1.79719627461 14.6929013054 0.00753464155925 5.5912e-05
pedestrian -1 -1 -10 542.9 153.62 567.95 210.295 1.50883436334 0.386954830071 0.47999987214 -2.721095746 1.74587296425 37.5115963106 0.00753464155925 1.2444e-05
