pedestrian -1 -1 -10 203.88 161.28 263.31 300.67 1.68499248326 0.660999803825 0.731997125435 -4.91516133409 1.40334774954 9.16723674882 0.00692802392802 0.99762
pedestrian -1 -1 -10 845.72 210.54 860.165 261.382 0.554997561872 0.298999583752 0.630997672539 4.90871108618 1.2798324069 13.911807609 0.00692802392802 0.011499
pedestrian -1 -1 -10 188.57 164.26 229.139 301.75 2.2629898712 1.19299903131 1.14899537648 -7.50857778646 1.34652838276 13.5109090527 0.00692802392802 0.0087571
pedestrian -1 -1 -10 836.93 176.86 868.932 266.915 0.690996901691 0.0839995768644 0.581997593322 6.4239136092 0.784325294881 17.6932487888 0.00692802392802 0.0067799
pedestrian -1 -1 -10 659.1 229.98 671.792 267.782 1.80399190187 1.17599979814 0.97299627674 1.26751261542 1.43699352066 12.928966254 0.00692802392802 0.0043202
pedestrian -1 -1 -10 661.71 219.22 681.514 268.703 1.80299190432 1.000999726 1.06499593891 1.31411891797 1.43676526715 13.0161459296 0.00692802392802 0.0027081
pedestrian -1 -1 -10 535.11 201.04 554.989 234.06 1.6339927271 0.772999239644 1.04299606634 -1.1216292943 1.44263680525 12.8821224769 0.00692802392802 0.0022249
pedestrian -1 -1 -10 223.34 162.26 258.363 274.08 1.68499248326 0.660999803825 0.731997125435 -4.91516133409 1.40334774954 9.16723674882 0.00692802392802 0.0014615
pedestrian -1 -1 -10 668.85 222.64 680.023 264.022 1.80299190432 1.08899996391 1.06499593891 1.31381408653 1.43681643853 12.9721468666 0.00692802392802 0.0012785
pedestrian -1 -1 -10 883.48 229.79 906.12 276.702 0.923995929956 0.862999331241 0.646997406466 4.23598707028 1.37505330664 10.0942701693 0.00692802392802 0.0011139
pedestrian -1 -1 -10 528.9 195.46 557.639 260.947 1.64399267286 0.938999493361 1.07599593479 -1.13869006532 1.45277865101 12.7992444252 0.00692802392802 0.00079365
pedestrian -1 -1 -10 885.35 215.79 898.13 272.121 0.918995957076 0.714999668048 0.613997538011 4.21896796933 1.37018476657 10.0203836177 0.00692802392802 0.00066374
pedestrian -1 -1 -10 655.53 229.43 667.289 273.755 2.26098990589 0.742000076997 0.676997444018 1.14685958072 1.43582234619 12.4935244175 0.00692802392802 0.00062004
pedestrian -1 -1 -10 1098.2 92.338 1133.65 220.418 1.78799203038 0.599999974863 1.18599589367 8.25081274532 0.8873671398 11.4999209233 0.00692802392802 0.00054573
pedestrian -1 -1 -10 178.01 214.18 213.466 302.498 1.95799125731 1.0499985255 1.06799630625 -7.64116064279 1.34714293569 13.2945001013 0.00692802392802 0.00054077
pedestrian -1 -1 -10 838.42 207.6 852.729 260.689 0.554997561872 0.298999583752 0.630997672539 4.90871108618 1.2798324069 13.911807609 0.00692802392802 0.00046549
pedestrian -1 -1 -10 889.47 219.36 903.456 272.555 2.09899057001 1.07799933813 0.79799733918 4.89183219789 1.25587391542 11.287434718 0.00692802392802 0.00035804
pedestrian -1 -1 -10 327.95 216.17 347.695 279.814 0.974995581806 0.690999516466 1.08299563957 -3.70611270262 1.38476380642 10.2622789295 0.00692802392802 0.0003181
pedestrian -1 -1 -10 747.31 152.61 759.415 206.568 2.17499032468 0.517999298011 1.17899547364 3.05785880954 1.27652753969 14.2631934901 0.00692802392802 0.00030147
pedestrian -1 -1 -10 653.8 211.86 676.971 271.168 2.2629898712 1.17899910184 0.960996357086 1.26014204878 1.43713387738 12.8222477952 0.00692802392802 0.00015154
pedestrian -1 -1 -10 347.98 213.1 369.715 274.189 1.02399544716 1.18499961657 1.04299582792 -3.68429926254 1.38839485447 10.5321101753 0.00692802392802 0.00012263
pedestrian -1 -1 -10 935.22 215.8 968.042 273.683 0.913995924592 0.638999505929 0.23799902238 4.44075840597 1.37444677128 10.1308581167 0.00692802392802 0.00012172
pedestrian -1 -1 -10 872.87 206.31 895.998 268.491 0.923995929956 1.09499952497 0.646997406466 4.2367907153 1.37491840053 10.2102674823 0.00692802392802 9.9494e-05
pedestrian -1 -1 -10 960.0 227.89 992.718 279.137 0.980995596945 1.17099873342 0.732997526036 5.74918013301 1.40552595963 10.4037969247 0.00692802392802 9.0916e-05
pedestrian -1 -1 -10 876.56 228.52 895.204 275.468 1.1549948737 1.18299880921 0.602997661332 4.25981555688 1.37463228547 10.4039783341 0.00692802392802 5.8913e-05
pedestrian -1 -1 -10 350.08 221.28 387.202 281.917 0.978995631635 0.930999124942 0.712997143375 -3.52028102774 1.38811557903 10.3809958811 0.00692802392802 4.5879e-05
pedestrian -1 -1 -10 958.55 236.52 972.557 283.409 2.1149904713 0.935999235994 1.19599560817 6.15067376062 1.406839496 11.7798913762 0.00692802392802 3.3251e-05
pedestrian -1 -1 -10 203.77 157.36 238.339 249.858 1.68499248326 0.660999803825 0.794997091047 -4.94666056024 1.40343436966 9.16745508046 0.00692802392802 1.5687e-05
pedestrian -1 -1 -10 1089.5 135.23 1125.68 257.93 2.32098969966 1.16599957604 1.18799526437 8.13723020778 1.42189765317 11.3100148647 0.00692802392802 1.2412e-05
pedestrian -1 -1 -10 329.72 204.0 376.319 282.475 0.978995631635 1.03499914602 1.08799573524 -3.70741556535 1.38857069818 10.4342942326 0.00692802392802 8.1387e-06
pedestrian -1 -1 -10 341.02 214.11 359.855 276.357 0.978995631635 0.942999200733 1.08799573524 -3.70773425172 1.38862419536 10.3882953639 0.00692802392802 8.0298e-06
pedestrian -1 -1 -10 908.31 215.75 948.121 273.812 2.21399006546 0.833999068606 1.19599560817 5.59263136682 1.36217449706 11.9576526113 0.00692802392802 6.6432e-06
pedestrian -1 -1 -10 336.18 215.34 351.699 277.916 0.974995581806 0.761999567533 1.08799573524 -3.70836674735 1.38472939525 10.2977954314 0.00692802392802 2.2601e-06
pedestrian -1 -1 -10 241.33 186.02 289.338 290.98 1.13099493235 1.19099917763 0.826997035735 -4.83656172334 1.39859051489 10.5160425593 0.00692802392802 2.1257e-06
pedestrian -1 -1 -10 315.87 208.38 356.954 283.111 1.07199521065 1.19399848132 1.0999957741 -4.07944704711 1.39408607704 10.8803350367 0.00692802392802 1.5006e-06
pedestrian -1 -1 -10 317.75 215.68 340.865 274.098 1.0729951337 1.1719991371 1.18399533089 -4.17665081397 1.39538762334 10.8510089366 0.00692802392802 1.4332e-06
pedestrian -1 -1 -10 361.61 187.18 413.643 276.655 2.25798989832 0.516999848005 1.19599560817 -4.58045892605 1.32854190388 15.1816458697 0.00692802392802 7.481e-07
