pedestrian -1 -1 -10 730.0 155.41 800.015 303.4 1.72999221683 0.585999091712 0.828996883267 1.91487359849 1.42161768548 9.07441149851 0.00692802392802 0.99831
pedestrian -1 -1 -10 842.72 220.63 856.77 259.743 0.553997579217 0.286000057954 0.632997520071 4.90759825396 1.27985434574 13.8953155226 0.00692802392802 0.077601
pedestrian -1 -1 -10 703.11 166.88 716.314 215.631 0.754996626079 0.104000021074 0.984996196394 2.81958096041 0.739350866547 17.6181277225 0.00692802392802 0.063695
pedestrian -1 -1 -10 699.29 170.26 713.113 225.075 2.39598929286 0.765999274906 1.19799557491 2.14698445855 1.4998182558 14.4566397402 0.00692802392802 0.020303
pedestrian -1 -1 -10 847.53 216.45 863.63 261.731 1.16799473763 1.01299884812 0.663997779411 4.28146828984 1.38472384916 11.1458504325 0.00692802392802 0.011723
pedestrian -1 -1 -10 667.12 216.15 686.407 263.105 2.24898999482 1.15099924288 1.01699620069 1.31492854819 1.43101879296 12.7908683537 0.00692802392802 0.0042435
pedestrian -1 -1 -10 707.11 165.46 722.377 210.973 0.755996608734 0.104000021074 1.12099560369 2.88758040955 0.740163860462 17.6176569771 0.00692802392802 0.0035512
pedestrian -1 -1 -10 691.86 164.69 715.614 241.218 2.39598929286 0.765999274906 1.18499549307 2.08948599129 1.49997637155 14.4570382812 0.00692802392802 0.0029409
pedestrian -1 -1 -10 715.49 167.82 759.699 296.35 1.08299516886 0.439999282206 1.18699557902 2.75281177675 0.185292740204 14.3296744414 0.00692802392802 0.0021647
pedestrian -1 -1 -10 892.63 224.33 919.483 273.95 0.953995707631 1.18899932394 0.630997434121 4.25940967393 1.37074504503 10.3070909919 0.00692802392802 0.0020676
pedestrian -1 -1 -10 901.78 231.36 924.003 277.971 0.919995880127 1.17499844079 0.605997909465 4.25814627306 1.37088248821 10.190116686 0.00692802392802 0.0018595
pedestrian -1 -1 -10 728.9 149.93 775.024 256.44 1.72999221683 0.585999091712 0.828996883267 1.91487359849 1.42161768548 9.07441149851 0.00692802392802 0.001089
pedestrian -1 -1 -10 658.93 212.6 679.276 270.87 1.47499343604 1.0819990455 1.15699572028 1.24742824298 1.44097572306 12.9943030081 0.00692802392802 0.00056589
pedestrian -1 -1 -10 885.86 228.69 905.431 278.93 0.902995996177 0.777999350697 0.589997698703 4.24874771976 1.35413545486 9.99166763159 0.00692802392802 0.00046802
pedestrian -1 -1 -10 937.66 223.18 966.304 273.363 0.895995998383 0.547999964326 0.283998853464 4.4022727814 1.34862520785 10.0676032154 0.00692802392802 0.00045393
pedestrian -1 -1 -10 836.9 155.69 851.666 215.862 2.19599013925 1.01499870181 1.1949956844 4.25318418303 1.33751638011 12.2654216983 0.00692802392802 0.00040903
pedestrian -1 -1 -10 755.92 153.76 787.942 236.104 1.72999221683 0.585999091712 0.767997003605 1.94537280569 1.42153381533 9.07420009833 0.00692802392802 0.0003427
pedestrian -1 -1 -10 848.57 209.67 877.924 263.345 0.553997579217 0.286000057954 0.632997520071 4.90759825396 1.27985434574 13.8953155226 0.00692802392802 0.00024508
pedestrian -1 -1 -10 1198.1 233.52 1224.04 308.265 0.98799559474 0.377000076394 0.907996582805 4.56187441812 1.47373383857 5.21696988017 0.00692802392802 0.00018337
pedestrian -1 -1 -10 883.95 218.78 898.989 275.109 0.919995880127 0.839999583339 0.596997641901 4.2524858166 1.37108966183 10.0226524682 0.00692802392802 0.00017786
pedestrian -1 -1 -10 737.63 144.23 754.763 221.755 1.00499552339 0.502999918527 0.67999727492 3.37294622299 0.990576784524 17.8349461688 0.00692802392802 0.00016767
pedestrian -1 -1 -10 765.15 156.6 782.783 227.349 1.72999221683 0.585999091712 0.767997003605 1.94537280569 1.42153381533 9.07420009833 0.00692802392802 0.00014318
pedestrian -1 -1 -10 894.34 237.62 913.431 283.606 1.15299481899 1.18999972762 0.686997694953 4.3195551905 1.37017909157 10.6560667212 0.00692802392802 0.00011308
pedestrian -1 -1 -10 247.99 202.92 281.832 282.776 1.69599240422 1.09400007497 1.09999625094 -6.46018642208 1.27959528992 13.5493984479 0.00692802392802 9.3741e-05
pedestrian -1 -1 -10 908.36 226.22 928.13 269.644 0.954995809495 0.826999103868 0.589997698703 4.24898915774 1.40610677525 10.0161966616 0.00692802392802 7.1952e-05
pedestrian -1 -1 -10 691.47 169.27 705.112 219.43 1.46499349028 0.85199965913 0.630997672539 1.51120387452 1.43011882772 13.1074713317 0.00692802392802 6.7078e-05
pedestrian -1 -1 -10 765.31 178.07 802.955 291.65 1.08299516886 0.283999250594 0.344998494708 3.20725880004 0.184132277346 14.2485226281 0.00692802392802 5.5223e-05
pedestrian -1 -1 -10 881.76 207.48 909.425 271.958 1.16799473763 1.13599890972 0.778997118702 4.34384066015 1.38473821923 10.9829144108 0.00692802392802 4.6798e-05
pedestrian -1 -1 -10 875.59 230.59 895.6 277.311 1.15299481899 1.18999972762 0.630997434121 4.2600809362 1.37058629813 10.4434736874 0.00692802392802 3.4377e-05
pedestrian -1 -1 -10 1034.5 230.97 1062.16 270.144 2.269989869 0.97599917074 1.1939952838 7.4689050729 1.37628706425 11.7066315934 0.00692802392802 2.6164e-05
pedestrian -1 -1 -10 340.08 219.95 383.785 281.294 1.06099531203 1.18399921289 1.0579958765 -3.72068742202 1.38630204624 10.7008419551 0.00692802392802 1.92e-05
pedestrian -1 -1 -10 874.39 201.78 899.537 265.764 0.919995880127 0.977999024427 0.605997909465 4.25746387018 1.37099704167 10.0916193416 0.00692802392802 1.7478e-05
pedestrian -1 -1 -10 258.27 199.78 274.878 275.698 0.951995801925 1.09599992865 0.715997391508 -4.73451115447 1.38942098152 10.418926186 0.00692802392802 1.6446e-05
pedestrian -1 -1 -10 321.13 210.37 347.17 276.137 0.216999013722 0.0400008884196 0.148999131512 -6.91635029951 1.4631156137 18.5717562324 0.00692802392802 1.0368e-05
pedestrian -1 -1 -10 379.85 189.67 400.928 263.193 2.26198988855 0.52499926275 1.1909955125 -4.51683471207 1.33334749144 15.1982089533 0.00692802392802 5.0087e-06
pedestrian -1 -1 -10 348.41 213.47 370.434 278.707 1.06099531203 1.19899859237 1.0579958765 -3.72091950686 1.38634100581 10.6673430641 0.00692802392802 4.8564e-06
pedestrian -1 -1 -10 375.95 168.04 414.251 269.15 2.34998949468 0.52499926275 1.19399576064 -4.39621111109 1.423015767 15.1974263696 0.00692802392802 3.1208e-08
pedestrian -1 -1 -10 332.17 204.62 363.17 290.819 0.97399571836 1.08700011023 1.11599574645 -3.75163468918 1.38672894124 10.4026004998 0.00692802392802 2.4645e-08
