pedestrian -1 -1 -10 513.44 157.63 568.661 313.9 1.65999252945 0.462999983782 0.870996691462 -0.702774540649 1.41127319159 8.6930658431 0.00692802392802 0.99236
pedestrian -1 -1 -10 767.66 178.02 780.858 241.003 0.763996574283 0.0919989916094 0.72699702977 4.10180705043 0.749785970989 17.6432524248 0.00692802392802 0.032293
pedestrian -1 -1 -10 762.41 183.67 792.846 239.471 0.762996576726 0.0919989916094 0.627997424406 4.151307043 0.749649854135 17.6429099054 0.00692802392802 0.011564
pedestrian -1 -1 -10 354.43 221.55 384.972 280.238 0.975995624065 1.15699880394 0.857996579823 -3.5856553023 1.34125398527 10.4173971869 0.00692802392802 0.0039589
pedestrian -1 -1 -10 326.05 234.81 350.69 284.644 1.0479952693 1.18399921289 1.19299583687 -4.01674533129 1.36203597977 10.772874798 0.00692802392802 0.0031875
pedestrian -1 -1 -10 847.91 223.43 862.268 266.618 1.10199501812 1.06699871234 0.660997531278 4.26011507619 1.39477826455 11.1500487287 0.00692802392802 0.0022743
pedestrian -1 -1 -10 641.05 221.13 666.523 270.625 1.47699337155 0.925999967563 0.723997258472 1.18996588768 1.44012681845 13.0006991548 0.00692802392802 0.0019823
pedestrian -1 -1 -10 653.14 223.07 665.202 272.701 2.15099044293 0.814999028076 0.614997700195 1.13066047545 1.33487905537 12.483082524 0.00692802392802 0.0016435
pedestrian -1 -1 -10 307.38 224.22 345.515 277.645 1.0479952693 1.17699924815 1.13899566199 -4.15321604089 1.36248962212 10.7053186041 0.00692802392802 0.0016075
pedestrian -1 -1 -10 904.37 232.65 929.652 275.761 0.954995749891 0.950998615478 0.671997646375 4.1989600574 1.41025117548 10.0105479 0.00692802392802 0.0012402
pedestrian -1 -1 -10 843.41 218.68 857.721 268.452 0.552997536957 0.298999583752 0.616997786144 4.89275330788 1.27886938296 13.9179188765 0.00692802392802 0.00091505
pedestrian -1 -1 -10 840.1 193.63 868.669 267.085 0.552997536957 0.298999583752 0.616997786144 4.89275330788 1.27886938296 13.9179188765 0.00692802392802 0.00091166
pedestrian -1 -1 -10 357.29 211.84 374.756 269.615 0.999995565414 0.645999470668 1.01399613137 -3.78925517256 1.31374016331 11.3572844068 0.00692802392802 0.00054323
pedestrian -1 -1 -10 1076.9 85.671 1115.41 194.351 1.50399326086 0.655999692773 1.19799593254 7.96822933795 0.607178720948 11.4717175108 0.00692802392802 0.00052943
pedestrian -1 -1 -10 637.51 215.33 655.411 266.428 0.87599606216 0.305000098484 1.17399555679 1.10515786076 0.736028846381 17.6614318923 0.00692802392802 0.00047253
pedestrian -1 -1 -10 323.54 215.56 357.596 277.726 0.83499622196 0.598999571183 1.00299649311 -3.69582733594 1.36487671333 10.1392632496 0.00692802392802 0.00047106
pedestrian -1 -1 -10 1059.1 86.857 1095.65 207.707 1.58599291146 0.652999435406 1.19199543627 7.65736284675 0.69803529528 11.4724290532 0.00692802392802 0.0004316
pedestrian -1 -1 -10 367.17 206.47 383.951 253.95 0.924995853007 1.06899856603 0.720997248756 -3.51739178898 1.34111679309 10.3729525107 0.00692802392802 0.0003386
pedestrian -1 -1 -10 1038.3 94.046 1073.02 206.766 1.61799277365 0.697000031199 1.19899537947 7.29631574521 0.734964027853 11.5309559144 0.00692802392802 0.0003092
pedestrian -1 -1 -10 887.3 221.78 921.512 279.444 1.11599501371 1.16199891499 0.664997703177 4.25664400752 1.40969442344 10.35756241 0.00692802392802 0.00029028
pedestrian -1 -1 -10 363.46 244.63 394.387 280.734 0.975995624065 1.12199898025 0.720997248756 -3.51668271967 1.34098595795 10.4854202791 0.00692802392802 0.00022117
pedestrian -1 -1 -10 516.25 158.5 544.074 285.42 1.6589926064 0.462999983782 0.828996853465 -0.723775334026 1.41033101509 8.69321082514 0.00692802392802 0.00019494
pedestrian -1 -1 -10 279.13 251.81 298.677 283.682 1.11699499637 1.18899932394 0.95499681449 -4.60377400456 1.36480733623 10.6394012327 0.00692802392802 0.00018686
pedestrian -1 -1 -10 1005.9 98.771 1043.54 227.861 1.92799139023 0.860999477555 1.19599560817 6.91904517416 1.04386974871 11.6487512995 0.00692802392802 0.00014355
pedestrian -1 -1 -10 1027.0 96.561 1061.38 208.451 1.80099198371 0.645999470668 1.19399576064 7.11210434495 0.923467647414 11.5348455684 0.00692802392802 0.00012639
pedestrian -1 -1 -10 353.51 210.73 369.674 253.396 0.944995744527 1.00799873707 0.928996412397 -3.62157259683 1.36143813836 10.3431856057 0.00692802392802 0.00010967
pedestrian -1 -1 -10 499.77 137.98 540.681 289.32 1.46799346805 0.724999890153 0.80499704396 -1.61396955619 1.37021873804 12.6865409915 0.00692802392802 7.8858e-05
pedestrian -1 -1 -10 273.92 232.04 302.502 279.467 0.123999375105 0.175000072141 0.146999760815 -5.38472615466 1.26515319376 12.2233123128 0.00692802392802 7.7016e-05
pedestrian -1 -1 -10 365.56 198.45 393.999 272.346 1.0229954049 1.19399943499 0.812996910923 -3.47006293425 1.3407443303 10.5840720991 0.00692802392802 6.8109e-05
pedestrian -1 -1 -10 296.21 206.76 325.439 269.425 0.239998912811 0.0970000563355 0.495998427422 -7.60479043354 1.51085267776 18.7130707559 0.00692802392802 6.7301e-05
pedestrian -1 -1 -10 981.05 219.27 1014.5 291.584 0.915995889902 0.664999511198 0.580997669556 5.72791466554 1.41097591883 10.0619804215 0.00692802392802 2.7241e-05
pedestrian -1 -1 -10 535.2 170.51 602.586 290.94 2.00399102569 0.450000457984 0.922996571779 -0.543329542103 1.10093746898 14.7190486247 0.00692802392802 5.6824e-06
pedestrian -1 -1 -10 525.12 154.55 542.557 242.044 1.65999252945 0.462999983782 0.870996691462 -0.702774540649 1.41127319159 8.6930658431 0.00692802392802 7.3971e-07
pedestrian -1 -1 -10 527.1 152.13 562.047 268.68 1.65999252945 0.462999983782 0.870996691462 -0.702774540649 1.41127319159 8.6930658431 0.00692802392802 7.0964e-07
pedestrian -1 -1 -10 485.82 90.281 542.762 251.211 0.852996207774 1.15000074655 0.309998778721 -2.14154584148 -0.140322115759 17.0504043627 0.00692802392802 4.1518e-07
pedestrian -1 -1 -10 539.54 156.9 556.463 243.509 1.63799263351 0.988999650211 0.35499856683 -1.38793646469 1.44942281813 12.8369714874 0.00692802392802 3.2475e-07
pedestrian -1 -1 -10 530.68 153.77 549.75 227.231 1.65999252945 0.462999983782 0.870996691462 -0.702774540649 1.41127319159 8.6930658431 0.00692802392802 9.2306e-08
