pedestrian -1 -1 -10 1116.2 229.97 1189.34 375.0 1.4818372879 0.937896974057 0.758999592185 3.30990162926 1.64591770258 4.20234415234 0.00753464155925 0.71991
pedestrian -1 -1 -10 970.06 153.72 1038.12 261.38 1.01788825953 0.766916178877 0.668999943984 5.71981342871 0.745660981305 9.96137527075 0.00753464155925 0.57805
pedestrian -1 -1 -10 992.36 148.56 1069.48 271.83 1.01788825953 0.766916178877 0.668999943984 5.71981342871 0.745660981305 9.96137527075 0.00753464155925 0.0069904
pedestrian -1 -1 -10 806.24 204.98 819.544 242.687 1.15987264395 1.15587350563 0.222999981328 3.29379886979 1.72064564986 11.6089981461 0.00753464155925 0.00083545
pedestrian -1 -1 -10 963.0 64.902 1095.62 337.642 1.01788825953 0.766916178877 0.668999943984 5.71981342871 0.745660981305 9.96137527075 0.00753464155925 0.00025903
pedestrian -1 -1 -10 925.13 230.63 971.926 319.122 1.28885848892 0.722920373226 1.05799952545 4.11346774743 1.57829948609 9.12304165191 0.00753464155925 0.00021763
pedestrian -1 -1 -10 799.54 205.06 818.806 254.451 1.15987264395 1.18586995234 0.222999981328 3.29391187496 1.72086768524 11.6239959437 0.00753464155925 0.00015784
pedestrian -1 -1 -10 1012.2 159.66 1054.53 240.126 1.01788825953 0.766916178877 0.668999943984 5.71981342871 0.745660981305 9.96137527075 0.00753464155925 0.00013753
pedestrian -1 -1 -10 1105.2 230.92 1154.12 349.64 1.47983750343 1.02688744977 0.68899968037 3.27523853309 1.64660189761 4.247086652 0.00753464155925 0.00013554
pedestrian -1 -1 -10 400.81 131.87 417.778 192.394 0.768915584801 0.379955627386 0.402000304189 -10.3193998629 0.353651661558 38.1305566609 0.00753464155925 0.00011264
pedestrian -1 -1 -10 856.35 146.57 874.13 195.333 0.0999890208244 0.0 0.0 21.0089098628 0.368038154501 57.690072187 0.0 1.5292e-05
pedestrian -1 -1 -10 801.1 176.6 820.703 204.297 0.101988805294 0.138984712497 0.235000538415 16.7878045025 1.03387084229 57.295477207 0.00753464155925 7.9919e-06
pedestrian -1 -1 -10 790.24 203.75 823.483 283.677 1.15987264395 1.19386849623 0.203999933738 3.30478277265 1.72355482414 11.8058995253 0.00753464155925 7.0552e-06
pedestrian -1 -1 -10 979.33 150.11 1058.17 214.669 1.01788825953 0.766916178877 0.668999943984 5.71981342871 0.745660981305 9.96137527075 0.00753464155925 5.8689e-06
pedestrian -1 -1 -10 1002.4 150.9 1040.86 230.897 1.01788825953 0.766916178877 0.668999943984 5.71981342871 0.745660981305 9.96137527075 0.00753464155925 8.1175e-07
pedestrian -1 -1 -10 957.15 155.84 1006.17 272.25 2.03277682149 0.607933199526 1.19499932902 11.232711119 1.1330466122 21.6347303537 0.00753464155925 7.1288e-07
pedestrian -1 -1 -10 808.13 183.41 853.393 281.681 1.32085501062 1.15687284683 0.677999765753 3.4677127649 1.59489418012 10.4870861727 0.00753464155925 2.4358e-07
pedestrian -1 -1 -10 985.46 89.141 1058.3 203.161 1.58482593477 0.630931397122 1.17900049359 12.2460497446 0.673494810836 21.1670186844 0.00753464155925 2.785e-11
pedestrian -1 -1 -10 991.57 118.98 1018.69 249.42 1.01788825953 0.766916178877 0.668999943984 5.71981342871 0.745660981305 9.96137527075 0.00753464155925 6.4665e-12
