pedestrian -1 -1 -10 798.27 140.21 856.003 279.09 1.77899200767 0.846999548077 0.538998010372 3.15259668298 1.2821902125 9.96016806271 0.00692802392802 0.9995
pedestrian -1 -1 -10 644.7 148.8 693.704 245.384 1.89099158496 0.545999156966 0.675997460647 1.5409241593 1.26468077968 15.1648761662 0.00692802392802 0.99471
pedestrian -1 -1 -10 706.09 155.98 735.285 236.426 2.13099049181 0.970999059688 0.699997419164 2.53873537024 1.22105423662 15.0542704531 0.00692802392802 0.87881
pedestrian -1 -1 -10 876.16 140.3 916.477 249.58 1.78399206996 0.969999609682 0.697997333214 4.91742144286 1.19591671791 11.1893679302 0.00692802392802 0.30537
pedestrian -1 -1 -10 636.62 151.78 675.972 237.521 1.77299205214 0.639998955935 0.587997731962 1.19874809764 1.21450090261 16.1472807887 0.00692802392802 0.203
pedestrian -1 -1 -10 647.27 152.89 667.748 226.312 1.77299205214 0.639998955935 0.587997731962 1.19874809764 1.21450090261 16.1472807887 0.00692802392802 0.14135
pedestrian -1 -1 -10 668.85 144.12 716.964 242.406 2.16799038649 0.293000976366 1.18799550279 3.68105409413 0.792293237052 27.8251512609 0.00692802392802 0.13055
pedestrian -1 -1 -10 828.76 135.8 910.35 262.62 2.0219909519 0.821999946489 1.01099636007 5.94076335007 1.04121316669 15.4550654322 0.00692802392802 0.086841
pedestrian -1 -1 -10 794.37 152.32 826.888 234.122 1.77899200767 0.846999548077 0.538998010372 3.15259668298 1.2821902125 9.96016806271 0.00692802392802 0.076057
pedestrian -1 -1 -10 703.13 154.9 721.727 227.871 2.18899020106 0.970999059688 0.744997326481 2.56131476043 1.27899207445 15.0541476752 0.00692802392802 0.065019
pedestrian -1 -1 -10 1019.2 176.25 1035.31 220.488 1.8739916116 0.554999929065 1.18399556931 16.8178647391 0.517097583233 27.7959894156 0.00692802392803 0.034404
pedestrian -1 -1 -10 663.56 143.56 687.616 248.8 1.89099158496 0.545999156966 0.675997460647 1.5409241593 1.26468077968 15.1648761662 0.00692802392802 0.023058
pedestrian -1 -1 -10 889.71 138.51 929.253 246.69 1.78399206996 0.992999357584 0.685997294352 4.92221238856 1.19610315911 11.0148306605 0.00692802392802 0.022296
pedestrian -1 -1 -10 718.28 165.91 737.137 230.429 2.00299104303 0.519000655365 1.03499596096 5.15438208928 0.797140501926 27.9040473748 0.00692802392802 0.022041
pedestrian -1 -1 -10 1024.4 173.74 1047.96 228.089 1.04999533892 1.05699944391 0.559997839964 6.35061493262 1.05503432348 10.2561786994 0.00692802392802 0.019335
pedestrian -1 -1 -10 783.57 149.24 840.863 252.65 1.77899200767 0.846999548077 0.538998010372 3.15259668298 1.2821902125 9.96016806271 0.00692802392802 0.01676
pedestrian -1 -1 -10 1024.9 173.06 1038.31 214.789 0.892995994538 0.818999689123 0.308998854955 8.36870794637 0.723973781708 14.1850009535 0.00692802392802 0.013837
pedestrian -1 -1 -10 921.94 143.94 937.265 193.295 1.28199425042 0.476998959585 0.399999070191 9.03389103987 0.534076299574 19.4830757608 0.00692802392802 0.013151
pedestrian -1 -1 -10 870.23 145.58 909.601 205.447 1.78399206996 0.969999609682 0.640997387034 4.88892215436 1.19599508845 11.1895654683 0.00692802392802 0.0091911
pedestrian -1 -1 -10 864.05 154.63 904.844 253.281 1.7009923771 0.656999142779 0.640997387034 4.88989193306 1.11281338853 11.3460144741 0.00692802392802 0.0053652
pedestrian -1 -1 -10 700.47 151.25 712.6 201.911 2.13099049181 0.970999059688 0.659997607512 2.51873594483 1.22110923329 15.0544090758 0.00692802392802 0.0045975
pedestrian -1 -1 -10 1004.3 170.33 1031.74 227.71 1.86199170053 0.516000397999 1.12799507006 16.4917334477 0.51001672651 27.7787473804 0.00692802392803 0.0044845
pedestrian -1 -1 -10 908.63 141.68 941.995 229.249 1.75299219042 0.992999357584 0.628997348172 4.89367035369 1.16518165012 11.0150104681 0.00692802392802 0.0033335
pedestrian -1 -1 -10 697.42 141.11 747.173 243.31 2.13099049181 0.970999059688 0.699997419164 2.53873537024 1.22105423662 15.0542704531 0.00692802392802 0.0028212
pedestrian -1 -1 -10 639.06 157.8 661.653 201.77 0.0999995529652 0.0 0.0 3.4096375169 -0.258173775223 47.2499914046 0.0 0.0028044
pedestrian -1 -1 -10 864.04 143.29 939.786 255.99 1.78399206996 1.15599935393 0.697997333214 4.91677714268 1.19602487515 11.0963702899 0.00692802392802 0.002665
pedestrian -1 -1 -10 661.23 168.11 680.084 241.844 1.89099158496 0.545999156966 0.675997460647 1.5409241593 1.26468077968 15.1648761662 0.00692802392802 0.0015607
pedestrian -1 -1 -10 777.84 152.02 819.546 223.243 1.74899217039 0.475000059573 0.97899641538 5.71227496843 1.01436250065 20.2473947955 0.00692802392802 0.001446
pedestrian -1 -1 -10 863.47 188.61 886.584 244.762 2.0219909519 0.735999562265 0.946996470691 5.97306043008 1.04107516328 15.4978427954 0.00692802392802 0.0013702
pedestrian -1 -1 -10 909.36 137.55 978.498 234.773 1.98299115151 0.189998497951 1.14099550952 13.5530983684 0.484255033438 27.6610033794 0.00692802392802 0.0013041
pedestrian -1 -1 -10 826.67 130.99 869.311 237.13 1.18999465406 0.405997954845 0.762996669522 9.69284046294 0.460603299032 27.9241872774 0.00692802392802 0.001263
pedestrian -1 -1 -10 675.98 144.86 694.972 228.889 1.89099158496 0.545999156966 0.675997460647 1.5409241593 1.26468077968 15.1648761662 0.00692802392802 0.0012352
pedestrian -1 -1 -10 907.59 146.48 932.591 200.444 1.78399206996 0.912999488092 0.685997294352 4.92193527027 1.19614967835 10.9748316857 0.00692802392802 0.00070397
pedestrian -1 -1 -10 1026.3 165.02 1066.05 240.556 0.892995994538 1.17799965183 0.330999085149 8.35566088027 0.724347691829 13.8895842105 0.00692802392802 0.00064346
pedestrian -1 -1 -10 529.39 153.18 540.329 190.998 0.392998285591 0.228000486358 0.528997819041 -5.33304440075 -0.893499312181 56.3698756309 0.00692802392802 0.00043399
pedestrian -1 -1 -10 899.13 142.02 917.238 190.487 1.78399206996 0.992999357584 0.685997294352 4.92221238856 1.19610315911 11.0148306605 0.00692802392802 0.0004155
pedestrian -1 -1 -10 868.51 160.41 894.026 239.048 1.7009923771 0.656999142779 0.611997690479 4.87539243308 1.11285326088 11.3461149749 0.00692802392802 0.00036906
pedestrian -1 -1 -10 999.92 75.543 1111.69 254.193 0.104999525845 0.0380000810597 0.565997859396 17.5060925268 -0.84855632247 27.5841565399 0.00692802392805 0.00032853
pedestrian -1 -1 -10 648.64 184.75 670.064 241.147 1.77299205214 0.639998955935 0.587997731962 1.19874809764 1.21450090261 16.1472807887 0.00692802392802 0.00024561
pedestrian -1 -1 -10 989.0 157.87 1023.14 225.8 1.100995069 0.905999523353 0.832997055167 8.10751115703 0.932607834647 14.2604337444 0.00692802392802 0.00024201
pedestrian -1 -1 -10 867.21 139.81 891.385 203.923 0.988995577395 0.638999505929 0.863996122419 8.6317162276 0.324883598624 22.3698601539 0.00692802392802 0.00018428
pedestrian -1 -1 -10 863.83 167.54 883.278 224.585 2.0219909519 0.821999946489 0.983996511045 5.95426295031 1.04117604397 15.4549718619 0.00692802392802 0.00016297
pedestrian -1 -1 -10 998.66 163.25 1078.72 254.221 1.04999533892 1.12599868762 0.559997839964 6.35037592033 1.05507444594 10.2216799055 0.00692802392802 0.00015613
pedestrian -1 -1 -10 905.96 144.93 924.088 188.367 1.78399206996 0.97699957442 0.685997294352 4.92215696556 1.19611246285 11.0068309609 0.00692802392802 0.00014844
pedestrian -1 -1 -10 847.65 121.88 1004.08 260.78 1.75299219042 0.97699957442 0.628997348172 4.89361493069 1.16519095386 11.0070107685 0.00692802392802 0.00012965
pedestrian -1 -1 -10 990.88 176.96 1014.41 228.176 0.970995621383 0.934999785988 0.786996747248 7.9922236686 0.907486352219 13.7707667746 0.00692802392802 0.00012724
pedestrian -1 -1 -10 1126.6 208.3 1158.45 276.43 1.11299500614 1.17999950552 1.11299573673 6.97893529448 1.10466249602 9.0663177751 0.00692802392802 9.8411e-05
pedestrian -1 -1 -10 768.0 151.97 803.321 222.75 1.86599163115 0.905999523353 1.0999957741 7.38472520675 0.448732787742 28.1277766286 0.00692802392802 8.1331e-05
pedestrian -1 -1 -10 937.15 149.9 976.117 229.923 1.99499106258 0.388000225342 1.19299536004 14.0506690811 0.48478831397 27.7435523488 0.00692802392802 7.7201e-05
pedestrian -1 -1 -10 774.87 161.07 794.781 221.021 1.86599163115 0.905999523353 1.14199591012 7.36372564318 0.448790534704 28.1279221836 0.00692802392802 7.3272e-05
pedestrian -1 -1 -10 851.94 173.23 885.739 235.64 1.0139954865 1.16699902605 0.475998044761 5.55642560372 1.03913701926 14.7037929106 0.00692802392802 6.8568e-05
pedestrian -1 -1 -10 1071.0 175.08 1124.24 289.42 1.07099525779 1.18899837027 1.17299593104 6.82033301703 1.06236375542 9.70990759915 0.00692802392802 6.17e-05
pedestrian -1 -1 -10 962.46 146.03 1002.2 227.671 0.510997699201 0.299999987432 0.12299968309 8.09583905579 0.77482490831 14.9746920361 0.00692802392803 6.0726e-05
pedestrian -1 -1 -10 235.26 188.88 271.387 255.353 2.21499016732 1.17299954078 1.18899566497 -7.05575364282 1.27129708829 14.3697335007 0.00692802392802 4.5334e-05
pedestrian -1 -1 -10 925.71 115.31 961.428 233.38 1.98299115151 0.189998497951 1.14899585332 13.5570984442 0.48424403358 27.6609756535 0.00692802392802 3.326e-05
pedestrian -1 -1 -10 876.98 90.771 931.25 213.681 1.51999319196 0.969999609682 0.640997387034 4.88855812087 0.931996210453 11.1894144735 0.00692802392802 1.6971e-05
pedestrian -1 -1 -10 1144.7 103.83 1180.66 199.901 1.37399381697 0.520999555377 1.078994514 22.0150857397 -0.3050965612 27.6733162386 0.00692802392802 1.5542e-05
pedestrian -1 -1 -10 914.87 155.66 953.024 254.611 0.792996488511 0.431999867461 0.502997893784 7.22942071722 0.746035912682 15.1295010781 0.00692802392802 1.9784e-06
