pedestrian -1 -1 -10 193.18 206.03 206.49 244.242 0.405955418826 0.816910892442 1.16699945966 -7.08782723415 0.961721049119 12.5324920748 0.00753464155925 0.049398
pedestrian -1 -1 -10 1178.9 140.0 1208.81 207.91 2.39473700583 0.276970083794 0.831999524062 15.7060308012 1.43501173679 19.4554376314 0.00753464155925 0.012134
pedestrian -1 -1 -10 757.6 195.58 768.278 227.233 0.479947295189 0.492944118685 0.393000005583 6.9237166004 2.22211669136 31.7054677126 0.00753464155925 0.01027
pedestrian -1 -1 -10 563.58 161.12 582.294 211.633 2.65670820511 1.0538853961 1.1879996001 -1.70914004049 1.52493388753 38.2433385992 0.00753464155925 0.0085103
pedestrian -1 -1 -10 559.02 166.17 599.178 217.01 2.65670820511 0.816911846012 1.0749995994 -1.48925078094 1.52555123103 38.2941815645 0.00753464155925 0.0062231
pedestrian -1 -1 -10 199.44 205.01 213.637 246.706 0.404955541491 0.873903855122 1.00699966123 -6.85781735731 0.958621264271 12.4002796428 0.00753464155925 0.0037961
pedestrian -1 -1 -10 574.87 161.26 587.535 207.815 2.43773232722 0.919897389604 1.11199952895 -1.34576754802 1.30255195625 38.4352994328 0.00753464155925 0.0021484
pedestrian -1 -1 -10 579.39 166.96 592.186 214.814 2.20375805092 0.978892848965 0.963999691556 -1.15021457288 1.31634854435 38.4953999119 0.00753464155925 0.00071843
pedestrian -1 -1 -10 553.51 167.19 567.066 220.407 3.02766752386 1.12587991963 1.1639994396 -2.37157351908 2.16603080913 37.6124981914 0.00753464155925 0.00022267
pedestrian -1 -1 -10 501.07 150.91 521.825 216.73 2.8266896168 1.18387222351 1.07299962577 -4.73669414143 1.71812648916 36.5093073659 0.00753464155925 0.00019253
pedestrian -1 -1 -10 574.34 157.58 605.025 216.668 2.27575005341 1.11687822026 1.18899964652 -0.847113979022 1.12955368425 38.8614626558 0.00753464155925 0.00012292
pedestrian -1 -1 -10 556.53 163.91 577.872 219.169 2.89468222915 1.12887794323 1.19399952101 -2.00229586798 1.76471532319 37.9462194075 0.00753464155925 0.00010818
pedestrian -1 -1 -10 749.76 189.93 764.56 228.182 0.479947295189 0.492944118685 0.393000005583 6.9237166004 2.22211669136 31.7054677126 0.00753464155925 9.621e-05
pedestrian -1 -1 -10 185.29 202.34 214.823 268.337 1.10687843001 1.11087835878 0.983999904779 -5.80454825012 1.74235761282 10.197134553 0.00753464155925 7.2196e-05
pedestrian -1 -1 -10 463.14 132.14 499.956 215.503 1.75280749494 1.0538853961 0.967999638833 -6.71407510064 0.614956686612 38.8469096335 0.00753464155925 4.0885e-05
pedestrian -1 -1 -10 665.22 181.33 713.475 236.761 0.106988221768 0.139984053698 0.258999745241 4.22468957693 2.00740574043 38.0946021236 0.00753464155925 2.1422e-05
pedestrian -1 -1 -10 474.0 117.35 512.573 212.687 1.48783667111 1.15387291609 0.949000068081 -5.93730218136 0.347387920337 37.9629341685 0.00753464155925 1.7897e-05
pedestrian -1 -1 -10 545.73 157.43 573.22 222.983 3.08966075301 1.18286906803 1.17199957257 -2.37537558994 1.96272963318 37.6615015877 0.00753464155925 9.6303e-06
