pedestrian -1 -1 -10 885.23 147.04 977.51 300.17 1.83999175429 0.603999682236 0.917996774136 4.08647945893 1.41892469173 8.81529324332 0.00692802392802 0.98798
pedestrian -1 -1 -10 0.0 158.14 69.958 352.04 1.73599223942 0.652999435406 0.784997376551 -5.48769838638 1.49693192831 6.54021758626 0.00692802392802 0.41871
pedestrian -1 -1 -10 663.65 218.65 679.03 262.306 2.26598987877 1.18599906657 1.13199571879 1.2785548711 1.44109875583 12.8086225486 0.00692802392802 0.020031
pedestrian -1 -1 -10 12.023 161.17 68.208 275.33 1.73599223942 0.652999435406 0.735997297334 -5.46319893528 1.49686455697 6.54004777239 0.00692802392802 0.019082
pedestrian -1 -1 -10 845.36 216.87 864.97 261.333 0.558997492492 0.28900031532 0.653997349663 4.89821001173 1.28386237357 13.9108827706 0.00692802392802 0.015768
pedestrian -1 -1 -10 0.0 225.4 50.141 347.19 1.73599223942 0.652999435406 0.784997376551 -5.48769838638 1.49693192831 6.54021758626 0.00692802392802 0.0058817
pedestrian -1 -1 -10 670.51 217.36 685.516 262.108 2.26598987877 1.14499872815 1.03499608017 1.32747266822 1.44089502819 12.8687850403 0.00692802392802 0.0055954
pedestrian -1 -1 -10 756.43 153.21 788.649 230.627 0.762996576726 0.0760001621194 0.726997268187 4.07279544865 0.749868042932 17.64145324 0.00692802392802 0.0049007
pedestrian -1 -1 -10 692.06 210.02 713.304 259.371 2.06099075228 0.655000242766 1.1839954501 2.04039723428 1.16513271302 14.4386834437 0.00692802392802 0.0036187
pedestrian -1 -1 -10 659.18 229.75 671.423 270.52 1.47099344581 0.99499921127 1.03299611343 1.23176324654 1.44096447928 13.0419146789 0.00692802392802 0.0029137
pedestrian -1 -1 -10 842.45 155.73 856.769 222.537 0.690996901691 0.062000232642 0.551997973001 6.41190693443 0.784359455487 17.6923325371 0.00692802392802 0.0027141
pedestrian -1 -1 -10 760.27 152.01 772.881 212.725 2.17299024016 0.845999144397 0.799996948294 3.11442447969 1.33353300093 12.3738220313 0.00692802392802 0.0016329
pedestrian -1 -1 -10 833.15 156.1 847.914 214.277 2.19199014902 1.01799895917 1.19299559845 4.21669301107 1.33253150908 12.3401729648 0.00692802392802 0.0015958
pedestrian -1 -1 -10 668.65 212.33 703.073 263.082 2.05899078697 0.669000172244 1.18999546953 1.70835518534 1.16405383417 14.433983642 0.00692802392802 0.0012857
pedestrian -1 -1 -10 27.25 195.81 61.991 280.367 1.73599223942 0.652999435406 0.735997297334 -5.46319893528 1.49686455697 6.54004777239 0.00692802392802 0.0012301
pedestrian -1 -1 -10 689.22 194.14 718.454 253.461 2.06099075228 0.655000242766 1.19399540301 2.08139610406 1.16501996971 14.4383992669 0.00692802392802 0.0011223
pedestrian -1 -1 -10 750.53 154.32 776.894 213.641 2.18099028021 0.456000019043 0.992996301775 3.17063247657 1.28125516027 14.2294129046 0.00692802392802 0.001094
pedestrian -1 -1 -10 693.42 193.68 706.287 235.916 0.990995594859 0.153999224251 1.0199961508 2.61055487827 0.73795796783 17.5904369847 0.00692802392802 0.0010846
pedestrian -1 -1 -10 679.31 215.06 691.281 261.473 2.05999076962 0.669000172244 1.19199555548 1.68335452468 1.16412258 14.4341563485 0.00692802392802 0.001079
pedestrian -1 -1 -10 838.83 197.0 866.516 261.414 0.558997492492 0.28900031532 0.653997349663 4.89821001173 1.28386237357 13.9108827706 0.00692802392802 0.00098544
pedestrian -1 -1 -10 705.01 160.97 725.986 203.779 1.00599555075 0.554000479058 1.13699581446 2.89136619389 0.989915402089 17.825781152 0.00692802392802 0.000886
pedestrian -1 -1 -10 697.86 198.68 710.352 239.822 2.06099075228 0.655000242766 1.18299540712 2.08689596989 1.16500484556 14.4383611455 0.00692802392802 0.00071873
pedestrian -1 -1 -10 680.33 203.66 709.735 259.399 2.05999082923 0.669000172244 1.19199543627 1.89835128454 1.16453140758 14.4326672972 0.00692802392802 0.00062443
pedestrian -1 -1 -10 829.38 148.55 857.833 250.12 2.19599019885 1.0459997718 1.17799554987 4.24410080199 1.33647222055 12.3259845757 0.00692802392802 0.00046943
pedestrian -1 -1 -10 656.08 218.23 674.895 275.364 2.26598987877 1.19899859237 1.03299611343 1.22928834558 1.44119591256 12.8424650079 0.00692802392802 0.00039207
pedestrian -1 -1 -10 660.56 215.79 686.797 272.192 1.47099344581 0.99499921127 1.08299587799 1.30576119209 1.44076099141 13.0414017745 0.00692802392802 0.00038902
pedestrian -1 -1 -10 347.93 214.86 369.399 276.126 1.07199518085 1.18999972762 1.17099560668 -3.67754050932 1.39224163578 10.649542639 0.00692802392802 0.00015743
pedestrian -1 -1 -10 713.88 147.57 742.613 208.186 2.06399081945 0.567999454862 1.19899561788 2.63132458549 1.16559988941 14.3540861057 0.00692802392802 0.00012258
pedestrian -1 -1 -10 4.1614 167.08 169.141 347.01 1.06299518794 0.409999569564 0.586997688988 -15.2064977174 1.53465620058 20.5988306683 0.00692802392802 8.5323e-05
pedestrian -1 -1 -10 339.98 221.01 381.725 280.35 1.01799549162 1.19099917763 1.17299545421 -3.64575700919 1.38119738431 10.6118396884 0.00692802392802 7.7406e-05
pedestrian -1 -1 -10 915.46 201.14 947.322 285.047 1.83999175429 0.603999682236 0.917996774136 4.08647945893 1.41892469173 8.81529324332 0.00692802392802 6.0603e-05
pedestrian -1 -1 -10 340.0 215.97 361.269 279.724 0.98699555248 1.04699922181 1.06099588622 -3.73431663854 1.39271095248 10.3764792512 0.00692802392802 1.2182e-05
pedestrian -1 -1 -10 322.31 215.1 346.955 277.599 1.06999521554 1.15499990393 1.1179958324 -4.10724059899 1.39112759432 10.9110260042 0.00692802392802 1.0898e-05
pedestrian -1 -1 -10 906.42 164.32 945.756 294.35 1.83999175429 0.603999682236 0.917996774136 4.08647945893 1.41892469173 8.81529324332 0.00692802392802 1.0564e-05
pedestrian -1 -1 -10 880.04 159.77 927.95 296.92 1.77299202234 0.747999638056 0.727997430371 3.99188849529 1.35210245954 8.88791163129 0.00692802392802 6.6664e-06
pedestrian -1 -1 -10 913.8 130.91 960.119 307.71 1.83999175429 0.747999638056 0.917996774136 4.08697827251 1.418840957 8.88729149333 0.00692802392802 6.3105e-06
pedestrian -1 -1 -10 931.12 192.94 980.049 295.96 2.24998991787 1.15299909657 1.19699553193 5.84592465321 1.38484338552 11.6363953383 0.00692802392802 5.9629e-06
pedestrian -1 -1 -10 358.41 200.79 381.443 274.178 2.00299110264 0.487000135364 1.19299536004 -4.99878324131 1.06060093943 15.2643831166 0.00692802392802 4.3256e-06
pedestrian -1 -1 -10 928.99 196.54 954.452 292.867 0.983995604515 1.0459997718 0.197999210728 5.47505499708 1.40838441829 10.3141956175 0.00692802392802 3.6241e-06
pedestrian -1 -1 -10 333.88 216.65 352.019 279.266 0.97599568367 0.758999310167 0.628997825007 -3.52133539101 1.38129008825 10.2309931957 0.00692802392802 3.3891e-06
pedestrian -1 -1 -10 327.59 202.31 373.398 288.036 0.98699555248 1.04699922181 1.06099588622 -3.73431663854 1.39271095248 10.3764792512 0.00692802392802 5.5418e-08
