pedestrian -1 -1 -10 1021.9 53.036 1059.36 198.336 1.56482817948 1.19786919852 0.684999971511 2.83944376556 1.0390269259 4.87057835481 0.00753464155925 0.032756
pedestrian -1 -1 -10 1095.2 273.31 1136.46 363.315 2.01477876127 1.19786872174 0.380999925333 3.03143441326 1.49467709641 4.31464080463 0.00753464155925 0.0303
pedestrian -1 -1 -10 925.42 165.32 939.637 214.789 2.04177574731 1.19486926778 0.668999705566 2.78653781476 1.49770658835 5.79234449995 0.00753464155925 0.023642
pedestrian -1 -1 -10 910.93 163.03 934.872 224.267 2.04277574384 1.18986970107 0.635999723297 2.76980190365 1.49925219901 5.76095091249 0.00753464155925 0.018153
pedestrian -1 -1 -10 991.14 247.08 1013.14 328.533 2.01677854574 1.19686890375 0.683999805878 2.79196309737 1.47663234801 5.51739253897 0.00753464155925 0.014095
pedestrian -1 -1 -10 919.93 164.97 942.989 239.203 2.04377559137 1.19086951905 0.639999670574 2.77378295435 1.49715181551 6.02449574641 0.00753464155925 0.012137
pedestrian -1 -1 -10 1087.9 263.11 1121.29 349.944 2.00577971626 1.19786919852 0.652999678038 2.87139832312 1.48266021726 4.57699386476 0.00753464155925 0.011599
pedestrian -1 -1 -10 928.4 167.25 945.454 221.686 2.04377559137 1.19686842697 0.636999650511 2.77244119473 1.49746375857 6.04550404421 0.00753464155925 0.0098949
pedestrian -1 -1 -10 1112.9 258.18 1151.9 366.73 2.009779315 1.19786872174 0.37799990527 3.04261711882 1.49207755691 4.13953368514 0.00753464155925 0.0093368
pedestrian -1 -1 -10 987.12 250.55 1008.27 303.186 2.01777842307 1.19686890375 0.68899968037 2.79409658668 1.48090465528 5.46831406789 0.00753464155925 0.0084806
pedestrian -1 -1 -10 1107.6 100.88 1142.63 238.75 1.85579620886 1.19786896013 0.366999990654 3.03773910971 1.33741609389 4.22973269282 0.00753464155925 0.0084034
pedestrian -1 -1 -10 1018.0 95.473 1040.32 161.222 1.64181974745 1.19886853972 0.671999964047 2.8341267158 1.11031107335 5.02465432748 0.00753464155925 0.0083829
pedestrian -1 -1 -10 906.44 101.89 945.34 222.72 1.79880248559 1.19686890375 0.438999995316 2.79791166443 1.24446307011 6.51930934214 0.00753464155925 0.0076205
pedestrian -1 -1 -10 1036.2 39.228 1078.17 183.438 1.52583242703 1.19886853972 0.679999858601 2.84487306988 0.997946690059 4.73033750745 0.00753464155925 0.007303
pedestrian -1 -1 -10 909.92 106.2 943.462 174.507 1.68181534743 1.19686890375 0.438999995316 2.79766464928 1.12706146404 6.49217956767 0.00753464155925 0.0055202
pedestrian -1 -1 -10 1159.7 285.12 1181.71 339.896 1.99678079044 1.19786872174 0.393999932798 3.04922470529 1.48533376311 3.95446204878 0.00753464155925 0.0050238
pedestrian -1 -1 -10 1081.5 282.04 1107.73 342.279 2.00677962339 1.19886901651 0.69399979328 2.85105297878 1.48297859305 4.59765262406 0.00753464155925 0.0048747
pedestrian -1 -1 -10 1122.5 104.11 1159.08 223.63 1.84779710078 1.19786872174 0.37799990527 3.04271723221 1.32939151489 4.1607451265 0.00753464155925 0.0035237
pedestrian -1 -1 -10 896.78 155.48 926.977 234.051 2.06277346933 1.19686890375 0.263999858151 2.87522589469 1.50176924656 6.88092202892 0.00753464155925 0.0023636
pedestrian -1 -1 -10 1225.6 168.89 1242.05 225.338 1.9867818681 1.19886853972 0.39199983995 3.07518417395 1.47331016636 3.68383316948 0.00753464155925 0.0022843
pedestrian -1 -1 -10 1010.7 130.26 1041.16 226.029 1.95178565479 1.19886853972 0.671999964047 2.83437173067 1.41857327554 5.04238599476 0.00753464155925 0.0022484
pedestrian -1 -1 -10 907.3 161.05 924.42 218.484 2.0647732538 1.19586908577 0.263999858151 2.87560572977 1.50251676755 6.93142954898 0.00753464155925 0.0022184
pedestrian -1 -1 -10 1015.8 75.192 1049.2 175.992 1.60682362353 1.19686890375 0.671999964047 2.83409332568 1.07527054518 5.02191409054 0.00753464155925 0.0019558
pedestrian -1 -1 -10 1133.9 252.96 1176.87 373.39 2.00477992832 1.19786848335 0.37799990527 3.0423751145 1.48760436869 4.10756036414 0.00753464155925 0.0016593
pedestrian -1 -1 -10 1109.1 282.67 1131.14 347.475 2.01177909946 1.19786872174 0.366999990654 3.03794541352 1.4937098372 4.24957483499 0.00753464155925 0.001554
pedestrian -1 -1 -10 949.83 117.33 961.902 168.707 1.72281088435 1.19686890375 0.642999690636 2.77385418194 1.17956532478 5.84979635521 0.00753464155925 0.0014092
pedestrian -1 -1 -10 915.6 106.4 932.901 168.156 1.57582697916 1.19486926778 0.280999812893 2.87686176062 1.01641435751 6.78947727146 0.00753464155925 0.0014035
pedestrian -1 -1 -10 1076.5 287.52 1095.62 343.139 2.01177906967 1.19786872174 0.690999773218 2.83924873941 1.48435692737 4.69027114144 0.00753464155925 0.0013733
pedestrian -1 -1 -10 932.82 163.3 951.157 210.579 2.03277679169 1.19786872174 0.653999605253 2.77962660142 1.48987508929 5.87095676762 0.00753464155925 0.0010929
pedestrian -1 -1 -10 1065.3 282.44 1103.21 348.69 2.012778947 1.19686890375 0.679999858601 2.84522662321 1.48529287654 4.75372809548 0.00753464155925 0.00084732
pedestrian -1 -1 -10 993.74 124.35 1019.17 212.805 1.88779270077 1.19786872174 0.672999652843 2.82083431341 1.35452282028 5.17348062546 0.00753464155925 0.00080701
pedestrian -1 -1 -10 915.58 114.61 951.334 255.68 1.99878048552 1.19586908577 0.668999705566 2.78658859361 1.45483714566 5.80116155057 0.00753464155925 0.00078959
pedestrian -1 -1 -10 1148.2 274.32 1187.76 365.628 1.99678079044 1.19786896013 0.393999932798 3.04934524635 1.4855706052 3.9704599936 0.00753464155925 0.00077041
pedestrian -1 -1 -10 943.66 116.72 958.022 174.85 1.75680707133 1.194868791 0.635999723297 2.77121609389 1.2152367437 5.96255552953 0.00753464155925 0.00067774
pedestrian -1 -1 -10 315.99 170.86 330.845 211.561 1.05588403035 1.15987373114 0.379999521281 -5.1368035358 0.653146029091 13.0547437228 0.00753464155925 0.00057526
pedestrian -1 -1 -10 910.67 186.54 938.951 253.46 2.06077368486 1.1938694498 0.270999825491 2.87221046196 1.50075709204 6.81243519877 0.00753464155925 0.0005712
pedestrian -1 -1 -10 938.03 113.92 950.606 168.06 1.66681691921 1.19786872174 0.583999693438 2.74858883731 1.1169653076 6.41607705666 0.00753464155925 0.00050017
pedestrian -1 -1 -10 1019.4 105.36 1054.58 237.85 1.87079457748 1.19786872174 0.671999964047 2.83410314456 1.33910087155 5.01046053957 0.00753464155925 0.00048617
pedestrian -1 -1 -10 1227.0 249.36 1241.97 344.848 1.99378103924 1.19786848335 0.40900003311 3.08331450006 1.48157020841 3.63419449493 0.00753464155925 0.00047183
pedestrian -1 -1 -10 920.84 105.15 936.68 156.783 1.56182848787 1.18187020361 0.286999853018 2.87323782523 1.0041965071 6.70707047143 0.00753464155925 0.0004663
pedestrian -1 -1 -10 1005.3 235.5 1036.94 330.837 2.01777842307 1.19886853972 0.700999999038 2.8043589964 1.48247599021 5.2371816591 0.00753464155925 0.00045345
pedestrian -1 -1 -10 909.97 147.68 944.105 275.38 2.0417758069 1.19486926778 0.662999665441 2.78317687753 1.49799819207 5.74435902521 0.00753464155925 0.0004038
pedestrian -1 -1 -10 1024.6 295.4 1070.66 364.063 2.01377891373 1.19886853972 0.659999645378 2.82697745743 1.47972716988 5.12000607631 0.00753464155925 0.00040065
pedestrian -1 -1 -10 1105.4 249.96 1134.72 333.881 2.01177906967 1.19786872174 0.380999925333 3.03179510704 1.49238792226 4.36265625458 0.00753464155925 0.00039619
pedestrian -1 -1 -10 1001.7 129.46 1027.32 218.102 1.92578851629 1.19886853972 0.664999758288 2.82474415754 1.39231589029 5.15967107411 0.00753464155925 0.00038583
pedestrian -1 -1 -10 929.01 108.16 957.612 185.611 1.73680925644 1.18886988308 0.584999620653 2.74643767285 1.19069398469 6.059971051 0.00753464155925 0.00030009
pedestrian -1 -1 -10 319.6 164.07 346.687 213.2 1.05588403035 1.14887430294 0.379999521281 -5.1361141996 0.654500454079 13.1462309081 0.00753464155925 0.00029731
pedestrian -1 -1 -10 1158.1 249.15 1183.23 321.624 1.99678079044 1.19686890375 0.37799990527 3.04240655018 1.47967184248 4.11211900526 0.00753464155925 0.00026825
pedestrian -1 -1 -10 1073.7 44.247 1109.71 193.477 1.56182854747 1.19786872174 0.388999819887 3.0278147455 1.04275116327 4.38701505966 0.00753464155925 0.00025801
pedestrian -1 -1 -10 893.25 99.885 930.487 239.405 1.88379313183 1.19886853972 0.263999858151 2.87580230741 1.32203252836 6.96626496788 0.00753464155925 0.00021965
pedestrian -1 -1 -10 982.22 125.67 1009.56 216.241 1.89579183865 1.19386897301 0.700999999038 2.80430254889 1.36045239871 5.23558520711 0.00753464155925 0.00019763
pedestrian -1 -1 -10 309.93 159.55 334.713 211.949 1.05588403035 1.15987373114 0.379999521281 -5.1368035358 0.653146029091 13.0547437228 0.00753464155925 0.00017431
pedestrian -1 -1 -10 1060.2 293.3 1084.77 351.05 2.01677851594 1.19786919852 0.690999773218 2.83924274592 1.4893415687 4.68923409461 0.00753464155925 0.00013926
pedestrian -1 -1 -10 1031.6 123.87 1065.64 245.69 1.97078362214 1.19886901651 0.684999971511 2.83985898548 1.44555226549 4.90606718242 0.00753464155925 0.00013792
pedestrian -1 -1 -10 940.9 107.33 968.891 180.833 1.65281851733 1.19386897301 0.584999620653 2.7476090908 1.10206501032 6.22017450527 0.00753464155925 0.00011962
pedestrian -1 -1 -10 880.11 158.05 899.702 203.237 2.01677860534 1.194868791 0.200999913676 2.88957396304 1.44634673368 7.52838283047 0.00753464155925 0.00011209
pedestrian -1 -1 -10 939.21 166.79 957.606 225.718 2.02977707029 1.19786872174 0.668999705566 2.78547240829 1.49061259327 5.65084945098 0.00753464155925 9.9011e-05
pedestrian -1 -1 -10 1088.3 96.762 1122.24 235.162 1.84279759491 1.19686890375 0.380999925333 3.03152076043 1.32296977746 4.33441179234 0.00753464155925 8.8805e-05
pedestrian -1 -1 -10 1161.2 240.71 1194.1 332.963 1.99678079044 1.19686866536 0.393999932798 3.04933394476 1.48554839954 3.9689600708 0.00753464155925 8.1975e-05
pedestrian -1 -1 -10 926.69 158.25 964.538 282.39 2.03477651656 1.1938694498 0.673999818476 2.78775545476 1.49518094292 5.62179733981 0.00753464155925 7.9934e-05
pedestrian -1 -1 -10 294.43 140.64 335.881 214.947 1.03388649058 1.17287088817 0.379999521281 -5.13959403836 0.625678966767 12.6854574087 0.00753464155925 6.213e-05
pedestrian -1 -1 -10 980.74 237.74 1008.97 332.711 2.01777842307 1.18986970107 0.68899968037 2.7940174827 1.48074922981 5.45781556187 0.00753464155925 5.6295e-05
pedestrian -1 -1 -10 1043.3 100.68 1077.06 226.87 1.82879913343 1.19886901651 0.679999858601 2.84553151631 1.30202358394 4.80308386707 0.00753464155925 5.5486e-05
pedestrian -1 -1 -10 1094.6 82.782 1131.92 202.972 1.72981011509 1.19786872174 0.366999990654 3.03762492553 1.2112819736 4.22066683754 0.00753464155925 3.7357e-05
pedestrian -1 -1 -10 1095.5 207.38 1126.86 297.676 2.00178014732 1.19786872174 0.69899990619 2.85647324877 1.4808497054 4.45408664134 0.00753464155925 2.2289e-05
pedestrian -1 -1 -10 992.23 91.693 1026.59 224.053 1.78380414676 1.19686842697 0.655000009305 2.82643673333 1.24981197612 5.12571210316 0.00753464155925 1.7947e-05
pedestrian -1 -1 -10 1004.8 65.954 1038.7 203.084 1.59082537758 1.19686890375 0.702999615049 2.79946858004 1.05600026573 5.27237634068 0.00753464155925 1.7864e-05
pedestrian -1 -1 -10 874.07 151.96 905.805 222.492 2.0677729454 1.19586860898 0.206999953801 2.89228573863 1.49873920403 7.4874587116 0.00753464155925 1.2874e-05
pedestrian -1 -1 -10 1092.9 45.652 1127.64 171.382 1.52883208883 1.19686890375 0.366999990654 3.03780780392 1.0107850287 4.25465054308 0.00753464155925 1.2625e-05
pedestrian -1 -1 -10 879.35 138.25 915.863 214.908 1.96178460693 1.19586908577 0.261999765303 2.87538575341 1.39812786006 7.04022946667 0.00753464155925 8.3145e-06
pedestrian -1 -1 -10 1159.5 266.75 1206.54 368.95 1.99778060818 1.19886853972 0.393999932798 3.0494291079 1.48174120178 3.98202480447 0.00753464155925 5.9922e-06
pedestrian -1 -1 -10 869.41 264.54 900.116 340.991 2.07477220595 1.19686842697 0.173000044317 2.89077155992 1.50166487997 7.68500586002 0.00753464155925 3.6336e-06
pedestrian -1 -1 -10 1064.5 91.029 1099.15 227.779 1.7818043623 1.19886853972 0.679999858601 2.84485405618 1.25372619278 4.71544392229 0.00753464155925 2.8426e-06
pedestrian -1 -1 -10 990.88 139.07 1026.76 279.0 2.03377669883 1.19886901651 0.672999652843 2.82091322656 1.50057342825 5.1768989657 0.00753464155925 2.4158e-06
pedestrian -1 -1 -10 989.85 45.658 1027.27 181.318 1.53683122671 1.19686890375 0.655000009305 2.82628586218 1.00369090864 5.11752741733 0.00753464155925 6.5533e-08
