pedestrian -1 -1 -10 148.64 177.86 225.408 278.72 1.43284262801 1.13787535153 1.10099973354 -3.81611100063 1.26561793141 6.52161644271 0.00753464155925 0.07916
pedestrian -1 -1 -10 127.84 153.34 235.14 360.18 1.3258543824 1.08788063797 1.15199959777 -3.84483147868 1.15828037219 6.4976264271 0.00753464155925 0.022443
pedestrian -1 -1 -10 176.2 182.74 214.113 252.715 1.43984194815 1.18087086241 1.16699969808 -3.78279714316 1.27320752984 6.56281069826 0.00753464155925 0.022411
pedestrian -1 -1 -10 83.668 61.939 191.338 240.519 0.681925139187 1.18786958831 0.282999905741 -7.2153492991 -0.000428957573818 11.1080408146 0.00753464155925 0.00045836
pedestrian -1 -1 -10 108.72 138.98 203.56 246.11 0.707922262788 1.17387118294 1.12399948999 -4.33170324432 0.506252204264 6.94843491361 0.00753464155925 9.9228e-05
pedestrian -1 -1 -10 134.78 167.17 187.403 262.407 0.683924908757 0.812910666929 0.990999395282 -4.39733866133 0.484012954397 7.06459697962 0.00753464155925 6.1094e-05
pedestrian -1 -1 -10 884.09 163.71 899.14 210.885 1.25486221254 1.11687822026 0.766999009902 11.7462144572 0.808861698784 29.1364377699 0.00753464155925 3.4512e-05
pedestrian -1 -1 -10 872.1 172.13 906.673 211.737 0.642929386737 0.557939439531 1.12999976853 11.1203181322 1.31069043011 28.0775502798 0.00753464155925 1.8543e-05
pedestrian -1 -1 -10 181.36 168.13 234.508 238.069 1.44684114909 1.04688523984 1.16499984365 -3.76688187582 1.28395636959 6.81661845498 0.00753464155925 6.0185e-06
pedestrian -1 -1 -10 125.48 150.82 178.19 240.1 0.683924908757 0.935897338085 0.968999566048 -4.40880159047 0.483110608913 7.00318815062 0.00753464155925 3.7411e-06
pedestrian -1 -1 -10 868.63 187.55 888.659 211.302 0.391956927542 0.591935158184 0.721999901057 5.66133261929 0.878905963409 15.2374390738 0.00753464155925 8.0742e-08
