pedestrian -1 -1 -10 1210.1 139.05 1226.19 188.186 2.0647732538 0.549939942075 1.19399987864 8.43134202661 1.3607455693 9.81307066165 0.00753464155925 0.0335
pedestrian -1 -1 -10 1183.7 122.01 1217.6 187.302 1.91278993214 0.518943200593 1.19499980586 8.17592286973 1.21517703364 9.83152745025 0.00753464155925 0.014982
pedestrian -1 -1 -10 1201.0 133.03 1231.62 198.045 2.0647732538 0.549939942075 1.19699966029 8.39184315862 1.36077432819 9.81336785134 0.00753464155925 0.013595
pedestrian -1 -1 -10 256.38 237.93 269.033 278.977 1.86679500854 1.19686938054 0.221000126899 -6.23246965883 1.45298986898 12.9986527116 0.00753464155925 0.010194
pedestrian -1 -1 -10 255.7 239.15 278.089 288.84 1.89379211377 1.18886988308 0.332999604333 -6.19273000343 1.47959135592 12.2980624242 0.00753464155925 0.0050579
pedestrian -1 -1 -10 1190.5 118.34 1210.51 171.427 1.78380414676 0.462949579114 1.19699966029 8.24009186467 1.08655911976 9.85999703296 0.00753464155925 0.0045736
pedestrian -1 -1 -10 1196.7 138.54 1219.35 192.581 2.0617736218 0.549939942075 1.19299947459 8.27784726306 1.36085732861 9.81420335298 0.00753464155925 0.0034389
pedestrian -1 -1 -10 1220.4 141.01 1233.69 183.082 2.06677306807 0.549939942075 1.19299995143 8.53783827336 1.36066802956 9.81228418649 0.00753464155925 0.001504
pedestrian -1 -1 -10 851.18 154.72 872.214 204.489 2.17876070035 1.19786872174 0.999999693888 3.69228250074 1.55253647093 10.2088327831 0.00753464155925 0.0012889
pedestrian -1 -1 -10 795.28 187.8 822.346 241.755 2.33374377322 1.19086951905 0.647999803547 3.2350576947 1.68796572379 11.6371167449 0.00753464155925 0.00048782
pedestrian -1 -1 -10 839.4 138.5 874.557 204.499 1.9607846998 1.19886901651 0.932999802135 3.70648708508 1.33606788904 10.3128305824 0.00753464155925 0.00032576
pedestrian -1 -1 -10 1183.3 108.96 1213.8 162.509 1.62182193255 0.41495545509 1.19599973307 8.26772048185 0.921912446835 9.88503034117 0.00753464155925 0.000259
pedestrian -1 -1 -10 847.64 149.11 882.912 215.001 2.12976617455 1.19486974457 1.02099959591 3.7173194589 1.50464238267 10.1494820865 0.00753464155925 0.00025148
pedestrian -1 -1 -10 780.73 163.71 809.314 245.289 2.33974303723 1.19886806294 0.628999755957 3.13293399248 1.67859956628 12.4861858777 0.00753464155925 0.00013262
pedestrian -1 -1 -10 1134.0 125.78 1159.57 168.217 1.80980119587 0.509943408367 1.19399940181 7.48638647046 1.12862196294 9.83274100546 0.00753464155925 0.00011451
pedestrian -1 -1 -10 372.88 195.15 398.967 245.938 0.698923292275 0.474948348512 0.145999863755 -7.71100360392 1.32582544783 23.5884909151 0.00753464155925 9.643e-05
pedestrian -1 -1 -10 777.44 161.0 802.193 222.44 2.35274162138 1.19286915503 0.613999655645 3.12796148472 1.68357866312 12.8222921785 0.00753464155925 9.1298e-05
pedestrian -1 -1 -10 768.01 151.14 804.006 247.208 2.35674119032 1.18986922428 0.602999741028 3.12345113918 1.68552919859 12.9538452812 0.00753464155925 4.3839e-05
pedestrian -1 -1 -10 785.55 145.82 817.505 222.736 2.22575559068 1.18886988308 0.505999887069 3.24437333997 1.56754682072 12.2171098305 0.00753464155925 2.514e-05
pedestrian -1 -1 -10 768.78 155.66 791.176 213.275 2.31474586546 1.19086951905 0.485999673846 3.12703779323 1.63664095144 13.3667879865 0.00753464155925 1.866e-05
pedestrian -1 -1 -10 770.51 135.22 811.857 209.706 1.99578082371 1.19586908577 0.420999874941 3.21378216647 1.32740675669 12.881783997 0.00753464155925 1.7898e-05
pedestrian -1 -1 -10 760.09 159.61 778.319 217.093 2.35874094499 1.18586995234 0.626999901528 3.00305166273 1.66959109043 13.9661424054 0.00753464155925 1.4082e-05
pedestrian -1 -1 -10 741.2 166.63 763.976 218.712 2.40273614371 1.18686929354 0.820999847864 2.83028056283 1.6979236588 14.9269831206 0.00753464155925 6.3466e-06
pedestrian -1 -1 -10 382.81 180.19 401.997 235.412 0.526942125918 0.116985856102 0.0659999645378 -9.42052392087 0.868697155958 30.8718685553 0.00753464155925 5.2219e-06
pedestrian -1 -1 -10 747.54 154.28 783.545 231.85 2.37773891234 1.19086951905 0.749999770416 2.91984140545 1.6861749624 14.1371882931 0.00753464155925 2.5433e-06
