pedestrian -1 -1 -10 560.97 158.65 661.62 370.0 1.70699241087 0.966999352315 0.623997639935 -0.0225150817881 1.48893057276 5.6043396936 0.00692802392802 0.98198
pedestrian -1 -1 -10 845.51 218.21 858.871 260.275 0.552997536957 0.293000022693 0.655997197195 4.89620469657 1.27886789997 13.9108943441 0.00692802392802 0.040278
pedestrian -1 -1 -10 700.22 161.04 713.957 215.945 2.06099075228 0.580999934333 1.19899549868 2.14583205222 1.16485307222 14.4289521284 0.00692802392802 0.022625
pedestrian -1 -1 -10 703.47 163.6 724.791 210.057 1.00599555075 0.537999742221 1.11499582268 2.88140792675 0.989935923365 17.8318498813 0.00692802392802 0.010058
pedestrian -1 -1 -10 694.72 162.94 720.497 223.819 2.06099075228 0.580999934333 1.19699553193 2.14783191132 1.16484757278 14.4289382667 0.00692802392802 0.0050929
pedestrian -1 -1 -10 697.71 169.61 710.614 227.705 2.06099075228 0.580999934333 1.18199548336 2.08633366625 1.16501668757 14.4293645316 0.00692802392802 0.002526
pedestrian -1 -1 -10 885.68 236.04 903.773 280.152 0.917995914817 0.922999710197 0.633997682255 4.22662740098 1.37005503388 10.1153335938 0.00692802392802 0.0022116
pedestrian -1 -1 -10 840.3 213.89 854.17 259.979 0.552997536957 0.293000022693 0.655997197195 4.89620469657 1.27886789997 13.9108943441 0.00692802392802 0.0013551
pedestrian -1 -1 -10 840.85 209.92 869.134 262.25 1.16699472517 1.11599846551 0.606997833231 4.2537936182 1.3848291259 11.1205424204 0.00692802392802 0.0013047
pedestrian -1 -1 -10 668.29 222.1 681.467 264.22 2.26498983651 1.18699947025 1.11299579634 1.2881744673 1.44005223748 12.8260560995 0.00692802392802 0.0011327
pedestrian -1 -1 -10 836.51 158.17 851.253 215.538 2.1969901219 1.04399896444 1.18899566497 4.26350466528 1.33743480343 12.3118503968 0.00692802392802 0.0011083
pedestrian -1 -1 -10 891.63 245.08 908.007 282.048 1.97899116129 1.17799965183 1.18599541684 4.9219479224 1.37836070185 11.6644474631 0.00692802392802 0.00030197
pedestrian -1 -1 -10 893.54 214.24 910.043 269.536 0.917995914817 1.0369989997 0.548997963285 4.27003380313 1.36978581511 10.2460358295 0.00692802392802 0.00026692
pedestrian -1 -1 -10 665.6 172.57 685.03 224.712 2.26498983651 1.09199926761 1.11299579634 1.28678541047 1.44028541538 12.6255610356 0.00692802392802 0.00026562
pedestrian -1 -1 -10 889.96 213.67 902.427 268.354 1.15099488348 1.17699924815 0.602997661332 4.24793688859 1.36947849486 10.5670606151 0.00692802392802 0.00023673
pedestrian -1 -1 -10 750.4 146.03 762.805 198.569 2.06799080968 0.596999717497 1.12699562313 3.10410834895 1.16933466089 14.3203119256 0.00692802392802 0.00021401
pedestrian -1 -1 -10 933.84 224.38 962.669 273.371 0.984995646775 1.13899916709 0.252999309376 5.50951050971 1.40929714999 10.3074574574 0.00692802392802 0.000198
pedestrian -1 -1 -10 713.4 165.37 726.4 212.616 1.00599555075 0.537999742221 1.18899566497 2.97740533562 0.989671938895 17.8311844912 0.00692802392802 0.00017917
pedestrian -1 -1 -10 690.62 190.45 702.598 225.527 1.46999340355 0.971998509694 0.693997399733 1.5003479092 1.43921040562 13.0535529762 0.00692802392802 0.00016489
pedestrian -1 -1 -10 347.34 215.07 368.964 274.02 1.00999545157 1.16499917236 1.03799620909 -3.70190157699 1.38946383337 10.5142414176 0.00692802392802 0.00011754
pedestrian -1 -1 -10 340.9 221.13 382.025 281.443 1.06899517328 1.19399943499 1.16199581595 -3.63909437884 1.38914390082 10.6422742786 0.00692802392802 8.7718e-05
pedestrian -1 -1 -10 949.36 238.66 967.155 279.358 0.895995938778 0.555999379071 0.172999209237 4.43107400857 1.35750022157 10.1074149472 0.00692802392802 6.6706e-05
pedestrian -1 -1 -10 899.67 224.15 932.42 278.956 0.917995914817 0.973999317054 0.633997682255 4.22680406281 1.37002537805 10.1408327853 0.00692802392802 4.0818e-05
pedestrian -1 -1 -10 565.4 176.63 621.379 361.83 1.70699241087 0.966999352315 0.623997639935 -0.0225150817881 1.48893057276 5.6043396936 0.00692802392802 3.2799e-05
pedestrian -1 -1 -10 361.35 197.67 379.94 271.585 1.05599533915 1.17799965183 1.19199567469 -3.62120991765 1.37561552959 11.0611526857 0.00692802392802 1.6609e-05
pedestrian -1 -1 -10 538.33 169.47 603.338 274.8 1.70699241087 0.966999352315 0.623997639935 -0.0225150817881 1.48893057276 5.6043396936 0.00692802392802 8.0335e-06
pedestrian -1 -1 -10 907.97 218.61 947.787 275.013 2.21599014997 0.854999916496 1.19699553193 5.604150769 1.36414005192 11.9600740451 0.00692802392802 7.8503e-06
pedestrian -1 -1 -10 1099.6 130.76 1132.85 259.44 2.40398921371 1.18099895552 1.19699600877 8.29689647994 1.50344869991 11.3174555642 0.00692802392802 5.1762e-06
pedestrian -1 -1 -10 327.66 214.1 350.002 279.131 0.9819955796 0.693998820159 1.03799620909 -3.70349450519 1.38973771601 10.2787629078 0.00692802392802 2.8131e-06
pedestrian -1 -1 -10 331.0 203.96 361.795 290.787 0.9819955796 0.826999103868 1.08499596394 -3.72653310724 1.38972499855 10.3454243353 0.00692802392802 1.1266e-06
pedestrian -1 -1 -10 318.81 213.54 339.537 275.192 1.07599523067 1.1849986629 1.14499568142 -4.09733288398 1.39736463479 10.6799554806 0.00692802392802 1.0181e-06
pedestrian -1 -1 -10 365.51 170.96 415.903 264.188 2.25998992324 0.525000216424 1.1979954557 -4.5074901211 1.33134698803 15.1761426703 0.00692802392802 4.3358e-07
pedestrian -1 -1 -10 607.76 149.36 625.053 206.291 0.86399615109 0.633000898544 1.1839955395 0.418754541305 0.850875646233 17.7023290736 0.00692802392802 1.8649e-07
pedestrian -1 -1 -10 567.12 215.41 598.167 345.27 1.82299182937 1.07799933813 1.1979954855 -0.192965879754 1.6053356677 5.66108992583 0.00692802392802 2.6628e-09
