pedestrian -1 -1 -10 1187.6 93.297 1240.0 243.407 1.65981777787 1.14787400817 0.499000396566 11.0431097457 1.29059770728 13.0158773107 0.00753464155925 0.026383
pedestrian -1 -1 -10 1144.3 124.61 1236.08 239.32 2.05377454352 1.18786958831 0.355000387241 14.542379723 1.124117105 17.7255445883 0.00753464155925 0.0075056
pedestrian -1 -1 -10 874.55 156.13 889.203 198.894 1.61782236361 0.518942247023 0.463000155816 11.4447137108 1.18264470614 29.7169430553 0.00753464155925 0.0023951
pedestrian -1 -1 -10 1103.7 127.37 1153.94 215.122 1.93678734577 1.18286906803 0.142999605274 14.5577012137 1.14509909093 20.0200690892 0.00753464155925 0.0013406
pedestrian -1 -1 -10 1115.9 139.08 1178.59 227.469 2.0387761451 1.15287357489 0.602000052232 14.7716667935 1.10218138701 19.2927476322 0.00753464155925 0.00071147
pedestrian -1 -1 -10 1155.8 141.89 1195.66 231.768 1.98278223956 1.15787409517 0.412999980387 14.577148063 1.05156372626 18.2299004851 0.00753464155925 0.00063715
pedestrian -1 -1 -10 1213.3 104.53 1242.02 245.41 1.65981777787 0.975892918223 0.348000419901 11.041590889 1.28663027382 12.7479103854 0.00753464155925 0.00056865
pedestrian -1 -1 -10 1165.2 134.65 1212.46 235.38 2.05377454352 1.15987277757 0.355000387241 14.5427790077 1.12490162954 17.7785367748 0.00753464155925 0.00031109
pedestrian -1 -1 -10 1193.6 192.82 1222.54 232.23 1.65981777787 1.144875031 0.499000396566 11.0442586393 1.29285508226 13.1683559529 0.00753464155925 3.0992e-05
pedestrian -1 -1 -10 867.89 157.28 895.839 201.354 1.61782236361 0.518942247023 0.463000155816 11.4447137108 1.18264470614 29.7169430553 0.00753464155925 7.2531e-06
pedestrian -1 -1 -10 1184.5 166.01 1237.78 235.065 1.65981777787 1.15387386966 0.499000396566 11.0459349 1.29614864117 13.3908255888 0.00753464155925 1.4403e-06
