pedestrian -1 -1 -10 454.38 145.14 558.13 365.95 1.82299185544 0.738999819631 0.767997122814 -0.92166540523 1.49840842864 5.60551245948 0.00692802392802 0.98448
pedestrian -1 -1 -10 466.03 148.46 533.058 262.19 1.82299185544 0.738999819631 0.767997122814 -0.92166540523 1.49840842864 5.60551245948 0.00692802392802 0.062138
pedestrian -1 -1 -10 666.83 215.5 681.255 261.965 2.26598987877 1.19099917763 1.03699610651 1.35016722965 1.44088295326 12.8246265608 0.00692802392802 0.0030615
pedestrian -1 -1 -10 700.71 159.38 714.136 215.983 2.06099075228 0.601999828549 1.1909955125 2.15784201687 1.16481832982 14.430369048 0.00692802392802 0.0027192
pedestrian -1 -1 -10 474.22 144.4 524.336 225.27 1.67899244577 0.593999936967 0.760997120013 -0.924861609003 1.35433432724 5.67795255924 0.00692802392802 0.0022058
pedestrian -1 -1 -10 664.32 229.96 675.451 264.571 1.47399339378 0.829999361234 1.13399568553 1.26234210101 1.43986602943 13.054200397 0.00692802392802 0.0018563
pedestrian -1 -1 -10 887.0 230.4 912.606 276.251 0.897996023297 0.674998779629 0.573997964777 4.22987639329 1.34916505113 10.0112957615 0.00692802392802 0.001589
pedestrian -1 -1 -10 514.32 295.03 557.199 368.909 1.92899132818 1.15999906131 1.19699552262 -0.588348428857 1.60321430782 5.84576925726 0.00692802392802 0.00085445
pedestrian -1 -1 -10 840.23 211.94 854.01 260.576 0.552997536957 0.269999321117 0.629997748773 4.88615302625 1.27890412031 13.9034641457 0.00692802392802 0.00084491
pedestrian -1 -1 -10 659.84 225.99 673.195 266.888 1.47399339378 1.04699922181 1.08099591125 1.23509116632 1.4400650836 12.9458867457 0.00692802392802 0.00069748
pedestrian -1 -1 -10 702.76 164.81 724.581 211.909 0.755996608734 0.273999982163 1.07299592508 2.87818343556 0.740090178381 17.7047249885 0.00692802392802 0.00031189
pedestrian -1 -1 -10 455.65 155.23 512.729 318.61 1.82199181318 0.738999819631 0.767997122814 -0.921666784208 1.49740838638 5.6055118875 0.00692802392802 0.00027466
pedestrian -1 -1 -10 841.69 205.59 870.782 262.939 0.552997536957 0.269999321117 0.629997748773 4.88615302625 1.27890412031 13.9034641457 0.00692802392802 0.00027283
pedestrian -1 -1 -10 888.44 211.2 903.402 269.078 1.17399469316 1.17999950552 0.753997117211 4.29547222905 1.3953482459 10.5662482584 0.00692802392802 0.00017967
pedestrian -1 -1 -10 934.61 218.2 965.769 273.217 0.894996015727 0.660999803825 0.26099917634 4.45720696175 1.36140842295 10.1247398537 0.00692802392802 0.00014796
pedestrian -1 -1 -10 1202.0 238.67 1223.96 298.089 0.928995843232 0.365999927446 0.777996956518 4.51057048173 1.42291559511 5.18179984019 0.00692802392802 0.00014253
pedestrian -1 -1 -10 327.87 216.7 348.242 280.388 0.976995666325 0.697999481205 1.08599588771 -3.74644624596 1.39185022895 10.2840656086 0.00692802392802 0.00012992
pedestrian -1 -1 -10 656.07 217.17 676.046 276.81 2.26598987877 1.19299903131 1.06099600543 1.22349637025 1.44117752182 12.8725060641 0.00692802392802 0.00012496
pedestrian -1 -1 -10 488.48 139.79 508.156 229.292 1.67899244577 0.593999936967 0.760997120013 -0.924861609003 1.35433432724 5.67795255924 0.00692802392802 0.00010814
pedestrian -1 -1 -10 749.15 151.27 765.987 207.962 0.76499658674 0.177999375834 1.10599555512 3.88614956071 0.749405326309 17.6217451739 0.00692802392802 7.0156e-05
pedestrian -1 -1 -10 893.48 217.63 928.759 281.018 1.17399469316 1.19399943499 0.656997597796 4.34299398228 1.39537885923 10.4249157839 0.00692802392802 4.9907e-05
pedestrian -1 -1 -10 755.17 171.47 783.959 243.298 0.762996591628 0.117999950552 0.81999685412 4.02935607114 0.748977210912 17.6507541581 0.00692802392802 4.4692e-05
pedestrian -1 -1 -10 959.42 236.41 971.761 281.593 2.11199058294 0.844999694391 1.1949956844 6.1479719536 1.40387962756 11.7514080903 0.00692802392802 4.0351e-05
pedestrian -1 -1 -10 340.39 222.16 381.004 280.516 1.06599519551 1.18699851658 1.07499577261 -3.69302861836 1.38936486615 10.5791484495 0.00692802392802 1.1381e-05
pedestrian -1 -1 -10 907.71 217.1 948.815 274.034 2.23999003172 1.05099988285 1.19799593254 5.47174830176 1.38965968485 11.8250035588 0.00692802392802 1.0816e-05
pedestrian -1 -1 -10 529.15 183.03 557.824 279.388 1.63099271953 1.00799969074 1.07599593479 -1.13020591826 1.43967238249 12.8716799805 0.00692802392802 6.5226e-06
pedestrian -1 -1 -10 318.06 213.48 340.282 274.746 1.07199521065 1.16999928341 1.17799578829 -4.0852981833 1.39640872119 10.6123715369 0.00692802392802 2.4994e-06
pedestrian -1 -1 -10 342.83 204.99 366.644 277.374 1.02199548185 1.18799987393 1.11599550803 -3.71381166721 1.39148005265 10.5288193212 0.00692802392802 1.9329e-06
pedestrian -1 -1 -10 509.93 173.77 548.96 303.25 1.61499275863 0.876999260719 1.0339961564 -1.33167621624 1.42430131436 12.8075653458 0.00692802392802 1.8766e-06
pedestrian -1 -1 -10 466.0 139.91 493.177 228.144 1.66299260408 0.593999936967 0.760997120013 -0.924883671514 1.33833448555 5.6779434081 0.00692802392802 1.2212e-06
pedestrian -1 -1 -10 331.93 200.01 361.436 287.98 0.976995666325 0.99700001863 1.13199571879 -3.72241114974 1.39161311648 10.4334028732 0.00692802392802 5.0031e-07
pedestrian -1 -1 -10 478.6 128.71 556.338 230.73 0.866996121407 1.19299998499 0.401998560097 -2.00763799907 -0.138007836655 17.3269781812 0.00692802392802 1.7586e-07
