pedestrian -1 -1 -10 816.03 166.05 889.158 296.9 1.68199244589 0.424998949048 0.765997156073 3.18193354147 1.43138242065 8.8481668279 0.00692802392802 0.96194
pedestrian -1 -1 -10 842.97 157.41 902.979 291.65 2.22499005347 1.13199920235 1.18899566497 4.61148553856 1.36581651796 12.0134489569 0.00692802392802 0.094774
pedestrian -1 -1 -10 659.93 232.38 671.59 270.203 2.33998954892 1.16999928341 0.977996372405 1.26894130342 1.51507824201 12.8497330614 0.00692802392802 0.0049069
pedestrian -1 -1 -10 810.41 195.08 853.352 297.45 2.22099006325 0.836999325973 1.19099575092 3.88529628116 1.36968477807 12.1309898858 0.00692802392802 0.004268
pedestrian -1 -1 -10 534.85 201.18 555.079 234.006 1.6339927271 0.781999058069 1.04199602337 -1.1209318373 1.44260228519 12.910618388 0.00692802392802 0.0022725
pedestrian -1 -1 -10 661.62 218.27 680.182 262.759 2.26198982894 1.18399921289 1.06499593891 1.31228399081 1.43696704515 12.8423871483 0.00692802392802 0.0021452
pedestrian -1 -1 -10 528.75 196.29 555.812 259.756 1.61499275863 0.922999710197 0.910996592521 -1.24394306064 1.42402116231 12.8409579516 0.00692802392802 0.0014488
pedestrian -1 -1 -10 656.06 228.8 668.081 274.517 2.25898994058 0.772999239644 0.800996991269 1.20790986679 1.43464596052 12.5006016044 0.00692802392802 0.0010692
pedestrian -1 -1 -10 838.0 150.2 874.491 279.6 1.68199244589 0.424998949048 0.765997156073 3.18193354147 1.43138242065 8.8481668279 0.00692802392802 0.0010267
pedestrian -1 -1 -10 864.66 212.0 901.878 293.328 1.15999487638 1.0819990455 0.603997585098 4.2598377714 1.37738114343 10.6234834736 0.00692802392802 0.00091483
pedestrian -1 -1 -10 751.57 154.87 763.231 206.752 0.763996589184 0.100000313702 1.10499586977 3.87877579641 0.749405016957 17.6397969347 0.00692802392802 0.00040432
pedestrian -1 -1 -10 654.53 211.03 676.877 273.245 2.34198951423 1.18999972762 0.977996372405 1.26877086476 1.51710728143 12.8247352037 0.00692802392802 0.00036507
pedestrian -1 -1 -10 704.81 164.48 717.92 215.778 1.00199550092 0.522000912731 1.12799578531 2.79887701173 0.98616738655 17.828419801 0.00692802392802 0.00034998
pedestrian -1 -1 -10 1098.5 88.614 1133.58 210.344 1.68699247092 0.603999682236 1.19299583687 8.23515998188 0.786412528782 11.4979707838 0.00692802392802 0.00028456
pedestrian -1 -1 -10 889.9 220.52 902.285 270.307 1.15999487638 1.17599884447 0.603997585098 4.25951215757 1.37743580351 10.5764847021 0.00692802392802 0.00022188
pedestrian -1 -1 -10 884.53 213.58 898.733 272.998 0.925995895266 0.735999562265 0.627997424406 4.21789388167 1.37820203371 10.0078961951 0.00692802392802 0.00018152
pedestrian -1 -1 -10 884.61 227.3 911.515 278.493 0.925995895266 0.735999562265 0.627997424406 4.21789388167 1.37820203371 10.0078961951 0.00692802392802 0.00016909
pedestrian -1 -1 -10 935.74 216.97 966.811 273.207 0.954995690286 0.643000166975 0.234999251082 4.44128993591 1.41644979695 10.126879157 0.00692802392802 0.00012621
pedestrian -1 -1 -10 697.53 163.89 715.119 223.368 2.06099075228 0.662999657511 1.18299540712 2.13263143265 1.16492254653 14.4000431439 0.00692802392802 0.00012259
pedestrian -1 -1 -10 819.26 164.9 863.087 266.4 1.68199244589 0.424998949048 0.765997156073 3.18193354147 1.43138242065 8.8481668279 0.00692802392802 0.00011254
pedestrian -1 -1 -10 348.66 210.62 369.401 273.129 1.01499542445 1.18999877395 1.04599631447 -3.68480827986 1.37939562574 10.5326082068 0.00692802392802 9.4731e-05
pedestrian -1 -1 -10 1119.7 77.855 1155.02 208.275 1.77799208462 0.671999475936 1.19599513133 8.64298742224 0.868252063118 11.5291883224 0.00692802392802 7.8901e-05
pedestrian -1 -1 -10 745.41 130.98 772.383 207.707 1.96699119061 0.501999514848 1.03699604691 3.10890311901 1.06833234102 14.3107197107 0.00692802392802 7.708e-05
pedestrian -1 -1 -10 892.38 213.62 911.444 269.402 0.925995895266 1.16299931867 0.563997773446 4.27809186851 1.3776732964 10.3249864688 0.00692802392802 7.5596e-05
pedestrian -1 -1 -10 349.62 223.86 387.112 282.82 0.96299573034 0.945999458099 0.786996985665 -3.55665467304 1.37627571861 10.3287418734 0.00692802392802 6.477e-05
pedestrian -1 -1 -10 880.93 206.07 906.75 265.059 0.925995895266 0.652999435406 0.627997424406 4.21760637054 1.37825029757 9.96639712758 0.00692802392802 1.8062e-05
pedestrian -1 -1 -10 326.83 210.13 369.9 283.4 0.965995618701 0.945999458099 1.10299578382 -3.71464614023 1.37971008105 10.3298387094 0.00692802392802 1.3695e-05
pedestrian -1 -1 -10 906.41 216.16 947.474 274.589 2.24798995256 1.17799869816 1.1979954557 5.12725388091 1.40135342055 11.1748829583 0.00692802392802 9.8174e-06
pedestrian -1 -1 -10 846.37 142.74 888.091 250.89 1.68199244589 0.424998949048 0.765997156073 3.18193354147 1.43138242065 8.8481668279 0.00692802392802 3.3204e-06
pedestrian -1 -1 -10 321.94 212.52 346.795 276.988 1.05599527955 1.18699947025 1.10199609847 -4.07424280013 1.37603344187 10.9137883108 0.00692802392802 2.7394e-06
pedestrian -1 -1 -10 342.66 205.42 359.883 278.16 0.965995618701 1.06499981233 1.08799597366 -3.70673419995 1.37962025978 10.3892854755 0.00692802392802 2.312e-06
pedestrian -1 -1 -10 310.42 198.04 351.457 282.979 1.02599538267 0.86999929598 1.07699585856 -4.43196191322 1.35255555239 11.3197668134 0.00692802392802 1.0733e-07
