pedestrian -1 -1 -10 774.86 157.98 822.195 300.97 1.72099231333 0.552999121705 0.592997708419 2.53822614891 1.41117069073 8.83658014597 0.00692802392802 0.98515
pedestrian -1 -1 -10 765.83 169.44 803.374 297.46 1.72099231333 0.552999121705 0.592997708419 2.53822614891 1.41117069073 8.83658014597 0.00692802392802 0.19437
pedestrian -1 -1 -10 788.68 166.55 838.146 294.99 2.19399011433 0.933999382308 1.1979954557 3.69610286584 1.34414956124 12.180787904 0.00692802392802 0.091449
pedestrian -1 -1 -10 779.85 160.12 812.271 257.065 1.72099231333 0.552999121705 0.592997708419 2.53822614891 1.41117069073 8.83658014597 0.00692802392802 0.015921
pedestrian -1 -1 -10 765.49 206.43 790.324 296.055 0.0999995529652 0.0 0.0 3.46090380724 1.51593726556 15.5649178411 0.0 0.010637
pedestrian -1 -1 -10 765.41 161.28 791.098 247.976 0.762996576726 0.110000535807 0.62699750064 4.15274453556 0.749656197422 17.6338989533 0.00692802392802 0.0085706
pedestrian -1 -1 -10 325.5 234.93 351.144 284.722 1.04499532133 1.19099917763 1.19399576064 -4.01622802813 1.35803060391 10.7763683713 0.00692802392802 0.0041642
pedestrian -1 -1 -10 357.91 209.62 386.341 276.009 0.99099560231 1.18699947025 0.864996761438 -3.58535600124 1.35712506791 10.5294071242 0.00692802392802 0.003717
pedestrian -1 -1 -10 369.08 206.95 381.564 255.958 0.940995813906 1.06899856603 0.668997398241 -3.48835663301 1.35703468283 10.3747604642 0.00692802392802 0.0016613
pedestrian -1 -1 -10 309.32 221.26 346.334 276.281 1.04999529421 1.18399921289 1.18199524494 -4.0955039356 1.36346079686 10.5914162914 0.00692802392802 0.0015417
pedestrian -1 -1 -10 641.13 220.88 667.522 271.21 1.46599338353 0.934999785988 0.731997185039 1.19281553036 1.42914125939 12.9811722956 0.00692802392802 0.0014011
pedestrian -1 -1 -10 904.76 231.7 929.945 275.398 0.966995720565 0.961999241263 0.693997399733 4.20796192064 1.41822698896 10.0099876173 0.00692802392802 0.0012855
pedestrian -1 -1 -10 309.57 215.68 327.155 268.665 1.07799513638 0.926999417569 1.14399528082 -4.51912234659 1.32504490401 11.1018024339 0.00692802392802 0.0010451
pedestrian -1 -1 -10 847.88 222.95 862.233 266.216 1.10199501812 1.03500009969 0.680997198686 4.27210778013 1.39474642952 11.1489656524 0.00692802392802 0.00093983
pedestrian -1 -1 -10 775.8 156.68 793.825 234.759 2.17099021524 0.904999119673 1.09099598337 3.2547854986 1.32716698606 12.3553429949 0.00692802392802 0.00091883
pedestrian -1 -1 -10 341.59 215.23 372.681 281.149 0.995995575189 1.17099968709 1.06699566723 -3.68674102522 1.36246906337 10.4731117512 0.00692802392802 0.00088646
pedestrian -1 -1 -10 772.55 160.57 785.292 220.492 2.16899024993 0.904999119673 0.989996292059 3.2042841082 1.32530588757 12.3556918739 0.00692802392802 0.0007298
pedestrian -1 -1 -10 1058.9 89.44 1094.48 205.38 1.56399299502 0.633999394877 1.19399576064 7.63528108638 0.676104598009 11.4650689693 0.00692802392802 0.00065609
pedestrian -1 -1 -10 1076.8 89.561 1115.33 208.401 1.71099235266 0.865999588607 1.19699553193 8.16274521613 0.811521255518 11.5774896742 0.00692802392802 0.00049822
pedestrian -1 -1 -10 788.36 157.27 807.033 241.513 1.72099231333 0.552999121705 0.592997708419 2.53822614891 1.41117069073 8.83658014597 0.00692802392802 0.00033043
pedestrian -1 -1 -10 769.62 213.93 784.849 271.52 0.763996574283 0.110000535807 0.730996963251 4.10074467441 0.749799188696 17.6342588002 0.00692802392802 0.00031427
pedestrian -1 -1 -10 279.92 251.68 298.518 283.355 1.11799503863 1.19799914237 0.978995938545 -4.60490069162 1.36583164312 10.6209093406 0.00692802392802 0.00028904
pedestrian -1 -1 -10 887.1 221.25 921.622 279.008 0.959995782375 1.18699947025 0.634997606021 4.27326209707 1.41074831618 10.2710373924 0.00692802392802 0.00028568
pedestrian -1 -1 -10 637.02 214.0 655.287 266.977 2.52998863757 0.663999107518 1.19899551358 0.910180762818 1.62997213011 14.6812873423 0.00692802392802 0.00027102
pedestrian -1 -1 -10 841.25 191.51 869.442 268.335 0.551997554302 0.308999805856 0.615997862378 4.89429610117 1.27885828112 13.9239084696 0.00692802392802 0.00025963
pedestrian -1 -1 -10 1027.1 97.777 1061.03 208.747 1.80299200863 0.672999879616 1.19799593254 7.11417019547 0.924451141939 11.544331021 0.00692802392802 0.00018284
pedestrian -1 -1 -10 988.63 215.94 1020.02 285.038 1.10399507284 1.1589996113 0.361998629236 5.60858372557 1.4367497973 10.5467394866 0.00692802392802 0.00012216
pedestrian -1 -1 -10 806.06 188.07 844.21 293.57 2.19499015659 0.933999382308 1.19499544598 3.84959994214 1.34472750377 12.1797245461 0.00692802392802 0.00011578
pedestrian -1 -1 -10 353.85 210.81 369.448 252.492 0.940995813906 1.07999919181 0.940996212842 -3.6243146675 1.35740226354 10.3812032797 0.00692802392802 0.00010957
pedestrian -1 -1 -10 365.6 200.31 394.002 271.121 0.99099560231 1.18099895552 0.748997021545 -3.52699727006 1.35690510206 10.58100388 0.00692802392802 9.4418e-05
pedestrian -1 -1 -10 273.84 231.21 302.384 279.241 0.931995850801 0.95699913021 1.03499643779 -4.5272987318 1.36589177742 10.3819739302 0.00692802392802 9.2027e-05
pedestrian -1 -1 -10 1015.4 99.089 1050.84 221.729 1.82099187523 0.749000041736 1.1979954557 6.97450786646 0.936781370275 11.5923035847 0.00692802392802 8.7928e-05
pedestrian -1 -1 -10 810.5 153.46 857.918 283.06 2.19199020863 0.897999154935 1.17899547364 4.12052374515 1.33582573923 12.3148419284 0.00692802392802 6.5416e-05
pedestrian -1 -1 -10 295.14 205.59 324.328 266.666 0.230998890102 0.0489997531709 0.302998835524 -7.70306053283 1.51108748405 18.7447579933 0.00692802392802 3.7429e-05
pedestrian -1 -1 -10 484.46 82.548 542.773 225.138 0.853996190429 1.19199862763 0.306998769005 -2.14320653073 -0.140291242666 17.0274149916 0.00692802392802 6.861e-06
pedestrian -1 -1 -10 286.62 198.68 316.826 259.839 1.86099171787 0.242000415836 1.18599589367 -6.53644336838 0.904657222874 15.4254409775 0.00692802392802 3.6642e-06
