pedestrian -1 -1 -10 752.39 139.17 808.754 333.15 1.86299168319 0.658999950139 0.476998087736 1.87982948339 1.45552169645 7.49407725639 0.00692802392802 0.99669
pedestrian -1 -1 -10 753.3 145.99 824.355 257.23 1.86299168319 0.658999950139 0.476998087736 1.87982948339 1.45552169645 7.49407725639 0.00692802392802 0.010503
pedestrian -1 -1 -10 839.79 176.6 870.934 264.943 0.103999483586 0.0459994958047 0.0449999073174 5.88520399781 1.01423948466 16.4475579805 0.00692802392802 0.0092102
pedestrian -1 -1 -10 366.17 214.38 392.187 274.586 0.951995682717 1.12000008023 0.635997529787 -3.49114367962 1.36592616801 10.4762862564 0.00692802392802 0.0060384
pedestrian -1 -1 -10 840.88 205.56 855.743 263.233 0.552997596562 0.277000239529 0.632997520071 4.88768680897 1.2798948048 13.9079546948 0.00692802392802 0.0047934
pedestrian -1 -1 -10 836.5 210.22 850.81 260.093 0.552997596562 0.277000239529 0.632997520071 4.88768680897 1.2798948048 13.9079546948 0.00692802392802 0.0037792
pedestrian -1 -1 -10 746.78 144.63 785.73 263.94 2.06199079454 0.326999442706 0.663997540994 3.05288105314 1.16359446247 14.2166609907 0.00692802392802 0.0017638
pedestrian -1 -1 -10 664.05 225.55 676.257 261.199 1.47599335909 0.993999761264 1.15899562742 1.24828173255 1.44183259924 13.1173006899 0.00692802392802 0.0011092
pedestrian -1 -1 -10 356.36 220.11 382.848 277.989 0.951995682717 0.898999558615 0.635997529787 -3.49190922194 1.3660546779 10.3657886475 0.00692802392802 0.00096697
pedestrian -1 -1 -10 887.17 236.17 909.211 279.953 0.954995690286 0.643998663308 0.595997479717 4.22198220302 1.40718268869 10.0148848541 0.00692802392802 0.00061075
pedestrian -1 -1 -10 348.87 214.5 367.608 274.229 0.995995575189 1.1809999092 1.05899580027 -3.70245952579 1.37647235223 10.5082376481 0.00692802392802 0.00059018
pedestrian -1 -1 -10 933.63 224.67 958.15 272.604 0.970995591581 1.01999881286 0.310998702487 4.96923357805 1.38898925452 10.1306801309 0.00692802392802 0.00020423
pedestrian -1 -1 -10 882.69 227.15 899.812 277.829 0.948995675147 1.05399918655 0.689997466251 4.27039302912 1.40081501902 10.2195509995 0.00692802392802 0.0001613
pedestrian -1 -1 -10 690.09 210.23 706.405 262.804 2.05999082923 0.596998763823 1.18999558874 1.96640489699 1.16433511478 14.4401956787 0.00692802392802 0.00010944
pedestrian -1 -1 -10 751.74 145.78 772.632 206.583 1.88899158984 0.263999760058 0.732997287619 3.01836168628 0.990653493359 14.2483002532 0.00692802392802 0.00010547
pedestrian -1 -1 -10 888.45 219.5 903.627 275.036 0.954995690286 0.600999424869 0.595997479717 4.22183325434 1.40720769238 9.99338575084 0.00692802392802 0.00010251
pedestrian -1 -1 -10 749.3 190.94 792.89 326.5 1.86299168319 0.658999950139 0.476998087736 1.87982948339 1.45552169645 7.49407725639 0.00692802392802 8.4056e-05
pedestrian -1 -1 -10 320.25 205.15 347.261 274.674 1.06999518573 1.18599906657 1.17199553044 -4.11462628808 1.39321251684 10.8545782459 0.00692802392802 8.1823e-05
pedestrian -1 -1 -10 956.4 237.54 974.205 278.263 2.10099059492 0.911999084412 1.19699553193 6.14598123376 1.3928810684 11.7549155585 0.00692802392802 7.8824e-05
pedestrian -1 -1 -10 883.97 212.89 912.305 276.901 1.18199464381 1.17799965183 0.692997475967 4.27076793383 1.40045047918 10.536419745 0.00692802392802 6.9483e-05
pedestrian -1 -1 -10 879.49 203.11 901.424 270.807 0.948995675147 0.753999199114 0.61799770991 4.23335482047 1.40108846056 10.0698041267 0.00692802392802 5.3867e-05
pedestrian -1 -1 -10 756.72 141.25 782.507 216.326 2.1719902575 0.99499921127 0.828996883267 3.15763010823 1.32846051106 12.3330166925 0.00692802392802 4.8245e-05
pedestrian -1 -1 -10 335.69 201.28 363.766 286.64 0.961995747685 1.000999726 1.10999572702 -3.72853551137 1.37664714177 10.4184359071 0.00692802392802 3.1189e-05
pedestrian -1 -1 -10 343.59 202.14 383.771 282.738 1.05099536628 1.17999950552 1.01699614108 -3.68072200642 1.37627795575 10.6255575664 0.00692802392802 2.1975e-05
pedestrian -1 -1 -10 260.05 204.39 285.184 266.782 1.55899305195 1.0039990297 1.06599598188 -6.41152652049 1.31823680033 13.7461908194 0.00692802392802 1.4154e-05
pedestrian -1 -1 -10 918.47 220.3 950.838 271.283 2.24998985827 0.958998983897 1.18799526437 5.5542637435 1.39551275292 11.7544314509 0.00692802392802 1.0973e-05
pedestrian -1 -1 -10 769.55 139.59 805.211 220.533 1.74899223 0.622999722765 0.476998087736 1.87954758298 1.34154317709 7.47601237246 0.00692802392802 6.832e-06
pedestrian -1 -1 -10 781.54 141.93 798.386 205.597 2.01999098659 0.86999929598 1.10299602224 3.29398103625 1.17515715649 12.2694805876 0.00692802392802 5.854e-06
pedestrian -1 -1 -10 253.08 192.4 289.331 279.2 1.55899305195 1.04999947917 1.10799564107 -6.43268519048 1.3183212955 13.7233367 0.00692802392802 2.9251e-06
pedestrian -1 -1 -10 283.18 188.24 309.973 278.929 1.09499516934 1.10299893972 0.960996357086 -4.80615548814 1.3606055639 11.3038277311 0.00692802392802 5.077e-07
