pedestrian -1 -1 -10 130.0 159.22 184.121 303.1 1.7739920795 1.04299951443 0.922996392966 -5.5676674661 1.37777311227 8.61966223642 0.00692802392802 0.9994
pedestrian -1 -1 -10 50.579 144.49 121.879 310.89 1.79099196345 0.640999359615 1.07399584884 -5.86852821653 1.39583033172 8.42075258251 0.00692802392802 0.999
pedestrian -1 -1 -10 266.78 150.32 350.918 334.1 1.68999249339 0.503999845371 0.594997794369 -2.87507963002 1.38326518653 6.94352193102 0.00692802392802 0.99722
pedestrian -1 -1 -10 72.269 155.32 177.039 308.31 1.7739920795 1.04299951443 1.12599569936 -5.84115983509 1.37852519234 8.62155790325 0.00692802392802 0.71046
pedestrian -1 -1 -10 939.35 174.07 973.023 277.12 1.62199277878 0.935999235994 0.996995996839 5.56633622451 1.63013307593 11.1864717916 0.00692802392802 0.40257
pedestrian -1 -1 -10 1144.4 190.35 1157.8 225.326 0.0999995529652 0.0 0.0 42.0216777841 2.95222571878 52.6083560582 0.0 0.30186
pedestrian -1 -1 -10 1090.3 184.62 1117.32 242.883 1.71199233532 0.804999759645 0.751997031261 14.1883318176 2.07726462579 20.008924033 0.00692802392802 0.1948
pedestrian -1 -1 -10 913.18 179.51 966.567 273.437 1.62199277878 0.911999084412 1.09799592657 5.4496106984 1.63049181061 11.1542800924 0.00692802392802 0.18005
pedestrian -1 -1 -10 893.96 177.52 906.726 219.281 0.566997532546 0.428001113762 0.277998834032 14.5044540642 1.3094435655 33.95334972 0.00692802392802 0.13922
pedestrian -1 -1 -10 257.17 153.27 325.391 296.09 1.68999249339 0.503999845371 0.594997794369 -2.87507963002 1.38326518653 6.94352193102 0.00692802392802 0.055485
pedestrian -1 -1 -10 1134.8 190.59 1146.61 224.833 0.105999568105 0.347999336922 0.253998756307 31.9895483778 1.62679248011 41.3260326865 0.00692802392801 0.051043
pedestrian -1 -1 -10 36.298 149.98 102.77 275.92 1.79099196345 0.724999890153 0.844996617194 -5.98273410546 1.39609634249 8.4635454558 0.00692802392802 0.036908
pedestrian -1 -1 -10 1128.2 190.71 1139.08 226.117 0.100999476016 0.213996742186 0.252999309376 31.6571280248 2.24715489727 41.8130732374 0.00692802392804 0.034156
pedestrian -1 -1 -10 1058.4 185.64 1074.4 232.215 0.538997481764 0.412999826931 0.458999817574 20.2996963866 1.52677208409 31.0598987143 0.00692802392802 0.026334
pedestrian -1 -1 -10 669.48 177.4 687.392 233.945 2.70598784983 0.322999735334 1.15299554838 3.24817765358 1.49375389873 28.4666694758 0.00692802392802 0.019209
pedestrian -1 -1 -10 805.05 181.94 826.104 236.147 1.13499495238 0.307998448503 0.514997455811 10.3706463664 1.44062954671 33.2647948312 0.00692802392802 0.017367
pedestrian -1 -1 -10 295.47 190.65 342.105 334.23 1.68999249339 0.503999845371 0.594997794369 -2.87507963002 1.38326518653 6.94352193102 0.00692802392802 0.012768
pedestrian -1 -1 -10 771.49 222.85 801.009 270.68 1.97799117863 1.07699893445 0.826996797318 4.35118857816 1.51943834821 17.3442058946 0.00692802392802 0.01167
pedestrian -1 -1 -10 304.63 164.42 354.805 296.87 1.68999249339 0.503999845371 0.594997794369 -2.87507963002 1.38326518653 6.94352193102 0.00692802392802 0.011228
pedestrian -1 -1 -10 1056.1 184.59 1112.59 241.142 1.21499457806 0.603000232229 0.535997285403 20.1266127145 2.15463163761 29.8514050791 0.00692802392802 0.011054
pedestrian -1 -1 -10 1149.6 191.66 1162.0 225.943 0.100999476016 0.119998850564 0.17999962927 42.1734153199 1.7629858704 54.1959585968 0.00692802392801 0.010648
pedestrian -1 -1 -10 1107.6 186.15 1131.56 240.295 0.666997049749 0.772998285971 0.41700015839 28.7828951928 2.04734996483 38.9528543211 0.00692802392802 0.0095821
pedestrian -1 -1 -10 828.9 226.16 840.672 260.947 1.13599493504 0.893999447562 1.04899584735 4.82035232726 1.52645334829 14.4548821449 0.00692802392802 0.0075882
pedestrian -1 -1 -10 113.02 161.74 167.671 291.75 1.7739920795 1.04299951443 1.11899575616 -5.66566479366 1.37804259634 8.62034148858 0.00692802392802 0.0072757
pedestrian -1 -1 -10 902.86 175.9 944.398 264.959 1.60299281031 0.894999851242 0.80299695801 5.23892311716 1.6122638953 10.9872250328 0.00692802392802 0.0072372
pedestrian -1 -1 -10 888.73 174.7 906.062 240.383 1.83799175918 0.503997461186 0.572997802593 15.8420475281 1.44637825978 36.9005765517 0.00692802392802 0.0069512
pedestrian -1 -1 -10 1119.3 188.42 1132.81 226.884 0.666997049749 0.638999505929 0.273999138968 28.8539298153 2.04723126855 38.885360957 0.00692802392802 0.0055366
pedestrian -1 -1 -10 83.974 152.53 123.194 285.29 1.79099196345 0.700999738571 1.17899547364 -5.75682344836 1.39548883522 8.44997922963 0.00692802392802 0.0052613
pedestrian -1 -1 -10 1053.9 183.26 1084.3 237.763 1.21499457806 0.703000545931 0.728997354137 20.0304613977 2.15483884856 29.9020728938 0.00692802392802 0.0044221
pedestrian -1 -1 -10 439.66 201.12 451.408 246.758 0.763996529579 0.612998546987 0.270998890835 -4.58932760338 1.07909194607 20.8464262307 0.00692802392802 0.0039896
pedestrian -1 -1 -10 664.51 181.29 676.468 238.18 2.45098899454 1.15199964656 0.803997000985 1.69142720642 1.41698780952 18.0287554163 0.00692802392802 0.0038007
pedestrian -1 -1 -10 151.04 156.19 215.649 279.33 1.76499205679 0.740999673317 0.806997129909 -5.50863551539 1.36843798918 8.77025138046 0.00692802392802 0.0036615
pedestrian -1 -1 -10 74.496 142.87 111.166 301.63 1.79099196345 0.646999874348 1.15399547215 -5.82850858001 1.39571684913 8.4234755225 0.00692802392802 0.0035447
pedestrian -1 -1 -10 130.88 173.84 156.686 266.605 1.7739920795 1.02999903496 1.11899575616 -5.6656197602 1.37803503668 8.62684157232 0.00692802392802 0.0031032
pedestrian -1 -1 -10 660.82 182.8 672.341 232.95 2.45098899454 1.01200035179 0.803997000985 1.69239019297 1.4168261551 18.1677519253 0.00692802392802 0.0026916
pedestrian -1 -1 -10 836.12 228.43 848.989 262.324 0.96299573034 0.759999713847 0.704997514829 4.14964565472 1.52193988825 13.0245888922 0.00692802392802 0.0024504
pedestrian -1 -1 -10 949.74 177.02 966.836 261.946 1.62199277878 0.935999235994 0.969996147815 5.57983582474 1.63009595321 11.1863782213 0.00692802392802 0.0020836
pedestrian -1 -1 -10 266.32 176.41 310.794 332.5 0.547997623682 0.157999885298 0.240999270514 -4.14905649856 1.33820685844 9.19601502423 0.00692802392802 0.0020477
pedestrian -1 -1 -10 668.12 179.85 695.442 260.366 0.785996475816 0.315000320589 0.195999124779 2.98053078999 1.40935704247 22.4723943892 0.00692802392802 0.0018815
pedestrian -1 -1 -10 320.59 179.25 347.412 251.648 1.68999249339 0.503999845371 0.594997794369 -2.87507963002 1.38326518653 6.94352193102 0.00692802392802 0.0018629
pedestrian -1 -1 -10 776.25 214.46 789.762 265.693 2.10399060249 0.847998998084 0.894996620177 4.31621421451 1.51666499667 17.2298688359 0.00692802392802 0.0018384
pedestrian -1 -1 -10 797.55 182.54 822.005 247.64 0.648997063935 0.388999675348 0.239998869912 5.78150678388 1.30424400366 17.5668250757 0.00692802392802 0.0016741
pedestrian -1 -1 -10 784.4 218.52 810.401 258.235 1.05399534404 1.15799920762 1.04299630476 3.6813695951 1.47790343125 13.3107364925 0.00692802392802 0.0014773
pedestrian -1 -1 -10 192.34 161.24 230.462 240.513 0.10399954319 0.215999456893 0.0720002331761 -16.9341473371 0.671711418978 30.83560678 0.00692802392801 0.0012436
pedestrian -1 -1 -10 205.28 157.27 238.792 231.693 0.35699839592 0.0499992031772 0.0410002122534 -19.1620290778 0.0636198585187 35.4093000135 0.00692802392799 0.0012277
pedestrian -1 -1 -10 309.64 156.09 343.837 256.37 1.68999249339 0.503999845371 0.594997794369 -2.87507963002 1.38326518653 6.94352193102 0.00692802392802 0.0011489
pedestrian -1 -1 -10 213.39 156.22 230.024 201.176 0.331998509169 0.244998765855 0.732997049201 -23.2098250336 -0.176955596754 43.0477665556 0.00692802392803 0.00099567
pedestrian -1 -1 -10 203.78 158.68 223.234 210.756 0.10099953562 0.0929984416157 0.0899998146348 -18.5325046235 0.771091289739 34.3573843127 0.00692802392804 0.00098132
pedestrian -1 -1 -10 880.84 205.32 898.008 252.811 0.707996755839 0.790999830168 0.701997505114 6.84230264213 1.58280116399 17.1457556222 0.00692802392802 0.00093405
pedestrian -1 -1 -10 813.32 183.23 826.166 227.725 1.13599493504 0.786999169122 0.816996844405 4.70472625947 1.52671010937 14.5091850122 0.00692802392802 0.00091157
pedestrian -1 -1 -10 222.13 158.71 241.232 210.438 0.330998526514 0.292999069019 0.429998690513 -22.307734155 -0.179702799522 43.274519685 0.00692802392802 0.00084383
pedestrian -1 -1 -10 196.2 159.88 208.861 203.347 0.0999995529652 0.283000754262 0.326998436414 -32.5456654689 -0.14119698626 58.7740087374 0.006928023928 0.00068409
pedestrian -1 -1 -10 770.51 218.51 784.083 267.858 1.97799117863 0.983998585485 0.894996620177 4.31686733169 1.51958592165 17.2979424951 0.00692802392802 0.00061027
pedestrian -1 -1 -10 441.17 195.89 459.537 250.4 1.02099537998 0.419999791669 0.589997460286 -4.20670065235 1.24717081678 18.1062536346 0.00692802392802 0.00060208
pedestrian -1 -1 -10 526.9 194.79 555.485 306.12 2.14899041802 0.741999123323 1.19499550559 -1.22356273846 1.34709317664 14.4749571198 0.00692802392802 0.00060093
pedestrian -1 -1 -10 312.8 217.17 343.527 279.974 1.68999249339 0.503999845371 0.594997794369 -2.87507963002 1.38326518653 6.94352193102 0.00692802392802 0.00055556
pedestrian -1 -1 -10 1033.6 181.21 1062.12 236.368 0.673996987939 0.414998726943 0.416998251049 15.9545286154 1.75710878403 25.5060545919 0.00692802392802 0.00053234
pedestrian -1 -1 -10 181.18 158.9 215.066 234.748 0.505997726321 0.412999826931 0.155000104614 -16.0036371701 0.60883165422 28.4852961783 0.00692802392802 0.0004602
pedestrian -1 -1 -10 888.85 173.83 922.042 254.55 0.859996145964 1.0819990455 0.630997672539 6.66553775715 1.53459465323 16.0033068003 0.00692802392802 0.000317
pedestrian -1 -1 -10 88.584 158.1 116.982 222.775 1.79099196345 0.721000182781 1.16399566348 -5.76425389206 1.39549782872 8.46003119484 0.00692802392802 0.00031399
pedestrian -1 -1 -10 870.61 180.45 901.171 252.017 0.970995591581 1.1489993892 0.797996862345 6.58398410343 1.64552307951 16.2624422798 0.00692802392802 0.00030607
pedestrian -1 -1 -10 299.48 207.96 336.205 289.411 1.68999249339 0.503999845371 0.594997794369 -2.87507963002 1.38326518653 6.94352193102 0.00692802392802 0.00030077
pedestrian -1 -1 -10 212.32 167.75 245.585 245.717 0.847996205091 0.645998516994 0.69399763815 -8.39650620762 1.17565218689 15.5482343957 0.00692802392802 0.00027913
pedestrian -1 -1 -10 310.57 291.47 338.715 336.181 1.68999249339 0.503999845371 0.594997794369 -2.87507963002 1.38326518653 6.94352193102 0.00692802392802 0.00027503
pedestrian -1 -1 -10 59.438 196.8 98.668 311.04 1.79099196345 0.860000027549 0.775997108986 -6.0167653925 1.3961127101 8.53128302814 0.00692802392802 0.000272
pedestrian -1 -1 -10 162.78 154.77 199.911 243.883 1.76499205679 0.777999350697 0.811996748739 -5.51126343106 1.36846637827 8.75176931234 0.00692802392802 0.00024973
pedestrian -1 -1 -10 226.6 166.66 244.383 225.653 0.102999560535 0.111999435819 0.0130004394641 -17.8585463585 0.788847599197 35.5682663031 0.00692802392802 0.00021978
pedestrian -1 -1 -10 765.44 220.86 778.296 267.193 1.97799117863 1.09299967129 1.01599621732 4.25674656442 1.51968890361 17.3528610643 0.00692802392802 0.00019
pedestrian -1 -1 -10 862.46 192.82 883.971 243.739 0.0999995529652 0.0 0.0 9.56507170925 1.34062556811 24.723651644 0.0 0.00015772
pedestrian -1 -1 -10 331.03 190.0 345.637 257.249 1.68999249339 0.503999845371 0.594997794369 -2.87507963002 1.38326518653 6.94352193102 0.00692802392802 0.00011504
pedestrian -1 -1 -10 962.56 173.49 979.385 234.315 0.107999533415 0.087001741578 0.387999031329 22.4672165986 1.18721210527 42.9340317997 0.006928023928 0.0001091
pedestrian -1 -1 -10 955.64 174.9 974.668 241.444 0.6089973405 0.0869979268833 0.0920006158375 19.497490679 2.03772361849 37.4091679145 0.00692802392802 0.00010005
pedestrian -1 -1 -10 327.86 207.03 341.179 261.996 1.68999249339 0.503999845371 0.594997794369 -2.87507963002 1.38326518653 6.94352193102 0.00692802392802 9.8945e-05
pedestrian -1 -1 -10 775.48 201.38 812.768 267.33 0.880996079743 0.672999879616 0.644997558934 4.44226889804 1.50842304718 17.142195327 0.00692802392802 9.8533e-05
pedestrian -1 -1 -10 318.27 211.45 338.166 264.528 1.68999249339 0.503999845371 0.594997794369 -2.87507963002 1.38326518653 6.94352193102 0.00692802392802 6.6211e-05
pedestrian -1 -1 -10 654.39 174.87 675.719 243.77 1.01399544179 0.85300006281 0.596997761109 1.63886986738 1.41747467454 17.735448109 0.00692802392802 6.5265e-05
pedestrian -1 -1 -10 63.21 148.17 114.41 246.263 1.79099196345 0.640999359615 1.10499586977 -5.85302857839 1.39578770907 8.42064514935 0.00692802392802 6.4131e-05
pedestrian -1 -1 -10 302.86 195.44 386.408 300.21 1.68999249339 0.503999845371 0.594997794369 -2.87507963002 1.38326518653 6.94352193102 0.00692802392802 5.6136e-05
pedestrian -1 -1 -10 147.19 209.69 188.271 303.93 1.76499205679 0.970999059688 0.877996485649 -5.54493105478 1.3686693505 8.65550050131 0.00692802392802 5.2786e-05
pedestrian -1 -1 -10 1011.0 179.41 1052.92 246.58 0.471997869015 0.0839995768644 0.166999189806 16.391451766 1.60974252345 26.5214990629 0.00692802392802 4.8839e-05
pedestrian -1 -1 -10 758.57 208.49 796.57 266.804 2.10699061006 1.03999830339 0.965996452751 4.28224344162 1.51950676721 17.4501114459 0.00692802392802 1.7154e-05
pedestrian -1 -1 -10 276.35 144.13 324.268 239.511 1.68999247849 0.447999650624 0.381999488733 -8.39849343502 0.581732591315 19.8481749985 0.00692802392802 1.3872e-05
pedestrian -1 -1 -10 571.11 187.36 594.106 261.778 1.6009928003 0.938998539687 0.761997162987 -0.480779148571 1.15225263545 18.6655064937 0.00692802392802 1.3679e-05
pedestrian -1 -1 -10 337.44 209.0 350.61 263.563 1.68999249339 0.503999845371 0.594997794369 -2.87507963002 1.38326518653 6.94352193102 0.00692802392802 4.6541e-06
pedestrian -1 -1 -10 324.76 200.85 356.806 277.4 1.68999249339 0.503999845371 0.594997794369 -2.87507963002 1.38326518653 6.94352193102 0.00692802392802 3.984e-06
