pedestrian -1 -1 -10 1156.9 72.947 1188.67 191.027 0.655927970887 0.896902052718 0.758999592185 10.8222183833 -0.133987113323 14.0508413829 0.00753464155925 2.9678e-05
pedestrian -1 -1 -10 1167.4 69.427 1199.36 194.317 0.655927970887 0.679925815916 0.758999592185 10.821400972 -0.135593183584 13.9423563439 0.00753464155925 1.6741e-05
pedestrian -1 -1 -10 1138.5 79.954 1169.13 184.434 0.851906439128 1.02888756253 1.18199979839 10.586121961 0.0588604375026 13.9632035456 0.00753464155925 1.3181e-05
pedestrian -1 -1 -10 1127.5 79.096 1159.71 186.016 1.49383602452 1.16787227503 1.16899931409 10.4813456658 0.700895670481 14.0287492748 0.00753464155925 8.1787e-06
pedestrian -1 -1 -10 1105.6 96.604 1141.63 227.344 2.02577756095 1.16587263906 1.18599950725 9.9981501146 1.23247135485 13.9124421885 0.00753464155925 6.824e-06
pedestrian -1 -1 -10 1177.0 93.643 1208.73 230.763 2.02277786935 1.19586908577 1.15199912093 9.85036056848 1.2783686757 12.0756002116 0.00753464155925 4.7524e-06
pedestrian -1 -1 -10 1147.2 102.52 1180.33 226.25 1.68181537723 1.19586908577 0.833999378492 9.84173377618 1.2287761696 12.9109908974 0.00753464155925 3.7886e-06
pedestrian -1 -1 -10 1115.5 86.214 1151.3 215.864 1.42284375036 1.1808713392 1.14799941207 9.89305551229 0.978422383932 13.4969745571 0.00753464155925 3.4096e-06
pedestrian -1 -1 -10 1095.1 116.83 1129.9 240.46 2.07077269661 1.16287175474 1.18399965282 10.258951317 1.28570195014 14.5466098282 0.00753464155925 3.3861e-06
pedestrian -1 -1 -10 1154.8 125.1 1189.7 248.64 1.4558401643 0.862906334064 0.895999634171 9.42974956378 1.2731132986 11.9691363035 0.00753464155925 1.9102e-06
pedestrian -1 -1 -10 1166.2 117.82 1201.95 250.85 1.87779380822 1.06188298641 1.15799963789 9.5605028955 1.31573933889 11.9521410556 0.00753464155925 1.8761e-06
pedestrian -1 -1 -10 1134.6 130.55 1169.11 248.43 1.45983967364 1.17187154697 0.874999732152 9.42108561179 1.28072486252 12.2126523361 0.00753464155925 4.0135e-07
