pedestrian -1 -1 -10 450.74 197.66 463.886 235.087 0.851906491276 0.597934066099 0.298999694849 -4.10064849467 1.6686755202 19.6753094811 0.00753464155925 0.28083
pedestrian -1 -1 -10 446.11 198.97 459.956 235.874 0.851906491276 0.597934066099 0.298999694849 -4.10064849467 1.6686755202 19.6753094811 0.00753464155925 0.082532
pedestrian -1 -1 -10 388.57 200.94 402.24 243.499 1.43184272087 0.804912123043 1.19499932902 -5.05698999547 1.57266813534 17.4114146715 0.00753464155925 0.051932
pedestrian -1 -1 -10 453.14 192.36 469.19 237.615 0.851906491276 0.993890595536 0.317999742439 -4.08965705862 1.67159949589 19.8732106499 0.00753464155925 0.027405
pedestrian -1 -1 -10 381.77 186.04 401.516 242.797 1.43284261311 0.903900301833 1.19199954738 -5.17678229938 1.57413990294 17.5058159321 0.00753464155925 0.022156
pedestrian -1 -1 -10 425.5 202.0 448.561 243.639 1.39384697985 1.07788293489 0.748999843201 -4.36291972505 1.65517532223 17.5412014605 0.00753464155925 0.01144
pedestrian -1 -1 -10 384.68 204.46 397.695 241.603 1.43284261311 0.903900301833 1.19199954738 -5.21278152118 1.57416611377 17.5060867905 0.00753464155925 0.010826
pedestrian -1 -1 -10 436.67 192.84 449.66 240.851 1.34085282552 0.912900094059 0.342999830154 -4.15810425616 1.61063721803 17.7834586639 0.00753464155925 0.0010437
pedestrian -1 -1 -10 1193.3 103.7 1213.63 157.141 1.40984522581 1.19786967531 0.203999456901 12.2855097618 0.566955530067 14.7836225181 0.00753464155925 0.00024181
pedestrian -1 -1 -10 261.83 210.19 297.519 278.524 1.26686093425 0.839908136468 0.74099947181 -4.72926963177 1.40976723524 10.0706231838 0.00753464155925 0.0001726
pedestrian -1 -1 -10 440.75 198.55 464.127 244.876 0.851906491276 0.993890595536 0.317999742439 -4.08965705862 1.67159949589 19.8732106499 0.00753464155925 0.00012269
pedestrian -1 -1 -10 275.53 211.99 307.792 289.498 1.26586104202 1.02188835985 0.665999685503 -4.69108492033 1.41108696037 10.1613211675 0.00753464155925 0.00011848
pedestrian -1 -1 -10 1172.5 96.467 1198.39 147.821 1.51883325588 0.628931284365 0.696999813343 6.22291714433 0.909283655124 7.19048843665 0.00753464155925 0.00010188
pedestrian -1 -1 -10 1189.2 101.46 1223.14 165.623 1.4068455342 1.18387031637 0.213999682722 12.2706070962 0.565189418841 14.6637218279 0.00753464155925 4.9826e-05
pedestrian -1 -1 -10 391.6 186.98 423.76 245.179 1.39384697985 0.67092602369 1.18999969295 -4.71894252235 1.65242110623 17.3403959628 0.00753464155925 3.5472e-05
pedestrian -1 -1 -10 689.09 182.55 719.379 230.255 1.09587971973 0.921897979146 0.614999821278 2.85614235873 1.78158258095 19.6220254383 0.00753464155925 6.4425e-07
