pedestrian -1 -1 -10 619.63 162.72 655.947 232.476 1.82299187034 0.7970003449 1.07799599094 1.01982757812 1.37106994806 18.7042364759 0.00692802392802 0.97377
pedestrian -1 -1 -10 614.56 160.51 639.718 236.059 1.79799200594 0.755000556468 0.802996928208 0.882151390172 1.34647260876 18.6841758191 0.00692802392802 0.95743
pedestrian -1 -1 -10 635.74 164.22 665.843 236.274 1.74699214548 0.717998018067 0.862996735092 1.18318349751 1.38450260707 18.8066674605 0.00692802392802 0.66951
pedestrian -1 -1 -10 641.62 159.85 656.823 235.851 1.74799214304 0.74199816965 0.88999664372 1.16959935242 1.38455368576 18.7947606712 0.00692802392802 0.38313
pedestrian -1 -1 -10 620.94 160.39 633.589 227.194 1.82299187034 0.737000919618 0.802996928208 0.882123512542 1.3714829398 18.6751905154 0.00692802392802 0.36991
pedestrian -1 -1 -10 628.07 161.32 640.672 227.221 1.82299187034 0.759999713847 0.987996295516 0.974700641738 1.37121520627 18.6860485058 0.00692802392802 0.21754
pedestrian -1 -1 -10 633.31 161.32 648.795 228.922 1.82299187034 0.860999477555 1.09999586351 1.06404801794 1.37091174041 18.7359303042 0.00692802392802 0.1801
pedestrian -1 -1 -10 614.24 160.27 628.655 214.698 2.14999040067 1.12799949498 1.15599569221 0.793578675342 0.843494665011 25.8686777705 0.00692802392802 0.02252
pedestrian -1 -1 -10 608.9 153.78 629.892 236.871 2.162990354 1.12799949498 1.1859955584 0.678599782197 0.856810849525 25.8694822872 0.00692802392802 0.022084
pedestrian -1 -1 -10 645.43 178.69 662.498 234.21 2.50698885769 1.15499990393 1.15399571057 2.03883078646 1.17860049568 26.270742332 0.00692802392802 0.0037352
pedestrian -1 -1 -10 651.17 186.0 669.887 233.93 0.573997411132 0.515998490651 0.97699632943 2.27910153867 1.32765730374 25.6498601822 0.00692802392802 0.00030786
pedestrian -1 -1 -10 644.93 176.26 675.841 241.534 2.36598945558 1.14299887446 1.19199543627 2.23888707201 1.03700809546 26.3062752024 0.00692802392802 2.8245e-05
pedestrian -1 -1 -10 118.55 180.98 152.436 225.561 0.888995998725 0.926999417569 1.13299516572 -8.22394582514 0.749758368411 12.414942679 0.00692802392802 1.4425e-05
pedestrian -1 -1 -10 603.01 143.39 622.31 235.463 2.03899083585 1.16199796132 1.17499556996 0.488440361674 0.724081002824 26.0917226482 0.00692802392802 1.3058e-05
