pedestrian -1 -1 -10 195.93 175.24 211.27 228.838 0.921898709304 1.09288068147 0.879999845062 -7.95668026315 1.20908605042 14.6164824551 0.00753464155925 0.008646
pedestrian -1 -1 -10 329.43 176.46 375.008 287.75 1.36285035038 1.06388262238 1.15799963789 -6.93463754773 1.57505318728 19.6548237835 0.00753464155925 0.0031248
pedestrian -1 -1 -10 187.94 164.84 222.934 231.208 0.921898709304 1.09288068147 0.879999845062 -7.95668026315 1.20908605042 14.6164824551 0.00753464155925 0.002516
pedestrian -1 -1 -10 197.21 167.48 229.449 268.19 0.921898709304 1.10287981489 1.01899974148 -7.88714461249 1.2091094635 14.6209589767 0.00753464155925 0.0021206
pedestrian -1 -1 -10 39.171 105.12 71.702 208.08 1.72681036389 1.19586908577 1.19599973307 -7.2911081204 1.06468791313 9.55936508124 0.00753464155925 0.0013608
pedestrian -1 -1 -10 800.14 200.77 829.249 232.434 1.50883437824 0.853906541838 1.19299971301 3.22199024927 1.69238362616 11.3885098362 0.00753464155925 0.00048946
pedestrian -1 -1 -10 28.227 120.0 61.978 239.08 2.01077922213 1.1808713392 1.18999969295 -7.6045327022 1.33681121114 9.75732750386 0.00753464155925 0.00033984
pedestrian -1 -1 -10 42.225 161.27 71.178 227.287 2.01077922213 1.19686842697 1.18399917598 -7.74037373993 1.32813112155 10.178537571 0.00753464155925 0.00018988
pedestrian -1 -1 -10 19.065 126.87 50.958 241.76 2.16176260686 1.18586995234 1.19299947459 -7.15350244799 1.5016166962 9.02000568995 0.00753464155925 4.4662e-05
pedestrian -1 -1 -10 7.0975 114.07 38.5655 227.68 1.67781577849 1.19286915503 1.19699966029 -7.69291102376 1.00041735734 9.52447625941 0.00753464155925 2.1156e-05
