pedestrian -1 -1 -10 529.0 130.8 557.877 215.563 1.73399225175 0.632998991197 0.945996427717 -1.28044028438 0.745831754574 17.4624666531 0.00692802392802 0.99943
pedestrian -1 -1 -10 588.73 141.62 619.327 235.63 1.76599217355 0.430000013774 0.612997703652 0.0748916796362 1.00269430519 13.4417584705 0.00692802392802 0.99789
pedestrian -1 -1 -10 562.48 143.74 588.336 213.131 1.59899280518 0.429000563768 0.973996289913 -0.725120056755 0.727437807059 17.342674346 0.00692802392802 0.99617
pedestrian -1 -1 -10 618.42 145.25 637.565 214.926 1.5349931404 0.622998769092 0.53199800757 0.634138955963 0.735341073755 17.6473115006 0.00692802392802 0.99579
pedestrian -1 -1 -10 865.9 134.38 988.24 370.0 1.97999111414 0.727999193846 1.17599570234 1.81030527818 1.55553170587 4.15602480901 0.00692802392802 0.99173
pedestrian -1 -1 -10 756.32 118.28 899.08 370.0 2.05699079186 1.19099941605 1.19899555828 1.2193863169 1.63441117551 3.93766028091 0.00692802392802 0.9906
pedestrian -1 -1 -10 432.45 142.73 451.687 187.241 1.61599277854 0.424998949048 0.530998143409 -6.71987617786 0.160032792672 30.3988575672 0.00692802392802 0.97446
pedestrian -1 -1 -10 461.94 142.35 473.461 187.635 1.61099277586 0.394998282733 0.474998120995 -5.75401717978 0.155065624165 30.6641701202 0.00692802392802 0.87009
pedestrian -1 -1 -10 323.43 143.04 397.828 327.53 1.76099208146 0.607999866445 0.575998050726 -2.34723241449 1.40274700942 6.99784782382 0.00692802392802 0.82976
pedestrian -1 -1 -10 594.89 145.1 635.364 225.926 1.68199249804 0.430000013774 0.612997703652 0.0747758507514 0.918694629678 13.4417104267 0.00692802392802 0.7782
pedestrian -1 -1 -10 430.32 141.78 442.947 187.418 1.51799315959 0.825000203855 0.651997025296 -7.70293516405 -0.0157017808865 32.5365740384 0.00692802392802 0.45748
pedestrian -1 -1 -10 441.44 142.69 453.278 188.275 1.61599277854 0.424998949048 0.530998143409 -6.71987617786 0.160032792672 30.3988575672 0.00692802392802 0.29867
pedestrian -1 -1 -10 540.91 136.08 576.659 215.984 0.0999995529652 0.038001988407 0.126999616571 -2.19757152395 -0.245370810859 39.0856522811 0.00692802392802 0.28963
pedestrian -1 -1 -10 612.78 146.94 630.612 215.026 1.5349931404 0.622998769092 0.53199800757 0.634138955963 0.735341073755 17.6473115006 0.00692802392802 0.25843
pedestrian -1 -1 -10 573.15 140.12 605.598 222.124 1.76599217355 0.430000013774 0.569997852482 0.0533922704972 1.00275342668 13.4419074901 0.00692802392802 0.255
pedestrian -1 -1 -10 475.97 139.37 492.346 187.337 1.19099468142 0.319000027961 0.478998292894 -5.16807484223 -0.240797168026 30.0058780516 0.00692802392802 0.23704
pedestrian -1 -1 -10 309.62 135.21 341.812 236.22 1.16599476486 0.708999153316 0.520998428913 -7.74027054278 0.0421798613381 20.4928069083 0.00692802392802 0.18291
pedestrian -1 -1 -10 605.15 142.8 621.889 225.281 1.68199249804 0.430000013774 0.612997703652 0.0747758507514 0.918694629678 13.4417104267 0.00692802392802 0.16095
pedestrian -1 -1 -10 328.12 139.95 346.174 219.195 0.964995658398 1.03899885339 0.487998083623 -5.91590730436 0.841213266375 16.0691050748 0.00692802392802 0.1504
pedestrian -1 -1 -10 544.19 131.09 558.965 216.092 1.73399225175 0.632998991197 1.14399569805 -1.18144302726 0.745559520783 17.4617804701 0.00692802392802 0.1477
pedestrian -1 -1 -10 585.96 142.87 598.866 205.118 1.76599217355 0.430000013774 0.612997703652 0.0748916796362 1.00269430519 13.4417584705 0.00692802392802 0.10765
pedestrian -1 -1 -10 297.36 135.91 330.037 244.57 0.495997780561 0.194999562677 0.211999573958 -7.89560371585 0.296511758353 19.7065489252 0.00692802392802 0.10481
pedestrian -1 -1 -10 321.66 141.36 338.772 195.89 1.16599476486 0.708999153316 0.520998428913 -7.74027054278 0.0421798613381 20.4928069083 0.00692802392802 0.10249
pedestrian -1 -1 -10 794.36 115.71 872.993 298.47 1.88799151778 0.694999223839 1.04499609269 1.32771602112 1.46485483513 4.16281636389 0.00692802392802 0.098125
pedestrian -1 -1 -10 323.75 138.28 364.363 249.42 1.67899243087 0.607999866445 0.523998200211 -2.32134618478 1.32067586302 6.99762071413 0.00692802392802 0.081307
pedestrian -1 -1 -10 347.42 145.26 392.187 278.72 1.75299210101 0.607999866445 0.540998096322 -2.32974388899 1.39469890672 6.99772195295 0.00692802392802 0.070322
pedestrian -1 -1 -10 293.05 138.89 366.089 277.62 0.966995690763 0.821998992815 0.744997564899 -5.17572028642 0.907897754358 13.6864946308 0.00692802392802 0.059566
pedestrian -1 -1 -10 435.7 141.93 462.776 190.43 1.61599277854 0.424998949048 0.530998143409 -6.71987617786 0.160032792672 30.3988575672 0.00692802392802 0.048221
pedestrian -1 -1 -10 328.99 143.82 342.347 188.799 1.02899537906 0.988000200205 0.520998428913 -7.73949299883 -0.0949817611685 20.6322257268 0.00692802392802 0.043175
pedestrian -1 -1 -10 915.92 133.51 981.428 314.75 1.91599146426 0.920999379674 0.912996559262 1.8544726258 1.52330005745 4.2522210814 0.00692802392802 0.028617
pedestrian -1 -1 -10 282.64 147.02 320.57 249.98 0.601997312903 0.731000404886 0.760997298826 -6.21732285575 0.580984183664 15.2480814978 0.00692802392802 0.025607
pedestrian -1 -1 -10 344.1 143.86 383.499 217.675 0.994995518029 0.688998709106 0.685997294352 -9.41473558918 -0.226871604698 28.9454026149 0.00692802392802 0.024751
pedestrian -1 -1 -10 625.7 143.86 641.905 216.265 1.5349931404 0.587998945398 0.53199800757 0.634260194801 0.735320721659 17.6648109925 0.00692802392802 0.017093
pedestrian -1 -1 -10 480.99 141.35 499.214 187.184 1.50299333781 0.588998395404 0.871996943053 -4.37543103596 0.31999697863 28.2758152982 0.00692802392802 0.015077
pedestrian -1 -1 -10 559.64 138.01 575.737 214.51 1.7329922691 0.646998920674 1.16099562396 -0.818000226444 0.744568096171 17.4522617754 0.00692802392802 0.012619
pedestrian -1 -1 -10 330.96 203.61 366.897 328.37 1.75299210101 0.607999866445 0.540998096322 -2.32974388899 1.39469890672 6.99772195295 0.00692802392802 0.012578
pedestrian -1 -1 -10 837.94 118.83 925.688 348.65 2.08499063402 0.668998264896 1.17599570234 8.61649283441 1.42987532096 21.5395935354 0.00692802392802 0.01089
pedestrian -1 -1 -10 363.65 144.82 379.296 203.947 0.543997573853 0.30399874113 0.197999210728 -5.43677352883 0.199850348096 16.9788068438 0.00692802392802 0.0091637
pedestrian -1 -1 -10 338.72 170.22 376.279 256.957 1.76099208146 0.607999866445 0.575998050726 -2.34723241449 1.40274700942 6.99784782382 0.00692802392802 0.0065583
pedestrian -1 -1 -10 334.6 152.53 359.666 238.461 1.76099208146 0.607999866445 0.575998050726 -2.34723241449 1.40274700942 6.99784782382 0.00692802392802 0.0065293
pedestrian -1 -1 -10 284.93 170.69 298.274 222.156 0.601997312903 0.591999606444 0.648997730833 -6.27380279116 0.581219002234 15.1789709104 0.00692802392802 0.0053783
pedestrian -1 -1 -10 816.06 113.11 883.001 240.02 1.73499220461 0.632999468033 1.15099564125 1.38028878222 1.31174583303 4.13136237138 0.00692802392802 0.0053345
pedestrian -1 -1 -10 450.12 142.22 461.446 186.668 0.779996520281 0.513000140632 0.758997451294 -8.07670953632 -0.228310938261 39.2175097503 0.00692802392802 0.0051356
pedestrian -1 -1 -10 746.01 144.2 835.279 370.0 2.15799029171 1.19499912342 1.19899546887 1.02977332975 1.73589244006 3.97403394841 0.00692802392802 0.0029096
pedestrian -1 -1 -10 254.02 172.08 271.87 229.984 1.49499329776 0.440000235879 0.310998702487 -7.74820607389 0.469941809632 17.2235876134 0.00692802392802 0.002755
pedestrian -1 -1 -10 519.47 133.44 549.04 211.29 1.73399225175 0.50499881854 0.635997648995 -1.43499255994 0.74618354809 17.5275395302 0.00692802392802 0.0027085
pedestrian -1 -1 -10 550.65 138.11 565.037 207.972 0.564997507632 0.319999477968 0.990996215825 -2.44006457505 -1.25400698467 41.0949372933 0.00692802392802 0.002389
pedestrian -1 -1 -10 308.56 142.45 323.546 184.363 0.926995879784 0.311000613216 0.487998083623 -8.62498005734 -0.0853430856607 21.3349480342 0.00692802392802 0.0023286
pedestrian -1 -1 -10 355.23 179.57 404.264 330.51 1.76099208146 0.607999866445 0.575998050726 -2.34723241449 1.40274700942 6.99784782382 0.00692802392802 0.0018309
pedestrian -1 -1 -10 361.63 139.29 387.95 243.68 1.74399219751 0.607999866445 0.523998200211 -2.32125655526 1.38567562967 6.99765789088 0.00692802392802 0.0018236
pedestrian -1 -1 -10 526.37 136.71 540.079 200.389 1.73399225175 0.50499881854 0.635997648995 -1.43499255994 0.74618354809 17.5275395302 0.00692802392802 0.0016906
pedestrian -1 -1 -10 354.13 137.86 372.077 230.587 1.75299210101 0.607999866445 0.540998096322 -2.32974388899 1.39469890672 6.99772195295 0.00692802392802 0.0012164
pedestrian -1 -1 -10 279.24 167.07 306.139 228.542 0.601997312903 0.591999606444 0.648997730833 -6.27380279116 0.581219002234 15.1789709104 0.00692802392802 0.000981
pedestrian -1 -1 -10 345.27 194.02 385.911 319.33 1.76099208146 0.607999866445 0.575998050726 -2.34723241449 1.40274700942 6.99784782382 0.00692802392802 0.00095576
pedestrian -1 -1 -10 358.3 143.76 371.662 191.277 0.551997435093 0.304000648478 0.996995996839 -12.6693149816 -1.20980829513 38.4828010301 0.00692802392802 0.00086332
pedestrian -1 -1 -10 422.21 141.89 434.539 185.64 0.0999995529652 0.0229987942287 0.0829998714375 -12.6419141828 -1.79312113025 52.6770439324 0.00692802392802 0.00083583
pedestrian -1 -1 -10 868.91 133.5 939.208 301.01 1.97599118352 0.83199921492 1.18199560256 1.71966252412 1.55172153527 4.20865201783 0.00692802392802 0.00055991
pedestrian -1 -1 -10 362.76 144.6 375.425 185.271 0.994995518029 0.688998709106 0.685997294352 -9.41473558918 -0.226871604698 28.9454026149 0.00692802392802 0.00044234
pedestrian -1 -1 -10 486.13 143.08 506.431 187.285 1.50299333781 0.588998395404 0.712997143375 -4.29593304577 0.319778366117 28.2752642711 0.00692802392802 0.00030151
pedestrian -1 -1 -10 412.06 221.76 439.519 274.514 1.13299490139 0.87099969966 1.07499601103 -2.91924047375 1.01859867096 12.004352916 0.00692802392802 0.00027223
pedestrian -1 -1 -10 413.17 139.26 435.81 195.086 1.51799315959 0.825000203855 0.609997366112 -7.72393448921 -0.0156440345808 32.5367195917 0.00692802392802 0.00025974
pedestrian -1 -1 -10 242.56 140.6 275.748 251.58 1.67899255007 1.16399924552 0.553997820533 -2.91138415499 1.4026646301 5.80777470263 0.00692802392802 0.00025805
pedestrian -1 -1 -10 921.25 131.79 960.461 251.74 1.84799173474 0.649999654877 0.957996466579 1.83103951178 1.42348853561 4.14380420856 0.00692802392802 0.00025243
pedestrian -1 -1 -10 251.73 153.98 270.099 215.641 1.66299258918 1.16399924552 0.553997820533 -2.91140621767 1.3866646692 5.80776555142 0.00692802392802 0.00021316
pedestrian -1 -1 -10 263.24 149.83 298.269 251.83 1.72299232334 0.644000570655 0.499998122486 -7.65268758735 0.697562351093 17.3250607441 0.00692802392802 0.00019553
pedestrian -1 -1 -10 366.98 189.43 407.652 278.611 0.985995599627 0.555999379071 0.407998460319 -2.59069691869 1.29564379741 8.5518987829 0.00692802392802 0.00017139
pedestrian -1 -1 -10 415.7 146.48 426.58 192.061 0.786996458471 0.406001769539 1.03799620909 -9.81357577694 -0.222632551353 39.315048355 0.00692802392802 0.00015364
pedestrian -1 -1 -10 836.21 117.76 904.485 262.51 2.64498813301 0.875998857039 1.19599513133 8.32300270095 1.43147040791 21.7248079059 0.00692802392802 7.4435e-05
pedestrian -1 -1 -10 841.68 118.05 872.712 200.05 1.69799242914 0.632999468033 1.18899548616 1.39923722853 1.2746938107 4.13120951765 0.00692802392802 5.9296e-05
pedestrian -1 -1 -10 311.42 173.32 361.231 311.55 1.17699473053 0.896999704928 0.767997003605 -3.56870454472 1.25377925147 9.04202672991 0.00692802392802 4.3176e-05
pedestrian -1 -1 -10 341.16 134.72 365.019 213.472 1.57699288875 0.478999766945 0.51599809483 -2.32593364497 1.21876233288 6.93309159847 0.00692802392802 3.8328e-05
pedestrian -1 -1 -10 855.17 124.24 871.456 182.868 1.65599259138 0.717999925415 1.15399594898 8.11071160469 0.442043409698 21.7357026012 0.00692802392802 3.5745e-05
pedestrian -1 -1 -10 931.29 174.22 973.082 268.5 1.93599135578 0.920999379674 0.898996672867 1.86149997911 1.5432807002 4.25218400261 0.00692802392802 1.571e-05
pedestrian -1 -1 -10 375.95 205.44 415.374 296.463 0.985995599627 0.70799970331 0.434998309343 -2.60366999219 1.29559253325 8.62799069135 0.00692802392802 9.1666e-06
pedestrian -1 -1 -10 941.28 163.61 1020.67 318.63 2.5589885518 0.462999030108 1.18899566497 11.2028474259 1.89370650941 20.6969185636 0.00692802392802 8.7596e-06
pedestrian -1 -1 -10 272.48 109.26 305.423 214.17 1.49499329776 0.644000570655 0.485998236091 -7.66000175496 0.469582574278 17.3249788574 0.00692802392802 7.5548e-06
pedestrian -1 -1 -10 236.77 142.38 265.525 205.518 0.795996421576 0.45099990799 0.325998989483 -12.5402341995 0.342588780545 25.5907522742 0.00692802392802 6.394e-06
pedestrian -1 -1 -10 596.63 168.46 627.073 235.654 1.76599217355 0.430000013774 0.612997703652 0.0748916796362 1.00269430519 13.4417584705 0.00692802392802 4.9996e-06
pedestrian -1 -1 -10 496.19 145.77 511.463 184.826 0.554997561872 0.323001642681 1.0929958309 -5.40449432696 -1.23077116733 40.1679844948 0.00692802392802 4.4902e-06
pedestrian -1 -1 -10 272.93 182.3 320.651 287.21 1.24699442536 1.19599928868 1.18399580772 -4.31029226393 1.24474239866 9.98763680026 0.00692802392802 3.6042e-06
pedestrian -1 -1 -10 960.18 192.84 1032.36 303.23 1.82999174893 0.333999407445 1.17199553044 11.6150992311 1.90662192872 20.6540006772 0.00692802392802 2.6535e-06
pedestrian -1 -1 -10 297.34 178.01 339.117 288.16 1.16699478477 1.17699924815 1.09499591685 -3.84675356162 1.24397305676 9.54295988631 0.00692802392802 9.6754e-07
pedestrian -1 -1 -10 776.89 217.45 825.47 357.71 2.15799029171 1.194998885 1.19499550559 1.08073035989 1.73575917619 3.96768068542 0.00692802392802 2.9774e-07
