pedestrian -1 -1 -10 352.87 153.53 387.164 241.696 1.78099203259 1.11099930814 0.904996334672 -5.42570793019 1.23057285746 16.3196941613 0.00692802392802 0.99207
pedestrian -1 -1 -10 325.83 152.83 358.179 243.28 2.22799006104 1.19199862763 1.1919959131 -7.98952719363 1.03521998674 21.9326075753 0.00692802392802 0.9891
pedestrian -1 -1 -10 347.68 156.91 371.524 236.044 1.77699210197 0.817999285443 0.942996298792 -5.44718286397 1.2320420769 15.9613371741 0.00692802392802 0.27448
pedestrian -1 -1 -10 346.37 154.23 358.123 225.641 1.77699210197 0.863998781247 0.942996298792 -5.44703731157 1.22701535571 15.9843306505 0.00692802392802 0.046212
pedestrian -1 -1 -10 352.09 154.42 365.146 220.949 1.77699210197 0.820000092803 0.942996298792 -5.44717593321 1.23204091344 15.9623375538 0.00692802392802 0.018071
pedestrian -1 -1 -10 334.67 154.72 351.954 233.041 1.77199212909 0.688000212774 0.666997312292 -5.58563625167 1.22749717476 15.8972928354 0.00692802392802 0.0085497
pedestrian -1 -1 -10 342.59 157.08 366.551 210.359 1.77599205971 0.79599994122 0.942996298792 -5.44726044833 1.23105482706 15.950337194 0.00692802392802 0.0020609
pedestrian -1 -1 -10 319.65 141.49 344.73 238.304 2.21899015754 1.18999782027 1.19199543627 -8.16323249318 1.03614726067 21.5408070414 0.00692802392802 0.00061818
pedestrian -1 -1 -10 338.66 152.7 353.741 201.659 1.68199249804 0.893999447562 0.785996823482 -5.48756318735 1.13210967481 15.9995569992 0.00692802392802 0.00032174
pedestrian -1 -1 -10 364.72 180.1 380.205 236.033 1.78099203259 1.10699960076 0.888996600745 -5.41769440047 1.23054853326 16.3216385186 0.00692802392802 0.00024196
pedestrian -1 -1 -10 358.87 155.41 376.966 221.582 1.78099203259 1.16400067603 0.942996298792 -5.44489105176 1.23065592433 16.2933258054 0.00692802392802 0.00023835
pedestrian -1 -1 -10 354.83 182.08 373.421 239.582 0.942995773628 0.332999957439 0.451998443871 -7.56967884138 -0.0851270896188 22.0986466439 0.00692802392802 0.00022799
pedestrian -1 -1 -10 373.45 156.45 389.357 230.312 1.78199207485 0.884999629137 0.545997953569 -5.24542881305 1.23094788765 16.4314477221 0.00692802392802 0.00019492
pedestrian -1 -1 -10 121.06 123.03 151.526 227.71 1.99999109507 1.18900027761 1.13099531819 -12.1976094234 0.851501284036 18.7191003434 0.00692802392802 1.2053e-06
