pedestrian -1 -1 -10 718.54 171.99 743.932 252.568 1.62082206267 1.00588936493 0.621999788617 2.76744017842 1.69270116331 15.3763089029 0.00753464155925 0.56269
pedestrian -1 -1 -10 722.66 168.75 758.589 256.897 1.62082206267 1.00588936493 0.621999788617 2.76744017842 1.69270116331 15.3763089029 0.00753464155925 0.08508
pedestrian -1 -1 -10 726.43 206.67 738.869 259.314 1.62082206267 0.849906316325 0.621999788617 2.7668525458 1.69154656805 15.2983195924 0.00753464155925 0.06078
pedestrian -1 -1 -10 712.58 171.6 735.54 234.137 1.62082206267 0.941896245999 0.621999788617 2.76863050647 1.69503994962 15.5342866263 0.00753464155925 0.025036
pedestrian -1 -1 -10 728.73 177.17 746.568 257.131 1.62082206267 0.976893212994 0.621999788617 2.76733094165 1.69248653217 15.3618112384 0.00753464155925 0.022015
pedestrian -1 -1 -10 772.29 162.9 786.764 210.836 2.32374482107 0.820911117955 0.622999954251 6.46148005814 1.38130921715 27.1944211472 0.00753464155925 0.0049305
pedestrian -1 -1 -10 765.46 158.91 798.327 219.323 2.32374482107 0.820911117955 0.622999954251 6.46148005814 1.38130921715 27.1944211472 0.00753464155925 0.0022388
pedestrian -1 -1 -10 272.51 227.29 292.924 280.671 2.37273940647 1.14987364415 0.543000055033 -6.15728458761 1.66613698788 13.8242892401 0.00753464155925 0.00048816
pedestrian -1 -1 -10 738.55 169.57 750.723 230.861 1.62082206267 1.00288943419 0.621999788617 2.76840072773 1.69458847462 15.5037908979 0.00753464155925 0.0001771
pedestrian -1 -1 -10 924.43 192.58 935.789 245.653 2.26075177419 1.16387300308 0.404999608996 7.36624032803 1.50564211891 16.2452877279 0.00753464155925 7.9202e-05
pedestrian -1 -1 -10 624.54 159.92 637.766 203.464 0.340962557674 0.117987104443 0.0939999531056 1.91035544 0.553324027082 50.904060907 0.00753464155925 6.93e-05
pedestrian -1 -1 -10 929.91 189.47 941.855 245.467 2.28174949622 1.16587263906 0.225999762972 7.22972949436 1.52080124688 15.845192437 0.00753464155925 6.6611e-05
pedestrian -1 -1 -10 931.56 184.56 949.023 246.91 2.23475460589 1.03388712924 0.248000069043 7.14823914881 1.4819776378 15.5159878874 0.00753464155925 1.9432e-05
