pedestrian -1 -1 -10 1156.5 211.71 1212.05 306.74 0.259971480367 0.069992026849 0.105999914146 9.05734817666 1.06724749485 11.3475527785 0.00753464155925 0.0017327
pedestrian -1 -1 -10 61.35 153.19 80.902 208.589 1.25886175168 0.200978195461 0.247000618665 -12.279350051 0.420397508917 16.829521578 0.00753464155925 0.0015057
pedestrian -1 -1 -10 175.33 187.06 204.444 263.949 2.21575669813 0.808911394986 0.832999451277 -7.96232049094 1.49044916198 13.7028105048 0.00753464155925 0.0013374
pedestrian -1 -1 -10 234.83 179.97 246.825 221.609 1.46483910502 0.362959198414 0.447999817085 -14.5714094108 1.19010645077 28.528534837 0.00753464155925 0.00092229
pedestrian -1 -1 -10 198.22 189.11 209.986 232.878 0.497945325613 0.372960238981 0.130000074646 -15.1008825441 1.36393795553 27.4736490739 0.00753464155925 0.00089642
pedestrian -1 -1 -10 240.03 179.36 252.737 220.723 0.881903135392 0.32796318499 0.362999804958 -14.5285990282 1.19033455009 28.5413961851 0.00753464155925 0.00066082
pedestrian -1 -1 -10 1184.5 214.45 1219.37 302.178 0.123986315258 1.0428859679 0.458000042906 5.27448224734 1.44375176359 6.02023703195 0.00753464155925 0.0004872
pedestrian -1 -1 -10 74.237 149.46 87.32 204.23 1.25886175168 0.200978195461 0.247000618665 -12.279350051 0.420397508917 16.829521578 0.00753464155925 0.00048232
pedestrian -1 -1 -10 176.61 211.35 191.423 269.966 2.21575669813 0.763916248135 0.913000304168 -8.00248929476 1.49014522863 13.6806145249 0.00753464155925 0.00016762
pedestrian -1 -1 -10 59.669 144.75 92.443 204.125 1.25886175168 0.200978195461 0.247000618665 -12.279350051 0.420397508917 16.829521578 0.00753464155925 0.00010423
pedestrian -1 -1 -10 168.99 184.38 190.919 273.07 2.21575669813 0.763916248135 0.969999493263 -8.03098808265 1.49016597843 13.68082895 0.00753464155925 0.0001005
pedestrian -1 -1 -10 0.0 92.468 43.841 189.533 1.46583910155 0.916899366002 0.671999725628 -9.26133512303 0.746415241004 11.2827258731 0.00753464155925 7.291e-05
pedestrian -1 -1 -10 1175.7 196.59 1207.13 296.9 1.85479639112 1.18586995234 0.13200088275 9.7935137892 1.09884445888 12.1054466095 0.00753464155925 6.7281e-06
pedestrian -1 -1 -10 369.7 192.22 427.712 259.63 1.17187132096 1.18886988308 0.804999820337 -2.54609730384 1.54481608323 8.33973512769 0.00753464155925 1.5578e-06
pedestrian -1 -1 -10 1038.3 160.17 1090.62 205.205 1.15487316601 0.988891982392 1.04999986932 15.2888130233 1.3501086349 24.0282925978 0.00753464155925 1.5515e-07
