pedestrian -1 -1 -10 705.25 154.97 780.42 308.79 1.70199239701 0.703999042264 0.965996452751 1.64517908695 1.44223350347 8.31230144708 0.00692802392802 0.99184
pedestrian -1 -1 -10 710.95 162.23 753.309 286.2 1.70199239701 0.703999042264 0.908996506571 1.61667979845 1.44231187402 8.31249898515 0.00692802392802 0.1361
pedestrian -1 -1 -10 688.2 181.73 757.026 306.51 2.3949892506 0.598000121177 1.19599548896 2.41194106408 1.49809532206 14.4498024249 0.00692802392802 0.095742
pedestrian -1 -1 -10 666.4 215.88 684.867 262.151 2.25998986363 1.16899983341 1.06399607475 1.33805966007 1.44185328486 12.8797167235 0.00692802392802 0.012485
pedestrian -1 -1 -10 836.1 156.91 851.113 217.298 2.19799022377 1.00599888338 1.18399556931 4.23981550705 1.33953207236 12.2840158072 0.00692802392802 0.0029759
pedestrian -1 -1 -10 942.07 227.73 959.174 270.712 0.979995554686 1.09199926761 0.252999309376 5.5284123663 1.40526055418 10.2938236922 0.00692802392802 0.00247
pedestrian -1 -1 -10 734.0 147.42 781.482 234.47 0.762996576726 0.102998663721 0.88199641913 4.02427941774 0.750004317116 17.6392898821 0.00692802392802 0.0022939
pedestrian -1 -1 -10 881.75 229.57 898.97 278.476 0.953995767236 1.18999877395 0.635997529787 4.30091578077 1.40464535075 10.2943427407 0.00692802392802 0.0021252
pedestrian -1 -1 -10 889.98 230.63 918.152 278.814 1.03799538314 1.1719991371 0.687997380301 4.27588833872 1.40453425886 10.4514706206 0.00692802392802 0.0017189
pedestrian -1 -1 -10 745.62 138.4 770.047 234.864 0.762996576726 0.102998663721 0.88199641913 4.02427941774 0.750004317116 17.6392898821 0.00692802392802 0.0016833
pedestrian -1 -1 -10 341.79 216.31 368.316 278.319 0.986995612085 1.03999925707 1.05599626739 -3.69952051337 1.3935666984 10.4187407188 0.00692802392802 0.0013628
pedestrian -1 -1 -10 724.72 155.85 755.74 257.49 1.70199239701 0.703999042264 0.965996452751 1.64517908695 1.44223350347 8.31230144708 0.00692802392802 0.0013201
pedestrian -1 -1 -10 885.97 225.65 904.904 274.951 0.953995767236 0.691999920146 0.605997671048 4.23497078915 1.40514813838 10.0137931305 0.00692802392802 0.0011103
pedestrian -1 -1 -10 840.18 212.34 854.556 260.443 0.553997519612 0.273000532157 0.618997633676 4.89968242281 1.27886176428 13.9078698047 0.00692802392802 0.0010819
pedestrian -1 -1 -10 841.96 210.3 872.589 263.518 1.44199356139 0.666999364884 0.204999153926 4.58756364235 0.601360493191 11.5956710935 0.00692802392802 0.00074673
pedestrian -1 -1 -10 665.79 207.26 696.733 260.897 2.25998986363 1.19099917763 1.02999616332 1.35498300205 1.44181933003 12.8685994858 0.00692802392802 0.00071357
pedestrian -1 -1 -10 878.23 213.81 893.705 274.09 1.10099503547 1.1849986629 0.687997380301 4.27849715212 1.40308123496 10.8409239735 0.00692802392802 0.0005543
pedestrian -1 -1 -10 654.37 220.07 674.372 275.917 2.25998986363 1.18699851658 1.05999608166 1.19692501468 1.44226427137 12.860694527 0.00692802392802 0.00039461
pedestrian -1 -1 -10 737.65 167.79 786.729 306.52 2.3949892506 0.691999920146 1.10599579353 3.20384512859 1.49609496416 14.2893101224 0.00692802392802 0.00033044
pedestrian -1 -1 -10 830.06 150.19 857.184 250.84 2.19699018151 0.990999503898 1.19499520757 4.25236554776 1.33848893566 12.2914281071 0.00692802392802 0.00028533
pedestrian -1 -1 -10 326.58 216.1 349.556 282.521 0.986995612085 0.761998613859 1.04799592359 -3.73648227823 1.39382734686 10.2799932525 0.00692802392802 0.0002132
pedestrian -1 -1 -10 647.12 122.26 662.454 176.9 1.53899313062 0.421999645356 1.16699558379 1.11927490202 0.638485957648 14.6022598289 0.00692802392802 0.00016279
pedestrian -1 -1 -10 684.2 214.24 695.53 256.945 2.39398932755 0.707998749636 1.18399568851 1.78486013535 1.49883582783 14.4401480847 0.00692802392802 0.00012804
pedestrian -1 -1 -10 950.05 238.15 966.577 280.399 2.12299051136 0.875998857039 1.18799526437 6.02137932198 1.40624198445 11.7397808976 0.00692802392802 9.838e-05
pedestrian -1 -1 -10 897.3 224.08 931.366 277.977 0.953995767236 0.872999553346 0.652997425897 4.25909708197 1.4049782676 10.1041278936 0.00692802392802 7.6162e-05
pedestrian -1 -1 -10 896.6 219.72 914.509 270.799 0.986995612085 1.18599906657 0.687997380301 4.27563998029 1.40458775548 10.4055013981 0.00692802392802 7.0455e-05
pedestrian -1 -1 -10 718.98 164.32 748.419 239.971 1.70199239701 0.703999042264 0.908996506571 1.61667979845 1.44231187402 8.31249898515 0.00692802392802 7.0291e-05
pedestrian -1 -1 -10 739.78 148.91 756.665 229.311 1.63099273443 0.703999042264 0.840996802921 1.60658224245 1.37133970961 8.31252768768 0.00692802392802 5.7728e-05
pedestrian -1 -1 -10 353.66 212.15 374.432 273.558 1.02199542224 1.18399921289 0.977996491614 -3.65959991025 1.39329663738 10.5584467976 0.00692802392802 5.4205e-05
pedestrian -1 -1 -10 703.36 206.46 720.359 263.619 2.3949892506 0.638999505929 1.19299547924 2.22058833665 1.49859807507 14.4716289393 0.00692802392802 4.291e-05
pedestrian -1 -1 -10 688.57 213.94 705.945 259.564 2.3949892506 0.707998749636 1.18999558874 1.92085771425 1.49946177324 14.4392060216 0.00692802392802 2.7228e-05
pedestrian -1 -1 -10 959.03 236.1 970.283 279.92 2.10999055803 0.840999033345 1.1979954557 6.13050739161 1.40292189208 11.7565288973 0.00692802392802 2.4712e-05
pedestrian -1 -1 -10 707.26 195.65 728.355 270.539 2.3949892506 0.598000121177 1.19399540301 2.34794283124 1.4982713116 14.450246018 0.00692802392802 1.6591e-05
pedestrian -1 -1 -10 879.01 203.48 910.727 269.313 0.953995767236 0.85099925545 0.652997425897 4.25902087328 1.40499106058 10.0931280087 0.00692802392802 1.4261e-05
pedestrian -1 -1 -10 359.67 197.76 380.158 273.683 2.01399103105 0.459999726415 1.19599513133 -4.98510714364 1.07853990158 15.2848035224 0.00692802392802 1.1954e-05
pedestrian -1 -1 -10 347.35 217.7 387.653 279.721 0.986995612085 0.83099881124 0.594997794369 -3.50974963872 1.3931643862 10.3129226204 0.00692802392802 1.1476e-05
pedestrian -1 -1 -10 907.62 218.13 944.015 276.582 2.20499010235 1.04700017548 1.19199543627 5.17242716072 1.35702500266 11.3530480217 0.00692802392802 9.6428e-06
pedestrian -1 -1 -10 333.19 208.2 361.952 289.292 0.986995612085 1.03999925707 1.1149960611 -3.72901970162 1.39364781859 10.4189451875 0.00692802392802 1.2215e-06
pedestrian -1 -1 -10 744.21 188.3 772.554 281.945 2.30798974633 0.691999920146 1.16899552073 3.12922726776 1.40930032258 14.2897767326 0.00692802392802 7.9257e-09
