pedestrian -1 -1 -10 614.54 159.25 676.539 307.28 1.68199250549 0.626999430138 1.0059962495 0.418987916225 1.43014503301 8.72330432043 0.00692802392802 0.99324
pedestrian -1 -1 -10 845.4 215.91 859.192 261.389 0.553997579217 0.295999326385 0.656997597796 4.91866045859 1.27981362992 13.9042393582 0.00692802392802 0.060206
pedestrian -1 -1 -10 700.5 161.66 714.427 214.846 2.3949892506 0.658998996465 1.19199567469 2.15899316342 1.49878347082 14.458056087 0.00692802392802 0.02
pedestrian -1 -1 -10 704.14 164.97 724.923 211.48 0.755996608734 0.331998600085 1.12799578531 2.87990509638 0.740048838655 17.7367133901 0.00692802392802 0.010476
pedestrian -1 -1 -10 695.7 193.04 708.324 228.019 2.40798920393 0.779999204383 1.19199543627 2.0465649672 1.51200169842 14.5383449781 0.00692802392802 0.0057707
pedestrian -1 -1 -10 891.39 230.0 917.873 278.579 1.15199480653 1.19899859237 0.594997794369 4.27391009669 1.37041157305 10.5628813641 0.00692802392802 0.003418
pedestrian -1 -1 -10 836.45 157.87 851.347 215.734 2.19799022377 1.02599932759 1.19099575092 4.26144519019 1.33644968316 12.3038633203 0.00692802392802 0.0030349
pedestrian -1 -1 -10 844.97 208.24 868.927 259.418 1.11099498123 1.09099886393 0.658997683746 4.27262932643 1.32879167198 11.1078791984 0.00692802392802 0.0024225
pedestrian -1 -1 -10 694.41 161.76 720.229 223.323 2.3949892506 0.658998996465 1.1979954557 2.16199298187 1.49877522158 14.4580352943 0.00692802392802 0.0022784
pedestrian -1 -1 -10 576.73 160.47 655.792 289.58 1.98199110925 0.638000055923 1.17399558659 0.371411934395 0.964856061978 17.8296422362 0.00692802392802 0.0019603
pedestrian -1 -1 -10 886.37 234.44 903.459 280.438 0.912995941937 0.759999713847 0.611997928897 4.24911483256 1.36407608896 10.042671734 0.00692802392802 0.0012959
pedestrian -1 -1 -10 882.57 222.45 899.767 274.489 0.919995880127 1.16499917236 0.624997891525 4.25747061243 1.37074821851 10.3091241051 0.00692802392802 0.0010547
pedestrian -1 -1 -10 638.63 175.36 692.325 296.5 2.25998986363 1.16799847605 0.887996676979 1.30451126097 1.43503305937 12.8034393928 0.00692802392802 0.0010121
pedestrian -1 -1 -10 840.13 212.54 854.108 260.762 0.553997579217 0.295999326385 0.656997597796 4.91866045859 1.27981362992 13.9042393582 0.00692802392802 0.00091623
pedestrian -1 -1 -10 690.55 192.87 703.39 228.105 1.74399219751 0.38199971061 1.18199548336 2.44737047156 0.737263102976 17.7141310948 0.00692802392802 0.00090877
pedestrian -1 -1 -10 328.54 216.79 347.744 281.528 0.985995569825 0.735999562265 1.17399585481 -3.75375922468 1.40092404129 10.2371205023 0.00692802392802 0.00073224
pedestrian -1 -1 -10 621.68 161.28 686.31 243.545 2.25998986363 1.19199862763 0.673997493907 1.19767358118 1.4353005435 12.8271802208 0.00692802392802 0.00063502
pedestrian -1 -1 -10 750.61 135.48 763.952 187.826 1.8079919219 0.473000205886 1.06999615378 3.08438891473 0.909366135348 14.3402978635 0.00692802392802 0.00055252
pedestrian -1 -1 -10 939.98 228.93 970.534 273.65 0.956995715201 0.612000050654 0.227999307885 4.44171045021 1.41746183845 10.1153756152 0.00692802392802 0.0005344
pedestrian -1 -1 -10 745.72 135.16 771.756 204.767 1.96599126756 0.513000140632 1.04199590416 3.10346774981 1.06733649359 14.3202570521 0.00692802392802 0.00034031
pedestrian -1 -1 -10 874.66 230.94 895.251 275.287 0.951995742321 1.15299909657 0.631997834723 4.25431456721 1.37069271564 10.3651289124 0.00692802392802 0.00031658
pedestrian -1 -1 -10 889.57 213.13 902.218 268.332 1.15199480653 1.1849986629 0.631997834723 4.25545901643 1.37045430442 10.5700093876 0.00692802392802 0.00029614
pedestrian -1 -1 -10 892.34 243.99 907.967 282.906 1.97599112391 0.837999729653 1.18899566497 4.90530892833 1.37726457222 11.7885658653 0.00692802392802 0.00027444
pedestrian -1 -1 -10 346.73 214.9 369.133 273.651 1.01399544179 1.14599913183 1.05199609549 -3.6910006359 1.37944468734 10.5046516549 0.00692802392802 0.00015413
pedestrian -1 -1 -10 1177.5 100.45 1194.86 149.566 1.48899334222 1.08099959549 0.671997407957 10.3117642337 0.525108882643 12.0019076718 0.00692802392802 0.0001478
pedestrian -1 -1 -10 896.22 218.19 914.785 270.258 0.919995880127 1.09199926761 0.624997891525 4.25677435132 1.37086509832 10.2086264783 0.00692802392802 0.00013312
pedestrian -1 -1 -10 755.49 128.09 768.444 178.41 1.68799245358 0.940999347047 0.693997161315 3.06372726329 0.846676751298 12.3703894839 0.00692802392802 0.00013032
pedestrian -1 -1 -10 881.98 209.12 910.957 273.793 1.15199480653 1.1849986629 0.631997834723 4.25545901643 1.37045430442 10.5700093876 0.00692802392802 0.00011543
pedestrian -1 -1 -10 341.16 219.53 382.614 282.188 1.01399544179 1.15299909657 0.972996395949 -3.6519139536 1.37940526706 10.4448786489 0.00692802392802 7.5903e-05
pedestrian -1 -1 -10 949.51 238.6 967.011 279.659 0.956995715201 0.566000554849 0.211999097123 4.44955102189 1.4174665877 10.0923209692 0.00692802392802 5.5561e-05
pedestrian -1 -1 -10 899.7 223.89 932.867 279.839 0.912995941937 0.771999789638 0.611997928897 4.24915640063 1.36406911102 10.0486716279 0.00692802392802 3.1526e-05
pedestrian -1 -1 -10 361.0 195.26 380.266 271.729 1.0639952004 1.18899932394 1.17199553044 -3.60745208769 1.38361934178 11.0245611485 0.00692802392802 1.782e-05
pedestrian -1 -1 -10 354.7 209.63 374.904 267.481 0.962995670736 0.993999761264 0.70299742888 -3.5173690344 1.3771207156 10.3694720578 0.00692802392802 1.4809e-05
pedestrian -1 -1 -10 332.59 209.09 361.497 291.393 1.01399544179 1.15299909657 1.16699591161 -3.75591115647 1.37969125026 10.4455994882 0.00692802392802 7.0143e-06
pedestrian -1 -1 -10 364.13 186.69 395.696 276.54 2.25998986363 0.462999983782 1.19799593254 -4.74806903277 1.32893874903 15.2388080083 0.00692802392802 5.5493e-06
pedestrian -1 -1 -10 621.57 156.83 642.584 232.385 1.98199110925 0.70799970331 0.75799714755 0.579648635279 0.964243391882 17.8631995426 0.00692802392802 1.2657e-06
pedestrian -1 -1 -10 645.01 149.96 670.733 253.47 2.25998986363 1.19699969236 0.747997216988 1.23416335083 1.43528427837 12.7534259027 0.00692802392802 1.1675e-06
pedestrian -1 -1 -10 588.46 194.06 638.02 295.75 2.08499069363 0.475999509579 0.884996697066 0.0995536511198 1.18420619744 14.682644006 0.00692802392802 6.7245e-07
pedestrian -1 -1 -10 316.4 200.88 359.275 282.383 1.07499518842 1.17999855184 1.17399537798 -4.00547997152 1.39605308902 10.7308192817 0.00692802392802 2.6382e-07
pedestrian -1 -1 -10 624.06 160.67 653.375 252.847 1.68199250549 0.626999430138 1.03599613804 0.403988332265 1.43018628056 8.72340828755 0.00692802392802 1.5091e-07
