pedestrian -1 -1 -10 994.63 162.97 1049.03 282.18 1.52199315727 0.558999636437 0.668997636659 5.34526207298 1.27742101772 8.84409292764 0.00692802392802 0.46499
pedestrian -1 -1 -10 845.45 209.49 860.193 261.741 0.552997596562 0.308999805856 0.642997234566 4.88973534241 1.27988116403 13.9149406287 0.00692802392802 0.012174
pedestrian -1 -1 -10 663.75 230.27 675.16 264.055 1.47499343604 0.83199921492 1.13599571188 1.26235043726 1.44086490871 13.0552008716 0.00692802392802 0.0111
pedestrian -1 -1 -10 979.87 163.35 1063.24 345.09 1.52199315727 0.558999636437 0.668997636659 5.34526207298 1.27742101772 8.84409292764 0.00692802392802 0.0082401
pedestrian -1 -1 -10 953.17 141.69 1048.2 302.5 2.26698980182 1.08099959549 1.1979954557 6.55985441632 1.39297161322 11.5514463295 0.00692802392802 0.0061023
pedestrian -1 -1 -10 836.47 175.87 869.043 267.514 0.552997596562 0.308999805856 0.642997234566 4.88973534241 1.27988116403 13.9149406287 0.00692802392802 0.0052615
pedestrian -1 -1 -10 659.39 229.21 672.09 267.357 2.26698992103 1.18099895552 1.06099594582 1.22257248779 1.44917094842 12.8805212742 0.00692802392802 0.0044841
pedestrian -1 -1 -10 666.87 215.71 680.907 263.916 2.26698992103 1.19599928868 1.15099564125 1.31817147662 1.448973836 12.8223569411 0.00692802392802 0.0038632
pedestrian -1 -1 -10 530.41 195.95 556.59 259.788 1.63299268484 0.989999100218 1.07699591817 -1.12969625333 1.44166981 12.8726775617 0.00692802392802 0.0017737
pedestrian -1 -1 -10 840.91 202.16 855.452 261.654 0.552997596562 0.308999805856 0.642997234566 4.88973534241 1.27988116403 13.9149406287 0.00692802392802 0.0013229
pedestrian -1 -1 -10 536.17 201.9 554.575 234.87 1.6429926306 0.883999225457 1.04399604971 -1.11281574442 1.45156274546 12.9255675828 0.00692802392802 0.0011299
pedestrian -1 -1 -10 883.12 229.78 906.265 276.404 0.95799575746 0.697999481205 0.578997822024 4.23366075208 1.40812086995 10.0408039545 0.00692802392802 0.00096857
pedestrian -1 -1 -10 1097.9 90.783 1133.48 221.583 1.77799202502 0.594998910137 1.18899566497 8.23925829488 0.876405171441 11.4944940648 0.00692802392802 0.00068425
pedestrian -1 -1 -10 655.76 228.61 667.674 274.018 2.26698992103 0.740998719643 0.917996595323 1.14860817528 1.44978158306 12.5250256886 0.00692802392802 0.00068232
pedestrian -1 -1 -10 327.3 216.57 348.354 279.393 0.980995596945 0.699999334891 1.09199566872 -3.74743358345 1.39585174598 10.285074729 0.00692802392802 0.0006309
pedestrian -1 -1 -10 836.03 157.77 851.34 215.398 2.19699018151 1.05099892918 1.18599541684 4.22978992919 1.33856359951 12.2805846499 0.00692802392802 0.00056151
pedestrian -1 -1 -10 656.26 218.78 676.173 275.267 2.26698992103 1.18099895552 1.06099594582 1.22257248779 1.44917094842 12.8805212742 0.00692802392802 0.00045045
pedestrian -1 -1 -10 700.14 168.01 713.697 225.729 2.39998934269 0.662999657511 1.18699545981 2.14754880925 1.5038070459 14.4651379753 0.00692802392802 0.00038893
pedestrian -1 -1 -10 968.49 228.21 988.924 275.14 0.979995673895 1.15499895025 0.262999023872 5.54318879428 1.40409129725 10.4062229257 0.00692802392802 0.00024546
pedestrian -1 -1 -10 974.6 217.1 1012.97 289.942 0.979995673895 0.666999364884 0.191999668132 5.51041709857 1.40455662534 10.0784428287 0.00692802392802 0.00011898
pedestrian -1 -1 -10 752.41 160.1 764.057 208.004 0.765996569395 0.152999774245 1.11199557455 3.91009131404 0.750349198555 17.6130795095 0.00692802392802 0.00010521
pedestrian -1 -1 -10 920.12 223.95 941.539 270.103 2.24698996991 0.916999195464 1.1979954557 5.54924994261 1.39152773525 11.7534628679 0.00692802392802 9.5203e-05
pedestrian -1 -1 -10 878.07 209.69 900.792 269.969 0.944995804131 0.779999204383 0.650997578365 4.26992588535 1.39497424035 10.0815458756 0.00692802392802 9.5073e-05
pedestrian -1 -1 -10 976.25 180.88 1027.71 285.93 1.52199315727 0.558999636437 0.668997636659 5.34526207298 1.27742101772 8.84409292764 0.00692802392802 9.1244e-05
pedestrian -1 -1 -10 347.95 209.6 369.723 274.634 1.01899541467 1.17599979814 1.05199609549 -3.68385271827 1.39040449333 10.5226120652 0.00692802392802 8.3189e-05
pedestrian -1 -1 -10 1109.5 82.815 1143.24 210.225 1.80499197394 0.85099925545 1.15799564405 8.87238699364 0.894395300052 11.7251183406 0.00692802392802 6.1573e-05
pedestrian -1 -1 -10 935.52 216.09 967.277 272.901 0.909995934367 0.685999405414 0.29899914046 4.44620374419 1.36143576461 10.1273070368 0.00692802392802 5.9397e-05
pedestrian -1 -1 -10 960.34 237.6 971.813 280.816 2.10199051797 0.897999154935 1.1919959131 6.14551037255 1.39387771468 11.7589192071 0.00692802392802 5.0643e-05
pedestrian -1 -1 -10 324.51 210.16 373.963 280.654 0.975995624065 1.0239994739 1.1149960611 -3.71581917785 1.39057950032 10.4468566525 0.00692802392802 3.8981e-05
pedestrian -1 -1 -10 963.55 215.2 999.44 280.09 2.26698980182 0.657999546459 1.18999558874 6.47030158204 1.39297936623 11.7605718256 0.00692802392802 3.3347e-05
pedestrian -1 -1 -10 342.06 221.72 381.105 280.898 1.06499524266 1.18799892026 1.05899603868 -3.68679944887 1.39031061261 10.6116075665 0.00692802392802 3.1841e-05
pedestrian -1 -1 -10 1089.1 135.4 1126.55 259.54 2.33898950666 1.16299931867 1.19599560817 8.17471488725 1.43971837778 11.3762667754 0.00692802392802 3.0868e-05
pedestrian -1 -1 -10 336.51 212.45 351.286 279.667 0.980995596945 0.761000117527 1.09199566872 -3.7472222777 1.39581627455 10.3155743884 0.00692802392802 1.4735e-05
pedestrian -1 -1 -10 341.77 207.62 360.4 277.045 0.975995624065 1.06399940865 1.1149960611 -3.71568061871 1.3905562407 10.4668561399 0.00692802392802 1.1936e-05
pedestrian -1 -1 -10 997.36 235.23 1014.38 283.623 1.52199315727 0.558999636437 0.637997615736 5.32976243484 1.27746364037 8.8442003608 0.00692802392802 7.218e-06
pedestrian -1 -1 -10 908.42 216.69 947.376 274.141 2.24698996991 0.77599949701 1.19699553193 5.54723861398 1.39145261923 11.8239783519 0.00692802392802 6.2641e-06
pedestrian -1 -1 -10 313.16 200.08 350.863 281.915 1.9399913013 0.454000165357 1.19599560817 -5.84742033529 0.992778439238 15.4067235955 0.00692802392802 5.1094e-07
