pedestrian -1 -1 -10 514.18 169.96 553.983 291.73 1.68681475273 0.968894669108 0.598999853355 -1.13939136902 1.61300279558 10.440228849 0.00753464155925 0.61189
pedestrian -1 -1 -10 491.09 174.31 546.521 267.546 1.68681475273 1.08688081998 0.598999853355 -1.14027281795 1.61127090268 10.3232448832 0.00753464155925 0.038274
pedestrian -1 -1 -10 535.3 171.57 558.492 219.125 1.68681475273 1.144875031 0.598999853355 -1.14005433722 1.61170017908 10.3522411656 0.00753464155925 0.024054
pedestrian -1 -1 -10 1111.3 173.35 1242.04 375.0 1.15687298214 1.19786872174 1.19199954738 4.8091617129 0.58319900036 6.11263839529 0.00753464155925 0.010732
pedestrian -1 -1 -10 502.41 175.07 532.603 289.27 1.68681475273 1.08788111475 0.598999853355 -1.14192647545 1.60802175509 10.1037750929 0.00753464155925 0.0095741
pedestrian -1 -1 -10 533.37 165.21 549.522 231.813 1.68681475273 1.144875031 0.598999853355 -1.14005433722 1.61170017908 10.3522411656 0.00753464155925 0.0058052
pedestrian -1 -1 -10 502.07 211.01 521.719 276.149 0.56593781877 0.705922037114 0.200999913676 -2.10048264739 1.6462144596 16.7540533848 0.00753464155925 0.0035679
pedestrian -1 -1 -10 278.49 200.53 299.278 260.611 1.42384362024 1.18986922428 0.820999847864 -5.22380394179 1.48768924111 11.4635498974 0.00753464155925 0.0013997
pedestrian -1 -1 -10 525.33 170.18 562.422 242.299 1.68681475273 1.08688081998 0.598999853355 -1.14027281795 1.61127090268 10.3232448832 0.00753464155925 0.0012139
pedestrian -1 -1 -10 760.32 184.99 802.687 244.194 1.56282839128 1.1708712522 0.518999894533 4.99935870011 1.66471685435 20.8727368567 0.00753464155925 0.00080881
pedestrian -1 -1 -10 400.93 178.67 431.597 233.326 1.23486442745 1.17387118294 0.526999789088 -5.0763732284 1.40773883722 18.5632024294 0.00753464155925 0.00075657
pedestrian -1 -1 -10 494.11 153.82 559.422 305.83 1.68681475273 0.940896904799 0.598999853355 -1.13928589346 1.6132100366 10.4542273337 0.00753464155925 0.00059007
pedestrian -1 -1 -10 408.74 180.13 423.834 228.694 1.23486442745 1.17387118294 0.526999789088 -5.0763732284 1.40773883722 18.5632024294 0.00753464155925 0.00050579
pedestrian -1 -1 -10 511.92 180.65 537.75 273.727 1.65281856575 0.693924221286 0.598999853355 -1.13836595915 1.58104195526 10.5779618981 0.00753464155925 0.00047871
pedestrian -1 -1 -10 0.0 243.62 24.759 307.115 1.42684332302 0.660927843833 1.19599925623 -6.86803432519 1.3372291603 8.59629066933 0.00753464155925 0.00044085
pedestrian -1 -1 -10 399.22 181.42 412.759 230.012 1.23486442745 1.14387378266 0.526999789088 -5.07665950433 1.40717635512 18.5252085173 0.00753464155925 0.00038979
pedestrian -1 -1 -10 541.85 168.64 555.664 237.297 1.68681475273 0.845907997952 0.598999853355 -1.13892804317 1.61391314981 10.501720439 0.00753464155925 0.00018317
pedestrian -1 -1 -10 505.49 170.71 541.44 235.234 1.68681475273 1.144875031 0.598999853355 -1.14005433722 1.61170017908 10.3522411656 0.00753464155925 0.00015186
pedestrian -1 -1 -10 496.93 185.26 524.475 273.475 1.68681475273 1.13387655637 0.598999853355 -1.14175319751 1.60836221592 10.126772161 0.00753464155925 0.00011377
pedestrian -1 -1 -10 389.7 175.21 419.4 251.755 1.23486442745 1.10387915609 0.526999789088 -5.07702111943 1.40646584473 18.4772157556 0.00753464155925 7.4862e-05
pedestrian -1 -1 -10 487.61 176.4 516.45 258.491 1.4268433491 1.13287530803 0.662999903859 -2.32595557196 1.66946937658 14.4719644966 0.00753464155925 3.09e-05
pedestrian -1 -1 -10 1134.8 95.004 1169.83 208.584 1.07588184524 1.19186981382 0.848999717223 4.51387921579 0.507972307858 5.74732665459 0.00753464155925 2.3111e-05
pedestrian -1 -1 -10 970.01 103.56 997.296 200.275 1.48383713197 1.19686938054 0.76499963231 4.92387509386 1.13118563397 9.55905790144 0.00753464155925 1.7083e-05
pedestrian -1 -1 -10 440.23 168.82 454.166 201.799 0.264970900799 0.0409958749086 0.598999793751 -5.89109057424 0.476827280627 25.5584074083 0.00753464155925 1.2797e-05
pedestrian -1 -1 -10 532.47 183.56 549.541 276.685 1.68681475273 1.14587532577 0.598999853355 -1.14096215415 1.60991647769 10.2317576979 0.00753464155925 1.1668e-05
pedestrian -1 -1 -10 530.71 175.31 558.909 292.62 1.68681475273 1.08388184281 0.598999853355 -1.14194154185 1.60799215225 10.1017755137 0.00753464155925 2.4e-06
pedestrian -1 -1 -10 1072.4 66.005 1108.75 169.685 0.892901976047 1.19586860898 0.737999690166 4.99797723948 0.797010688033 7.11723576594 0.00753464155925 1.7172e-06
pedestrian -1 -1 -10 1118.0 119.5 1150.92 209.699 0.752917309048 1.07588186857 0.684999733093 4.43180456483 0.185111881472 5.75333463206 0.00753464155925 9.2996e-07
