pedestrian -1 -1 -10 841.82 152.58 897.038 305.59 1.74299215525 0.547999010652 0.452998367637 3.15312388368 1.4289927388 8.38381676269 0.00692802392802 0.98214
pedestrian -1 -1 -10 863.01 198.67 904.166 299.48 1.7579921931 0.547999010652 0.452998367637 3.15314456754 1.44399277665 8.38382534199 0.00692802392802 0.10234
pedestrian -1 -1 -10 842.77 199.95 882.609 300.69 1.74299215525 0.547999010652 0.452998367637 3.15312388368 1.4289927388 8.38381676269 0.00692802392802 0.07099
pedestrian -1 -1 -10 764.82 162.32 781.773 237.832 0.761996594071 0.0979995063418 0.703997114228 4.08727972142 0.748830512608 17.6393533152 0.00692802392802 0.03259
pedestrian -1 -1 -10 854.35 167.03 918.811 298.12 1.7579921931 0.547999010652 0.452998367637 3.15314456754 1.44399277665 8.38382534199 0.00692802392802 0.025479
pedestrian -1 -1 -10 873.16 216.15 913.169 293.213 0.939995771647 0.845999144397 0.657997521562 4.2459027738 1.39612833367 10.0047149966 0.00692802392802 0.01012
pedestrian -1 -1 -10 896.72 230.84 922.393 280.741 0.939995771647 1.18799892026 0.543998106037 4.3055198812 1.3955319863 10.382310377 0.00692802392802 0.008911
pedestrian -1 -1 -10 1203.7 243.64 1224.03 304.814 1.08099517375 0.693999773832 1.14699552895 5.52045795738 1.47957663093 6.53981416329 0.00692802392802 0.0035928
pedestrian -1 -1 -10 904.5 234.01 931.948 278.348 0.939995771647 0.845999144397 0.657997521562 4.2459027738 1.39612833367 10.0047149966 0.00692802392802 0.0029776
pedestrian -1 -1 -10 363.57 224.34 388.803 278.279 0.942995779216 0.842999840705 0.674997417673 -3.49851151758 1.35708776658 10.3528293386 0.00692802392802 0.0017443
pedestrian -1 -1 -10 888.58 224.89 910.195 277.04 0.903996038437 0.739999269637 0.585997765222 4.20948693771 1.36028923261 9.95194526216 0.00692802392802 0.0013024
pedestrian -1 -1 -10 875.34 246.66 900.059 300.225 1.17799468339 1.18399921289 0.543998106037 4.30557966387 1.3954668596 10.438172627 0.00692802392802 0.0012287
pedestrian -1 -1 -10 304.73 218.45 333.626 280.443 1.07199518085 1.13899916709 1.18999558874 -4.29138265209 1.39382383465 10.7462992759 0.00692802392802 0.0011563
pedestrian -1 -1 -10 773.21 166.69 787.473 230.686 2.17899019569 0.940999347047 1.0619960484 3.21743610683 1.33524682581 12.3756069759 0.00692802392802 0.0010075
pedestrian -1 -1 -10 828.74 145.67 882.006 267.0 0.44299801439 0.0790004194856 0.191999668132 6.23425329669 0.77584489382 17.6971967731 0.00692802392802 0.00097169
pedestrian -1 -1 -10 659.85 220.16 671.746 264.608 1.47499346584 1.16299931867 1.05999596245 1.2245318845 1.4391033376 12.9379581074 0.00692802392802 0.00092569
pedestrian -1 -1 -10 767.25 161.19 792.438 249.859 2.17899019569 0.940999347047 1.0619960484 3.21743610683 1.33524682581 12.3756069759 0.00692802392802 0.00078476
pedestrian -1 -1 -10 918.9 229.94 939.81 276.415 2.17299029976 0.958998983897 1.19399576064 5.58243461378 1.39726065591 11.9072867408 0.00692802392802 0.00065383
pedestrian -1 -1 -10 872.11 182.67 893.19 299.81 1.7579921931 0.547999010652 0.452998367637 3.15314456754 1.44399277665 8.38382534199 0.00692802392802 0.00064645
pedestrian -1 -1 -10 663.77 219.47 680.213 260.808 2.26398991346 1.13099975235 1.13299576177 1.25886218062 1.43918439383 12.7812575645 0.00692802392802 0.00053361
pedestrian -1 -1 -10 700.6 171.45 712.627 218.922 2.06099075228 0.627999833818 1.17999551662 2.13343280819 1.1648705819 14.4435385513 0.00692802392802 0.00038739
pedestrian -1 -1 -10 297.95 215.03 319.332 277.616 0.980995596945 0.740998719643 1.11299573673 -4.11616247386 1.39690518335 10.2531300614 0.00692802392802 0.00031378
pedestrian -1 -1 -10 881.79 208.4 902.789 283.473 0.939995771647 0.870998745986 0.657997521562 4.24598937203 1.39611379662 10.0172144974 0.00692802392802 0.0002944
pedestrian -1 -1 -10 652.32 219.55 674.992 273.19 2.26398991346 1.1499988392 1.02999610371 1.20791436316 1.43923355315 12.861112755 0.00692802392802 0.00022854
pedestrian -1 -1 -10 883.66 207.04 924.506 277.935 0.939995771647 1.15099924288 0.628997825007 4.26224857281 1.39577852718 10.2711074388 0.00692802392802 0.00020804
pedestrian -1 -1 -10 839.56 210.17 862.517 267.586 1.74299215525 0.547999010652 0.452998367637 3.15312388368 1.4289927388 8.38381676269 0.00692802392802 0.00012169
pedestrian -1 -1 -10 478.13 90.884 531.014 220.304 1.52499319464 1.16500012603 0.305998845239 -2.26702945699 0.549593954379 16.5521727408 0.00692802392802 0.00010336
pedestrian -1 -1 -10 854.61 152.96 892.328 244.461 1.7579921931 0.547999010652 0.452998367637 3.15314456754 1.44399277665 8.38382534199 0.00692802392802 8.5765e-05
pedestrian -1 -1 -10 369.34 206.23 401.814 279.424 0.294998733699 0.171999814775 0.459998310834 -4.20923199393 1.27723344597 13.689619027 0.00692802392802 4.6096e-05
pedestrian -1 -1 -10 288.45 196.78 322.022 280.12 1.86399172544 0.398000447447 1.1949956844 -6.45685534748 0.908424644704 15.4368925979 0.00692802392802 2.7178e-05
pedestrian -1 -1 -10 916.17 217.86 949.316 276.012 2.25098996013 1.13599890972 1.19899537947 5.54721500809 1.39745844886 11.8189834133 0.00692802392802 1.7082e-05
