pedestrian -1 -1 -10 1166.8 141.46 1203.25 255.87 1.90979030013 1.18887035987 1.15899956511 6.62695313599 1.30554051182 8.23761695411 0.00753464155925 0.00036619
pedestrian -1 -1 -10 0.2524 153.23 40.9154 275.17 2.14376463604 1.19086951905 1.16699945966 -9.32961418297 1.41336082799 11.5464213384 0.00753464155925 0.00021432
pedestrian -1 -1 -10 622.82 157.9 636.436 210.649 0.0999890208244 0.158986793631 0.224999954967 2.10504154953 0.563231769293 72.4471371164 0.00753464155925 0.00017082
pedestrian -1 -1 -10 612.62 155.53 638.847 209.84 0.100988898159 0.165982182036 0.47999987214 2.27667156463 0.0770270315329 76.6311274615 0.00753464155925 0.00010796
pedestrian -1 -1 -10 741.52 224.37 754.713 270.973 1.4008461808 1.13687457998 0.324999709779 2.85303382556 1.69394794018 14.3143707841 0.00753464155925 9.3293e-05
pedestrian -1 -1 -10 736.41 223.29 751.071 274.781 1.29885735166 0.648929074434 0.230999875882 2.81471801029 1.6242549767 14.8060042343 0.00753464155925 6.8224e-05
pedestrian -1 -1 -10 615.29 148.15 631.863 197.065 0.100988898159 0.165982182036 0.47999987214 2.27667156463 0.0770270315329 76.6311274615 0.00753464155925 6.6973e-05
pedestrian -1 -1 -10 14.61 138.02 53.703 277.49 2.13276574696 1.19287010859 1.19299947459 -9.28812399489 1.39727943827 11.7452931969 0.00753464155925 4.8992e-05
pedestrian -1 -1 -10 726.91 207.91 756.01 281.642 1.41684445655 0.623932194437 0.408999794691 3.03528024175 1.69896247885 15.8087487018 0.00753464155925 4.449e-05
pedestrian -1 -1 -10 1166.8 199.45 1201.73 321.78 1.90979030013 1.19086999584 1.16399967802 6.56719895096 1.30508054851 8.20406938722 0.00753464155925 1.4037e-05
pedestrian -1 -1 -10 1154.9 188.26 1190.59 310.53 1.98478205383 1.15187328012 1.14899981612 6.75847419049 1.34340919519 8.57216674761 0.00753464155925 1.2253e-05
pedestrian -1 -1 -10 1106.6 236.76 1140.63 332.727 2.17776088262 1.19886806294 1.19499980586 5.26457791934 1.56972294806 7.38283541546 0.00753464155925 2.8377e-06
pedestrian -1 -1 -10 67.561 152.35 105.386 269.13 2.00178020692 1.18387031637 1.18800031535 -9.09702632552 1.27122362424 12.6273713902 0.00753464155925 2.1743e-06
pedestrian -1 -1 -10 1143.3 194.91 1179.96 324.51 2.16276260339 1.19486926778 1.1979995875 5.55414455925 1.55070744582 7.25880727455 0.00753464155925 2.1414e-06
pedestrian -1 -1 -10 47.735 141.81 84.415 272.75 2.07577208328 1.17287184174 1.19000016978 -8.98244809648 1.33640279964 12.0365100133 0.00753464155925 1.7542e-06
pedestrian -1 -1 -10 1052.0 194.4 1086.86 318.27 2.13776531243 1.19786824495 1.18499958004 5.19017942529 1.53282174014 8.12924895559 0.00753464155925 3.0681e-07
pedestrian -1 -1 -10 1115.8 221.29 1152.35 333.0 2.16376242113 1.19686890375 1.19699966029 5.301740078 1.56005306952 7.27157980548 0.00753464155925 1.8922e-07
pedestrian -1 -1 -10 1074.1 182.83 1107.22 309.94 2.18775971556 1.1878700651 1.19499980586 5.08732213422 1.5822642025 7.61459113433 0.00753464155925 7.394e-08
pedestrian -1 -1 -10 1085.1 180.68 1119.28 308.33 2.16176266646 1.19486974457 1.19399940181 5.20473901608 1.55604098438 7.60440110971 0.00753464155925 2.5159e-08
