pedestrian -1 -1 -10 1185.7 269.74 1209.4 316.444 2.1917593441 1.19686890375 0.17400020995 5.02066636168 1.60532545032 6.13007679815 0.00753464155925 0.0060418
pedestrian -1 -1 -10 1192.1 282.77 1212.78 327.291 2.18875971209 1.19786919852 0.17400020995 5.02014369153 1.60429667769 6.06056420343 0.00753464155925 0.0032156
pedestrian -1 -1 -10 1181.6 258.49 1203.33 306.796 2.19275928103 1.19786919852 0.17400020995 5.02098623767 1.60595455645 6.17257835953 0.00753464155925 0.0021243
pedestrian -1 -1 -10 517.59 200.34 530.507 250.633 0.530941694856 0.940896904799 0.576999726098 -2.27693561297 0.971154073078 17.4227078584 0.00753464155925 0.0018734
pedestrian -1 -1 -10 1160.3 267.21 1195.24 333.762 2.19375915837 1.19686890375 0.205999788168 5.03843551238 1.60879238851 6.36493894795 0.00753464155925 0.0012065
pedestrian -1 -1 -10 1173.8 272.0 1205.38 340.586 2.19275928103 1.19686890375 0.17400020995 5.02124615279 1.60646524417 6.20707372316 0.00753464155925 0.0011825
pedestrian -1 -1 -10 1191.5 258.38 1215.01 305.752 2.18875971209 1.19386897301 0.17400020995 5.02019642752 1.60440029467 6.06756320744 0.00753464155925 0.00068237
pedestrian -1 -1 -10 1000.6 197.09 1037.01 285.084 2.24175386643 1.19286915503 0.359000096099 5.01654316871 1.6174463168 8.83967264198 0.00753464155925 0.00020982
pedestrian -1 -1 -10 1175.8 246.02 1209.49 314.904 2.19275928103 1.19786919852 0.17400020995 5.02098623767 1.60595455645 6.17257835953 0.00753464155925 0.00011755
pedestrian -1 -1 -10 1187.4 249.38 1220.87 320.322 2.18875971209 1.19886901651 0.17400020995 5.02029813288 1.60460012793 6.08106132065 0.00753464155925 7.4594e-05
pedestrian -1 -1 -10 516.87 194.48 540.526 265.672 0.424953266986 0.468948487028 0.0939998338964 -2.03288736965 1.73473911392 18.4789272733 0.00753464155925 3.2449e-05
pedestrian -1 -1 -10 507.85 190.43 532.677 244.437 1.17387116503 1.18586899877 0.730999842035 -2.23440994289 1.60094026315 16.5322007436 0.00753464155925 3.5426e-06
pedestrian -1 -1 -10 519.82 181.42 538.753 241.204 1.15087359894 0.851905952297 0.21599977557 -2.33549397878 1.78542029317 21.3537264664 0.00753464155925 5.8567e-07
