pedestrian -1 -1 -10 135.34 154.49 207.004 251.118 1.77699201256 0.813000128064 0.510998714418 -8.33626367712 1.25049364184 13.7898207931 0.00692802392802 0.97131
pedestrian -1 -1 -10 130.0 151.26 173.451 256.72 2.09799064696 1.18800082761 1.17599617918 -11.5845197489 0.972243730708 18.3404266975 0.00692802392802 0.95023
pedestrian -1 -1 -10 170.91 154.45 215.3 253.652 1.68199243844 0.872999553346 0.931996660531 -8.21455630337 1.26782420823 14.0820604371 0.00692802392802 0.41752
pedestrian -1 -1 -10 128.69 161.45 156.544 249.415 1.95099128932 1.18299785554 1.06799582941 -11.5246268228 1.08567767874 17.8177162267 0.00692802392802 0.098914
pedestrian -1 -1 -10 848.88 181.57 864.8 241.866 1.25399437845 0.357999559027 0.482998464793 6.55813103203 1.46085206952 17.7837811365 0.00692802392802 0.017957
pedestrian -1 -1 -10 146.09 161.17 163.956 239.857 2.20999007523 1.19099917763 1.17499577858 -11.3943164626 1.0959648311 18.125683367 0.00692802392802 0.016204
pedestrian -1 -1 -10 122.42 146.83 151.229 219.956 2.09199063182 1.15800016129 1.13399556632 -11.9510206041 0.973337393308 18.2679689662 0.00692802392802 0.014705
pedestrian -1 -1 -10 143.11 158.84 181.104 227.288 1.77699201256 0.66999962225 0.510998714418 -8.33675902862 1.2505767954 13.7183222561 0.00692802392802 0.012827
pedestrian -1 -1 -10 846.52 175.73 875.093 238.057 1.25699438602 0.357999559027 0.482998464793 6.5581351688 1.46385207709 17.7837828524 0.00692802392802 0.0055266
pedestrian -1 -1 -10 110.24 137.28 162.768 246.07 2.09199063182 1.15800016129 1.18499596991 -11.8955221151 0.973184777322 18.2675842877 0.00692802392802 0.0050715
pedestrian -1 -1 -10 159.47 156.67 190.146 245.703 1.77699201256 0.83400002228 0.510998714418 -8.33619093381 1.25048143059 13.8003204882 0.00692802392802 0.0049256
pedestrian -1 -1 -10 136.46 149.52 159.259 216.903 1.58699289411 1.17099873342 1.18399556931 -11.8961625466 0.453758442423 18.6417868466 0.00692802392802 0.0046417
pedestrian -1 -1 -10 152.49 162.31 169.553 233.498 1.77699201256 0.782000011743 0.510998714418 -8.33637106103 1.25051166814 13.7743211069 0.00692802392802 0.0025845
pedestrian -1 -1 -10 855.07 175.53 884.465 243.724 1.25699438602 0.357999559027 0.482998464793 6.5581351688 1.46385207709 17.7837828524 0.00692802392802 0.0021486
pedestrian -1 -1 -10 146.67 147.28 161.183 201.886 1.58699289411 1.17399899078 1.16099589218 -11.7406773234 0.453332587716 18.6392089619 0.00692802392802 0.0016401
pedestrian -1 -1 -10 133.75 147.1 150.387 207.475 2.09799064696 1.19199862763 1.18499596991 -11.8406798472 0.972893239496 18.3902036848 0.00692802392802 0.001391
pedestrian -1 -1 -10 119.29 131.66 143.259 203.78 1.70399241447 1.09999963602 1.17599522551 -12.1239303277 0.579707889038 18.3609370135 0.00692802392802 0.0012422
pedestrian -1 -1 -10 107.85 127.36 139.376 236.61 2.09799064696 1.19799914237 1.1979954557 -12.0319249494 0.973873288709 17.9945187344 0.00692802392802 5.4708e-05
pedestrian -1 -1 -10 50.226 120.59 82.558 229.44 1.33599405885 0.867999442294 1.12899642433 -13.3190728404 0.215848046793 17.6229901996 0.00692802392802 1.3297e-05
pedestrian -1 -1 -10 72.672 115.96 103.933 232.42 1.56999301016 1.17499844079 1.18499501624 -12.8629234201 0.448289801861 17.8854698613 0.00692802392802 1.2444e-05
pedestrian -1 -1 -10 243.83 120.53 280.935 200.79 1.64999263585 0.371999488505 0.415998804118 -8.36881348934 0.613368035634 17.4729708233 0.00692802392802 9.2758e-06
pedestrian -1 -1 -10 182.68 164.04 231.239 249.018 1.68199243844 0.567999454862 0.838996597763 -8.16700087341 1.26751898536 14.234234527 0.00692802392802 5.0814e-06
