pedestrian -1 -1 -10 653.49 143.52 705.902 339.69 1.82699177116 0.644999543825 0.606997773627 0.837654652948 1.45992530059 7.03131201483 0.00692802392802 0.98141
pedestrian -1 -1 -10 663.41 157.59 716.178 282.53 1.82699177116 0.644999543825 0.606997773627 0.837654652948 1.45992530059 7.03131201483 0.00692802392802 0.023563
pedestrian -1 -1 -10 681.63 153.16 709.604 272.87 1.82699177116 0.644999543825 0.606997773627 0.837654652948 1.45992530059 7.03131201483 0.00692802392802 0.018043
pedestrian -1 -1 -10 843.16 203.36 858.014 263.675 0.553997579217 0.294999876379 0.610997766713 4.89869889745 1.27986223103 13.9098776866 0.00692802392802 0.010398
pedestrian -1 -1 -10 839.6 170.01 865.753 264.493 0.942995809019 0.520999555377 0.578997822024 6.43233010161 1.03604291336 17.919841836 0.00692802392802 0.009241
pedestrian -1 -1 -10 361.81 214.06 387.009 277.757 0.296998579801 0.208000042148 0.471998349697 -4.21411560461 1.2802284758 13.7056558473 0.00692802392802 0.0033946
pedestrian -1 -1 -10 646.27 140.54 693.826 244.76 1.81999183297 0.644999543825 0.606997773627 0.837645000589 1.4529253624 7.0313080112 0.00692802392802 0.0033458
pedestrian -1 -1 -10 759.9 122.24 777.325 184.518 1.61399278343 0.90799937704 0.80099687206 3.10821057585 0.772540176965 12.3825377479 0.00692802392802 0.0028583
pedestrian -1 -1 -10 366.54 198.58 393.266 271.661 1.01799549162 1.15299909657 0.675997341439 -3.50489298541 1.38791754118 10.5168693969 0.00692802392802 0.0010749
pedestrian -1 -1 -10 767.18 164.44 779.821 227.108 0.761996594071 0.104000021074 0.70299742888 4.0898352481 0.748814334351 17.6473352088 0.00692802392802 0.0010477
pedestrian -1 -1 -10 883.32 231.12 905.336 276.756 0.943995821476 0.779999204383 0.625997338456 4.20688849937 1.3952368181 10.0039815008 0.00692802392802 0.00080501
pedestrian -1 -1 -10 750.46 126.09 781.079 205.71 1.94499127418 0.90799937704 0.807996815258 3.11216688402 1.10352904333 12.3827028043 0.00692802392802 0.00064489
pedestrian -1 -1 -10 648.58 135.89 680.133 212.302 1.58799287677 0.640999359615 0.572997862197 0.820311688507 1.22097547953 7.02929310434 0.00692802392802 0.00045448
pedestrian -1 -1 -10 756.62 121.42 770.816 176.583 1.61399278343 0.90799937704 0.773997023037 3.09471097561 0.772577299684 12.3826313182 0.00692802392802 0.00041178
pedestrian -1 -1 -10 766.1 157.61 794.742 244.918 2.17999023795 0.946998908106 1.03799597067 3.22734437695 1.33523444625 12.3625374019 0.00692802392802 0.00033069
pedestrian -1 -1 -10 921.73 227.07 941.79 270.129 2.2469899103 1.14399927814 1.18999558874 5.52280034327 1.39351065094 11.8321506283 0.00692802392802 0.00030505
pedestrian -1 -1 -10 349.51 215.19 366.505 275.404 1.06299527735 1.19599928868 1.08499572552 -3.70900246038 1.38840486982 10.5827598175 0.00692802392802 0.00029739
pedestrian -1 -1 -10 348.54 217.9 381.675 279.801 0.978995572031 0.726998790166 0.628997586589 -3.51721917151 1.39226383875 10.2439760284 0.00692802392802 0.00028948
pedestrian -1 -1 -10 763.29 165.61 775.297 215.48 2.40498931557 0.711999410682 0.977996253196 3.26834210938 1.50583763066 14.3588706932 0.00692802392802 0.00025696
pedestrian -1 -1 -10 328.99 216.45 346.655 280.939 0.978995572031 0.708999153316 1.02799625618 -3.71677606462 1.39282289791 10.2363591891 0.00692802392802 0.00025471
pedestrian -1 -1 -10 750.95 161.29 762.261 214.174 0.76499658674 0.172000768449 1.14499591984 3.86860162093 0.749461590178 17.614865718 0.00692802392802 0.00015526
pedestrian -1 -1 -10 676.61 162.15 705.092 238.591 1.82699177116 0.644999543825 0.606997773627 0.837654652948 1.45992530059 7.03131201483 0.00692802392802 0.00011275
pedestrian -1 -1 -10 929.58 223.52 952.953 273.505 1.09499510974 1.17999855184 0.792997243515 5.2610430452 1.40870254382 10.5516200286 0.00692802392802 0.00010631
pedestrian -1 -1 -10 655.18 145.58 668.876 212.615 1.67699246556 0.640999359615 0.588997834542 0.828434205881 1.30995306959 7.0292885586 0.00692802392802 0.00010588
pedestrian -1 -1 -10 879.24 206.65 900.588 271.047 0.953995767236 0.858999623869 0.701997266696 4.24517499604 1.40508633174 10.043223098 0.00692802392802 8.448e-05
pedestrian -1 -1 -10 948.03 240.75 970.769 277.475 0.945995727182 0.591999606444 0.204999153926 4.44195820409 1.41350344379 10.0783750763 0.00692802392802 5.6519e-05
pedestrian -1 -1 -10 336.37 199.06 370.94 284.055 0.97499564141 1.01099899443 1.03399627561 -3.68473641965 1.38856211235 10.3871383335 0.00692802392802 5.368e-05
pedestrian -1 -1 -10 192.6 178.53 224.397 250.556 2.26598981917 1.18799892026 1.18699581744 -7.42808973198 1.3553945192 13.4338576841 0.00692802392802 4.7121e-05
pedestrian -1 -1 -10 692.0 156.38 720.557 228.036 2.40098926574 0.79499953754 1.19499556519 2.12898038306 1.49978481178 14.5292630693 0.00692802392802 2.6876e-05
pedestrian -1 -1 -10 324.43 202.55 355.706 281.204 0.978995572031 0.968999206002 1.19399552222 -3.79887306783 1.39289994636 10.36693138 0.00692802392802 2.5782e-05
pedestrian -1 -1 -10 749.59 118.54 766.292 180.057 1.53199319243 0.492000246416 0.773997023037 2.99002828374 0.6336229829 14.3432915281 0.00692802392802 2.4873e-05
pedestrian -1 -1 -10 664.29 136.82 681.814 230.973 1.72099229842 0.640999359615 0.588997834542 0.828494878158 1.35395290246 7.0293137244 0.00692802392802 2.4519e-05
pedestrian -1 -1 -10 638.99 125.01 669.817 251.33 1.99299103767 0.663999107518 0.679997453734 1.07565421002 0.972878255469 17.8607672238 0.00692802392802 1.2765e-05
pedestrian -1 -1 -10 344.57 201.35 358.193 278.365 0.97499564141 1.08599875287 1.10699595572 -3.72097558496 1.38861886959 10.4248902992 0.00692802392802 1.0401e-05
pedestrian -1 -1 -10 669.31 134.08 716.481 237.7 2.19599013925 0.568999858542 1.16599563022 1.88966394936 1.29553223386 14.4528007529 0.00692802392802 6.8805e-06
pedestrian -1 -1 -10 202.71 177.22 237.667 249.666 2.26598981917 1.16099851131 1.18599589367 -7.17582853456 1.35473914435 13.3986086779 0.00692802392802 6.0638e-06
pedestrian -1 -1 -10 670.03 145.9 694.635 217.93 1.76599205434 0.644999543825 0.606997773627 0.83757053918 1.39892558377 7.03127712591 0.00692802392802 1.7586e-06
pedestrian -1 -1 -10 302.34 189.77 344.643 283.254 1.01499542445 1.18299880921 1.18799550279 -4.11822653943 1.396665929 10.4671298175 0.00692802392802 1.4409e-06
pedestrian -1 -1 -10 486.28 92.47 541.632 212.7 0.970995684713 1.18999782027 0.320998893818 -2.11831972545 -0.0264810281771 17.1333094612 0.00692802392802 8.2148e-08
pedestrian -1 -1 -10 284.97 183.51 312.881 279.805 1.86799165606 0.329999700073 1.19599560817 -6.63911760665 0.909886930935 15.4721559459 0.00692802392802 2.984e-08
