pedestrian -1 -1 -10 144.42 145.53 218.453 332.81 1.82999176383 0.593999936967 0.77499718522 -4.64240165257 1.47953568667 7.47080978102 0.00692802392802 0.99112
pedestrian -1 -1 -10 892.16 224.51 918.056 279.321 0.953995707631 1.01899936285 0.635997529787 4.24259373719 1.40686004914 10.247247597 0.00692802392802 0.055434
pedestrian -1 -1 -10 275.69 241.95 289.449 280.702 0.97599568367 0.808999467018 1.07099560071 -4.56765159217 1.4022326326 10.1812654826 0.00692802392802 0.0075306
pedestrian -1 -1 -10 643.83 192.28 656.153 237.697 1.87199164629 0.791999280174 1.1629956205 1.22437953569 0.849403036031 17.9176646354 0.00692802392802 0.0059306
pedestrian -1 -1 -10 365.03 223.35 387.525 278.314 0.448997969926 0.582000338013 0.0709998325748 -3.60053955148 1.34651205618 12.8523726839 0.00692802392802 0.003009
pedestrian -1 -1 -10 637.88 208.65 662.578 271.23 2.26598987877 1.17699924815 0.806996891492 1.07109727867 1.44866637743 12.812568763 0.00692802392802 0.0026783
pedestrian -1 -1 -10 353.12 219.86 379.612 279.827 0.950995700062 0.722999082793 0.651997502131 -3.52957195799 1.36626806794 10.2700483233 0.00692802392802 0.0016244
pedestrian -1 -1 -10 361.0 245.98 385.813 281.824 0.950995700062 0.90799937704 0.654997511847 -3.52743115106 1.36615636708 10.3625358537 0.00692802392802 0.0015166
pedestrian -1 -1 -10 304.22 228.54 332.085 281.469 1.0799952209 1.18600002025 1.1909955125 -4.27733558607 1.40086135766 10.6797041377 0.00692802392802 0.0015035
pedestrian -1 -1 -10 899.04 230.39 928.182 278.89 0.953995707631 1.14599913183 0.635997529787 4.24215381199 1.40693389841 10.1837492365 0.00692802392802 0.0014866
pedestrian -1 -1 -10 886.12 222.36 907.473 277.996 0.953995707631 0.924000113877 0.635997529787 4.24138481089 1.40706298893 10.0727523913 0.00692802392802 0.0014794
pedestrian -1 -1 -10 648.26 192.91 660.343 237.23 2.26598987877 1.17699924815 0.893996577202 1.11501868152 1.44847581779 12.8732656234 0.00692802392802 0.0013605
pedestrian -1 -1 -10 764.48 169.68 790.818 243.294 0.761996594071 0.0949992489756 0.658997445328 4.13375009589 0.749707861518 17.6345318823 0.00692802392802 0.0012926
pedestrian -1 -1 -10 1077.4 96.912 1113.36 217.462 1.75899211615 0.665999914878 1.1989958563 7.94544489884 0.863181704178 11.5240261444 0.00692802392802 0.0012012
pedestrian -1 -1 -10 1057.1 88.62 1093.1 207.51 1.64899265319 0.66999962225 1.19699553193 7.60133313973 0.755123516167 11.5303482984 0.00692802392802 0.0011605
pedestrian -1 -1 -10 768.42 171.28 782.129 233.372 0.762996576726 0.0949992489756 0.696997409448 4.11474919133 0.74976010855 17.6346630024 0.00692802392802 0.0010764
pedestrian -1 -1 -10 919.15 230.06 941.509 274.288 2.17599030733 1.15099924288 1.18999558874 5.5848336802 1.40018887394 11.9642728706 0.00692802392802 0.00080306
pedestrian -1 -1 -10 652.36 192.97 663.755 241.092 2.26598987877 0.922999710197 0.922996512175 1.12746762669 1.44878018722 12.5771728989 0.00692802392802 0.00068621
pedestrian -1 -1 -10 266.79 249.71 296.236 287.091 0.897995933891 0.548999414332 0.554997744299 -4.9889690633 1.16503396726 11.3699830535 0.00692802392802 0.00065696
pedestrian -1 -1 -10 658.32 193.12 672.754 245.982 1.47399339378 1.19799914237 1.07999586828 1.20953991416 1.44014392698 12.9385635032 0.00692802392802 0.00062453
pedestrian -1 -1 -10 645.54 193.66 673.465 261.965 2.26598987877 0.733999708578 0.796996938579 1.06381466017 1.44906332883 12.483111828 0.00692802392802 0.0005601
pedestrian -1 -1 -10 479.47 86.177 527.451 226.517 1.52599317729 1.18899837027 0.326998913249 -2.27377167031 0.552653642501 16.5162222424 0.00692802392802 0.00052312
pedestrian -1 -1 -10 704.28 171.06 716.805 214.673 0.754996626079 0.0900000915968 1.0129962076 2.82754612041 0.739334681748 17.6130732358 0.00692802392802 0.00025713
pedestrian -1 -1 -10 318.84 218.2 354.016 282.721 1.07499512881 1.19399943499 1.15599579652 -4.06807935919 1.39515883393 10.7892534575 0.00692802392802 0.00024962
pedestrian -1 -1 -10 272.97 233.9 307.258 280.819 1.1139950484 0.944999054419 0.901996563374 -4.81654771224 1.38078625542 11.170908973 0.00692802392802 0.00015719
pedestrian -1 -1 -10 304.29 250.32 322.909 285.232 1.06199529469 1.12499923761 1.17399561639 -4.51310818873 1.38005497441 11.0788337173 0.00692802392802 0.00011836
pedestrian -1 -1 -10 366.84 209.01 398.907 278.766 1.04699525684 1.18999877395 0.85799681824 -3.45410483615 1.36563062975 10.6449783785 0.00692802392802 6.2594e-05
pedestrian -1 -1 -10 895.2 211.74 936.416 275.447 0.953995707631 0.844999694391 0.623997967759 4.23511151778 1.40712542547 10.033294715 0.00692802392802 5.079e-05
pedestrian -1 -1 -10 163.47 148.28 218.261 261.97 1.81999181807 0.593999936967 0.725997582839 -4.61791622902 1.46946837022 7.47063424932 0.00692802392802 6.6728e-06
pedestrian -1 -1 -10 485.04 96.133 560.612 214.743 0.874996113032 1.04300046811 0.742997121323 -1.76477657233 -0.138068080838 17.6682988038 0.00692802392802 4.3272e-07
