pedestrian -1 -1 -10 1103.5 225.54 1137.57 338.83 1.09987927377 1.19286939342 1.19699966029 2.82923170772 1.03752796542 4.02261934389 0.00753464155925 0.00054955
pedestrian -1 -1 -10 1124.8 118.67 1148.98 168.432 1.33685319698 1.19786872174 0.389999747102 6.05811137107 0.702732678976 8.09206474383 0.00753464155925 0.00039095
pedestrian -1 -1 -10 1062.6 240.83 1097.73 350.44 1.14087468404 1.19586884737 1.1979995875 2.69375817374 1.1115658774 4.15436562078 0.00753464155925 0.00024959
pedestrian -1 -1 -10 1126.1 255.97 1161.8 367.02 1.12787610734 1.19886877812 1.19899963393 2.57040776584 1.1350639103 3.50726156054 0.00753464155925 0.00020113
pedestrian -1 -1 -10 1091.9 229.94 1127.89 348.61 1.10587859738 1.19086951905 1.19799970671 2.58079414019 1.13275907842 3.75708896876 0.00753464155925 0.00017872
pedestrian -1 -1 -10 1156.6 165.19 1190.25 295.53 0.973893045904 1.18786958831 1.19199954738 3.70296513781 0.672646346284 4.74410499373 0.00753464155925 0.00013558
pedestrian -1 -1 -10 1143.7 239.46 1181.33 359.64 1.16487207905 1.19886877812 1.19799982592 2.63149859763 1.06633092459 3.46108625124 0.00753464155925 0.00010786
pedestrian -1 -1 -10 525.29 195.27 556.371 251.704 2.4487310971 0.791913058874 0.82699964957 -1.70158369494 1.73683322882 16.5556132958 0.00753464155925 8.8143e-05
pedestrian -1 -1 -10 1130.5 116.73 1159.59 171.223 1.25486224234 1.1938694498 0.470000123156 6.0060812322 0.623794771147 7.9590001852 0.00753464155925 8.5076e-05
pedestrian -1 -1 -10 1114.8 209.29 1149.0 324.66 1.07688174446 1.19686914215 1.17699968548 2.96095482306 0.95995105954 4.12461916688 0.00753464155925 7.5824e-05
pedestrian -1 -1 -10 1073.1 232.96 1109.21 350.08 1.12887603682 1.19586908577 1.19399964022 2.71235457557 1.09876886348 4.10131873185 0.00753464155925 5.2229e-05
pedestrian -1 -1 -10 1165.5 194.14 1200.07 327.39 1.07588188994 1.19586932416 1.19699966029 2.85205932505 0.903431843418 3.61269818026 0.00753464155925 2.8543e-05
pedestrian -1 -1 -10 1033.6 209.07 1067.0 326.17 0.513943571567 1.16187289033 1.06699982406 3.65236126106 0.845680617527 5.88767839712 0.00753464155925 2.5868e-05
pedestrian -1 -1 -10 1114.6 109.55 1144.59 182.376 1.40884525908 1.194868791 0.767999413954 5.87001553213 0.774587080834 8.20946711503 0.00753464155925 2.1937e-05
pedestrian -1 -1 -10 1042.1 244.19 1078.01 347.91 1.13087576914 1.19586908577 1.19699966029 2.68976049609 1.17543485906 4.34740307139 0.00753464155925 1.8135e-05
pedestrian -1 -1 -10 1125.0 188.35 1160.85 305.81 1.01088899899 1.19886853972 1.17699968548 3.32481076461 0.742574505201 4.52066192198 0.00753464155925 1.2406e-05
pedestrian -1 -1 -10 471.63 198.47 500.313 278.456 2.42773349427 1.03788640119 1.14499963043 -2.67901284855 1.70976524028 16.1051608868 0.00753464155925 1.1616e-05
pedestrian -1 -1 -10 1136.4 183.11 1172.46 305.4 0.857905807435 1.16787227503 1.17199981099 3.59719430018 0.676093277201 4.76899590071 0.00753464155925 8.8029e-06
pedestrian -1 -1 -10 1022.8 212.51 1055.92 336.09 0.641929479603 1.19786872174 1.07199946013 3.50821367736 0.902505686587 5.80285904142 0.00753464155925 8.0342e-06
