pedestrian -1 -1 -10 941.22 268.32 956.265 318.116 2.05977383733 1.19686890375 0.514999708838 3.15840745131 1.50104694018 6.43871603614 0.00753464155925 0.017977
pedestrian -1 -1 -10 939.12 260.05 970.513 325.984 2.05977383733 1.19586908577 0.514999708838 3.1584112179 1.50105434088 6.43921593095 0.00753464155925 0.009036
pedestrian -1 -1 -10 1133.0 11.131 1237.74 348.661 1.82479956449 1.19886853972 0.430999862344 3.34952250553 1.29478573146 4.33529993961 0.00753464155925 0.0070771
pedestrian -1 -1 -10 1218.9 119.34 1241.98 196.5 1.86579510141 1.19886853972 0.4729999048 3.34217462963 1.33913603293 4.02095872207 0.00753464155925 0.0047355
pedestrian -1 -1 -10 844.75 221.29 859.253 261.613 2.12176703667 1.1938694498 0.53699977649 2.94199137309 1.52580443453 8.77726138045 0.00753464155925 0.004661
pedestrian -1 -1 -10 848.74 218.71 865.467 261.095 2.1137678988 1.19686938054 0.53699977649 2.940933498 1.52072499201 8.63676588292 0.00753464155925 0.0042042
pedestrian -1 -1 -10 838.09 216.27 852.977 259.278 2.14076494443 1.19086951905 0.532999829213 2.92015196658 1.54309169535 8.9308314172 0.00753464155925 0.0033682
pedestrian -1 -1 -10 845.0 216.76 874.221 273.742 2.11176814413 1.19586908577 0.543999982248 2.94402352854 1.51991570643 8.58223215545 0.00753464155925 0.0027915
pedestrian -1 -1 -10 831.52 218.53 848.581 259.685 2.15476334632 1.19586908577 0.513999781623 2.91206602562 1.55487304168 9.11834789449 0.00753464155925 0.0023679
pedestrian -1 -1 -10 1116.5 237.66 1145.65 309.775 2.00278014385 1.19886853972 0.522999841811 3.27921016144 1.46800140801 4.6846310097 0.00753464155925 0.0020067
pedestrian -1 -1 -10 830.26 214.1 863.071 260.479 2.13176598882 1.19886806294 0.540999723767 2.92402972077 1.53585274535 8.91484075403 0.00753464155925 0.0013143
pedestrian -1 -1 -10 976.98 267.21 1005.35 315.767 2.04477543891 1.19786872174 0.5179997289 3.20094369917 1.49118940308 6.04487606245 0.00753464155925 0.0011256
pedestrian -1 -1 -10 678.19 170.35 702.814 230.773 2.11576768327 1.17787045488 0.544999790253 1.86740633047 1.71723665589 16.5265481141 0.00753464155925 0.0010814
pedestrian -1 -1 -10 1130.4 274.06 1161.03 339.816 2.00078026998 1.19786919852 0.514999708838 3.28593544633 1.46848613557 4.515035094 0.00753464155925 0.0010609
pedestrian -1 -1 -10 750.65 173.96 775.426 224.06 2.28474912822 1.19686938054 0.522999841811 2.56368791835 1.63159118071 12.1917228382 0.00753464155925 0.00093334
pedestrian -1 -1 -10 1201.8 78.884 1240.98 230.244 1.79380300951 1.19786848335 0.317999742439 3.41724808453 1.2662667142 4.10045000013 0.00753464155925 0.00084196
pedestrian -1 -1 -10 758.51 174.44 786.542 228.972 2.27175048447 1.19086951905 0.590999899196 2.59439244763 1.62708269414 11.7534018505 0.00753464155925 0.00050234
pedestrian -1 -1 -10 692.44 176.13 708.373 230.055 2.25475239098 1.18387126994 0.702999734258 1.94082610756 1.73426662585 15.7896699101 0.00753464155925 0.00048695
pedestrian -1 -1 -10 1159.7 229.61 1202.34 322.415 1.9927812215 1.19786919852 0.519999821748 3.30499647599 1.46264436226 4.32389240722 0.00753464155925 0.000481
pedestrian -1 -1 -10 984.2 251.89 1015.35 328.868 2.03977596284 1.19786919852 0.501999701373 3.20813138326 1.48958490893 5.93679370881 0.00753464155925 0.00042438
pedestrian -1 -1 -10 959.93 230.12 978.377 274.601 2.05577420879 1.19686890375 0.514999708838 3.15860962882 1.49744697815 6.46574187818 0.00753464155925 0.00039716
pedestrian -1 -1 -10 943.47 235.91 973.795 311.524 2.05677417552 1.19586908577 0.488999693909 3.14654516612 1.49529984435 6.59038918587 0.00753464155925 0.00035738
pedestrian -1 -1 -10 1127.0 200.66 1168.83 306.88 2.00078032958 1.19786872174 0.526999789088 3.28004796642 1.46771272521 4.53009307999 0.00753464155925 0.0003465
pedestrian -1 -1 -10 737.17 172.05 773.319 233.893 2.29874753011 1.19386849623 0.62499980868 2.47054680053 1.63927837409 12.5719667282 0.00753464155925 0.00034108
pedestrian -1 -1 -10 1125.6 233.42 1161.86 323.476 2.00178020692 1.19786872174 0.522999841811 3.27839429339 1.46839509595 4.57610919031 0.00753464155925 0.00033298
pedestrian -1 -1 -10 1062.8 166.28 1098.77 230.939 2.00278005445 1.19786872174 0.483999819417 3.2630445209 1.46258174766 5.12839452546 0.00753464155925 0.00025275
pedestrian -1 -1 -10 747.12 152.92 784.069 222.293 2.28174943662 1.19786872174 0.540000034971 2.57191371774 1.63104470145 12.1551417309 0.00753464155925 0.00021662
pedestrian -1 -1 -10 1205.8 115.6 1232.81 197.329 1.82279986942 1.19786848335 0.325999875412 3.41330227479 1.29535530201 4.1062646004 0.00753464155925 0.00020302
pedestrian -1 -1 -10 748.98 179.86 780.768 249.565 2.29074845183 1.18287097517 0.55599982408 2.57871699375 1.64167646207 11.995477554 0.00753464155925 0.00018394
pedestrian -1 -1 -10 1124.7 86.24 1162.24 160.569 1.62182193255 1.19886853972 0.30199995333 3.38954431259 1.08687392906 4.6806212553 0.00753464155925 0.00016628
pedestrian -1 -1 -10 1143.3 283.15 1175.22 342.028 1.99778057838 1.19786872174 0.537999703705 3.29660733203 1.46684949033 4.40494163559 0.00753464155925 0.00013338
pedestrian -1 -1 -10 659.55 164.19 693.168 241.1 2.05277457679 1.15687284683 0.481999845778 1.67602068863 1.74825591961 17.599712863 0.00753464155925 0.00012666
pedestrian -1 -1 -10 742.78 196.39 764.184 252.472 2.29474796117 1.17587081891 0.638999743359 2.47682456557 1.6378522427 12.4758979698 0.00753464155925 0.00011766
pedestrian -1 -1 -10 1110.8 92.212 1144.13 166.181 1.64381950212 1.19886853972 0.295999913205 3.37947691044 1.10870043136 4.80355392874 0.00753464155925 9.3274e-05
pedestrian -1 -1 -10 948.88 217.63 980.336 276.986 2.05277460658 1.19886853972 0.514999708838 3.15895463962 1.49412838342 6.51177255606 0.00753464155925 8.3949e-05
pedestrian -1 -1 -10 935.24 215.55 965.772 270.053 2.05977383733 1.19786872174 0.528999881936 3.12646392931 1.4971210339 6.7125523107 0.00753464155925 3.6133e-05
pedestrian -1 -1 -10 1101.3 98.166 1134.17 181.4 1.69081436264 1.19786872174 0.370000010716 3.33604450972 1.15381564716 4.87707120115 0.00753464155925 2.3428e-05
pedestrian -1 -1 -10 734.12 137.54 769.532 206.475 1.99078143704 1.18986922428 0.47800001771 2.48635038305 1.32902518954 12.8932054185 0.00753464155925 2.3209e-05
pedestrian -1 -1 -10 728.76 204.34 755.698 268.509 2.33674346482 1.18886988308 0.573999706036 2.43791928816 1.67193367117 12.9525627217 0.00753464155925 2.0288e-05
pedestrian -1 -1 -10 679.6 157.43 720.762 230.762 2.25475239098 1.18587090591 0.673999699267 1.92726068539 1.73611269281 15.913761975 0.00753464155925 1.4258e-05
