pedestrian -1 -1 -10 47.595 180.4 83.867 254.557 1.47683785653 0.648929074434 0.492999879604 -12.0449047654 1.63277119765 16.24934311 0.00753464155925 0.85648
pedestrian -1 -1 -10 29.24 172.09 81.33 283.09 2.20275811398 0.890902191234 0.970999897314 -7.97877575364 1.53429622775 10.3147212252 0.00753464155925 0.14132
pedestrian -1 -1 -10 57.533 177.47 98.768 255.353 1.48583681214 1.11787756146 0.492999879604 -12.0431353281 1.64524133624 16.4837440644 0.00753464155925 0.0070885
pedestrian -1 -1 -10 35.931 179.17 68.119 263.279 2.2117570696 0.932898360913 1.02299992717 -7.93861594996 1.54357691846 10.3353511292 0.00753464155925 0.0070134
pedestrian -1 -1 -10 0.0 183.96 15.154 233.809 2.25275263631 0.826910979439 0.754998929652 -16.1777754981 1.29199406886 19.4097022359 0.00753464155925 0.0011411
pedestrian -1 -1 -10 855.29 157.21 877.515 231.991 2.07577208328 0.623932194437 0.50900014555 6.35689513487 1.30441323677 17.8087175612 0.00753464155925 0.00052657
pedestrian -1 -1 -10 26.756 181.73 53.452 254.109 2.2377542379 0.893902121976 1.1779996127 -7.92593353171 1.56794337923 10.2255717563 0.00753464155925 0.00034326
pedestrian -1 -1 -10 0.0 235.21 32.706 295.544 2.25375251365 0.757917340221 1.12499917879 -8.10493548405 1.58306504887 10.1588058291 0.00753464155925 0.00021566
pedestrian -1 -1 -10 0.0 190.55 35.486 266.169 2.25375251365 0.757917340221 1.17999946713 -8.15143435967 1.58309890443 10.1591556868 0.00753464155925 9.2064e-05
pedestrian -1 -1 -10 854.33 193.51 876.662 233.129 2.07577208328 0.623932194437 0.50900014555 6.35689513487 1.30441323677 17.8087175612 0.00753464155925 6.9637e-05
pedestrian -1 -1 -10 11.612 161.73 46.367 291.77 2.2437536211 0.757917340221 1.12099946993 -7.98894171038 1.57298169969 10.1580071058 0.00753464155925 1.602e-05
