pedestrian -1 -1 -10 781.79 150.41 812.985 231.612 1.83879808557 0.47094907657 0.595000084892 4.65190846074 1.43236897579 17.3943573021 0.00753464155925 0.99035
pedestrian -1 -1 -10 780.48 150.09 794.594 222.759 1.86179556227 0.47094907657 0.595000084892 4.65191555167 1.45536645249 17.3941870152 0.00753464155925 0.22333
pedestrian -1 -1 -10 255.34 169.62 329.37 343.76 1.75980674431 1.18587042913 0.630999848805 -3.17850154873 1.65890677181 7.24251069349 0.00753464155925 0.11555
pedestrian -1 -1 -10 282.87 181.15 343.334 342.03 1.76380637285 1.17887074966 0.630999848805 -3.17932526185 1.66128552514 7.13299601096 0.00753464155925 0.0057739
pedestrian -1 -1 -10 799.09 148.92 813.846 228.942 1.83879808557 0.47094907657 0.595000084892 4.65190846074 1.43236897579 17.3943573021 0.00753464155925 0.0048447
pedestrian -1 -1 -10 936.76 136.75 969.906 197.245 0.448950710415 0.384958054809 0.899999343029 8.41006145839 -0.224429428181 17.1612494975 0.00753464155925 0.0029128
pedestrian -1 -1 -10 995.96 190.37 1036.28 266.538 0.781914183851 0.760917270963 0.824999556723 5.86437693691 1.35375655895 9.83252045712 0.00753464155925 0.002454
pedestrian -1 -1 -10 232.61 159.87 317.721 290.98 1.76680594525 1.16687198026 0.630999848805 -3.17953528092 1.66387062963 7.10497778432 0.00753464155925 0.0012406
pedestrian -1 -1 -10 514.22 172.31 528.678 216.188 0.381958049894 0.452949492117 0.496999588463 -5.1491767896 1.02291286084 44.6362337657 0.00753464155925 0.0004188
pedestrian -1 -1 -10 930.28 140.71 959.05 216.884 1.62282180989 1.14987364415 0.996999912244 6.33879639837 1.01832382667 13.6811666356 0.00753464155925 0.00035336
pedestrian -1 -1 -10 946.86 121.97 962.868 168.848 0.448950710415 0.384958054809 0.920999245048 8.42056111221 -0.224437072917 17.1611704981 0.00753464155925 0.00032744
pedestrian -1 -1 -10 303.82 224.97 334.643 297.903 1.7508077887 1.10787842804 0.630999848805 -3.17642501145 1.65399330035 7.51853904421 0.00753464155925 0.00030268
pedestrian -1 -1 -10 1166.7 136.39 1200.8 212.693 1.21986604393 1.17787236202 0.904000005562 12.3275170923 0.3699281986 15.4589098871 0.00753464155925 0.0002771
pedestrian -1 -1 -10 936.53 119.88 961.391 182.193 0.445951048611 0.517944812962 0.649999419557 7.42175166238 -0.319027700893 16.202441245 0.00753464155925 0.00025446
pedestrian -1 -1 -10 445.91 163.15 464.445 211.491 2.52272303307 0.624931535638 0.722999828272 -7.51484783523 1.42511992161 35.5826977923 0.00753464155925 0.00022375
pedestrian -1 -1 -10 264.65 162.92 322.289 265.68 1.76680594525 1.17887074966 0.630999848805 -3.17932433698 1.66428509755 7.13297380036 0.00753464155925 0.00022031
pedestrian -1 -1 -10 952.68 122.77 969.989 171.59 0.448950710415 0.491946684624 1.09999909107 8.50965544533 -0.225294171273 17.1070043228 0.00753464155925 0.00019514
pedestrian -1 -1 -10 943.83 124.82 974.685 182.912 0.448950710415 0.384958054809 0.989999468067 8.45506024722 -0.224462191535 17.1609109264 0.00753464155925 0.00019056
pedestrian -1 -1 -10 774.81 149.92 787.052 212.938 1.20786735993 0.884903283319 0.447999817085 6.12904878154 1.41236482166 25.4199625565 0.00753464155925 0.00014029
pedestrian -1 -1 -10 509.55 171.07 523.902 216.593 0.379958265425 0.236973550086 0.385999561406 -5.20548949181 1.01935481844 44.5286812381 0.00753464155925 0.00011576
pedestrian -1 -1 -10 245.69 171.33 296.549 336.79 1.76680594525 1.19786872174 0.630999848805 -3.17965205448 1.66364119001 7.08947985351 0.00753464155925 0.00010922
pedestrian -1 -1 -10 1114.3 173.42 1148.6 254.961 1.07988141418 0.548939647304 1.19599973307 9.2160113969 0.723080209072 12.8372256746 0.00753464155925 8.9975e-05
pedestrian -1 -1 -10 762.26 151.37 793.629 216.129 1.0598836072 0.668927341288 0.447999817085 6.12981679594 1.26597973495 25.529043221 0.00753464155925 6.3844e-05
pedestrian -1 -1 -10 924.13 104.07 949.375 183.145 0.664926986099 0.517944812962 0.903999528725 7.29482272033 -0.0999592980284 16.2017753404 0.00753464155925 6.3422e-05
pedestrian -1 -1 -10 1173.5 113.14 1206.75 198.522 1.21986604393 1.01588945193 0.808999767614 12.374405631 0.368694608446 15.37756335 0.00753464155925 2.0089e-05
pedestrian -1 -1 -10 216.73 148.1 289.478 282.6 0.694923723337 1.15687284683 0.802999727489 -4.74745125891 0.927904139262 9.26804912765 0.00753464155925 1.3097e-05
pedestrian -1 -1 -10 222.09 199.17 267.017 334.31 1.77580502006 1.16687198026 0.630999848805 -3.18192070266 1.66817731629 6.78795495988 0.00753464155925 4.5297e-07
