pedestrian -1 -1 -10 336.52 190.97 351.011 232.532 2.16176263666 1.19686842697 0.647999803547 -2.60250132593 1.60787896067 7.06537704655 0.00753464155925 0.0060849
pedestrian -1 -1 -10 341.11 189.97 356.098 231.286 2.16176263666 1.19786872174 0.637999816144 -2.59724155863 1.60838600803 7.09983479127 0.00753464155925 0.0051247
pedestrian -1 -1 -10 277.77 232.0 294.284 283.137 2.13776522303 1.19786872174 0.611999801215 -2.88741300897 1.59241000942 6.41398491738 0.00753464155925 0.0026799
pedestrian -1 -1 -10 225.74 244.29 245.508 287.842 2.11076826679 1.19886853972 0.626999901528 -3.07944629607 1.56959932805 5.94600509973 0.00753464155925 0.0025406
pedestrian -1 -1 -10 275.78 226.09 305.241 297.541 2.1397650075 1.19886853972 0.636999650511 -2.87245822762 1.59329500162 6.47438219192 0.00753464155925 0.0021342
pedestrian -1 -1 -10 232.34 239.9 248.376 280.451 2.12076706994 1.19786872174 0.641999763422 -3.06737585912 1.57870755847 6.02136351309 0.00753464155925 0.0019534
pedestrian -1 -1 -10 233.32 229.48 256.923 277.634 2.12076706994 1.19686890375 0.641999763422 -3.06726662056 1.57892219314 6.03586141591 0.00753464155925 0.0016218
pedestrian -1 -1 -10 266.3 229.08 297.279 289.603 2.13776522303 1.19886853972 0.622999954251 -2.90725525393 1.59175069295 6.36863786696 0.00753464155925 0.0015048
pedestrian -1 -1 -10 329.38 185.01 347.27 227.128 2.15976279259 1.19886853972 0.61799984134 -2.63593744945 1.60604450803 7.007633483 0.00753464155925 0.0013405
pedestrian -1 -1 -10 80.49 220.15 102.233 261.864 2.0677729454 1.19486926778 0.822999702293 -3.54214410824 1.54183485841 4.65940624404 0.00753464155925 0.0013046
pedestrian -1 -1 -10 373.05 189.53 403.225 251.655 2.16976180434 1.19786872174 0.638999743359 -2.34557548556 1.60742223393 7.65308843124 0.00753464155925 0.0012801
pedestrian -1 -1 -10 1010.9 240.21 1042.35 295.326 0.107988039505 0.0599948005618 0.228000571075 11.0959275339 1.92394019244 19.0354488555 0.00753464155925 0.0010586
pedestrian -1 -1 -10 237.87 241.68 253.103 288.269 2.12076706994 1.194868791 0.622999715832 -3.07690951522 1.57864786527 6.01693569768 0.00753464155925 0.0010403
pedestrian -1 -1 -10 322.44 194.02 351.734 250.77 2.15976279259 1.19786872174 0.628999755957 -2.64162182883 1.60568584944 6.98317811111 0.00753464155925 0.0006779
pedestrian -1 -1 -10 334.23 166.58 353.891 216.722 2.08277131402 1.19686890375 0.637999816144 -2.59740528937 1.529120838 7.08192215146 0.00753464155925 0.00067097
pedestrian -1 -1 -10 223.09 235.48 257.393 296.399 2.11576768327 1.19886853972 0.626999901528 -3.07908375249 1.57430935484 5.99397612738 0.00753464155925 0.00065089
pedestrian -1 -1 -10 320.46 166.63 350.694 227.808 2.12476666868 1.19886853972 0.628999755957 -2.64163638595 1.57068232482 6.98293734819 0.00753464155925 0.00039315
pedestrian -1 -1 -10 245.17 228.73 271.753 293.451 2.13176592922 1.19786872174 0.613999894063 -3.02049356432 1.5894050348 6.1379495576 0.00753464155925 0.00025031
pedestrian -1 -1 -10 1011.6 228.92 1053.1 329.42 0.962894246223 0.598934360869 0.561999864205 3.4291386266 1.61875389588 5.34066409113 0.00753464155925 0.00023599
pedestrian -1 -1 -10 534.94 179.52 569.641 245.709 2.07477217615 1.194868791 1.01899971168 -0.892324575047 1.68691419238 11.2572574392 0.00753464155925 0.0001052
pedestrian -1 -1 -10 102.33 134.59 148.196 240.97 1.9407869147 1.19886853972 0.815999734954 -3.52434372657 1.41444166883 4.97126091731 0.00753464155925 9.2223e-05
pedestrian -1 -1 -10 104.85 201.62 137.757 302.79 2.07377232861 1.19886853972 0.834999782543 -3.53394561899 1.54715275135 4.95135025848 0.00753464155925 7.996e-05
pedestrian -1 -1 -10 92.907 202.98 124.678 279.316 2.0677729454 1.19886853972 0.834999782543 -3.53487857072 1.54431730454 4.82733767401 0.00753464155925 3.3356e-05
pedestrian -1 -1 -10 828.63 177.56 842.339 228.44 2.53272198521 0.610933130268 0.879999845062 7.40535012533 1.63801911789 23.7695845478 0.00753464155925 2.3971e-05
pedestrian -1 -1 -10 579.23 171.51 617.314 237.508 2.02977718949 1.19686938054 0.720999765226 -0.179367072417 1.70304707231 12.3084595628 0.00753464155925 7.5781e-06
pedestrian -1 -1 -10 287.56 179.98 317.724 249.979 2.14376457644 1.19886853972 0.61999969577 -2.80798937635 1.59515829296 6.60291644062 0.00753464155925 7.4628e-06
pedestrian -1 -1 -10 822.43 157.84 852.217 227.376 2.53272198521 0.610933130268 0.838000041024 7.42634943296 1.63800382842 23.7694265489 0.00753464155925 1.8879e-06
