pedestrian -1 -1 -10 1147.4 94.33 1181.93 210.82 1.1758708601 1.18986970107 1.19899951472 5.23866699112 0.577779598143 6.77771518074 0.00753464155925 0.00052092
pedestrian -1 -1 -10 1136.8 126.52 1171.77 243.35 1.00588956761 1.18586947556 1.18499958004 5.73868855565 0.396431177122 7.58548586735 0.00753464155925 0.00046234
pedestrian -1 -1 -10 1157.0 118.73 1191.24 243.76 1.53683119877 1.1938694498 1.19499956744 4.01366928133 1.45405099222 5.12041601224 0.00753464155925 0.00034106
pedestrian -1 -1 -10 1114.9 104.69 1149.01 220.34 1.39284704292 1.18986922428 1.19899951472 5.03775658606 0.796901187927 6.9126097387 0.00753464155925 0.00023245
pedestrian -1 -1 -10 1136.5 69.938 1172.35 190.578 1.1758708601 1.1888694063 1.1869999113 5.20413876571 0.578730236418 6.84046989372 0.00753464155925 0.00022955
pedestrian -1 -1 -10 1126.4 151.67 1161.5 268.34 1.23386452031 1.19686842697 1.19899951472 5.19427203816 0.638922673975 6.98810282461 0.00753464155925 0.00018674
pedestrian -1 -1 -10 1145.3 146.03 1181.55 270.96 1.2248655051 1.19586860898 1.19899999155 5.10454557159 0.632620237062 6.62625561423 0.00753464155925 0.00017966
pedestrian -1 -1 -10 1052.9 85.935 1089.39 209.305 1.47683787143 1.18786958831 1.19399964022 4.49993694002 0.892526387245 6.9998798313 0.00753464155925 0.00017914
pedestrian -1 -1 -10 1073.8 97.899 1110.36 221.109 1.38184827304 1.11987719743 1.19199954738 4.46553610782 0.793897179185 6.68585253287 0.00753464155925 0.00016526
pedestrian -1 -1 -10 1104.0 53.494 1140.27 181.694 1.39284704292 1.1938694498 1.1979995875 4.86552321776 0.795575407684 6.81591353552 0.00753464155925 0.00015507
pedestrian -1 -1 -10 1115.7 144.67 1150.31 258.16 1.23386452031 1.17987056764 1.19599973307 5.16349984587 0.640374051021 7.08482667327 0.00753464155925 0.00014088
pedestrian -1 -1 -10 1104.2 142.55 1139.16 259.01 1.39284704292 1.19286915503 1.19599973307 4.86670015942 0.795922537679 6.83940273671 0.00753464155925 9.439e-05
pedestrian -1 -1 -10 1084.6 140.71 1119.58 260.8 1.47683787143 1.19286963181 1.1969998987 4.61946340394 0.88856707332 6.73750163798 0.00753464155925 7.9281e-05
pedestrian -1 -1 -10 1012.5 119.47 1048.99 240.64 1.53583134937 1.19186933704 0.994999580977 4.37173546111 0.946101136834 7.30353088214 0.00753464155925 7.8043e-05
pedestrian -1 -1 -10 1000.5 108.9 1037.73 231.24 1.53183178044 1.19686938054 0.864999506331 4.30655392261 0.945785805736 7.27949403811 0.00753464155925 7.6383e-05
pedestrian -1 -1 -10 1094.2 107.05 1129.11 233.83 1.38484790504 1.17087172898 1.1979995875 4.67772136011 0.794120291929 6.70977624146 0.00753464155925 7.2689e-05
pedestrian -1 -1 -10 1135.3 166.09 1171.61 291.15 1.15487319767 1.19686890375 1.18899976573 4.73293599705 0.56478152929 6.283994165 0.00753464155925 7.1193e-05
pedestrian -1 -1 -10 1083.3 62.6 1120.77 194.32 1.4788376261 1.19686890375 1.19899951472 4.6587330418 0.889071571729 6.7732183028 0.00753464155925 6.2699e-05
pedestrian -1 -1 -10 1032.2 108.22 1068.53 230.9 1.53183178044 1.19486926778 1.11799968828 4.43216144919 0.943947006526 7.16055828396 0.00753464155925 5.7928e-05
pedestrian -1 -1 -10 1093.1 167.81 1129.7 288.32 1.63082094031 1.19786872174 1.19799934908 3.60576955351 1.58938473926 5.19319152926 0.00753464155925 5.5423e-05
pedestrian -1 -1 -10 1126.2 100.76 1160.46 212.01 1.34285258019 1.18087038563 1.19899951472 5.12350889748 0.746392635918 6.88183715298 0.00753464155925 5.1994e-05
pedestrian -1 -1 -10 1030.8 64.28 1067.43 192.08 1.4818373177 1.09687995341 0.966999711619 4.35518280263 0.897120352311 6.96643463571 0.00753464155925 5.1295e-05
pedestrian -1 -1 -10 1062.9 118.51 1099.54 241.33 1.44084181058 1.18287049838 1.14699948486 4.44341967187 0.852625139227 6.73409293622 0.00753464155925 4.7016e-05
pedestrian -1 -1 -10 1021.8 86.676 1057.76 212.556 1.52583245683 1.19386897301 1.00599973401 4.37609333611 0.943847154573 7.15143647723 0.00753464155925 4.2691e-05
pedestrian -1 -1 -10 987.82 62.228 1025.12 204.458 1.53583134937 1.1938694498 0.821999775079 4.28620232956 0.948058841258 7.43216453277 0.00753464155925 2.3978e-05
pedestrian -1 -1 -10 1052.0 128.47 1089.07 254.06 1.47683787143 1.15387339287 1.16499960523 4.4539335589 0.891567745438 6.93323125347 0.00753464155925 2.1147e-05
pedestrian -1 -1 -10 1155.8 179.31 1191.59 301.75 1.74580824371 1.19086951905 1.19799934908 3.93359942701 1.66183510389 5.03497810622 0.00753464155925 1.7165e-05
pedestrian -1 -1 -10 1072.7 166.01 1109.19 289.64 0.798912247542 1.05888400924 1.15299952498 4.06129625253 0.845419092576 6.02422946599 0.00753464155925 1.6502e-05
pedestrian -1 -1 -10 1165.1 228.89 1201.59 353.34 1.73880904277 1.19586908577 1.19799982592 3.88252518903 1.65276295283 4.89292585218 0.00753464155925 1.6197e-05
pedestrian -1 -1 -10 1009.7 52.945 1046.43 193.375 1.5018351028 1.19686842697 0.936999510994 4.34231764304 0.915318839631 7.24944922258 0.00753464155925 1.3679e-05
pedestrian -1 -1 -10 1111.2 222.41 1152.52 342.69 1.63882007819 1.19686890375 1.19599949465 3.66484736098 1.59552688502 5.07019758663 0.00753464155925 1.0436e-05
pedestrian -1 -1 -10 976.98 83.144 1014.22 221.654 1.53583134937 1.19186933704 0.667999539932 4.20854141782 0.946812275919 7.34475546719 0.00753464155925 8.9384e-06
pedestrian -1 -1 -10 1104.1 181.54 1141.08 303.84 0.898901290343 1.13487542079 1.18999969295 4.12992584509 0.793820457419 5.78518327004 0.00753464155925 6.8365e-06
pedestrian -1 -1 -10 1042.4 154.69 1079.69 281.9 1.4818373177 1.14787400817 1.06899944007 4.40595897781 0.896646547082 6.93655498449 0.00753464155925 4.2368e-06
pedestrian -1 -1 -10 1124.9 188.84 1162.76 315.91 1.73780922503 1.19086951905 1.19699966029 3.92089792099 1.65738444223 5.27411378706 0.00753464155925 3.8072e-06
pedestrian -1 -1 -10 1132.1 220.9 1172.35 337.46 1.61082315522 1.18687024711 1.19499956744 3.53569811146 1.56242638809 4.7204049921 0.00753464155925 2.218e-06
pedestrian -1 -1 -10 1083.6 208.25 1122.1 328.22 1.53683127886 1.19886901651 1.19499980586 3.7040195805 1.4988256045 5.42962860507 0.00753464155925 2.1389e-06
pedestrian -1 -1 -10 1144.5 202.93 1181.47 325.55 1.73780922503 1.19886853972 1.19699966029 3.87921154307 1.6540978041 5.0504454181 0.00753464155925 1.8575e-06
pedestrian -1 -1 -10 1070.7 231.09 1113.45 351.11 1.31085605848 1.19686890375 1.19699966029 3.49769461783 1.54615685172 5.23878373817 0.00753464155925 2.8138e-07
pedestrian -1 -1 -10 1100.5 245.06 1139.57 365.39 1.21586648989 1.14487455422 1.06299963836 3.3849237633 1.52877686132 4.73511787605 0.00753464155925 1.6298e-07
