pedestrian -1 -1 -10 942.78 258.32 957.455 311.303 1.86379534674 1.1938694498 0.745999823139 4.30912892238 1.45710559432 8.71806081411 0.00753464155925 0.073627
pedestrian -1 -1 -10 944.0 251.76 969.103 313.336 1.84879700792 1.19186981382 0.745999823139 4.30796410262 1.43982767486 8.56419330563 0.00753464155925 0.01275
pedestrian -1 -1 -10 936.67 250.6 959.979 318.417 1.86379534674 1.19786872174 0.745999823139 4.30980696057 1.45843782071 8.80804855342 0.00753464155925 0.0069286
pedestrian -1 -1 -10 1055.2 239.81 1100.88 326.075 2.0357764535 1.19586860898 0.747999915986 4.16825103534 1.49213660129 6.0815129562 0.00753464155925 0.0016088
pedestrian -1 -1 -10 1041.2 237.16 1081.1 339.97 2.0357764535 1.19886853972 0.60099964818 4.09611282298 1.49486196475 6.26254109097 0.00753464155925 0.0005178
pedestrian -1 -1 -10 548.27 163.85 561.449 201.982 0.334963219166 0.252974452137 0.71099998644 -3.62616982728 0.533372916561 49.4613226669 0.00753464155925 0.00043506
pedestrian -1 -1 -10 952.24 224.04 985.74 320.999 1.82080002535 1.18886988308 0.639999670574 4.2598905778 1.46076619972 8.1524815457 0.00753464155925 0.00028276
pedestrian -1 -1 -10 1079.2 238.42 1115.17 310.517 2.0417758367 1.19686890375 0.715999860932 4.15017023193 1.49405474883 5.80512730216 0.00753464155925 0.00026955
pedestrian -1 -1 -10 1025.2 224.54 1058.96 334.73 1.89979140758 1.19586860898 0.4489997443 4.02221743006 1.49896577891 6.53556822871 0.00753464155925 5.393e-05
pedestrian -1 -1 -10 870.81 210.5 902.299 265.053 2.08377116156 0.931897112573 0.475999686444 4.4769914676 1.43830623497 11.1040319615 0.00753464155925 3.324e-05
