pedestrian -1 -1 -10 575.11 151.49 630.043 274.82 1.65581820893 1.18986922428 0.911999721302 -0.217598131524 1.31665210746 9.1737666673 0.00753464155925 0.61096
pedestrian -1 -1 -10 547.16 149.92 608.403 275.51 1.69581377912 0.948895448684 0.950999728795 -0.277137108809 1.35265586974 8.90144115783 0.00753464155925 0.44524
pedestrian -1 -1 -10 593.74 169.57 638.245 281.48 1.58882553351 0.783913561419 0.73799974977 -0.128022120389 1.25470295278 9.51856083346 0.00753464155925 0.0068295
pedestrian -1 -1 -10 559.29 147.29 593.459 236.013 1.65581820893 1.14887334937 0.924999736218 -0.286999965726 1.31885720169 9.31977720956 0.00753464155925 0.0055184
pedestrian -1 -1 -10 570.94 152.99 612.774 239.286 1.67181648468 1.18886988308 0.956999724217 -0.272231022598 1.3324162264 9.15556143046 0.00753464155925 0.0042136
pedestrian -1 -1 -10 538.01 187.11 565.31 282.901 1.82579953122 1.14387473623 0.966999771223 -1.00396750714 1.20421159474 11.2068941139 0.00753464155925 0.001684
pedestrian -1 -1 -10 514.72 163.27 535.812 215.891 1.87679393089 1.18986922428 1.19099967977 -1.27831080168 1.25970990375 11.0264918059 0.00753464155925 0.0013254
pedestrian -1 -1 -10 505.03 167.87 523.994 214.515 1.79980236292 1.18987017785 1.19399958062 -1.42586765899 1.25768501409 10.8830442344 0.00753464155925 0.0011224
pedestrian -1 -1 -10 513.83 156.45 546.457 224.689 1.88179337716 1.19886806294 1.1929996534 -1.19972316471 1.26081511353 11.1044314127 0.00753464155925 0.00067748
pedestrian -1 -1 -10 542.82 158.66 580.671 258.374 1.79080334771 1.13887516952 0.893999720137 -0.895268352969 1.16552842864 11.3679114627 0.00753464155925 0.00047646
pedestrian -1 -1 -10 564.21 146.11 586.144 205.079 1.66481725394 1.1938694498 1.19099962202 -0.53219062851 1.03445437828 11.7157315854 0.00753464155925 7.136e-05
pedestrian -1 -1 -10 588.8 156.24 607.189 233.7 1.69581377912 0.874904149893 0.933999714449 -0.268916088541 1.35210199337 8.86438260628 0.00753464155925 2.526e-05
