pedestrian -1 -1 -10 846.3 157.05 942.51 329.58 1.66399257556 0.659999400145 0.882996581314 3.07172547471 1.45713903893 7.57843925499 0.00692802392802 0.98747
pedestrian -1 -1 -10 835.19 161.34 897.551 297.03 1.96799123287 0.79499953754 0.71799723904 4.4814248263 1.10671282128 12.4177086539 0.00692802392802 0.02032
pedestrian -1 -1 -10 325.35 238.6 350.741 282.127 1.06999518573 1.14299982814 1.18599541684 -4.03029023137 1.39308984543 10.7584914629 0.00692802392802 0.018541
pedestrian -1 -1 -10 336.42 223.79 351.609 277.832 0.988995577395 0.785999719115 1.07099607755 -3.75264809823 1.39281569112 10.3291043842 0.00692802392802 0.006012
pedestrian -1 -1 -10 310.88 231.5 343.543 277.903 0.988995577395 1.18999877395 1.16899552073 -4.08193901355 1.3936056755 10.4323889992 0.00692802392802 0.0033922
pedestrian -1 -1 -10 826.78 154.4 858.915 292.37 2.19399017394 1.00999954443 1.19399552222 4.24299827961 1.33349124407 12.3119901027 0.00692802392802 0.0026875
pedestrian -1 -1 -10 582.86 193.88 595.759 224.055 2.08399065137 0.432999317467 1.19299553885 -0.257365080137 1.18417563598 14.6956170697 0.00692802392802 0.0019091
pedestrian -1 -1 -10 332.0 220.98 367.861 281.232 0.999995565414 1.10699864709 1.16799583538 -3.70308295309 1.38149579698 10.4892449614 0.00692802392802 0.0018303
pedestrian -1 -1 -10 762.54 168.56 774.358 217.164 0.763996574283 0.105998921087 0.811996987157 4.03026059713 0.749990724951 17.6367482043 0.00692802392802 0.0016577
pedestrian -1 -1 -10 764.67 169.5 788.977 240.848 0.762996576726 0.0949992489756 0.623997729342 4.12429744969 0.749725844196 17.6415969532 0.00692802392802 0.001586
pedestrian -1 -1 -10 890.65 186.16 950.783 320.37 2.22499011308 1.06299900497 1.19699553193 5.31531751103 1.37524087913 11.6940760593 0.00692802392802 0.00092907
pedestrian -1 -1 -10 350.73 216.3 377.657 278.575 0.987995654344 0.689999112786 0.566997783161 -3.5008919366 1.39116235097 10.2933576064 0.00692802392802 0.00090098
pedestrian -1 -1 -10 1077.6 86.534 1114.21 208.444 1.63099272698 0.741999123323 1.19899537947 7.96948470615 0.736080251055 11.5547866307 0.00692802392802 0.0006206
pedestrian -1 -1 -10 306.48 214.25 327.81 276.528 0.988995577395 1.13099975235 1.1629955013 -4.170231067 1.39389708799 10.3904999697 0.00692802392802 0.00059134
pedestrian -1 -1 -10 1057.9 89.387 1093.15 205.027 1.72699231356 0.671999475936 1.19799593254 7.59192008406 0.838155087424 11.5254649618 0.00692802392802 0.00057814
pedestrian -1 -1 -10 355.35 247.59 381.961 283.866 0.987995654344 0.63199954119 0.566997783161 -3.5010928462 1.39119607722 10.2643585165 0.00692802392802 0.00054622
pedestrian -1 -1 -10 291.58 208.8 318.805 268.091 1.08799514174 0.858999623869 0.937996679962 -4.83341236305 1.35463930203 11.3400148422 0.00692802392802 0.0003054
pedestrian -1 -1 -10 364.87 247.24 393.097 282.735 0.977995708584 0.893999447562 0.668997636659 -3.45420034565 1.3809172883 10.3950307739 0.00692802392802 0.00026757
pedestrian -1 -1 -10 366.94 208.09 397.13 279.468 1.01099555343 1.18399921289 0.745997250247 -3.41418817663 1.38054974892 10.6197394034 0.00692802392802 0.00016628
pedestrian -1 -1 -10 758.95 167.01 770.392 211.791 2.06899073273 0.46999994852 0.992996301775 3.19143186391 1.17020598932 14.2222046384 0.00692802392802 0.00011419
pedestrian -1 -1 -10 250.77 192.92 288.627 284.25 2.06399075985 1.09899923234 1.11299573673 -6.45425341577 1.33544791217 13.6627107493 0.00692802392802 0.00011021
pedestrian -1 -1 -10 927.9 224.78 952.174 275.739 1.08899521381 1.16799847605 0.763997070124 5.24023032668 1.40281019141 10.5077596236 0.00692802392802 6.5602e-05
pedestrian -1 -1 -10 995.96 227.72 1022.73 294.434 0.989995619654 1.15499895025 0.508997913215 6.05587427997 1.39756129504 10.5076606485 0.00692802392802 4.1994e-05
pedestrian -1 -1 -10 855.89 162.66 892.813 251.263 2.21799011528 0.942999200733 1.19599536975 4.59604211731 1.36385045241 12.0210580917 0.00692802392802 4.1753e-05
pedestrian -1 -1 -10 488.23 84.288 529.272 223.228 0.952995728701 1.18299976288 0.33799855151 -2.17972119219 -0.0329969791038 16.8582306525 0.00692802392802 3.7087e-05
pedestrian -1 -1 -10 948.59 218.5 993.607 278.696 1.06599531472 1.13799876341 0.692997714384 5.34338876062 1.37941213549 10.6070334624 0.00692802392802 1.1048e-05
pedestrian -1 -1 -10 934.07 210.31 972.881 279.463 2.24699002951 1.17399899078 1.19299536004 5.80591103453 1.38195523577 11.6351707769 0.00692802392802 7.6228e-06
pedestrian -1 -1 -10 269.54 192.77 308.815 281.014 1.87099166363 0.239000158469 1.19699553193 -6.81467174528 0.909378268055 15.465869039 0.00692802392802 5.0879e-06
pedestrian -1 -1 -10 861.14 163.5 885.233 226.059 2.21799011528 0.981999685473 1.19399552222 4.60317698943 1.36380852519 12.0405093483 0.00692802392802 2.2104e-06
pedestrian -1 -1 -10 981.95 226.4 1010.23 293.059 0.649997165799 0.628999283824 0.164999342274 5.51910322446 1.40257747958 10.0405711998 0.00692802392802 1.4644e-06
pedestrian -1 -1 -10 498.2 91.682 559.755 219.792 0.831996258162 0.137999441088 0.124999530622 -1.44524999535 -0.0666913178398 14.8206233713 0.00692802392802 1.0137e-07
