pedestrian -1 -1 -10 1166.6 157.14 1201.27 287.91 2.11576765347 1.04988517058 1.19199954738 5.97920066198 1.49451368607 7.53362682628 0.00753464155925 0.00034719
pedestrian -1 -1 -10 1167.0 56.834 1202.99 199.124 1.54683011926 0.97089335151 1.09299960057 6.11047436456 0.927353655364 7.66334040313 0.00753464155925 0.00029995
pedestrian -1 -1 -10 1156.8 129.5 1191.35 256.46 2.1137678988 1.10687908683 1.19099962016 5.97191503905 1.49294126407 7.5621942108 0.00753464155925 0.0002715
pedestrian -1 -1 -10 356.25 159.8 387.921 227.224 1.13187572098 1.10687908683 0.779999494204 -8.81192443103 1.07245794098 27.2372426471 0.00753464155925 0.00024789
pedestrian -1 -1 -10 1074.4 142.39 1110.12 264.55 2.08077152955 0.901901142646 1.19899999155 4.69363976386 1.4943334598 7.13000001229 0.00753464155925 0.00018037
pedestrian -1 -1 -10 1145.8 172.51 1182.45 294.28 2.11076826679 1.17287136496 1.19699966029 5.89137775099 1.49390319159 7.62377312269 0.00753464155925 0.00017959
pedestrian -1 -1 -10 1061.9 67.909 1099.69 190.589 1.54283060992 0.789913422903 1.19299947459 4.51505959399 0.959692766753 7.07927097684 0.00753464155925 0.00017442
pedestrian -1 -1 -10 1084.0 101.69 1120.26 222.38 1.86079571473 0.861905562508 1.1979995875 4.76691685003 1.27000851301 7.11113785074 0.00753464155925 0.00011808
pedestrian -1 -1 -10 1104.3 104.9 1142.57 233.5 1.93278777683 0.917899183988 1.19699966029 5.01963888675 1.33623188105 7.13678988464 0.00753464155925 0.00011522
pedestrian -1 -1 -10 1093.3 132.93 1129.97 253.4 2.08477109849 0.839908136468 1.1979995875 4.8368994978 1.49177035102 7.09798395618 0.00753464155925 0.00011033
pedestrian -1 -1 -10 1146.2 96.609 1180.61 225.179 1.83279873216 0.992891254335 1.18999969295 5.64722706761 1.21701606496 7.41862561419 0.00753464155925 0.00010535
pedestrian -1 -1 -10 1082.7 158.79 1120.22 288.13 2.08477109849 0.879903716606 1.19899951472 4.76155379279 1.49412112458 7.11851960832 0.00753464155925 0.00010329
pedestrian -1 -1 -10 1092.9 79.077 1129.72 200.287 1.62782125616 0.905900891374 1.19199954738 4.87900607144 1.03527841163 7.13404692278 0.00753464155925 0.00010283
pedestrian -1 -1 -10 6.6633 140.55 39.4263 226.208 0.826909185411 1.19586860898 1.18299972561 -6.45064851079 0.188039392269 7.99713389441 0.00753464155925 9.4479e-05
pedestrian -1 -1 -10 1124.5 169.0 1160.65 285.38 2.07877177488 1.06088364521 1.19499932902 5.75079500987 1.46483811168 7.68103355304 0.00753464155925 9.0466e-05
pedestrian -1 -1 -10 1135.7 106.53 1171.44 235.58 1.89179221011 0.953895492183 1.1979995875 5.49175303955 1.28213728288 7.35276007248 0.00753464155925 8.9569e-05
pedestrian -1 -1 -10 1113.9 87.447 1151.35 213.317 1.77480513155 0.996890526278 1.1979995875 5.15938243652 1.17673261329 7.17643427785 0.00753464155925 7.589e-05
pedestrian -1 -1 -10 1125.0 79.476 1161.82 200.776 1.65681811606 1.02688744977 1.19800006434 5.40557360847 1.04701117214 7.34064934189 0.00753464155925 6.8527e-05
pedestrian -1 -1 -10 368.92 178.11 381.708 228.313 0.820909876702 0.715921170541 0.62499980868 -8.73355481426 0.897160273621 27.354462969 0.00753464155925 6.2853e-05
pedestrian -1 -1 -10 1082.8 59.561 1119.4 183.641 1.54483036459 0.751917478736 1.19499980586 4.68090998111 0.957290844117 7.05906901688 0.00753464155925 6.2183e-05
pedestrian -1 -1 -10 1051.6 134.82 1088.58 257.5 2.07677196062 0.898901688689 1.19699942187 4.48963541837 1.49445978471 7.13000556675 0.00753464155925 5.6599e-05
pedestrian -1 -1 -10 1154.7 188.89 1191.74 309.85 2.11576765347 1.12987633086 1.19599973307 6.01703579042 1.49612982474 7.64433319783 0.00753464155925 4.7842e-05
pedestrian -1 -1 -10 1063.1 114.71 1099.26 233.86 1.94478648364 0.853906541838 1.19799982592 4.55492359852 1.36209356215 7.10799311982 0.00753464155925 4.5315e-05
pedestrian -1 -1 -10 1134.6 192.92 1172.24 313.34 2.01377885413 1.1938694498 1.19299995143 5.95306568383 1.39725283351 7.85255289633 0.00753464155925 3.3236e-05
pedestrian -1 -1 -10 1062.9 171.72 1099.99 297.6 2.07677196062 0.82790936707 1.19799982592 4.53586684566 1.49390044001 7.09416055572 0.00753464155925 3.0842e-05
pedestrian -1 -1 -10 1051.5 192.89 1085.97 315.56 2.07677196062 0.972893464266 1.19899975313 4.50391394332 1.49499728282 7.16689507 0.00753464155925 2.7424e-05
pedestrian -1 -1 -10 1102.3 163.67 1139.18 284.74 2.08877066743 0.814910779685 1.19699966029 4.90030244161 1.49153908641 7.08503748581 0.00753464155925 2.5391e-05
pedestrian -1 -1 -10 468.18 166.11 499.805 245.951 1.30385685754 1.05788466804 0.674999745691 -3.14029868191 1.55577969395 17.0927334023 0.00753464155925 2.4166e-05
pedestrian -1 -1 -10 1113.4 154.56 1149.53 274.52 2.10676863826 1.19786872174 1.19899951472 5.46048795933 1.49943176607 7.50639185374 0.00753464155925 2.2381e-05
pedestrian -1 -1 -10 1073.4 185.38 1109.89 313.49 2.08077152955 0.992891254335 1.1979995875 4.742481223 1.49497166211 7.17512887247 0.00753464155925 8.8337e-06
pedestrian -1 -1 -10 1124.7 210.63 1158.68 325.32 2.10376900625 1.18986970107 1.19599973307 5.64582119619 1.49095641924 7.61711388152 0.00753464155925 1.6165e-06
pedestrian -1 -1 -10 1094.6 207.46 1129.21 324.06 2.04977485538 1.0368865832 1.19199954738 5.43439112893 1.44524827015 7.69549446485 0.00753464155925 8.2023e-07
pedestrian -1 -1 -10 347.22 161.36 371.812 236.965 1.09887935173 1.04888487581 0.57699948768 -8.82330689928 1.03185856739 26.7236153094 0.00753464155925 7.6216e-07
pedestrian -1 -1 -10 929.04 203.09 963.775 317.66 2.07177251434 1.10787842804 1.19899951472 3.41939979863 1.50363689432 7.36742817551 0.00753464155925 4.7952e-07
pedestrian -1 -1 -10 909.53 209.73 944.298 319.08 2.07177251434 1.19686890375 1.1979995875 3.33452586689 1.506889811 7.58354937628 0.00753464155925 1.6736e-07
