pedestrian -1 -1 -10 155.9 262.65 169.441 308.503 2.2467533723 1.19886806294 0.401999827352 -5.62012535215 1.61624327521 8.99088188284 0.00753464155925 0.0047224
pedestrian -1 -1 -10 151.61 268.41 173.411 315.403 2.24475355804 1.19287010859 0.399000045708 -5.61628014861 1.61495218369 8.90384532313 0.00753464155925 0.0018705
pedestrian -1 -1 -10 162.39 175.09 193.775 229.076 2.25475245058 1.19786872174 0.399999972922 -5.6637070145 1.61397585059 9.57888372474 0.00753464155925 0.0015034
pedestrian -1 -1 -10 151.35 255.54 185.9 315.268 2.24975300431 1.19886806294 0.397000191279 -5.62163157023 1.61819902354 9.12290466535 0.00753464155925 0.00090363
pedestrian -1 -1 -10 137.66 254.63 173.115 317.9 2.23775435709 1.19186981382 0.390999674317 -5.59070645974 1.61212744891 8.71411615996 0.00753464155925 0.00088282
pedestrian -1 -1 -10 1171.1 180.57 1208.06 285.0 2.21375691366 1.18487013435 1.19799934908 4.3975473257 1.64563015741 5.44924354358 0.00753464155925 1.6125e-05
pedestrian -1 -1 -10 558.93 168.03 595.7 228.259 0.0999890208244 0.0 0.0 -1.47358774457 2.01659712136 38.4103860096 0.0 1.1368e-05
pedestrian -1 -1 -10 1158.6 199.1 1196.26 314.88 2.21375691366 1.19486926778 1.19799934908 4.31173816486 1.64606283536 5.47488723648 0.00753464155925 9.6318e-06
pedestrian -1 -1 -10 1174.2 200.77 1212.82 338.09 2.22075614441 1.18087086241 1.19899951472 4.42805941574 1.64563755397 5.4510654732 0.00753464155925 2.4829e-06
pedestrian -1 -1 -10 1146.9 213.02 1184.4 332.18 2.21375691366 1.18686977033 1.19899975313 4.24045886309 1.64654416182 5.5044209918 0.00753464155925 2.0383e-06
