pedestrian -1 -1 -10 491.52 174.26 505.362 231.451 1.44784100408 0.977893507765 0.522999841811 -3.18716982149 1.69391643394 21.4897143536 0.00753464155925 0.2711
pedestrian -1 -1 -10 483.23 176.2 502.025 227.96 1.44784100408 0.838908795267 0.522999841811 -3.18769341653 1.69288766131 21.4202239699 0.00753464155925 0.012155
pedestrian -1 -1 -10 495.57 174.44 511.333 232.791 1.44784100408 0.977893507765 0.522999841811 -3.18716982149 1.69391643394 21.4897143536 0.00753464155925 0.0057158
pedestrian -1 -1 -10 50.301 171.98 75.003 217.319 0.741918539166 0.19997790069 0.630999371968 -8.91607220495 0.315590849113 12.3197874976 0.00753464155925 0.0011943
pedestrian -1 -1 -10 502.1 177.67 514.301 216.404 1.44784100408 0.977893507765 0.522999841811 -3.18716982149 1.69391643394 21.4897143536 0.00753464155925 0.00054675
pedestrian -1 -1 -10 56.994 151.69 82.367 213.029 0.741918539166 0.19997790069 0.699999594987 -8.88157306993 0.315565730495 12.3195279259 0.00753464155925 0.00044748
pedestrian -1 -1 -10 17.666 115.84 86.011 292.59 0.471948175937 0.215976895601 0.719000119413 -7.30237684922 0.504067306946 9.84950141041 0.00753464155925 0.00028343
pedestrian -1 -1 -10 1102.1 146.57 1173.78 264.15 0.550939509749 0.978892848965 0.737999690166 4.75114571068 0.751456742381 6.72968517983 0.00753464155925 0.00019365
pedestrian -1 -1 -10 30.586 135.74 69.31 258.4 1.68281519497 0.592935452955 0.546000313514 -15.9327937817 0.737846780224 20.8280371651 0.00753464155925 0.00018085
pedestrian -1 -1 -10 1126.1 127.47 1194.09 264.89 0.341962457358 0.15798363815 0.22600167032 23.5979905546 0.709626616294 30.68857562 0.00753464155925 0.00010221
pedestrian -1 -1 -10 48.903 165.57 79.831 238.905 0.741918539166 0.19997790069 0.630999371968 -8.91607220495 0.315590849113 12.3197874976 0.00753464155925 9.0079e-05
pedestrian -1 -1 -10 43.716 180.33 63.074 221.601 1.68281519497 0.592935452955 0.546000313514 -15.9327937817 0.737846780224 20.8280371651 0.00753464155925 8.7077e-05
pedestrian -1 -1 -10 1002.7 211.75 1050.6 319.06 1.33685322678 0.684925382629 0.876999586581 4.95647842304 1.59690149114 8.52368786449 0.00753464155925 5.3219e-06
pedestrian -1 -1 -10 725.57 162.52 736.606 204.492 0.100988898159 0.101990016671 0.817999589383 9.10540301159 1.21243233395 51.3393822186 0.00753464155925 4.289e-06
