pedestrian -1 -1 -10 561.34 148.13 623.938 293.6 1.8239918083 0.916999195464 0.583997820832 -0.131228901945 1.41782216751 8.58301530871 0.00692802392802 0.67566
pedestrian -1 -1 -10 557.83 162.59 605.932 264.85 1.8239918083 0.916999195464 0.583997820832 -0.131228901945 1.41782216751 8.58301530871 0.00692802392802 0.091714
pedestrian -1 -1 -10 586.34 166.47 624.114 311.73 1.8239918083 0.916999195464 0.583997820832 -0.131228901945 1.41782216751 8.58301530871 0.00692802392802 0.049263
pedestrian -1 -1 -10 669.2 209.38 689.128 260.36 2.17099033445 1.17799965183 1.04399610931 1.34826051997 1.4338090618 12.8941889477 0.00692802392802 0.042589
pedestrian -1 -1 -10 902.55 231.55 918.803 274.323 0.933995816112 0.943000154407 0.420998422948 4.41640896146 1.39432838105 10.2930420051 0.00692802392802 0.025829
pedestrian -1 -1 -10 586.3 218.42 615.344 292.45 1.8239918083 0.818998735449 0.583997820832 -0.130889429894 1.41776518108 8.63201436278 0.00692802392802 0.021946
pedestrian -1 -1 -10 560.31 152.04 636.618 233.36 1.8239918083 0.916999195464 0.583997820832 -0.131228901945 1.41782216751 8.58301530871 0.00692802392802 0.016678
pedestrian -1 -1 -10 663.15 211.4 682.22 262.439 1.48299341649 1.09799882866 1.17699562611 1.28338286474 1.44888601311 12.9860583629 0.00692802392802 0.010806
pedestrian -1 -1 -10 699.31 160.85 712.547 205.882 2.06199079454 0.598000121177 1.19599548896 2.1254274657 1.16589378579 14.4425946697 0.00692802392802 0.0059267
pedestrian -1 -1 -10 564.67 180.06 580.443 232.132 1.8239918083 0.818998735449 0.583997820832 -0.130889429894 1.41776518108 8.63201436278 0.00692802392802 0.0054214
pedestrian -1 -1 -10 601.61 220.46 615.971 266.275 1.8239918083 0.791999280174 0.583997820832 -0.130795904206 1.41774948113 8.64551376644 0.00692802392802 0.0053092
pedestrian -1 -1 -10 595.56 215.84 619.899 275.683 1.8239918083 0.818998735449 0.583997820832 -0.130889429894 1.41776518108 8.63201436278 0.00692802392802 0.0034127
pedestrian -1 -1 -10 755.75 170.65 783.639 238.997 0.763996574283 0.0849990268707 0.831996654565 4.04928425135 0.749934407828 17.6401164114 0.00692802392802 0.0032909
pedestrian -1 -1 -10 678.88 207.83 690.735 259.41 2.06199079454 0.534999484855 1.1909955125 1.6841579538 1.16707120411 14.4771543307 0.00692802392802 0.0027425
pedestrian -1 -1 -10 559.91 174.03 590.709 237.067 1.8239918083 0.916999195464 0.583997820832 -0.131228901945 1.41782216751 8.58301530871 0.00692802392802 0.0026427
pedestrian -1 -1 -10 675.71 193.23 688.69 253.747 1.46799349785 1.09199926761 0.971996412578 1.38588010807 1.43360074761 12.9883390503 0.00692802392802 0.0015119
pedestrian -1 -1 -10 579.58 232.04 612.877 316.144 1.8239918083 0.704999445944 0.583997820832 -0.130494538151 1.41769889148 8.68901263962 0.00692802392802 0.0015091
pedestrian -1 -1 -10 751.76 191.42 767.45 239.22 0.764996571839 0.104999471081 0.972996157531 3.97871553319 0.750139901401 17.6306045029 0.00692802392802 0.00071535
pedestrian -1 -1 -10 894.57 227.44 922.673 277.9 0.933995816112 0.971000013361 0.420998422948 4.41631197039 1.39434466272 10.2790424116 0.00692802392802 0.00035542
pedestrian -1 -1 -10 574.59 261.94 602.144 311.085 1.85699165314 0.826999103868 0.583997820832 -0.131495156678 1.45087434663 8.53803521718 0.00692802392802 0.00033191
pedestrian -1 -1 -10 683.49 210.44 695.283 259.864 2.06199079454 0.556000332745 1.18799550279 1.78458240334 1.16680705743 14.4659575792 0.00692802392802 0.00026285
pedestrian -1 -1 -10 590.4 156.04 637.464 274.8 1.8239918083 0.916999195464 0.583997820832 -0.131228901945 1.41782216751 8.58301530871 0.00692802392802 0.00022853
pedestrian -1 -1 -10 705.8 159.48 723.674 202.513 0.756996591389 0.239000158469 1.09199590714 2.87263985557 0.741112845016 17.6982635985 0.00692802392802 0.00020388
pedestrian -1 -1 -10 908.84 223.97 922.174 270.543 0.886995975673 0.625999980132 0.339998875878 4.37455328596 1.34765680499 10.1068003638 0.00692802392802 0.00015339
pedestrian -1 -1 -10 938.06 222.37 967.642 275.741 0.979995673895 0.911999084412 0.190999267531 5.49777979002 1.40444895769 10.2030331262 0.00692802392802 0.00014141
pedestrian -1 -1 -10 664.69 176.76 677.833 224.715 2.26698992103 1.19099917763 1.16199557753 1.24590555824 1.44913423905 12.8563588168 0.00692802392802 0.00013333
pedestrian -1 -1 -10 676.15 200.77 706.134 261.385 2.06199079454 0.556000332745 1.11599574645 1.84458067957 1.16664206742 14.4655417111 0.00692802392802 0.00012974
pedestrian -1 -1 -10 653.06 207.04 679.068 267.944 2.26698992103 1.19399943499 1.09199590714 1.21066062401 1.44927176858 12.8211027098 0.00692802392802 0.00011308
pedestrian -1 -1 -10 695.74 159.67 720.478 219.898 2.06199079454 0.598000121177 1.19299559845 2.1619264886 1.16579341667 14.4423416828 0.00692802392802 5.6081e-05
pedestrian -1 -1 -10 338.64 219.85 384.4 281.176 1.01899541467 1.19099917763 1.0689959916 -3.69986395132 1.39036787528 10.593225064 0.00692802392802 4.7941e-05
pedestrian -1 -1 -10 673.47 176.44 686.817 232.127 1.46799349785 0.914999341778 0.985996358577 1.38062961117 1.433326344 13.2408809179 0.00692802392802 3.1395e-05
pedestrian -1 -1 -10 411.45 199.32 451.404 261.953 2.44598914087 0.600999424869 1.19699529352 -3.62283722855 1.5289336816 15.1531351703 0.00692802392802 8.1265e-06
pedestrian -1 -1 -10 322.45 215.64 346.065 279.634 1.07099522799 1.18299880921 1.16599574943 -4.11048992453 1.39918118035 10.8720563042 0.00692802392802 3.7815e-06
pedestrian -1 -1 -10 1106.6 124.3 1142.57 262.5 2.34098947197 1.1719991371 1.19899537947 8.40764777966 1.43416761212 11.2961441121 0.00692802392802 1.2094e-06
pedestrian -1 -1 -10 333.04 208.38 360.262 291.823 0.97499564141 1.03799940338 1.07899570609 -3.70592881304 1.39057060913 10.4307885131 0.00692802392802 5.4399e-07
