pedestrian -1 -1 -10 509.23 163.12 522.842 196.045 0.0999890208244 0.0 0.0 -6.52521594317 0.590200975613 52.8385490575 0.0 0.0054214
pedestrian -1 -1 -10 723.51 123.35 749.48 199.16 1.68881451858 0.965893784796 0.522999603392 5.94294244863 0.660924088416 32.3475018091 0.00753464155925 0.00020667
pedestrian -1 -1 -10 504.4 152.26 530.481 197.163 0.0999890208244 0.00599986148412 0.17600006438 -6.50423197116 -0.0254451285114 54.6237494273 0.00753464155925 0.00014042
pedestrian -1 -1 -10 1049.4 235.44 1087.97 359.42 2.0907703625 1.19286915503 0.487999766694 6.12863079943 1.5397380525 9.44541020471 0.00753464155925 3.0741e-05
pedestrian -1 -1 -10 728.17 120.08 758.409 222.24 1.92278885448 0.982890213768 0.522999603392 5.94128559799 0.891501255494 32.1163011624 0.00753464155925 2.8891e-05
pedestrian -1 -1 -10 733.88 123.63 755.639 183.781 1.48783660034 0.965893784796 0.522999603392 5.94288048013 0.459946170177 32.3489899678 0.00753464155925 2.4336e-05
pedestrian -1 -1 -10 1028.5 237.07 1069.03 360.64 2.06377343606 1.19686842697 0.746999988772 6.22417823379 1.54265134362 9.84850333491 0.00753464155925 2.3019e-05
pedestrian -1 -1 -10 92.875 105.35 130.279 185.361 0.28196902013 0.535941536705 0.510000072765 -9.15560605365 -0.448709597661 12.8995811196 0.00753464155925 8.8907e-06
pedestrian -1 -1 -10 1071.3 239.38 1107.74 358.15 2.09976937771 1.194868791 0.662999903859 6.29902675441 1.53352791153 9.03322837296 0.00753464155925 7.8461e-06
pedestrian -1 -1 -10 719.27 125.62 738.771 197.582 0.755916985751 0.169979546839 0.0380000951792 5.70938342953 0.096050390492 32.7487743956 0.00753464155925 4.698e-06
pedestrian -1 -1 -10 1182.6 223.38 1212.85 331.04 2.20875749719 1.00189009299 1.19899951472 6.85354970498 1.57136013888 8.43771540979 0.00753464155925 3.4371e-06
pedestrian -1 -1 -10 709.4 123.4 742.175 227.38 1.42584341216 0.345962769442 0.22099988848 3.45654095706 0.614292651117 21.5294855316 0.00753464155925 2.8206e-06
