pedestrian -1 -1 -10 315.51 156.96 329.297 211.183 0.551939401983 0.101990016671 0.797000641038 -14.6810854881 0.613808488453 37.8209170131 0.00753464155925 0.02029
pedestrian -1 -1 -10 926.28 250.67 942.544 296.741 1.26686088955 1.1758712957 0.31400003358 3.4937354088 1.48070957508 7.70729703043 0.00753464155925 0.0024814
pedestrian -1 -1 -10 915.46 250.43 932.951 295.783 1.25586203028 1.19786919852 0.311000013518 3.49729178224 1.47875018318 7.98025573529 0.00753464155925 0.0011847
pedestrian -1 -1 -10 977.76 255.63 993.995 299.549 1.64081986615 1.19586908577 0.655999936519 3.24922138258 1.56420215142 6.71953478685 0.00753464155925 0.00085868
pedestrian -1 -1 -10 916.64 251.06 948.657 312.774 1.29785750413 1.19386897301 0.31400003358 3.49244916253 1.50916016233 7.53509130505 0.00753464155925 0.00064517
pedestrian -1 -1 -10 1184.8 250.16 1225.91 339.35 1.79980242252 1.19686890375 1.19499980586 4.94412174599 1.48124747462 5.98456910387 0.00753464155925 0.00064244
pedestrian -1 -1 -10 307.07 156.88 338.601 209.099 0.0999890208244 0.0 0.0 -11.6893612985 0.623863096475 29.8417837941 0.0 0.00061676
pedestrian -1 -1 -10 980.53 249.7 1000.65 302.466 1.64081986615 1.19686890375 0.832999689695 3.66690689343 1.56232098897 6.6099008607 0.00753464155925 0.00029244
pedestrian -1 -1 -10 972.89 258.01 988.52 298.723 1.63182079134 1.19786872174 0.301000026116 3.48054070897 1.55666353164 6.82785214956 0.00753464155925 0.00021499
pedestrian -1 -1 -10 955.03 259.14 990.007 324.002 1.62582152733 1.19586908577 0.31400003358 3.48775438313 1.55206576863 6.92283435429 0.00753464155925 0.00017818
pedestrian -1 -1 -10 936.8 256.05 965.968 320.413 1.4008461659 1.19486926778 0.31400003358 3.49041891357 1.52021363752 7.26916854149 0.00753464155925 0.00017628
pedestrian -1 -1 -10 969.16 252.65 1001.27 315.192 1.64081986615 1.19086951905 0.655999936519 3.24957923647 1.56490527169 6.7670283689 0.00753464155925 0.0001644
pedestrian -1 -1 -10 324.99 154.22 338.337 210.401 0.876903737542 0.423955247317 0.31599988801 -11.2167058304 0.622341209655 29.8319941566 0.00753464155925 0.00011402
pedestrian -1 -1 -10 973.81 251.34 1011.08 336.481 1.64081986615 1.19786872174 0.824999795141 3.66260194326 1.56172440147 6.56943661581 0.00753464155925 7.1925e-05
pedestrian -1 -1 -10 903.7 250.11 923.138 296.738 1.24186356879 1.19686842697 0.324999948197 3.49456001499 1.48320196721 8.28064793346 0.00753464155925 6.3254e-05
pedestrian -1 -1 -10 894.52 248.85 911.145 297.161 1.1728712579 1.19586908577 0.708999893593 3.68860123586 1.47905242631 8.54827357273 0.00753464155925 6.219e-05
pedestrian -1 -1 -10 896.97 249.37 931.228 305.578 1.24186356879 1.19386897301 0.324999948197 3.49438297404 1.48285411273 8.25715144741 0.00753464155925 3.9292e-05
pedestrian -1 -1 -10 880.22 251.41 912.027 305.29 1.76580614614 1.18186972683 0.744999657505 3.70001527443 1.48218327902 8.76455990335 0.00753464155925 2.5516e-05
pedestrian -1 -1 -10 885.43 251.66 900.093 298.266 1.75480731666 1.17987104443 0.744999657505 3.70053171335 1.47220582499 8.83363207242 0.00753464155925 2.4433e-05
pedestrian -1 -1 -10 809.04 171.63 845.262 255.416 1.33185372091 1.17787045488 0.284000071374 3.42924215971 1.48199050341 11.1007131051 0.00753464155925 2.0559e-05
pedestrian -1 -1 -10 879.19 250.14 894.914 297.115 1.57582697543 1.19786967531 0.736999762951 3.69574722418 1.4744897741 8.98633050478 0.00753464155925 1.5353e-05
pedestrian -1 -1 -10 870.96 244.71 903.376 301.026 1.57582697543 1.19386849623 0.733999742889 3.69420958702 1.47441685207 8.98134236574 0.00753464155925 7.8985e-06
pedestrian -1 -1 -10 63.99 211.48 151.929 329.06 1.53183184003 1.18687024711 0.932999563717 -2.92676487042 1.70378740695 4.00131533489 0.00753464155925 7.5099e-08
