pedestrian -1 -1 -10 210.71 144.71 299.943 353.91 1.87799158692 0.627999356981 0.723997258472 -3.28503291987 1.48813332241 6.29835903089 0.00692802392802 0.99505
pedestrian -1 -1 -10 1110.2 166.57 1215.03 321.36 1.56899302006 1.16999832974 1.18799526437 7.89938694946 1.44419613646 9.87709054843 0.00692802392802 0.15036
pedestrian -1 -1 -10 764.15 174.7 783.594 238.082 0.763996574283 0.107999728447 0.727996953536 4.10225849816 0.749792738118 17.6362482091 0.00692802392802 0.015455
pedestrian -1 -1 -10 1148.3 171.79 1193.2 310.19 1.58099293113 1.18999972762 1.16499558725 7.962763101 1.45604469275 9.85665779746 0.00692802392802 0.014151
pedestrian -1 -1 -10 181.98 179.36 278.211 347.89 1.88099159449 0.627999356981 0.723997258472 -3.2850287831 1.49113332998 6.29836074675 0.00692802392802 0.005909
pedestrian -1 -1 -10 329.86 242.67 357.599 285.054 0.361998346448 0.142000102134 0.158999322842 -4.48883119649 1.28782426863 12.0984902437 0.00692802392802 0.0058404
pedestrian -1 -1 -10 354.41 219.78 385.127 280.569 0.962995670736 0.945999458099 0.669997560425 -3.51367509894 1.37207622919 10.3994410721 0.00692802392802 0.0038892
pedestrian -1 -1 -10 320.63 239.16 345.033 284.8 0.597997352481 0.301999841118 0.695997485682 -4.53094022448 1.30765538242 11.4726529132 0.00692802392802 0.003032
pedestrian -1 -1 -10 337.17 225.8 358.37 279.448 0.29399869144 0.0260000052686 0.233998850481 -5.21018280862 1.289151818 13.5515651106 0.00692802392804 0.0028122
pedestrian -1 -1 -10 235.75 189.06 317.234 348.03 1.87299161404 0.627999356981 0.677997427388 -3.26204045137 1.48307010329 6.29819675488 0.00692802392802 0.0021905
pedestrian -1 -1 -10 306.51 230.0 337.398 278.479 0.969995608926 0.999999322323 1.12199576588 -4.12299501413 1.38080896655 10.3536676612 0.00692802392802 0.0017613
pedestrian -1 -1 -10 351.36 220.06 371.839 273.795 1.05799521506 1.19399848132 1.05699571432 -3.69088924793 1.37933325332 10.6016272061 0.00692802392802 0.0013023
pedestrian -1 -1 -10 308.82 221.24 325.353 272.547 0.969995608926 1.09899923234 1.16799559696 -4.17965041858 1.3809081394 10.4035615027 0.00692802392802 0.0012988
pedestrian -1 -1 -10 1120.4 161.87 1189.59 282.22 2.3019897908 1.16799942973 1.19499520757 8.90985867891 1.39173980648 11.3336384857 0.00692802392802 0.0008403
pedestrian -1 -1 -10 332.63 226.03 345.149 275.993 0.969995608926 0.705999849623 1.06399613435 -3.71157449247 1.37977139874 10.2688137985 0.00692802392802 0.00082266
pedestrian -1 -1 -10 1037.4 93.911 1071.67 206.981 1.62799277902 0.672999879616 1.19699553193 7.28347530488 0.749977657278 11.5500570429 0.00692802392802 0.00035519
pedestrian -1 -1 -10 362.9 244.5 395.984 282.651 0.550997512043 0.104999471081 0.108999796695 -3.43530565727 1.25743941719 11.6425352883 0.00692802392802 0.00030149
pedestrian -1 -1 -10 357.8 254.56 381.943 285.781 0.961995717883 0.748999088062 1.16999544449 -3.79153271311 1.28078594053 11.3227834604 0.00692802392802 0.00027969
pedestrian -1 -1 -10 1048.9 86.739 1083.64 207.659 1.70299237221 0.684999955407 1.19499520757 7.47858447235 0.81343412627 11.5547356781 0.00692802392802 0.00027487
pedestrian -1 -1 -10 323.6 222.92 343.262 273.326 0.29399869144 0.0260000052686 0.233998850481 -5.21018280862 1.289151818 13.5515651106 0.00692802392804 0.00025521
pedestrian -1 -1 -10 1089.2 88.766 1123.87 209.846 1.69299242646 0.732999304898 1.19899537947 8.31235677781 0.792168764369 11.5249399907 0.00692802392802 0.00019149
pedestrian -1 -1 -10 714.73 170.42 725.123 217.864 0.755996593833 0.12099830057 1.1909955125 2.97250810127 0.740942318204 17.6065692786 0.00692802392802 0.00018623
pedestrian -1 -1 -10 1017.2 97.511 1051.49 210.701 1.791991961 0.698999884885 1.18499549307 6.98394837373 0.915762290265 11.5862304078 0.00692802392802 0.00011342
pedestrian -1 -1 -10 981.76 216.67 1015.81 287.307 1.07699518353 1.1729985871 0.361998629236 5.5750546721 1.40775731675 10.62095547 0.00692802392802 0.00010912
pedestrian -1 -1 -10 364.89 203.83 399.29 273.745 1.00599552095 1.19399848132 0.684997370586 -3.50484214519 1.37182184598 10.6003597489 0.00692802392802 4.9847e-05
pedestrian -1 -1 -10 202.51 157.31 252.864 335.84 1.88099159449 0.627999356981 0.723997258472 -3.2850287831 1.49113332998 6.29836074675 0.00692802392802 3.6604e-05
pedestrian -1 -1 -10 950.92 235.09 979.286 277.257 2.09399065673 0.962000194937 1.1979954557 6.13047776306 1.38292141884 11.7570153603 0.00692802392802 3.0061e-05
pedestrian -1 -1 -10 1067.5 80.123 1104.72 216.173 1.78699198812 0.776998947017 1.18999558874 7.83117685554 0.896466750207 11.5503406875 0.00692802392802 2.149e-05
pedestrian -1 -1 -10 300.83 208.74 316.003 263.343 0.224998994172 0.180000183194 0.273999138968 -7.72583605582 1.50219306358 18.7074076231 0.00692802392802 1.4083e-05
pedestrian -1 -1 -10 490.48 89.267 529.407 217.187 0.955995725095 1.16599766869 0.315998798152 -2.17634364692 -0.0340697680351 16.9137056602 0.00692802392802 1.2647e-05
pedestrian -1 -1 -10 250.68 152.97 305.248 319.87 1.29499424938 0.735000112258 0.550998049235 -6.17514273933 1.14958897683 13.7430103314 0.00692802392802 7.1306e-07
