pedestrian -1 -1 -10 1103.6 67.911 1141.0 194.541 1.5828261801 0.981892779707 1.07499948019 6.09994668319 0.951057244956 8.65597203616 0.00753464155925 0.0015142
pedestrian -1 -1 -10 1124.3 70.907 1159.6 189.467 1.5308319031 0.838907841697 0.784999607114 6.24546514901 0.900015779861 8.72675652262 0.00753464155925 0.00050411
pedestrian -1 -1 -10 1094.8 99.467 1128.05 223.287 1.92078907001 0.938897268827 1.19899951472 5.89698444417 1.28905761358 8.51247995769 0.00753464155925 0.00040747
pedestrian -1 -1 -10 1074.8 101.71 1108.24 222.45 1.88679282343 0.945896471512 1.19599973307 5.52115924808 1.25972064673 8.33896971563 0.00753464155925 0.00020821
pedestrian -1 -1 -10 1136.2 186.37 1169.83 299.27 0.184979726668 0.297967691849 0.227000167024 8.77060234543 1.07883164492 11.5770178872 0.00753464155925 0.00014883
pedestrian -1 -1 -10 1031.2 68.04 1066.74 193.09 1.54783005619 0.734919142625 1.19299995143 4.7834495931 0.945078990121 8.06213784987 0.00753464155925 0.00011831
pedestrian -1 -1 -10 1125.0 184.19 1158.85 299.75 2.14776414538 1.18687024711 1.18899976573 6.5877908236 1.51894972689 8.8716017663 0.00753464155925 0.00011612
pedestrian -1 -1 -10 1062.8 111.22 1098.41 232.56 1.90779048586 1.09188038669 1.19200002421 5.47540872797 1.28222535146 8.37114069807 0.00753464155925 0.00010826
pedestrian -1 -1 -10 1084.9 67.797 1120.29 196.787 1.57482710182 0.962894807624 1.19200002421 5.77221740284 0.945860322731 8.49393667431 0.00753464155925 9.6684e-05
pedestrian -1 -1 -10 1020.8 148.85 1058.25 277.26 2.07677190102 0.812910666929 1.19599973307 4.73940766124 1.47463053193 8.09755071813 0.00753464155925 8.8127e-05
pedestrian -1 -1 -10 1011.9 124.66 1047.84 246.23 2.07177245474 0.878903421835 1.19699966029 4.67415966926 1.47516670281 8.13100194854 0.00753464155925 8.3509e-05
pedestrian -1 -1 -10 1051.9 89.619 1088.57 213.389 1.66381731701 1.11687726669 1.19899951472 5.34470148801 1.04407268303 8.35534340617 0.00753464155925 8.1717e-05
pedestrian -1 -1 -10 1114.6 174.48 1149.42 291.8 2.12276691401 1.12487676415 1.19299947459 6.30332214245 1.49127205915 8.67894329355 0.00753464155925 4.9692e-05
pedestrian -1 -1 -10 1041.2 117.88 1079.1 243.03 2.01477879107 0.968893715538 1.19699966029 5.06745889845 1.40055498901 8.17372751838 0.00753464155925 4.0276e-05
pedestrian -1 -1 -10 1093.5 163.56 1129.69 280.43 2.10076937425 1.06388262238 1.1779996127 6.10668154206 1.46914373491 8.66208682508 0.00753464155925 3.4983e-05
pedestrian -1 -1 -10 475.67 166.38 502.197 232.178 0.580936202289 0.186979790091 0.563999718634 -3.3602351563 0.757239936766 18.9386154493 0.00753464155925 8.8408e-06
pedestrian -1 -1 -10 1082.7 171.24 1119.61 291.12 2.11876740467 1.1708712522 1.19899951472 5.91191893836 1.48874283968 8.62689237643 0.00753464155925 6.5182e-06
pedestrian -1 -1 -10 37.238 125.42 77.465 236.27 1.47383813513 1.18986922428 1.14799988891 -7.62129030156 1.26899982188 10.0360218095 0.00753464155925 3.2612e-06
pedestrian -1 -1 -10 353.48 166.5 389.685 232.823 0.470948279978 0.426951363779 0.424999106963 -8.62391715504 0.555485624449 27.8536728098 0.00753464155925 1.524e-06
