pedestrian -1 -1 -10 1178.7 157.42 1208.92 212.656 1.48283722484 0.792914307215 0.64200000184 18.3933575146 1.33469450366 22.5113496864 0.00753464155925 0.80445
pedestrian -1 -1 -10 258.35 210.76 274.997 255.932 2.14176479197 1.19686890375 0.810999860462 -3.23696440056 1.59750780129 6.54109006244 0.00753464155925 0.008189
pedestrian -1 -1 -10 263.44 201.71 280.461 252.406 2.14176479197 1.19686890375 0.810999860462 -3.23629389556 1.59882522626 6.63007801213 0.00753464155925 0.0072424
pedestrian -1 -1 -10 1165.8 154.84 1200.68 219.316 1.48283722484 0.792914307215 0.64200000184 18.3933575146 1.33469450366 22.5113496864 0.00753464155925 0.0065007
pedestrian -1 -1 -10 417.45 178.01 436.094 223.239 2.20575786518 1.1958681322 0.657999790949 -2.21472015532 1.62377861269 8.76328012959 0.00753464155925 0.0064835
pedestrian -1 -1 -10 411.63 189.33 431.905 232.379 2.20375805092 1.19886806294 0.657999790949 -2.26234719237 1.62257682549 8.68013054769 0.00753464155925 0.0061331
pedestrian -1 -1 -10 265.68 219.33 288.695 271.919 2.14976398944 1.19786872174 0.810999860462 -3.23550401841 1.5963873794 6.73568190407 0.00753464155925 0.0058149
pedestrian -1 -1 -10 260.25 212.58 283.198 263.996 2.14176479197 1.19586908577 0.810999860462 -3.23633533175 1.59874381141 6.62457869253 0.00753464155925 0.0047387
pedestrian -1 -1 -10 411.75 167.38 433.562 215.057 2.19075946677 1.19786872174 0.674999745691 -2.22345744717 1.60932740098 8.73244446963 0.00753464155925 0.0042578
pedestrian -1 -1 -10 400.89 174.7 436.544 234.697 2.20275811398 1.19786872174 0.669999871199 -2.28974850211 1.62280436534 8.62681868259 0.00753464155925 0.0036479
pedestrian -1 -1 -10 400.44 163.33 421.455 217.696 2.14776420497 1.19686842697 0.689999846003 -2.32955733552 1.56927688387 8.5219897016 0.00753464155925 0.0030319
pedestrian -1 -1 -10 386.08 142.08 405.597 204.164 1.91278999173 1.19586908577 0.676999838538 -2.46794862037 1.33781164523 8.28218607641 0.00753464155925 0.0029175
pedestrian -1 -1 -10 258.8 204.25 297.201 281.621 2.14976398944 1.19686890375 0.810999860462 -3.23559819058 1.59620234756 6.72318358045 0.00753464155925 0.0021159
pedestrian -1 -1 -10 261.4 221.57 309.298 301.251 2.14976398944 1.19786919852 0.789999720024 -3.2249590444 1.59646854661 6.74160187974 0.00753464155925 0.0020633
pedestrian -1 -1 -10 392.21 164.19 409.971 215.764 2.16976168514 1.19786872174 0.685999898726 -2.39443147969 1.59358123959 8.40476548948 0.00753464155925 0.0012028
pedestrian -1 -1 -10 366.86 203.28 395.884 273.108 2.18575996089 1.19786872174 0.676999838538 -2.56849963858 1.61462601224 8.06283618051 0.00753464155925 0.00072701
pedestrian -1 -1 -10 381.77 172.32 415.563 236.665 2.19775872731 1.19886853972 0.665999685503 -2.43895151838 1.62256648704 8.33436872673 0.00753464155925 0.00030929
pedestrian -1 -1 -10 248.38 194.78 282.958 259.329 2.14176479197 1.19786872174 0.810999860462 -3.23696816716 1.59750040058 6.54059016763 0.00753464155925 0.00014681
pedestrian -1 -1 -10 1152.7 160.4 1191.66 238.641 0.633930378975 0.436952404346 0.591998872737 24.9858407599 1.03482543543 31.975144098 0.00753464155925 9.3507e-05
pedestrian -1 -1 -10 1138.9 165.3 1182.02 246.361 1.33985286763 0.798912261559 0.487999766694 15.3468838055 1.45214259908 20.0491651637 0.00753464155925 7.5987e-05
