pedestrian -1 -1 -10 166.01 176.49 245.638 313.55 2.48472715795 0.75691704545 1.19899951472 -6.10889434884 1.91325136304 11.199233441 0.00753464155925 0.20905
pedestrian -1 -1 -10 973.32 206.74 996.244 255.321 2.04077586997 1.19786872174 0.203999933738 3.36480156679 1.48171359381 6.42480472162 0.00753464155925 0.037682
pedestrian -1 -1 -10 964.46 197.78 993.921 272.741 2.0387760855 1.19586860898 0.199999986461 3.37297216402 1.47601854653 6.58083409188 0.00753464155925 0.021906
pedestrian -1 -1 -10 697.25 156.07 717.94 202.019 0.298967165769 0.0249968799976 0.0529999570732 4.5340968117 0.640519175297 31.6435347699 0.00753464155925 0.012244
pedestrian -1 -1 -10 1019.6 215.71 1041.99 267.376 2.02077811468 1.19586908577 0.223999908543 3.33338477206 1.47207466365 5.70493649606 0.00753464155925 0.0063518
pedestrian -1 -1 -10 948.9 183.68 987.449 252.845 2.02977712989 1.19786872174 0.197999893613 3.38546524494 1.46495783317 6.77986467419 0.00753464155925 0.0031908
pedestrian -1 -1 -10 943.45 179.36 966.003 229.396 2.0417758367 1.19586908577 0.197999893613 3.39151240658 1.47198088747 7.05184132229 0.00753464155925 0.0026839
pedestrian -1 -1 -10 984.01 215.6 1003.58 264.59 2.03077694762 1.19786872174 0.206000026586 3.36306139149 1.47226453925 6.32687013558 0.00753464155925 0.0021183
pedestrian -1 -1 -10 935.04 181.44 976.957 260.201 2.0417758367 1.19586908577 0.197999893613 3.39151240658 1.47198088747 7.05184132229 0.00753464155925 0.0019292
pedestrian -1 -1 -10 1006.4 217.45 1038.71 275.947 2.01377885413 1.19586860898 0.203000006524 3.33827377631 1.46381174933 5.88999588489 0.00753464155925 0.00175
pedestrian -1 -1 -10 953.01 205.35 991.798 295.47 2.02977712989 1.19586908577 0.197999893613 3.38534470298 1.46472098931 6.76386661018 0.00753464155925 0.00082965
pedestrian -1 -1 -10 977.23 191.08 1002.18 245.704 2.03277673209 1.19586908577 0.206000026586 3.36344499677 1.47301946801 6.37787802722 0.00753464155925 0.0007847
pedestrian -1 -1 -10 963.05 205.56 981.896 262.636 2.04277565444 1.194868791 0.193999946336 3.37990875262 1.47785708864 6.70530142853 0.00753464155925 0.00062124
pedestrian -1 -1 -10 194.41 181.75 272.317 308.09 1.90979032993 1.18486965757 0.790000196861 -6.25006736218 1.82456714885 12.0214682999 0.00753464155925 0.00055933
pedestrian -1 -1 -10 134.22 170.89 287.54 338.55 2.48472715795 0.826910025869 1.18899976573 -6.06363211491 1.91373669183 11.2338903684 0.00753464155925 0.00048777
pedestrian -1 -1 -10 932.8 182.97 960.242 240.145 2.04877509724 1.19686890375 0.211999828293 3.40800537196 1.47490825941 7.25025283114 0.00753464155925 0.00046297
pedestrian -1 -1 -10 1047.9 277.64 1096.73 365.904 2.00378002119 1.19786872174 0.228999783034 3.30627316974 1.46298682311 5.2250832416 0.00753464155925 0.00015208
pedestrian -1 -1 -10 941.41 167.75 978.4 229.599 2.03777626776 1.19886853972 0.193999946336 3.38868124321 1.47034666697 6.94134189798 0.00753464155925 0.00011187
pedestrian -1 -1 -10 703.67 143.35 734.998 213.098 2.33874315989 1.01288952119 0.407999867477 4.43856226796 1.41661900461 27.9413520748 0.00753464155925 0.00010784
pedestrian -1 -1 -10 232.45 196.61 287.55 315.88 1.86979464055 1.18586995234 0.575000110088 -6.13970857162 1.79014033816 12.4024027924 0.00753464155925 7.8549e-05
pedestrian -1 -1 -10 920.29 179.25 956.817 265.372 2.04577540564 1.19786872174 0.223999908543 3.40363254985 1.47011822982 7.46686440643 0.00753464155925 7.5157e-05
pedestrian -1 -1 -10 862.25 139.85 904.29 238.835 2.02177793241 1.18686929354 0.235000061578 3.49158442287 1.41662168852 9.12554510439 0.00753464155925 8.4503e-06
pedestrian -1 -1 -10 872.21 233.68 901.763 317.92 2.01477879107 1.17587081891 0.238999770437 3.49572109399 1.40786336756 9.27711244155 0.00753464155925 4.8725e-06
