pedestrian -1 -1 -10 1140.4 282.13 1163.72 339.682 2.03977602243 1.19786872174 1.1979995875 3.39768278299 1.51585872141 4.54478460635 0.00753464155925 0.025506
pedestrian -1 -1 -10 943.83 262.87 963.239 317.601 2.09776965284 1.19186981382 1.09999980633 3.43655498703 1.54390914268 7.31888865881 0.00753464155925 0.0029324
pedestrian -1 -1 -10 935.73 264.22 955.201 316.43 2.08277131402 1.19586908577 1.08899965329 3.44370017247 1.53214854275 7.53792799098 0.00753464155925 0.0013375
pedestrian -1 -1 -10 778.55 180.83 812.658 248.343 1.86879482281 1.18187163397 0.494999734034 3.99769977646 1.4598906472 15.2413032545 0.00753464155925 0.00085334
pedestrian -1 -1 -10 847.23 243.52 866.8 288.746 1.79380305421 1.18686929354 0.379999998118 3.68427030002 1.53617859118 10.7218564881 0.00753464155925 0.0008492
pedestrian -1 -1 -10 1135.3 274.16 1167.69 358.627 2.04077595937 1.19386897301 1.18499958004 3.39104013179 1.51658214624 4.52582891247 0.00753464155925 0.0003657
pedestrian -1 -1 -10 1185.2 206.98 1225.56 289.427 2.05877387059 1.19786896013 1.05699959824 3.48823720714 1.52400127598 4.15306851379 0.00753464155925 0.00014505
pedestrian -1 -1 -10 1138.3 208.53 1174.08 309.71 2.04477546871 1.19786872174 1.16999947972 3.43858213828 1.51563643785 4.53151493132 0.00753464155925 8.0795e-05
pedestrian -1 -1 -10 855.69 193.19 888.89 273.061 1.80680163836 1.18387031637 0.501999939792 3.71606916824 1.53695965542 9.89808775997 0.00753464155925 5.6482e-05
pedestrian -1 -1 -10 1147.3 262.0 1177.95 344.311 2.04577537584 1.19686890375 1.18999969295 3.46366772985 1.51578846645 4.54283277466 0.00753464155925 5.0599e-05
pedestrian -1 -1 -10 781.64 160.67 828.325 249.101 1.44784107112 1.17787140845 0.216000013988 3.89638000882 1.4852480948 14.3124473695 0.00753464155925 3.1739e-05
pedestrian -1 -1 -10 1171.0 213.36 1216.1 313.12 2.05177475905 1.19686890375 1.09199967335 3.49658181717 1.51766207794 4.26556327325 0.00753464155925 5.8048e-06
pedestrian -1 -1 -10 1159.2 251.31 1198.76 353.48 2.04577537584 1.19586908577 1.18199979839 3.45249652685 1.51349395736 4.3874292863 0.00753464155925 1.5044e-06
