pedestrian -1 -1 -10 729.85 192.99 748.67 243.412 2.14976395964 1.19686842697 0.357999930466 2.79596363023 1.43334437478 15.629382494 0.00753464155925 0.071965
pedestrian -1 -1 -10 721.76 192.48 735.209 240.899 2.15976285219 1.1708712522 0.383999945395 2.74170453818 1.43877397908 15.993835026 0.00753464155925 0.023272
pedestrian -1 -1 -10 736.8 187.63 756.28 241.944 2.15976291179 1.19786872174 0.481000037773 3.02469491584 1.45674826848 15.1258177326 0.00753464155925 0.022296
pedestrian -1 -1 -10 742.71 196.87 754.464 247.727 2.15976291179 1.19686938054 0.455000022844 3.01187985227 1.45712039288 15.150412056 0.00753464155925 0.020617
pedestrian -1 -1 -10 741.62 191.13 763.105 247.778 2.16776199007 1.18287097517 0.481999964987 3.0846798703 1.46674966506 14.7907304358 0.00753464155925 0.020391
pedestrian -1 -1 -10 724.57 145.35 757.299 241.427 2.17276143634 1.17887074966 0.334999935599 2.82727824391 1.46396349381 15.4698420945 0.00753464155925 0.0088757
pedestrian -1 -1 -10 738.88 156.29 765.851 248.154 2.17576112794 1.19086951905 0.473999832015 3.08798473879 1.47836871329 14.6975804407 0.00753464155925 0.0074957
pedestrian -1 -1 -10 744.58 143.02 757.564 202.111 2.15276365125 1.19086951905 0.481999964987 3.08464511299 1.45169212057 14.7868423339 0.00753464155925 0.0054807
pedestrian -1 -1 -10 751.95 149.4 763.49 203.171 2.14776420497 1.18687024711 0.490999786756 3.0956998626 1.44884093571 14.5947373599 0.00753464155925 0.0048965
pedestrian -1 -1 -10 733.02 132.7 751.819 196.996 1.80980125547 1.19486974457 0.474999997648 2.9601830529 1.09898142572 15.3415392935 0.00753464155925 0.0042105
pedestrian -1 -1 -10 290.9 233.83 321.062 292.444 2.1427646991 1.1818706804 0.697999740557 -3.83410449524 1.5350309006 9.38841385212 0.00753464155925 0.0038648
pedestrian -1 -1 -10 732.42 172.91 753.003 234.763 2.17276143634 1.19686842697 0.328999895474 2.82443650953 1.46427651487 15.4908607245 0.00753464155925 0.0028344
pedestrian -1 -1 -10 716.21 185.61 740.959 238.139 2.15976285219 1.1708712522 0.383999945395 2.74170453818 1.43877397908 15.993835026 0.00753464155925 0.0027575
pedestrian -1 -1 -10 724.66 127.71 745.627 188.21 1.7878037157 1.18886892951 0.370999937931 2.76381964272 1.07029544049 15.8273472137 0.00753464155925 0.0027498
pedestrian -1 -1 -10 739.65 138.45 763.772 209.017 2.05877398979 1.17487147771 0.473999832015 3.08842020484 1.35731467463 14.7615112793 0.00753464155925 0.0012652
pedestrian -1 -1 -10 1037.3 115.56 1095.05 219.37 1.63981996298 0.955895128154 0.906999787206 4.72700760992 1.03827527439 7.60030072554 0.00753464155925 0.00020486
