pedestrian -1 -1 -10 442.6 177.95 456.461 222.46 1.24486326784 0.805911464244 1.06299987678 -4.92530200548 1.53952412861 23.078812103 0.00753464155925 0.0053465
pedestrian -1 -1 -10 484.91 186.23 497.009 226.053 0.756916892886 0.592935452955 0.332000153955 -3.92445639253 1.58063827767 25.3528643443 0.00753464155925 0.0016655
pedestrian -1 -1 -10 496.04 183.52 506.551 223.605 0.263970989707 0.177979997865 0.379999998118 -4.01907081974 0.986692194611 26.5013789902 0.00753464155925 0.00079731
pedestrian -1 -1 -10 495.67 182.3 517.439 220.762 0.107988099103 0.229976254541 0.564999645849 -4.04610489209 1.01937268258 31.2045937896 0.00753464155925 0.00029857
pedestrian -1 -1 -10 505.88 181.35 522.39 217.858 0.641929509402 0.574937775642 0.706999562326 -3.61349633467 1.6064965283 28.4617172124 0.00753464155925 0.00010064
pedestrian -1 -1 -10 439.18 163.08 460.306 224.463 1.24486326784 0.661926231464 1.1079999393 -4.90334504449 1.53844196017 23.0066522446 0.00753464155925 7.5973e-05
pedestrian -1 -1 -10 423.97 154.61 459.562 223.895 1.24386337561 0.65692761832 0.859999870258 -5.02732242979 1.53856924133 23.0100770269 0.00753464155925 1.6007e-05
pedestrian -1 -1 -10 429.5 158.84 444.08 222.838 1.24086370635 0.576936458044 0.703999780682 -5.10501799245 1.53921813015 23.0506361166 0.00753464155925 1.2466e-05
pedestrian -1 -1 -10 417.2 164.55 436.523 236.685 1.60982319594 1.1468737134 0.615000059696 -4.83820608521 1.44614746112 18.3330837411 0.00753464155925 3.2696e-06
pedestrian -1 -1 -10 227.88 189.56 254.987 212.31 0.637929949776 0.779915243046 1.14499915359 -13.1094480269 0.88850207952 26.1810409472 0.00753464155925 2.8826e-06
pedestrian -1 -1 -10 328.78 169.5 353.403 197.759 0.223975408345 0.139984053698 0.813999403687 -6.36420293012 0.144173950967 17.9330406675 0.00753464155925 2.1701e-07
