pedestrian -1 -1 -10 521.97 151.68 572.034 317.61 1.85599173009 0.576999273287 0.447998331576 -0.709748326866 1.45167390425 8.35903881852 0.00692802392802 0.97169
pedestrian -1 -1 -10 842.59 219.61 857.453 260.276 0.552997536957 0.301000391111 0.634997367603 4.88576738775 1.27888630593 13.9199672 0.00692802392802 0.24269
pedestrian -1 -1 -10 532.33 151.7 590.433 274.19 1.98599115908 0.586000045386 0.731997244644 -0.754821529684 0.977000081687 17.7964563075 0.00692802392802 0.084322
pedestrian -1 -1 -10 666.86 219.1 680.74 262.878 2.25998986363 1.17299954078 1.12699580194 1.30608252193 1.44202015069 12.8109365128 0.00692802392802 0.026776
pedestrian -1 -1 -10 848.16 214.7 863.65 261.459 2.20799016952 1.15899865763 0.707997286127 4.28194457484 1.37556419319 11.2802352769 0.00692802392802 0.017163
pedestrian -1 -1 -10 543.89 156.43 576.11 264.16 1.98599115908 0.586000045386 0.703997352646 -0.768821139393 0.977038579388 17.7965533435 0.00692802392802 0.014136
pedestrian -1 -1 -10 764.1 156.33 779.701 218.027 0.761996594071 0.10700027844 0.777997194936 4.07333905969 0.748859124683 17.6479502401 0.00692802392802 0.013788
pedestrian -1 -1 -10 757.78 158.95 790.164 229.551 0.761996594071 0.10700027844 0.725997344421 4.09933836041 0.748787628882 17.6477700303 0.00692802392802 0.0070721
pedestrian -1 -1 -10 688.26 209.34 705.464 256.827 2.06299071759 0.628999283824 1.19199543627 1.9213908334 1.16546110701 14.4385067261 0.00692802392802 0.0050126
pedestrian -1 -1 -10 693.83 204.61 710.361 259.206 2.06299071759 0.595999313817 1.17699562611 2.0610014112 1.16505831529 14.45403942 0.00692802392802 0.0039481
pedestrian -1 -1 -10 660.32 222.52 675.798 266.615 1.47599335909 1.07299922708 1.15899568702 1.24914662463 1.44185252781 13.0977939843 0.00692802392802 0.0028568
pedestrian -1 -1 -10 679.46 216.0 690.844 261.888 2.25098996013 1.17099873342 0.955996440234 1.39194877898 1.43272117184 12.8653377007 0.00692802392802 0.0028332
pedestrian -1 -1 -10 842.25 213.21 874.703 261.782 0.552997536957 0.301000391111 0.634997367603 4.88576738775 1.27888630593 13.9199672 0.00692802392802 0.002109
pedestrian -1 -1 -10 667.33 214.81 694.85 266.21 2.25098996013 1.18599906657 1.03799614949 1.35073860676 1.43286938601 12.835122695 0.00692802392802 0.0020206
pedestrian -1 -1 -10 934.16 227.67 958.223 270.178 0.976995606721 1.09799882866 0.312999026854 4.9735327313 1.3899271262 10.1746491819 0.00692802392802 0.0015443
pedestrian -1 -1 -10 693.95 192.67 706.321 237.934 2.01099096388 0.780999608063 1.19299559845 2.50746153446 0.981885413634 17.8993487349 0.00692802392802 0.0012788
pedestrian -1 -1 -10 901.31 231.76 924.251 278.517 0.944995744527 0.953999826518 0.66499746476 4.27760735891 1.39584094234 10.179496133 0.00692802392802 0.0010671
pedestrian -1 -1 -10 704.25 158.96 727.061 204.083 0.756996591389 0.252000637941 1.16199557753 2.91164931209 0.741003857473 17.6994924219 0.00692802392802 0.00088389
pedestrian -1 -1 -10 882.9 219.82 899.644 274.556 1.16099476963 1.15999906131 0.724997420655 4.28743392082 1.39529718813 10.6303131579 0.00692802392802 0.00056573
pedestrian -1 -1 -10 835.44 204.72 862.583 261.76 0.552997536957 0.301000391111 0.634997367603 4.88576738775 1.27888630593 13.9199672 0.00692802392802 0.0005087
pedestrian -1 -1 -10 685.79 213.94 699.295 260.615 2.06299071759 0.628999283824 1.12599569936 1.86139255716 1.16562609702 14.4389225942 0.00692802392802 0.00048505
pedestrian -1 -1 -10 757.6 159.18 769.145 208.557 2.18399022818 0.397000043767 1.00299625469 3.16542128479 1.28530547383 14.1979513347 0.00692802392802 0.00047383
pedestrian -1 -1 -10 340.05 220.44 381.704 280.267 1.05799530447 1.18899932394 1.17199576886 -3.64054263257 1.38322176758 10.5777818979 0.00692802392802 0.00028378
pedestrian -1 -1 -10 744.81 144.59 772.024 209.023 2.06799080968 0.397000043767 1.10999572702 3.11176287974 1.16945317139 14.1982558041 0.00692802392802 0.00028255
pedestrian -1 -1 -10 752.87 158.65 764.017 205.744 0.763996589184 0.110000535807 1.10799587948 3.90833053016 0.749314592154 17.6475926416 0.00692802392802 0.00022563
pedestrian -1 -1 -10 889.56 221.81 902.964 273.271 0.898995946348 0.599999974863 0.575997573891 4.23181880242 1.35016936004 10.0027825818 0.00692802392802 0.00022154
pedestrian -1 -1 -10 347.84 216.46 369.647 275.387 1.05799530447 1.16999928341 1.08199595423 -3.70716310912 1.38334262372 10.6327450419 0.00692802392802 0.00019969
pedestrian -1 -1 -10 555.63 183.84 597.081 281.696 2.08299072832 0.416999534303 1.0319960658 -0.440902894593 1.18368728569 14.6908884681 0.00692802392802 0.00014845
pedestrian -1 -1 -10 950.17 236.89 966.365 282.267 0.898996005952 0.561000443797 0.175998980535 4.43230851181 1.35954095625 10.0689062412 0.00692802392802 0.00013774
pedestrian -1 -1 -10 748.18 154.6 759.679 208.423 0.76499658674 0.110000535807 1.16899552073 3.82083148626 0.749555203072 17.6481985451 0.00692802392802 0.00012782
pedestrian -1 -1 -10 540.57 208.01 580.246 310.58 1.83399175406 0.576999273287 0.447998331576 -0.709778663087 1.42967392821 8.35902623559 0.00692802392802 9.4157e-05
pedestrian -1 -1 -10 874.36 229.44 897.118 276.956 0.975995564461 1.18299976288 0.724997420655 4.28571801349 1.39562805664 10.3459258669 0.00692802392802 7.6688e-05
pedestrian -1 -1 -10 881.94 206.23 908.708 270.874 0.944995744527 0.811999724384 0.66499746476 4.2771154728 1.39592351418 10.1084977859 0.00692802392802 7.6035e-05
pedestrian -1 -1 -10 713.63 145.83 742.674 210.786 0.759996584058 0.106000828434 1.18599541684 3.28214009312 0.744068556331 17.623925676 0.00692802392802 3.2472e-05
pedestrian -1 -1 -10 668.12 173.76 682.146 225.325 2.25998986363 1.06100010496 1.12699580194 1.30469693049 1.44225274686 12.6109416388 0.00692802392802 3.0312e-05
pedestrian -1 -1 -10 741.12 151.29 753.112 212.887 0.762996561825 0.0920008989567 1.18199548336 3.66122935312 0.74801122182 17.6343029442 0.00692802392802 2.0436e-05
pedestrian -1 -1 -10 1033.9 230.76 1063.41 268.912 2.27198983431 1.10299989339 1.19799593254 7.48836295938 1.38115977661 11.7710027371 0.00692802392802 1.4289e-05
pedestrian -1 -1 -10 337.53 216.49 362.622 281.251 1.07199521065 1.19399848132 1.19499544598 -3.80813245144 1.39353445395 10.70845042 0.00692802392802 1.3848e-05
pedestrian -1 -1 -10 332.0 216.02 353.099 279.499 0.978995631635 0.74399897701 1.04599607606 -3.72727769021 1.39377003546 10.307934636 0.00692802392802 4.5026e-06
pedestrian -1 -1 -10 673.82 172.64 687.607 228.562 1.46699345559 0.87099969966 0.968996402863 1.3888301052 1.43235293603 13.1978227478 0.00692802392802 4.2996e-06
pedestrian -1 -1 -10 531.01 132.31 604.672 220.764 1.86099165827 0.586000045386 0.922996541977 -0.659496539388 0.851737971511 17.7957228897 0.00692802392802 3.7164e-06
pedestrian -1 -1 -10 321.3 212.08 347.398 279.213 1.06699523777 1.18999972762 1.14499568142 -4.10204341847 1.38916309435 10.8674884373 0.00692802392802 2.4687e-06
pedestrian -1 -1 -10 527.59 135.86 559.816 230.521 1.71299236268 0.576999273287 0.447998331576 -0.709945511643 1.30867453684 8.35895702974 0.00692802392802 2.764e-07
pedestrian -1 -1 -10 315.82 200.04 359.448 284.044 0.100999595225 0.0170001868436 0.0610001180794 -6.91527428604 1.46412744338 18.559317291 0.00692802392802 1.1732e-07
