pedestrian -1 -1 -10 607.84 172.84 619.71 195.676 0.100988927959 0.176982563804 0.211999947502 0.707051013113 1.25347463181 67.4027608301 0.00753464155925 0.18444
pedestrian -1 -1 -10 762.31 177.32 784.635 216.591 2.22675546801 0.774914722763 0.14699979097 7.09945311342 1.41479873171 31.034931778 0.00753464155925 0.0037075
pedestrian -1 -1 -10 408.64 174.8 421.213 208.772 0.515943359761 0.374958921383 0.484000057835 -5.83888543654 0.640073193279 21.6609175457 0.00753464155925 0.0018723
pedestrian -1 -1 -10 33.768 118.03 47.307 165.954 1.5018350432 0.655927323549 1.16799986371 -10.8191226748 0.716400128012 13.5809896893 0.00753464155925 0.0017692
pedestrian -1 -1 -10 333.7 211.39 363.321 277.522 2.05477436125 1.16187336711 0.218999795632 -7.20252602143 1.90832024507 20.1370969363 0.00753464155925 0.0016625
pedestrian -1 -1 -10 965.66 199.12 989.587 239.816 0.794912708402 0.801912192301 0.220000199684 8.80288346274 1.5378029549 17.1152600335 0.00753464155925 0.0014124
pedestrian -1 -1 -10 278.77 185.39 308.638 260.187 2.64370974016 1.194868791 0.293000131561 -7.27702944921 1.87564133632 16.513499942 0.00753464155925 0.0011334
pedestrian -1 -1 -10 245.27 157.03 286.33 250.031 2.60871355665 1.19686842697 0.650999823609 -7.56292457279 1.85530168404 15.4655515711 0.00753464155925 0.0010531
pedestrian -1 -1 -10 781.65 113.59 812.846 198.745 0.877903614877 0.457949058831 0.390999912735 3.13198089927 0.240804057598 12.1621120313 0.00753464155925 0.00064583
pedestrian -1 -1 -10 259.74 165.42 300.972 260.437 2.63571060228 1.19386849623 0.293000131561 -7.27880870827 1.87214055757 16.2769740213 0.00753464155925 0.00028925
pedestrian -1 -1 -10 205.59 215.85 232.915 271.529 2.59671484983 1.19786872174 0.694999958913 -7.4612349002 1.87606563466 13.4276086388 0.00753464155925 0.00020022
pedestrian -1 -1 -10 229.69 159.15 265.649 237.212 2.5237229104 1.19186886025 0.590999422359 -7.53780459138 1.77673240842 14.8203075805 0.00753464155925 4.8099e-05
pedestrian -1 -1 -10 1045.9 157.77 1070.36 226.189 2.1427646991 1.19286820146 0.851000525326 10.5932503396 1.53927908867 16.6241568974 0.00753464155925 2.5377e-05
