pedestrian -1 -1 -10 493.06 155.63 542.218 288.88 1.7099923104 0.46999994852 0.615997683565 -1.24299478191 1.35018948001 10.0682423017 0.00692802392802 0.99064
pedestrian -1 -1 -10 842.62 221.58 856.768 259.591 0.554997502267 0.278999139542 0.630997672539 4.91065176976 1.280837296 13.9027952858 0.00692802392802 0.097767
pedestrian -1 -1 -10 848.56 217.66 862.588 261.693 1.16699472517 1.09299871761 0.66299737881 4.24133088411 1.38477474286 11.1981304794 0.00692802392802 0.019648
pedestrian -1 -1 -10 751.63 137.93 788.924 236.332 2.06899073273 0.412999826931 0.907996582805 3.23271926191 1.17012734241 14.1914178146 0.00692802392802 0.012235
pedestrian -1 -1 -10 669.61 214.07 680.724 262.379 2.24998991787 1.16199986867 1.01799618406 1.31646797203 1.43200819454 12.79635871 0.00692802392802 0.011928
pedestrian -1 -1 -10 703.29 167.26 716.28 217.056 0.753996628523 0.104000021074 0.987996206109 2.82112387953 0.739339763269 17.6241182684 0.00692802392802 0.0071146
pedestrian -1 -1 -10 699.47 166.33 713.262 228.557 2.39598935246 0.753999199114 1.19599548896 2.1430982407 1.49080609221 14.4766566575 0.00692802392802 0.0044814
pedestrian -1 -1 -10 486.95 158.33 515.284 263.61 1.7099923104 0.46999994852 0.615997683565 -1.24299478191 1.35018948001 10.0682423017 0.00692802392802 0.003724
pedestrian -1 -1 -10 508.02 159.42 554.634 272.62 1.7099923104 0.46999994852 0.615997683565 -1.24299478191 1.35018948001 10.0682423017 0.00692802392802 0.003435
pedestrian -1 -1 -10 665.96 222.75 676.745 262.237 1.47599335909 0.908998827046 1.11199581296 1.27270142017 1.44177860285 13.1056308019 0.00692802392802 0.0022251
pedestrian -1 -1 -10 1045.0 232.17 1056.9 264.359 2.26998980939 0.974999720734 1.19499520757 7.51147413534 1.37515794199 11.7168355694 0.00692802392802 0.0020655
pedestrian -1 -1 -10 659.16 212.55 684.238 264.162 2.06899079233 0.547999964326 1.19399558182 1.39874562734 1.16884178741 14.4916298123 0.00692802392802 0.0016903
pedestrian -1 -1 -10 327.13 215.68 348.869 280.228 1.05099527687 1.18899837027 1.16399542506 -4.0943127665 1.37310006073 10.9039263786 0.00692802392802 0.001039
pedestrian -1 -1 -10 836.57 154.9 851.641 218.119 2.19799010456 1.02199866654 1.18199524494 4.24570570966 1.33753293394 12.2689724376 0.00692802392802 0.0010148
pedestrian -1 -1 -10 891.52 230.17 917.806 278.668 1.18099472076 1.194998885 0.590997622469 4.2736843109 1.39929096154 10.6689022139 0.00692802392802 0.00099409
pedestrian -1 -1 -10 937.84 223.87 967.371 275.588 0.768996532262 0.178000329507 0.380998611296 4.26567065253 1.40723941967 9.86068679485 0.00692802392802 0.00084972
pedestrian -1 -1 -10 517.67 160.36 536.857 222.8 1.7099923104 0.46999994852 0.615997683565 -1.24299478191 1.35018948001 10.0682423017 0.00692802392802 0.00072257
pedestrian -1 -1 -10 754.96 120.8 768.995 175.219 1.54799303412 0.90699897336 0.667997474475 3.08851822703 0.708612100174 12.3671382351 0.00692802392802 0.00066213
pedestrian -1 -1 -10 758.76 121.91 773.917 183.999 1.55699299723 0.90699897336 0.732997287619 3.1210049427 0.708522730423 12.3669078253 0.00692802392802 0.00053881
pedestrian -1 -1 -10 704.87 166.48 727.952 216.277 0.755996593833 0.104000021074 1.16199557753 2.90812423323 0.741100492807 17.6235164029 0.00692802392802 0.00045304
pedestrian -1 -1 -10 751.57 169.91 762.715 208.783 1.01799540222 0.534999484855 1.16699543478 3.91063893316 1.00306722438 17.8582280677 0.00692802392802 0.00030963
pedestrian -1 -1 -10 882.29 229.94 898.396 278.569 1.18099472076 1.16099946499 0.66299737881 4.235849388 1.39969814574 10.4041584078 0.00692802392802 0.00025055
pedestrian -1 -1 -10 847.9 211.01 878.661 263.493 0.554997502267 0.278999139542 0.630997672539 4.91065176976 1.280837296 13.9027952858 0.00692802392802 0.0001926
pedestrian -1 -1 -10 745.03 119.3 772.127 194.709 1.70299237221 0.496999403795 0.77499718522 2.99451111399 0.804652237147 14.3068590647 0.00692802392802 0.00014794
pedestrian -1 -1 -10 514.02 234.57 528.768 282.335 1.7099923104 0.46999994852 0.615997683565 -1.24299478191 1.35018948001 10.0682423017 0.00692802392802 9.2279e-05
pedestrian -1 -1 -10 827.81 146.82 855.778 240.19 2.19799010456 0.995998661276 1.18499549307 4.20729701048 1.33762368338 12.282238976 0.00692802392802 6.3936e-05
pedestrian -1 -1 -10 340.85 221.54 382.922 281.589 0.959995722771 0.758999310167 0.579997984208 -3.52572027868 1.37228266896 10.248023021 0.00692802392802 5.0942e-05
pedestrian -1 -1 -10 880.6 207.47 909.403 272.269 1.16699472517 1.19299903131 0.612997614245 4.26459817492 1.38499674251 10.9479633701 0.00692802392802 3.1959e-05
pedestrian -1 -1 -10 692.07 168.4 704.588 217.847 1.46599341333 0.870998745986 0.63299763928 1.5123125966 1.43109797467 13.1229646588 0.00692802392802 2.9964e-05
pedestrian -1 -1 -10 248.97 198.77 282.981 283.414 1.69699244648 1.06599926234 1.08999558277 -6.4632126939 1.28060823389 13.5454197253 0.00692802392802 2.95e-05
pedestrian -1 -1 -10 318.4 210.48 341.895 276.86 0.944995804131 0.997998514963 1.04099598039 -4.46198697181 1.27262452632 11.3319288753 0.00692802392802 2.0719e-05
pedestrian -1 -1 -10 872.77 200.3 900.0 265.442 0.947995752096 0.99399880759 0.599997890034 4.25456072308 1.39999590173 10.0996569933 0.00692802392802 1.168e-05
pedestrian -1 -1 -10 525.7 166.62 561.499 264.605 1.52999310792 0.766998724912 0.987996325318 -1.0698749027 1.43047073584 12.9028106691 0.00692802392802 1.0441e-05
pedestrian -1 -1 -10 511.36 155.74 527.848 207.207 1.7099923104 0.46999994852 0.615997683565 -1.24299478191 1.35018948001 10.0682423017 0.00692802392802 1.0149e-05
pedestrian -1 -1 -10 500.12 156.43 537.444 215.312 1.7099923104 0.46999994852 0.615997683565 -1.24299478191 1.35018948001 10.0682423017 0.00692802392802 8.6317e-06
pedestrian -1 -1 -10 381.01 188.71 400.395 260.232 2.26498983651 0.507999075906 1.19599560817 -4.52035746847 1.33536115155 15.1947338858 0.00692802392802 6.4731e-06
pedestrian -1 -1 -10 348.17 213.9 371.305 279.704 1.0479952693 1.18499961657 1.02999634213 -3.712329873 1.37438251676 10.6102761159 0.00692802392802 2.0903e-06
pedestrian -1 -1 -10 329.55 206.23 361.457 292.226 0.961995688081 0.824999250181 1.03799597067 -3.75448239063 1.37487396794 10.2826105732 0.00692802392802 2.5453e-07
pedestrian -1 -1 -10 283.51 186.48 310.562 280.567 1.0549952969 1.19199958131 1.10599579353 -4.55273128167 1.39076855004 10.5506116416 0.00692802392802 3.6745e-08
