pedestrian -1 -1 -10 277.3 145.87 341.243 313.8 1.85099171251 0.592999056451 0.897996629892 -3.53537913795 1.45355963728 8.27761747085 0.00692802392802 0.90455
pedestrian -1 -1 -10 309.65 218.32 348.715 296.729 1.05899522752 1.17799965183 0.671997407957 -3.85989414529 1.37971677901 10.6737998105 0.00692802392802 0.34195
pedestrian -1 -1 -10 891.21 225.39 919.084 280.712 0.953995707631 1.17599979814 0.684997370586 4.28938004683 1.40668391712 10.2884248427 0.00692802392802 0.050601
pedestrian -1 -1 -10 288.59 203.36 341.875 300.516 1.85099171251 0.592999056451 0.897996629892 -3.53537913795 1.45355963728 8.27761747085 0.00692802392802 0.038067
pedestrian -1 -1 -10 272.7 169.68 318.578 288.49 1.85099171251 0.592999056451 1.03599612314 -3.60437722715 1.45374937598 8.27809571962 0.00692802392802 0.024868
pedestrian -1 -1 -10 324.13 218.47 362.652 304.275 0.970995591581 0.751999345428 0.635997529787 -3.50082412486 1.37923188729 10.2323517715 0.00692802392802 0.024383
pedestrian -1 -1 -10 765.76 161.53 782.805 234.092 0.762996576726 0.093000348963 0.69899725698 4.11680441051 0.749745306095 17.6426483639 0.00692802392802 0.016375
pedestrian -1 -1 -10 840.25 176.86 869.79 264.514 0.689996919036 0.0919989916094 0.613997538011 6.37687179464 0.783461533483 17.6875736109 0.00692802392802 0.011069
pedestrian -1 -1 -10 899.58 233.66 928.524 280.231 0.953995707631 0.954999276524 0.623997729342 4.2503397129 1.40704579902 10.0661904029 0.00692802392802 0.0037577
pedestrian -1 -1 -10 643.74 211.35 665.66 271.561 1.47399343848 1.11199971182 0.904996632694 1.12339844241 1.44132251773 12.9901630503 0.00692802392802 0.0019477
pedestrian -1 -1 -10 243.18 156.75 368.75 329.69 1.85099171251 0.592999056451 0.93899636531 -3.55587851324 1.45361600876 8.27775955886 0.00692802392802 0.0019133
pedestrian -1 -1 -10 910.37 233.0 938.212 277.005 2.13999039531 1.18399921289 1.1909955125 5.36306419326 1.37900748091 11.7833017078 0.00692802392802 0.0013131
pedestrian -1 -1 -10 772.26 167.85 788.232 224.562 2.18499021083 0.799999648593 0.975996167247 3.2421257523 1.33522866907 12.3319318694 0.00692802392802 0.00079719
pedestrian -1 -1 -10 1087.5 93.411 1123.75 206.581 1.80299194902 0.97699957442 1.19199543627 8.43705801436 0.896649610662 11.6781371959 0.00692802392802 0.00051925
pedestrian -1 -1 -10 334.97 250.58 359.205 306.357 0.983995544911 1.01599910549 1.01599621732 -3.68988648776 1.39260079605 10.3656728363 0.00692802392802 0.00051208
pedestrian -1 -1 -10 321.42 223.28 343.402 276.527 1.05899522752 1.10099908603 0.686997456535 -3.85190588042 1.37961416499 10.7442459839 0.00692802392802 0.00049795
pedestrian -1 -1 -10 260.77 198.1 307.286 299.14 0.857996180653 0.837999729653 0.647997807067 -4.77956077474 1.3737327429 10.2552706307 0.00692802392802 0.00043806
pedestrian -1 -1 -10 882.3 235.39 903.149 282.013 0.921995905042 1.06399845498 0.623997729342 4.25067315915 1.37498261434 10.1206703818 0.00692802392802 0.00034815
pedestrian -1 -1 -10 882.36 204.08 912.167 277.768 1.17499470562 1.1719991371 0.697997333214 4.28423005265 1.39341807019 10.5323225606 0.00692802392802 0.00034486
pedestrian -1 -1 -10 656.77 197.46 675.197 246.13 2.06899073273 0.407999715878 1.18899554576 1.31859005658 1.17000608594 14.5411879673 0.00692802392802 0.00026702
pedestrian -1 -1 -10 650.38 206.63 677.158 268.321 2.26598987877 1.17699924815 1.05099599291 1.1938929519 1.4483618733 12.7827176197 0.00692802392802 0.00023787
pedestrian -1 -1 -10 647.43 193.92 662.247 240.258 2.26598987877 1.18699947025 0.893996636806 1.11586625991 1.44849865277 12.8512598758 0.00692802392802 0.00016815
pedestrian -1 -1 -10 483.55 100.27 524.151 229.03 1.53399315774 1.18099895552 0.326998913249 -2.26941709407 0.554582193098 16.568190993 0.00692802392802 0.00014754
pedestrian -1 -1 -10 664.24 210.67 679.542 258.721 2.06399075985 0.312999513229 1.19499556519 1.39026589878 1.16986333947 14.4931928233 0.00692802392802 0.0001394
pedestrian -1 -1 -10 243.56 156.75 309.295 305.48 1.50799325854 1.05799984759 0.931996660531 -6.41455638814 1.26923942844 13.7511847207 0.00692802392802 9.7909e-05
pedestrian -1 -1 -10 651.7 195.73 666.945 243.344 2.26598987877 0.682999148047 0.587997731962 1.03311113759 1.44918150679 12.4538239481 0.00692802392802 9.3045e-05
pedestrian -1 -1 -10 895.77 212.07 940.269 275.44 2.2289900437 1.16999928341 1.19899537947 5.24234934779 1.37943747724 11.6980842184 0.00692802392802 3.1026e-05
pedestrian -1 -1 -10 276.26 164.97 308.239 243.429 1.85099171251 0.592999056451 1.03599612314 -3.60437722715 1.45374937598 8.27809571962 0.00692802392802 1.1061e-05
pedestrian -1 -1 -10 915.97 216.47 949.338 275.158 2.25598993301 1.13199920235 1.1979954557 5.59325278702 1.39924258385 11.896665618 0.00692802392802 1.078e-05
pedestrian -1 -1 -10 294.85 161.77 364.591 306.08 1.92899131328 0.464000387461 1.18699581744 -5.87289997522 0.981842756503 15.4118940379 0.00692802392802 3.9158e-06
pedestrian -1 -1 -10 369.86 205.6 400.297 283.66 0.363998311758 0.18200003688 0.62699750064 -4.12654626891 1.34198878685 13.7040820701 0.00692802392802 3.4046e-06
pedestrian -1 -1 -10 318.04 188.65 374.219 288.92 0.970995591581 0.86999929598 1.01599621732 -3.69041015471 1.37968574035 10.292667248 0.00692802392802 6.8988e-09
