pedestrian -1 -1 -10 195.9 167.5 242.313 266.764 1.71999232322 0.780999608063 0.642997711402 -7.61801161334 1.48409970082 14.152158636 0.00692802392802 0.99827
pedestrian -1 -1 -10 860.07 171.4 901.241 274.0 1.56399300247 0.558000186431 1.13499572851 4.26672608488 1.49292741753 11.0023447433 0.00692802392802 0.72119
pedestrian -1 -1 -10 875.42 165.44 911.283 280.2 2.34198957384 0.739999269637 1.18699581744 5.05454054962 1.46210960808 12.4374339475 0.00692802392802 0.20845
pedestrian -1 -1 -10 829.21 166.09 901.524 284.47 1.56399300247 0.558000186431 0.987996444527 4.19322820841 1.49312953025 11.0028541816 0.00692802392802 0.074744
pedestrian -1 -1 -10 869.28 170.33 888.822 257.645 1.56399300247 0.558000186431 1.13499572851 4.26672608488 1.49292741753 11.0023447433 0.00692802392802 0.070623
pedestrian -1 -1 -10 870.21 170.27 907.153 232.678 1.56399300247 0.558000186431 0.993996225541 4.3372241429 1.49273355404 11.0018560978 0.00692802392802 0.052932
pedestrian -1 -1 -10 179.74 168.81 213.516 256.822 0.0999995529652 0.0 0.0 -23.2067025719 1.26262706195 40.7889983516 0.0 0.050273
pedestrian -1 -1 -10 884.35 174.29 902.642 227.319 1.56399300247 0.558000186431 0.917996535718 4.37522307503 1.4926290603 11.0015927145 0.00692802392802 0.041333
pedestrian -1 -1 -10 876.98 175.67 893.78 218.821 1.56399300247 0.558000186431 1.03199595124 4.31822473644 1.49278580075 11.001987789 0.00692802392802 0.0082067
pedestrian -1 -1 -10 200.52 163.1 271.143 276.93 1.71999232322 0.780999608063 0.613997538011 -7.60351187495 1.48405982781 14.1520581334 0.00692802392802 0.0080464
pedestrian -1 -1 -10 1202.8 244.06 1224.05 307.963 2.2539899081 0.262999356378 1.18999606557 8.65602216027 1.53305533424 9.92205465419 0.00692802392802 0.00073023
pedestrian -1 -1 -10 219.05 181.54 248.653 261.12 1.71999232322 0.780999608063 0.613997538011 -7.60351187495 1.48405982781 14.1520581334 0.00692802392802 0.00061654
pedestrian -1 -1 -10 822.97 202.64 858.322 278.307 2.34198957384 0.8329996186 1.19599536975 4.09162245779 1.48500525304 12.2276261781 0.00692802392802 0.00060284
pedestrian -1 -1 -10 531.09 219.5 562.979 292.03 2.16799032688 0.482000024311 0.671997467561 -0.554189976141 1.46842881749 9.07131677435 0.00692802392802 0.00010437
pedestrian -1 -1 -10 832.74 243.95 848.337 281.792 2.19099022597 0.8329996186 1.1869953406 4.07833095446 1.48504237609 12.2278061135 0.00692802392802 7.54e-05
pedestrian -1 -1 -10 207.97 201.91 223.289 265.711 1.71999232322 0.780999608063 0.642997711402 -7.61801161334 1.48409970082 14.152158636 0.00692802392802 2.519e-05
pedestrian -1 -1 -10 213.01 199.33 229.19 264.585 1.71999232322 0.780999608063 0.642997711402 -7.61801161334 1.48409970082 14.152158636 0.00692802392802 8.9391e-06
