pedestrian -1 -1 -10 204.54 157.72 259.077 306.21 1.62999275923 0.471998848533 0.61799770991 -4.86955715909 1.34560390228 8.83337748558 0.00692802392802 0.9883
pedestrian -1 -1 -10 188.27 157.98 235.099 308.67 1.62999275923 0.471998848533 0.61799770991 -4.86955715909 1.34560390228 8.83337748558 0.00692802392802 0.31061
pedestrian -1 -1 -10 842.57 220.21 856.574 259.854 0.554997561872 0.281999396908 0.611997690479 4.89811097046 1.2798781429 13.8973810792 0.00692802392802 0.095882
pedestrian -1 -1 -10 698.69 166.4 713.482 219.115 2.06099075228 0.655000242766 1.19599548896 2.14127672274 1.1648747503 14.4209836192 0.00692802392802 0.066637
pedestrian -1 -1 -10 695.74 167.89 717.001 243.875 2.06099075228 0.655000242766 1.19399540301 2.12727705343 1.16491324817 14.4210806555 0.00692802392802 0.019979
pedestrian -1 -1 -10 696.29 168.21 709.532 208.536 2.05999082923 0.655000242766 1.1699955637 2.06927731708 1.16407281552 14.4214820896 0.00692802392802 0.01925
pedestrian -1 -1 -10 842.11 156.76 856.149 221.278 0.690996901691 0.0760001621194 0.577997898258 6.39891420823 0.784394041045 17.693422068 0.00692802392802 0.014697
pedestrian -1 -1 -10 846.07 215.96 865.084 261.567 2.22399001122 1.16299931867 1.19499544598 4.14745325143 1.37960104914 11.5721695114 0.00692802392802 0.013918
pedestrian -1 -1 -10 836.95 158.06 851.867 217.884 2.18599019349 1.0039990297 1.16099541535 4.2745819311 1.32738949092 12.3247686979 0.00692802392802 0.0094418
pedestrian -1 -1 -10 1044.6 232.6 1056.9 265.778 2.27098991126 1.02799918128 1.19699553193 7.51359261817 1.37713333793 11.7333225345 0.00692802392802 0.0081875
pedestrian -1 -1 -10 705.5 166.67 722.479 211.883 0.755996593833 0.0970000563355 1.10399570758 2.87912153278 0.741180819345 17.6232176933 0.00692802392802 0.0079738
pedestrian -1 -1 -10 206.43 165.34 229.456 253.173 1.62999275923 0.471998848533 0.61799770991 -4.86955715909 1.34560390228 8.83337748558 0.00692802392802 0.007625
pedestrian -1 -1 -10 761.77 154.79 782.331 218.705 0.763996574283 0.0879992842369 0.756996888509 4.08779352619 0.749826794649 17.6413496555 0.00692802392802 0.0064757
pedestrian -1 -1 -10 664.95 222.18 678.181 261.812 2.06899079233 0.371999488505 1.19099557211 1.39753663173 1.16879706716 14.5336389896 0.00692802392802 0.0033514
pedestrian -1 -1 -10 832.43 151.22 858.605 247.484 2.18599019349 0.995998661276 1.15299554838 4.27860948165 1.32737383957 12.3287410619 0.00692802392802 0.0028607
pedestrian -1 -1 -10 668.43 219.41 684.426 262.931 2.24998991787 1.1589996113 1.01699614108 1.31594371478 1.43201363994 12.7928622773 0.00692802392802 0.0025302
pedestrian -1 -1 -10 750.96 163.3 784.23 238.835 2.06999071538 0.402999604826 0.95799634737 3.21278092726 1.17017187211 14.2005554669 0.00692802392802 0.0021925
pedestrian -1 -1 -10 227.8 159.09 262.044 290.72 0.959995726496 0.175999522147 1.15299554838 -7.88392325471 -0.0158495782999 15.6202348117 0.00692802392802 0.0012638
pedestrian -1 -1 -10 752.09 164.38 762.889 206.267 1.01799540222 0.5429988996 1.16499558725 3.90961132357 1.0030746256 17.8542353869 0.00692802392802 0.0012428
pedestrian -1 -1 -10 939.83 227.17 970.718 273.079 0.891996067762 0.61399990434 0.246999289945 4.43696586155 1.35150010818 10.093369191 0.00692802392802 0.0011377
pedestrian -1 -1 -10 896.75 229.95 921.384 279.117 1.15299478918 1.17799965183 0.618997633676 4.26296180446 1.37259894737 10.425455499 0.00692802392802 0.001125
pedestrian -1 -1 -10 713.35 164.55 726.458 209.898 1.0049955532 0.512998233285 1.19599560817 2.98190303973 0.989660146046 17.8306541606 0.00692802392802 0.0010314
pedestrian -1 -1 -10 326.16 213.99 349.333 280.36 1.06299527735 1.17899910184 1.15999549158 -4.01221577892 1.38902762499 10.7693655377 0.00692802392802 0.00058317
pedestrian -1 -1 -10 747.37 159.34 773.022 222.616 1.02099540979 0.5429988996 1.15799564405 3.98511337472 1.00586702052 17.8537138016 0.00692802392802 0.00055259
pedestrian -1 -1 -10 841.45 197.16 868.425 260.906 0.554997561872 0.281999396908 0.611997690479 4.89811097046 1.2798781429 13.8973810792 0.00692802392802 0.00049323
pedestrian -1 -1 -10 689.47 171.14 708.262 225.514 0.9899955526 0.689998159112 1.18199548336 2.44956021762 0.737070047544 17.8805586147 0.00692802392802 0.00039377
pedestrian -1 -1 -10 880.73 230.26 899.566 277.758 1.15299478918 1.18399921289 0.618997633676 4.26260847749 1.37265825959 10.3744566393 0.00692802392802 0.00024887
pedestrian -1 -1 -10 678.56 219.1 691.022 261.785 2.24998991787 1.18599906657 0.902996606349 1.37362451585 1.43174234588 12.8909645467 0.00692802392802 0.00023048
pedestrian -1 -1 -10 848.94 209.1 879.854 265.51 0.554997561872 0.281999396908 0.611997690479 4.89811097046 1.2798781429 13.8973810792 0.00692802392802 0.00014125
pedestrian -1 -1 -10 889.02 234.49 909.091 281.58 0.903995919228 0.766998724912 0.580997907974 4.24624840337 1.35614287665 9.99118648586 0.00692802392802 0.00013396
pedestrian -1 -1 -10 763.83 161.43 795.782 245.318 2.18299024552 1.000999726 0.981996186678 3.24108081926 1.33423905532 12.3254387164 0.00692802392802 0.00011601
pedestrian -1 -1 -10 339.71 220.12 383.215 280.639 1.06199523509 1.18799987393 1.08299611641 -3.73654832427 1.387240347 10.7929551059 0.00692802392802 8.2038e-05
pedestrian -1 -1 -10 743.62 125.6 775.641 210.618 1.96899121553 0.511999736952 1.0549961052 3.12183348823 1.06930826546 14.3006296237 0.00692802392802 5.1143e-05
pedestrian -1 -1 -10 881.43 207.33 908.21 270.148 2.22799000144 1.17799869816 1.19299536004 4.74681232202 1.3860587034 11.4755202396 0.00692802392802 3.9925e-05
pedestrian -1 -1 -10 660.53 216.79 682.324 274.615 1.47499343604 1.02199962022 1.11099576999 1.27164925738 1.44087251208 13.0261354591 0.00692802392802 3.4768e-05
pedestrian -1 -1 -10 318.46 209.52 341.864 276.613 0.941995766759 0.799999648593 1.04799640042 -4.46115910275 1.26873199853 11.2359177939 0.00692802392802 1.7039e-05
pedestrian -1 -1 -10 873.48 202.42 898.567 266.098 0.920995803178 0.967998802322 0.606997833231 4.25996775632 1.37299013289 10.0916037309 0.00692802392802 1.5559e-05
pedestrian -1 -1 -10 258.72 199.37 275.862 275.624 1.95399129689 0.845999144397 1.13599589069 -6.47599923216 1.15532630662 13.8212204715 0.00692802392802 6.7881e-06
pedestrian -1 -1 -10 338.37 214.33 360.901 280.591 1.01999539733 1.17999950552 1.16899575915 -3.78091635782 1.38759816401 10.5872823988 0.00692802392802 3.9818e-07
pedestrian -1 -1 -10 313.63 199.26 360.977 283.511 1.06299527735 1.16299931867 1.17599546392 -4.07659039041 1.38910169505 10.85981447 0.00692802392802 6.2805e-09
