pedestrian -1 -1 -10 563.22 148.38 631.822 327.15 1.82799187303 0.510999810109 0.891996640263 -0.20369462094 1.46427424669 7.48854248932 0.00692802392802 0.9875
pedestrian -1 -1 -10 569.27 153.47 627.908 256.42 1.82799187303 0.510999810109 0.891996640263 -0.20369462094 1.46427424669 7.48854248932 0.00692802392802 0.39383
pedestrian -1 -1 -10 891.63 224.15 918.263 279.471 0.926995818317 1.02999998864 0.645997721117 4.2524463192 1.37885070393 10.2316624882 0.00692802392802 0.028908
pedestrian -1 -1 -10 763.73 167.44 790.719 242.7 0.760996611416 0.0960006063292 0.625997576874 4.11925937144 0.74874600725 17.6361319056 0.00692802392802 0.0052244
pedestrian -1 -1 -10 364.46 223.98 387.646 278.866 0.96999566853 0.925999967563 0.695997247265 -3.51215331004 1.38315445234 10.3274375393 0.00692802392802 0.0039797
pedestrian -1 -1 -10 537.16 178.59 615.894 319.88 1.82799187303 0.510999810109 0.934996461631 -0.225194015178 1.46433336814 7.4886915088 0.00692802392802 0.0026516
pedestrian -1 -1 -10 766.99 167.09 779.626 232.759 0.761996594071 0.0960006063292 0.686997218118 4.08875890456 0.748829877072 17.636342733 0.00692802392802 0.0026
pedestrian -1 -1 -10 276.36 242.98 288.539 281.239 0.972995616496 0.72699974384 1.03799620909 -4.54804123783 1.39815919055 10.1981267675 0.00692802392802 0.0025541
pedestrian -1 -1 -10 360.95 245.22 385.749 281.782 0.331998509169 0.0200004442098 0.0329998684547 -3.40853276681 1.2712952306 11.7049948078 0.00692802392802 0.0018941
pedestrian -1 -1 -10 352.29 220.56 379.114 279.381 0.98299562186 0.728999597526 0.695997247265 -3.51281779032 1.39626895969 10.2289471535 0.00692802392802 0.001753
pedestrian -1 -1 -10 638.33 208.84 662.845 271.422 2.2629898712 1.17899910184 0.760997060408 1.09388614557 1.43863458589 12.7854003395 0.00692802392802 0.0014875
pedestrian -1 -1 -10 659.29 194.47 671.266 239.036 2.2629898712 1.15199869289 0.995996192282 1.21123394038 1.43833648382 12.7630868271 0.00692802392802 0.0012757
pedestrian -1 -1 -10 598.93 146.52 623.077 221.534 1.70499239713 0.494999073272 0.699997374461 -0.173920493285 1.34120158002 7.48026402891 0.00692802392802 0.0010656
pedestrian -1 -1 -10 1057.9 84.367 1091.68 193.557 1.64799267054 0.656999142779 1.1939952838 7.57779386838 0.754194552091 11.5250109073 0.00692802392802 0.0010636
pedestrian -1 -1 -10 595.66 145.31 638.274 239.032 1.98899110705 0.624000126445 0.893996654501 0.54240016854 0.975390479592 17.8244659789 0.00692802392802 0.00095861
pedestrian -1 -1 -10 303.18 227.76 333.192 282.117 0.9819955796 1.05699944391 1.17299569263 -4.14819313373 1.39683311093 10.3933546297 0.00692802392802 0.00092528
pedestrian -1 -1 -10 585.32 181.09 652.994 318.52 2.08099076301 0.495999000115 0.904996601029 0.501934138763 1.18420156142 14.5908561591 0.00692802392802 0.00090752
pedestrian -1 -1 -10 647.3 196.33 671.619 262.323 2.26198982894 0.782999461749 0.673997553511 1.14520100135 1.43785376616 12.4700371439 0.00692802392802 0.0008663
pedestrian -1 -1 -10 885.64 222.73 907.201 276.941 0.926995818317 0.942999200733 0.65799775998 4.24529294059 1.37906083911 10.0652085692 0.00692802392802 0.00086337
pedestrian -1 -1 -10 898.6 230.99 928.584 279.264 0.926995818317 1.15299909657 0.65799775998 4.24602037692 1.37893872598 10.1702059972 0.00692802392802 0.00081549
pedestrian -1 -1 -10 348.27 248.56 373.556 282.7 1.01799549162 1.194998885 1.05999596245 -3.69217419603 1.38331242402 10.6231646374 0.00692802392802 0.00069185
pedestrian -1 -1 -10 360.2 220.6 372.037 273.855 0.98299562186 0.785000269109 0.695997247265 -3.51262380487 1.39623639578 10.2569468173 0.00692802392802 0.00058473
pedestrian -1 -1 -10 317.69 216.99 353.646 280.89 1.07499518842 1.15099924288 1.19099575092 -4.03092055319 1.39611332487 10.7394959164 0.00692802392802 0.00050141
pedestrian -1 -1 -10 608.63 141.33 621.25 228.35 1.99499112219 0.722999082793 0.858996759701 0.525235298785 0.97538103472 17.8740821325 0.00692802392802 0.00045453
pedestrian -1 -1 -10 918.78 229.68 942.161 274.857 2.16599024236 1.13199920235 1.19599560817 5.56063703549 1.39028562413 11.9379339268 0.00692802392802 0.00042979
pedestrian -1 -1 -10 311.95 234.44 341.894 283.203 1.02999537289 0.922999710197 1.14299583389 -4.42637178721 1.35060596082 11.2622217097 0.00692802392802 0.00036986
pedestrian -1 -1 -10 478.94 86.152 527.622 227.302 1.33499404639 1.18900027761 0.345998895309 -2.28357220419 0.3606864675 16.5111777111 0.00692802392802 0.00025909
pedestrian -1 -1 -10 268.99 250.21 296.205 286.798 1.08099520355 0.622999722765 0.524998123977 -4.98439843648 1.3479687412 11.4160588665 0.00692802392802 0.00025446
pedestrian -1 -1 -10 292.73 208.14 328.052 277.9 0.225999036431 0.175998568474 0.198999134494 -7.68644244908 1.50210188908 18.6921342516 0.00692802392802 7.6252e-05
pedestrian -1 -1 -10 583.44 146.27 614.59 242.346 1.82799187303 0.510999810109 0.891996640263 -0.20369462094 1.46427424669 7.48854248932 0.00692802392802 5.488e-05
pedestrian -1 -1 -10 366.08 206.82 398.967 279.432 1.01799549162 1.16899887973 0.696997409448 -3.51090097458 1.38285054439 10.5899073604 0.00692802392802 3.4924e-05
pedestrian -1 -1 -10 895.6 208.41 939.28 276.571 2.20999007523 1.17799965183 1.19899537947 5.23922739308 1.35846091246 11.6850921682 0.00692802392802 1.6673e-05
pedestrian -1 -1 -10 484.63 97.11 558.553 216.22 0.98499557972 1.03499914602 0.717997358249 -1.75489392664 -0.0221307759086 17.6993030625 0.00692802392802 4.5436e-07
