pedestrian -1 -1 -10 700.65 162.42 714.07 207.851 1.48083738077 0.747919160363 0.531999901998 4.62632027454 1.47140285831 32.1148542321 0.00753464155925 0.92079
pedestrian -1 -1 -10 705.99 162.82 717.118 209.135 1.48083738077 0.747919160363 0.531999901998 4.62632027454 1.47140285831 32.1148542321 0.00753464155925 0.43593
pedestrian -1 -1 -10 957.23 165.6 1053.37 363.29 1.06188341355 0.808910918201 0.981999811931 3.18926244349 1.57215301987 5.89897080236 0.00753464155925 0.30619
pedestrian -1 -1 -10 690.09 166.26 711.034 209.838 0.0999890208244 0.0 0.0 5.08455840537 0.834069372015 38.3864790838 0.0 0.053411
pedestrian -1 -1 -10 627.57 170.91 641.282 200.727 0.101988790394 0.232972371003 0.268999971062 2.35780666972 0.974204345842 55.0967684317 0.00753464155925 0.015026
pedestrian -1 -1 -10 760.93 145.27 805.052 236.695 0.299967069178 0.12798623787 0.991999322496 7.74130178057 0.626959239165 30.9289817848 0.00753464155925 0.014686
pedestrian -1 -1 -10 533.0 171.98 546.922 209.011 1.46583905685 0.587933025532 0.456999877273 -3.33440297809 1.68500636811 36.3471385639 0.00753464155925 0.0072101
pedestrian -1 -1 -10 487.89 173.46 505.975 238.295 1.59982428849 0.78591510453 0.780999659837 -3.24836479092 1.72649545511 21.9998882063 0.00753464155925 0.0033783
pedestrian -1 -1 -10 516.62 177.79 530.588 232.561 1.59682461924 0.88590453166 0.588999806348 -2.63673488689 1.7332171949 22.4792249805 0.00753464155925 0.0030155
pedestrian -1 -1 -10 1110.9 227.62 1135.82 309.176 1.9377872827 1.18787054188 0.438999518479 6.93223215582 1.27861776982 9.60661151838 0.00753464155925 0.0018368
pedestrian -1 -1 -10 512.01 175.98 523.988 231.717 1.59682461924 0.88590453166 0.588999806348 -2.63673488689 1.7332171949 22.4792249805 0.00753464155925 0.0017515
pedestrian -1 -1 -10 1046.2 182.94 1079.99 263.46 2.05677417552 1.1568738004 1.14699948486 5.93893146342 1.41062379745 9.43049724263 0.00753464155925 0.0010942
pedestrian -1 -1 -10 678.86 163.19 706.349 215.771 0.0999890208244 0.0 0.0 5.88535992566 1.11244249308 48.0326588628 0.0 0.00088495
pedestrian -1 -1 -10 526.05 177.53 536.602 226.738 0.0999890208244 0.00500052028333 0.138999896415 -4.42631482918 1.52850613385 43.7550942533 0.00753464155925 0.00076838
pedestrian -1 -1 -10 712.56 161.45 722.336 208.568 0.951895483791 0.412956772689 0.589999971982 5.58502493908 1.35346918744 34.3172645954 0.00753464155925 0.00068437
pedestrian -1 -1 -10 1032.3 205.58 1069.45 285.092 0.88890236986 1.11687726669 0.723999755487 5.19145492694 1.51464563803 8.04075308969 0.00753464155925 0.00044516
pedestrian -1 -1 -10 674.74 165.11 688.203 212.347 2.56071878899 0.549938988505 0.399999972922 2.81764156576 1.66096405467 26.7489257564 0.00753464155925 0.00040613
pedestrian -1 -1 -10 1111.1 107.94 1127.6 147.57 1.5338315947 0.954895310169 0.906999787206 6.05413328898 0.890474225136 8.81737413534 0.00753464155925 0.00040278
pedestrian -1 -1 -10 851.61 221.69 869.529 292.642 1.59582471955 0.944896653526 0.744999895924 2.22165669849 1.64781952203 5.90709353998 0.00753464155925 0.00033802
pedestrian -1 -1 -10 842.66 202.67 876.947 302.086 1.59582471955 0.944896653526 0.744999895924 2.22165669849 1.64781952203 5.90709353998 0.00753464155925 0.00031533
pedestrian -1 -1 -10 845.9 210.37 865.537 285.813 1.59582471955 0.944896653526 0.710999748022 2.20465710571 1.64783189933 5.90722144501 0.00753464155925 0.00030206
pedestrian -1 -1 -10 1002.7 201.22 1037.58 294.603 1.06988249928 0.965893784796 0.901999674296 6.01126316638 1.10576157906 10.585820396 0.00753464155925 0.00029685
pedestrian -1 -1 -10 1023.1 164.44 1054.02 246.821 2.10876851212 1.16387204951 0.838000041024 5.60094061753 1.475894194 9.09691597514 0.00753464155925 0.00019365
pedestrian -1 -1 -10 997.4 203.51 1025.28 266.028 1.06988249928 1.1468737134 1.02999941768 5.94794690915 1.10714779924 10.6767893134 0.00753464155925 0.0001518
pedestrian -1 -1 -10 981.6 198.51 1017.32 289.137 1.06188341355 0.793912694846 0.976999699021 3.19181893177 1.57226221733 5.90645089127 0.00753464155925 0.00013759
pedestrian -1 -1 -10 1013.6 152.59 1043.59 221.999 1.82080008495 1.17287088817 0.232000279934 6.8291339394 1.21900719396 11.6541874676 0.00753464155925 0.00012266
pedestrian -1 -1 -10 835.37 251.04 874.547 317.823 1.59582471955 0.828909185055 0.659999883797 2.17872093749 1.64699191942 5.84942121313 0.00753464155925 4.8688e-05
pedestrian -1 -1 -10 667.35 166.4 698.096 215.37 2.56071878899 0.549938988505 0.399999972922 2.81764156576 1.66096405467 26.7489257564 0.00753464155925 1.4047e-05
pedestrian -1 -1 -10 1006.8 173.46 1040.76 249.282 1.06988249928 0.781913925447 0.901999674296 6.01057006179 1.10439974983 10.4938330775 0.00753464155925 1.2977e-05
pedestrian -1 -1 -10 481.9 168.72 499.578 241.827 1.69581382382 1.0538853961 0.522999841811 -3.37834097228 1.82059538074 21.8661666692 0.00753464155925 5.6191e-07
pedestrian -1 -1 -10 477.63 160.9 510.145 234.441 1.59982428849 0.874904149893 0.780999659837 -3.24870003803 1.72583675321 21.9553949466 0.00753464155925 8.0071e-08
