pedestrian -1 -1 -10 352.07 146.97 409.254 328.57 1.8649916485 0.733999708578 0.329998684547 -2.33484275467 1.46932499217 7.33678729236 0.00692802392802 0.98389
pedestrian -1 -1 -10 891.57 224.87 918.559 280.988 0.942995779216 1.14699953551 0.6459974827 4.2571410182 1.37871933655 10.3351229489 0.00692802392802 0.041833
pedestrian -1 -1 -10 638.42 209.55 662.911 271.172 2.26698992103 1.17499939446 0.805996908121 1.07154193734 1.44167087882 12.807557204 0.00692802392802 0.010256
pedestrian -1 -1 -10 766.11 162.61 779.851 234.551 0.763996559382 0.085000934218 0.760997298826 4.08775136976 0.750834336643 17.6348507148 0.00692802392802 0.0045045
pedestrian -1 -1 -10 276.24 242.17 288.117 279.359 0.97499564141 0.747999638056 1.07199600131 -4.56820512036 1.40124268838 10.173768391 0.00692802392802 0.0036601
pedestrian -1 -1 -10 340.11 150.0 388.295 307.2 1.8649916485 0.693999773832 0.329998684547 -2.33498131381 1.46934825179 7.31678780496 0.00692802392802 0.0031383
pedestrian -1 -1 -10 899.04 231.39 928.555 279.838 0.927995860577 1.16899887973 0.665997388526 4.24605351604 1.37893291182 10.1752049403 0.00692802392802 0.0020058
pedestrian -1 -1 -10 361.17 225.08 401.534 326.79 1.8649916485 0.733999708578 0.329998684547 -2.33484275467 1.46932499217 7.33678729236 0.00692802392802 0.0014247
pedestrian -1 -1 -10 303.39 228.08 332.013 283.315 0.982995562256 1.11799927287 1.07899594451 -4.12017914967 1.39875433611 10.3946618878 0.00692802392802 0.00098832
pedestrian -1 -1 -10 646.47 197.8 663.463 252.308 1.47499343604 0.947999311785 0.910996532917 1.12682647389 1.44124216368 13.0521399531 0.00692802392802 0.00094433
pedestrian -1 -1 -10 909.76 234.27 938.89 276.175 2.16699034423 1.11599941919 1.19699553193 5.36511531357 1.40599960466 11.7853026164 0.00692802392802 0.00081221
pedestrian -1 -1 -10 764.09 165.2 792.469 243.36 0.762996576726 0.085000934218 0.657997521562 4.13925140022 0.75069271986 17.6344943325 0.00692802392802 0.00075328
pedestrian -1 -1 -10 841.08 185.81 871.001 266.687 0.551997494698 0.27000027479 0.616997786144 4.90370674631 1.27784665174 13.9113419772 0.00692802392802 0.00068816
pedestrian -1 -1 -10 647.55 196.73 674.139 260.776 2.26698992103 0.730000001206 0.794997031442 1.06373165582 1.44207385719 12.4741036461 0.00692802392802 0.00066608
pedestrian -1 -1 -10 653.02 212.78 668.103 265.276 2.26698992103 0.732999304898 0.794997031442 1.06374204536 1.44207211312 12.475603262 0.00692802392802 0.00052057
pedestrian -1 -1 -10 480.46 91.953 526.53 225.323 1.52699321955 1.19299998499 0.336998866162 -2.27792959608 0.55369143371 16.4932503898 0.00692802392802 0.00049513
pedestrian -1 -1 -10 652.9 194.22 664.49 241.125 2.26698992103 0.877999664398 0.878996707437 1.10624315345 1.44187230356 12.5478105939 0.00692802392802 0.00048032
pedestrian -1 -1 -10 656.47 197.58 674.514 246.007 1.47499343604 0.947999311785 1.11199587257 1.22732372964 1.44096580503 13.0514433731 0.00692802392802 0.00042285
pedestrian -1 -1 -10 882.48 227.05 904.954 279.38 0.927995860577 1.04399896444 0.665997388526 4.2456205183 1.37900559819 10.1127064826 0.00692802392802 0.00035596
pedestrian -1 -1 -10 313.2 238.31 340.662 283.508 0.981995639205 1.16899983341 1.13399604316 -4.08150510055 1.39761888845 10.4198941364 0.00692802392802 0.00032988
pedestrian -1 -1 -10 923.08 229.88 945.505 276.084 2.18099028021 0.879000068078 1.18899566497 5.57513548587 1.40541457866 11.7903391514 0.00692802392802 0.00027319
pedestrian -1 -1 -10 1076.8 88.664 1113.73 210.294 1.67799250782 0.683999551727 1.1989958563 7.94538170234 0.782173955002 11.5309796132 0.00692802392802 0.00025912
pedestrian -1 -1 -10 304.49 253.07 322.76 286.18 1.06299521774 1.16999928341 1.16299573971 -4.51252706677 1.3810401476 11.0903308978 0.00692802392802 0.00018545
pedestrian -1 -1 -10 275.08 245.04 298.394 283.689 0.44099804908 0.260000052686 0.0849992421341 -4.80809078069 1.17033416953 11.5475063951 0.00692802392802 0.00018115
pedestrian -1 -1 -10 772.85 165.97 788.745 227.851 2.18199032247 0.769999935952 0.986996282343 3.24862137178 1.33721320599 12.3298905382 0.00692802392802 0.00011914
pedestrian -1 -1 -10 896.37 210.94 938.671 275.673 2.25698997527 1.12000008023 1.1979954557 5.23870494653 1.40647728875 11.6721239684 0.00692802392802 2.7413e-05
pedestrian -1 -1 -10 318.53 212.46 356.097 284.14 1.06299518794 1.17099968709 1.06799630625 -4.1119609782 1.3902606644 10.8060591601 0.00692802392802 5.0025e-06
