pedestrian -1 -1 -10 695.34 149.28 764.102 304.56 1.80199193656 0.598999571183 0.780997085443 1.40741594196 1.43473991592 8.4423849923 0.00692802392802 0.95877
pedestrian -1 -1 -10 842.43 218.79 857.219 259.456 0.553997579217 0.273999982163 0.632997520071 4.90762596711 1.27984969359 13.8993156108 0.00692802392802 0.2895
pedestrian -1 -1 -10 729.7 143.98 774.527 245.9 0.762996606529 0.367000331126 0.889996762929 3.91889348678 0.748192329181 17.7290198469 0.00692802392802 0.14233
pedestrian -1 -1 -10 725.19 154.25 768.646 298.59 2.40098926574 0.615998804353 1.19699553193 2.95059600876 1.50275252141 14.3250696792 0.00692802392802 0.044406
pedestrian -1 -1 -10 709.62 147.21 751.725 274.59 1.80199193656 0.598999571183 0.780997085443 1.40741594196 1.43473991592 8.4423849923 0.00692802392802 0.040025
pedestrian -1 -1 -10 847.05 214.63 863.972 260.972 1.16699481457 1.12999934867 0.670997722609 4.23936642955 1.38377392286 11.2036429009 0.00692802392802 0.024964
pedestrian -1 -1 -10 744.69 147.12 770.102 220.819 0.764996571839 0.367000331126 0.990996215825 3.96939475798 0.750053428 17.7286709687 0.00692802392802 0.023255
pedestrian -1 -1 -10 667.39 218.68 680.625 260.991 2.26498983651 1.194998885 1.12199582548 1.28276324701 1.44705566957 12.8361022099 0.00692802392802 0.015217
pedestrian -1 -1 -10 754.46 145.02 782.448 225.753 2.29998976588 0.556999782751 0.925996641099 3.22259241866 1.40106358451 14.2716246033 0.00692802392802 0.0098842
pedestrian -1 -1 -10 698.12 204.43 715.127 257.937 2.05999082923 0.637999102249 1.19799557491 2.14190471891 1.16393429647 14.3674777373 0.00692802392802 0.0073683
pedestrian -1 -1 -10 664.17 224.74 675.653 262.932 2.26498983651 1.18799892026 1.13999570496 1.2367056027 1.44719204759 12.8279211531 0.00692802392802 0.0070996
pedestrian -1 -1 -10 683.41 187.15 718.161 301.05 2.05999082923 0.637999102249 1.16499558725 1.97640921137 1.16438939463 14.3686248419 0.00692802392802 0.0070927
pedestrian -1 -1 -10 688.23 193.0 703.3 239.375 0.987995587289 0.175001025815 1.12699586154 2.41805262442 0.735487885972 17.5912688468 0.00692802392802 0.0034755
pedestrian -1 -1 -10 687.17 203.76 712.262 260.74 2.05999082923 0.637999102249 1.16499558725 1.97640921137 1.16438939463 14.3686248419 0.00692802392802 0.0027951
pedestrian -1 -1 -10 665.28 213.52 695.932 260.762 2.24998991787 1.18399921289 0.991996318404 1.34802826664 1.43182874774 12.8771421739 0.00692802392802 0.0025924
pedestrian -1 -1 -10 744.02 137.72 758.47 232.919 1.67899246067 0.598999571183 0.600997694591 1.49424393135 1.31150120425 8.44171163314 0.00692802392802 0.0021168
pedestrian -1 -1 -10 892.58 225.19 919.362 275.201 0.963995653391 1.1719991371 0.670997722609 4.23348469771 1.37880547282 10.3167739472 0.00692802392802 0.0020801
pedestrian -1 -1 -10 689.87 161.68 722.1 269.64 2.05999082923 0.637999102249 1.11499570347 2.07440647933 1.16411991072 14.3679455901 0.00692802392802 0.0019413
pedestrian -1 -1 -10 699.53 179.53 731.172 257.924 1.79399195611 0.598999571183 0.780997085443 1.40740491062 1.42673993547 8.44238041669 0.00692802392802 0.0018659
pedestrian -1 -1 -10 761.05 146.23 775.064 215.475 2.18199026287 0.466999691154 0.925996641099 3.22211794782 1.28311641577 14.2265581474 0.00692802392802 0.0015064
pedestrian -1 -1 -10 836.5 154.74 851.549 220.658 2.19799010456 0.974999720734 1.19499544598 4.25526448008 1.33749692463 12.2774064802 0.00692802392802 0.0015053
pedestrian -1 -1 -10 1045.2 231.09 1057.53 265.368 2.269989869 0.972999867048 1.1949956844 7.51041487812 1.37617120042 11.707843563 0.00692802392802 0.0014635
pedestrian -1 -1 -10 754.24 141.82 767.943 217.477 2.06699076742 0.466999691154 0.966996376517 3.20145999736 1.16817329181 14.2266344612 0.00692802392802 0.0014347
pedestrian -1 -1 -10 694.38 190.94 706.201 241.231 0.987995587289 0.175001025815 0.99799639744 2.57054842199 0.735068535879 17.5902118475 0.00692802392802 0.0013775
pedestrian -1 -1 -10 684.05 205.92 698.927 255.898 2.05899084657 0.637999102249 1.1109958892 1.84441428718 1.16475237291 14.3695403242 0.00692802392802 0.0012083
pedestrian -1 -1 -10 836.63 208.91 861.921 263.619 0.553997579217 0.273999982163 0.632997520071 4.90762596711 1.27984969359 13.8993156108 0.00692802392802 0.0010408
pedestrian -1 -1 -10 674.29 210.08 705.689 262.669 2.05899084657 0.637999102249 1.09599584062 1.83691444305 1.16477299682 14.3695923081 0.00692802392802 0.00081511
pedestrian -1 -1 -10 883.09 220.08 899.215 273.834 0.915995949507 0.843999290711 0.582997755506 4.24743182992 1.36711162154 10.0156850402 0.00692802392802 0.0008131
pedestrian -1 -1 -10 888.34 234.6 910.135 280.776 0.902995996177 0.695998673845 0.582997755506 4.24690123221 1.3541977293 9.94167907228 0.00692802392802 0.00061729
pedestrian -1 -1 -10 906.62 233.98 928.516 277.188 0.915995949507 0.813998624397 0.582997755506 4.24732790809 1.36712906667 10.000685067 0.00692802392802 0.00059858
pedestrian -1 -1 -10 843.53 201.24 877.478 261.742 0.553997579217 0.273999982163 0.632997520071 4.90762596711 1.27984969359 13.8993156108 0.00692802392802 0.00040722
pedestrian -1 -1 -10 347.61 215.86 369.143 274.798 1.02099543959 1.18299976288 1.0169963795 -3.69829626037 1.3854321822 10.5332053995 0.00692802392802 0.0003384
pedestrian -1 -1 -10 878.74 210.98 894.345 273.835 0.927995860577 1.04499841445 0.610998005131 4.26214442316 1.37895615516 10.1160920163 0.00692802392802 0.00027317
pedestrian -1 -1 -10 340.28 221.51 382.493 280.77 1.02099543959 1.18499961657 1.01499605513 -3.69728919475 1.38542826901 10.53419837 0.00692802392802 0.00026755
pedestrian -1 -1 -10 679.31 214.68 691.441 261.118 1.94999124706 1.16999928341 0.926996564865 1.38098953262 1.43173123723 12.8840882935 0.00692802392802 0.00026413
pedestrian -1 -1 -10 830.04 147.51 858.674 251.99 2.19799010456 0.979999831786 1.18799550279 4.2587470473 1.33749020777 12.2748822257 0.00692802392802 0.00025036
pedestrian -1 -1 -10 935.65 221.17 964.196 272.654 0.996995557845 0.900999412301 0.2759989865 4.99108699456 1.41087486643 10.1780408439 0.00692802392802 0.00018786
pedestrian -1 -1 -10 656.44 220.48 675.516 275.876 1.78599197567 0.442000089565 1.18499549307 1.34810416908 1.16990540747 14.5591480309 0.00692802392802 0.00016794
pedestrian -1 -1 -10 719.66 144.7 752.047 227.53 1.80199193656 0.598999571183 0.780997085443 1.40741594196 1.43473991592 8.4423849923 0.00692802392802 0.00016745
pedestrian -1 -1 -10 699.76 185.82 712.229 246.821 2.05999082923 0.637999102249 1.19199555548 2.12290519324 1.1639865435 14.3676094294 0.00692802392802 0.00011911
pedestrian -1 -1 -10 881.64 207.81 909.602 272.975 1.18599466383 1.18600002025 0.670997722609 4.23680850063 1.40320756401 10.830663304 0.00692802392802 9.7899e-05
pedestrian -1 -1 -10 873.88 201.77 898.764 265.489 0.927995860577 1.00699928706 0.610998005131 4.26201279478 1.37897825133 10.0970929086 0.00692802392802 2.9939e-05
pedestrian -1 -1 -10 338.88 215.81 361.716 280.299 0.970995651186 1.04099966075 1.11899575616 -3.74984236494 1.38567592861 10.4445899323 0.00692802392802 1.4835e-05
pedestrian -1 -1 -10 672.78 171.41 687.839 229.213 1.46599341333 0.822999396495 0.954996456864 1.36885931965 1.43156795749 13.0579579327 0.00692802392802 1.0357e-05
pedestrian -1 -1 -10 907.43 219.57 939.8 275.203 2.23199005127 0.881999371771 1.1939952838 5.19280864796 1.38274646233 11.5474257983 0.00692802392802 7.9757e-06
pedestrian -1 -1 -10 327.39 214.53 349.36 277.449 1.06299521774 1.18399921289 1.1639959019 -4.08284840511 1.38799588157 10.9673592691 0.00692802392802 4.8677e-06
pedestrian -1 -1 -10 318.73 213.32 341.199 276.627 0.328998501599 0.17899882584 0.228999231651 -7.02637925178 1.58945537607 18.5400992651 0.00692802392802 4.1548e-06
pedestrian -1 -1 -10 678.87 167.91 691.908 231.46 1.46599341333 0.840999987019 0.87399673098 1.40929585599 1.43146705627 13.0486771421 0.00692802392802 3.9745e-06
pedestrian -1 -1 -10 1100.4 134.18 1134.47 258.37 2.30098974854 0.691999920146 1.195996085 8.31085804278 1.39514333249 11.5507985362 0.00692802392802 3.0054e-06
pedestrian -1 -1 -10 314.9 200.88 363.678 283.524 1.06299521774 1.18399921289 1.1639959019 -4.08284840511 1.38799588157 10.9673592691 0.00692802392802 4.6705e-09
