pedestrian -1 -1 -10 1175.1 167.67 1213.24 285.21 2.00577971626 1.19786919852 0.845000008364 4.84830046156 1.47585965816 5.7533633361 0.00753464155925 7.6071e-05
pedestrian -1 -1 -10 1110.6 185.37 1154.16 306.34 2.04977494478 1.19886853972 0.676999838538 4.76776491428 1.46876856771 6.21696471161 0.00753464155925 1.9414e-05
pedestrian -1 -1 -10 1166.7 188.93 1205.71 306.08 2.00477983892 1.19886853972 0.77499985813 4.81329038379 1.47586293513 5.75211934292 0.00753464155925 1.4527e-05
pedestrian -1 -1 -10 1064.1 206.79 1097.34 318.24 2.10376900625 1.19786872174 1.07899966589 4.73111419673 1.50823766164 7.1926906955 0.00753464155925 9.4417e-06
pedestrian -1 -1 -10 1156.5 211.57 1192.56 315.69 2.06077374446 1.19786872174 0.789999720024 4.82177797852 1.47683379435 5.88597425783 0.00753464155925 4.2834e-06
pedestrian -1 -1 -10 1168.0 232.63 1201.38 334.38 2.00477983892 1.19886901651 0.743999730291 4.79760241604 1.47550416018 5.72723955334 0.00753464155925 3.2751e-06
pedestrian -1 -1 -10 1144.6 235.54 1180.62 341.15 2.0647733134 1.19386897301 1.17599975827 5.01363206215 1.47626115596 6.53065556977 0.00753464155925 1.3663e-06
pedestrian -1 -1 -10 1084.3 207.44 1118.1 319.45 2.10376900625 1.19886853972 1.18199979839 4.78113995716 1.50530627693 6.99683004866 0.00753464155925 9.7148e-07
pedestrian -1 -1 -10 1165.1 62.767 1201.18 201.547 1.58382611704 1.19786872174 1.19299995143 5.14619839049 0.996676936923 6.42918242792 0.00753464155925 8.501e-07
pedestrian -1 -1 -10 1103.6 206.52 1141.14 322.59 2.04977494478 1.19586908577 0.669999871199 4.76497696726 1.47016994873 6.31147783729 0.00753464155925 7.8598e-07
pedestrian -1 -1 -10 1133.0 70.267 1170.76 188.917 1.54683017885 1.19686890375 1.08599963323 4.97433270335 0.968056663561 6.5151389888 0.00753464155925 6.2727e-07
pedestrian -1 -1 -10 714.08 177.65 746.336 242.509 1.76980571508 0.820909210815 0.565999811482 4.8917115055 1.69814564237 26.8414089276 0.00753464155925 1.7104e-07
pedestrian -1 -1 -10 1129.2 177.66 1171.76 308.37 2.04877497805 1.19686890375 0.736999762951 4.79669515898 1.4676445867 6.07473617434 0.00753464155925 1.607e-07
pedestrian -1 -1 -10 1123.6 226.09 1160.36 338.51 2.08877066743 1.19686890375 1.14799941207 4.96400718181 1.50098247876 6.71236613187 0.00753464155925 5.7516e-08
