pedestrian -1 -1 -10 447.86 151.09 529.667 352.59 1.7579921186 0.661999730668 0.554997923112 -1.08014232362 1.48169302429 6.61315360674 0.00692802392802 0.99992
pedestrian -1 -1 -10 845.46 215.3 859.859 261.638 0.554997502267 0.260000052686 0.632997520071 4.91061366706 1.28084369222 13.8972955818 0.00692802392802 0.04005
pedestrian -1 -1 -10 836.47 155.79 851.574 216.65 2.20199015439 1.1039993434 1.1979954557 4.25501586651 1.34145706424 12.3129109309 0.00692802392802 0.0044439
pedestrian -1 -1 -10 700.82 163.89 713.645 215.808 2.06099075228 0.574999419601 1.19699553193 2.14060351351 1.16490519995 14.3959876064 0.00692802392802 0.0034347
pedestrian -1 -1 -10 941.47 226.3 959.826 270.571 0.995995575189 0.865999588607 0.282998929698 4.98773050385 1.41086065058 10.1985643983 0.00692802392802 0.0032043
pedestrian -1 -1 -10 706.35 162.81 724.647 206.04 0.756996591389 0.0909995416031 1.13399580474 2.89309891828 0.741145811056 17.6201199004 0.00692802392802 0.0030725
pedestrian -1 -1 -10 890.75 230.46 918.052 278.487 1.17499470562 1.18299976288 0.63899777792 4.26408758562 1.39341454796 10.5839632206 0.00692802392802 0.0022942
pedestrian -1 -1 -10 831.57 146.93 859.035 256.06 2.19299013168 1.04399896444 1.19499520757 4.29871003491 1.33230253411 12.3426037486 0.00692802392802 0.0014146
pedestrian -1 -1 -10 671.82 211.2 690.37 262.616 1.47499336153 1.16999928341 0.991996199196 1.35011060146 1.4418282706 12.8755891834 0.00692802392802 0.00099409
pedestrian -1 -1 -10 693.2 212.25 713.622 259.767 2.06099075228 0.574999419601 1.19099539329 2.05660579565 1.16513618632 14.3965698226 0.00692802392802 0.00098109
pedestrian -1 -1 -10 346.31 216.9 368.996 274.333 0.974995581806 1.12999934867 0.993995987123 -3.69595378019 1.38946419787 10.4997195878 0.00692802392802 0.00087589
pedestrian -1 -1 -10 442.33 167.69 503.96 311.98 1.7579921186 0.661999730668 0.554997923112 -1.08014232362 1.48169302429 6.61315360674 0.00692802392802 0.00083716
pedestrian -1 -1 -10 932.3 225.35 952.853 271.915 1.08999513686 1.18099895552 0.59899772785 5.35352705417 1.40453235798 10.4774753745 0.00692802392802 0.00077714
pedestrian -1 -1 -10 904.37 235.09 929.766 277.524 0.954995690286 0.698998931211 0.614997461777 4.23167248592 1.40712458299 10.0423184821 0.00692802392802 0.0007457
pedestrian -1 -1 -10 678.71 212.56 693.027 258.174 2.05999082923 0.574999419601 1.18999546953 1.711114021 1.16508633161 14.3989639599 0.00692802392802 0.00062814
pedestrian -1 -1 -10 947.08 233.97 968.469 276.699 0.97099571079 0.677999990669 0.239998869912 4.96554528993 1.3860292281 10.1047015768 0.00692802392802 0.00054957
pedestrian -1 -1 -10 838.26 193.58 867.469 262.384 0.554997502267 0.260000052686 0.632997520071 4.91061366706 1.28084369222 13.8972955818 0.00692802392802 0.00046777
pedestrian -1 -1 -10 655.49 222.31 678.485 275.825 1.47399343848 0.904999119673 1.12199576588 1.23103053716 1.4410042325 13.0089172503 0.00692802392802 0.00046653
pedestrian -1 -1 -10 878.31 213.27 893.655 274.189 0.923995810747 0.941998797053 0.65599767403 4.25297110095 1.37592702898 10.163655679 0.00692802392802 0.00038121
pedestrian -1 -1 -10 658.42 203.47 688.993 262.449 1.47399343848 0.904999119673 1.08299587799 1.30552843258 1.44079936981 13.0084008806 0.00692802392802 0.00037319
pedestrian -1 -1 -10 690.11 166.44 715.578 233.492 2.06099075228 0.574999419601 1.1629955013 2.07660528067 1.16508118948 14.3964311995 0.00692802392802 0.00036207
pedestrian -1 -1 -10 677.04 205.83 706.711 261.168 2.05999082923 0.574999419601 1.1459958436 1.86210990935 1.16467110613 14.397917357 0.00692802392802 0.00035309
pedestrian -1 -1 -10 743.75 131.27 770.587 196.146 1.96799117327 0.54499970696 1.10199586005 3.09839861215 1.0683617959 14.3102917256 0.00692802392802 0.00031191
pedestrian -1 -1 -10 754.52 127.31 767.536 177.779 1.68599248826 0.757998906487 0.682997523054 3.09593887806 0.84563566275 12.3286651542 0.00692802392802 0.00030372
pedestrian -1 -1 -10 340.15 221.1 381.84 280.438 1.06499518305 1.18499961657 1.16599551101 -3.60946013062 1.38912362435 10.5885702523 0.00692802392802 0.00028637
pedestrian -1 -1 -10 646.27 122.05 662.786 178.432 1.53699316531 0.391999932715 1.1629956205 1.08586985227 0.638645317575 14.5434916177 0.00692802392802 0.0002587
pedestrian -1 -1 -10 326.52 213.85 348.768 281.209 1.06999524534 1.19399943499 1.1669956732 -4.00510205096 1.39207155428 10.7138147993 0.00692802392802 0.00024222
pedestrian -1 -1 -10 712.85 147.85 740.971 204.818 2.06299077719 0.50599922222 1.19399564143 2.53568032052 1.16488687915 14.3337480678 0.00692802392802 0.00017167
pedestrian -1 -1 -10 477.28 167.33 535.846 317.53 1.7579921186 0.661999730668 0.554997923112 -1.08014232362 1.48169302429 6.61315360674 0.00692802392802 0.00017048
pedestrian -1 -1 -10 838.36 209.74 852.972 261.8 0.554997502267 0.260000052686 0.632997520071 4.91061366706 1.28084369222 13.8972955818 0.00692802392802 0.00014857
pedestrian -1 -1 -10 894.68 242.11 912.008 284.714 2.03999087811 0.85300006281 0.917996774136 4.95208501552 1.34555604845 11.4206588046 0.00692802392802 0.00011961
pedestrian -1 -1 -10 339.09 215.02 361.905 278.483 0.0999995529652 0.0 0.0 -5.19204019634 1.29496087619 13.6755621158 0.0 9.498e-05
pedestrian -1 -1 -10 749.01 154.83 760.108 208.228 1.01599543691 0.527999520116 1.15999573 3.85209977188 1.0012345194 17.8531336447 0.00692802392802 8.6062e-05
pedestrian -1 -1 -10 686.26 211.31 698.85 260.57 2.05999082923 0.574999419601 1.15699572028 1.86760971557 1.16465598215 14.397879236 0.00692802392802 8.5124e-05
pedestrian -1 -1 -10 958.47 236.3 970.957 278.207 2.11099054068 0.902999265987 1.19199543627 6.12870688771 1.40289366521 11.7855417549 0.00692802392802 7.9867e-05
pedestrian -1 -1 -10 353.54 212.98 374.971 272.558 0.974995581806 0.808999467018 0.818996930354 -3.60951979662 1.38940210543 10.3456168216 0.00692802392802 7.7707e-05
pedestrian -1 -1 -10 742.35 154.19 753.917 210.027 1.01199546158 0.515998490651 1.1979954557 3.68805456712 0.996692497894 17.8482665488 0.00692802392802 7.5701e-05
pedestrian -1 -1 -10 752.17 154.97 766.457 208.197 1.01599543691 0.56099853645 1.19199567469 3.95823210642 1.00092035837 17.87189824 0.00692802392802 6.3217e-05
pedestrian -1 -1 -10 757.68 179.51 785.762 240.018 0.764996556938 0.093000348963 0.780997204652 4.07677116408 0.750861095367 17.6379265702 0.00692802392802 4.8417e-05
pedestrian -1 -1 -10 449.07 162.99 542.193 261.859 1.7579921186 0.661999730668 0.554997923112 -1.08014232362 1.48169302429 6.61315360674 0.00692802392802 4.1252e-05
pedestrian -1 -1 -10 766.03 170.14 795.705 243.325 2.18199032247 0.757998906487 0.991996378009 3.25110750463 1.33720865704 12.3278734042 0.00692802392802 2.2508e-05
pedestrian -1 -1 -10 667.26 169.08 685.3 221.426 1.47399343848 0.633999394877 1.00999613828 1.34296616446 1.44054141677 13.1436445044 0.00692802392802 2.2303e-05
pedestrian -1 -1 -10 879.35 202.71 909.998 269.254 0.902995996177 0.698998931211 0.614997461777 4.23160078247 1.35512488888 10.0422887407 0.00692802392802 1.7407e-05
pedestrian -1 -1 -10 354.91 189.06 395.015 280.206 1.05099527687 1.194998885 1.14799569114 -3.59138692661 1.37139675841 11.180446701 0.00692802392802 1.3229e-05
pedestrian -1 -1 -10 908.25 220.32 944.086 276.569 2.14999034107 0.892999043882 1.19199543627 5.62518988525 1.29297574074 12.0528861275 0.00692802392802 1.1146e-05
pedestrian -1 -1 -10 512.17 179.99 545.077 283.4 1.63599264584 0.886000032817 1.11399577971 -1.36657626806 1.44438523879 12.8183184976 0.00692802392802 4.8057e-06
pedestrian -1 -1 -10 326.65 207.66 373.293 282.005 1.06499518305 1.18399921289 1.1529957868 -3.77505627341 1.3895955864 10.5752175748 0.00692802392802 4.7488e-06
pedestrian -1 -1 -10 318.89 213.92 339.694 276.104 1.07199524045 1.18399921289 1.16799559696 -4.09919798442 1.39743097931 10.6264693099 0.00692802392802 4.4675e-06
