pedestrian -1 -1 -10 990.81 154.36 1024.57 224.517 1.605823627 1.19686890375 0.264999785366 3.62332596759 1.03987663956 6.5816995058 0.00753464155925 0.035198
pedestrian -1 -1 -10 922.13 182.1 936.46 225.483 2.17776082302 1.19186981382 0.549999783955 3.51449190739 1.58856255298 7.9743231188 0.00753464155925 0.0038984
pedestrian -1 -1 -10 983.32 133.19 1019.34 214.161 1.67981550336 1.19786872174 0.47999987214 3.50082474461 1.11087591152 6.71163714235 0.00753464155925 0.00232
pedestrian -1 -1 -10 924.95 173.77 941.825 219.983 2.17076162207 1.19586860898 0.549999783955 3.5140916924 1.58277857159 7.92135242863 0.00753464155925 0.0022726
pedestrian -1 -1 -10 915.07 181.98 931.179 227.857 2.17576106835 1.19686842697 0.549999783955 3.51544999029 1.58545041802 8.1018643441 0.00753464155925 0.0020097
pedestrian -1 -1 -10 1092.7 161.55 1119.43 237.0 2.09277020657 1.19786872174 0.740999710228 3.41073728286 1.54477552789 5.28275216896 0.00753464155925 0.0010096
pedestrian -1 -1 -10 1103.4 182.61 1128.25 238.989 2.09177032924 1.19886901651 0.708999893593 3.42634905993 1.54400155284 5.23113164482 0.00753464155925 0.00096706
pedestrian -1 -1 -10 772.23 157.02 795.366 212.872 2.24875312697 1.17087220577 0.437999829683 3.15028899683 1.57522457586 13.1370017831 0.00753464155925 0.00093526
pedestrian -1 -1 -10 1111.7 169.28 1152.71 274.2 2.08577097583 1.19886853972 0.71299984087 3.43297955608 1.54130167615 5.0490522122 0.00753464155925 0.00080703
pedestrian -1 -1 -10 890.51 201.71 914.828 251.014 2.18975952983 1.19686938054 0.565999811482 3.3939450289 1.59240978595 8.56684469757 0.00753464155925 0.00077659
pedestrian -1 -1 -10 911.12 169.01 940.292 231.557 2.17376125408 1.19686890375 0.549999783955 3.51517185879 1.58490272675 8.06485469865 0.00753464155925 0.00069583
pedestrian -1 -1 -10 766.4 172.95 790.439 220.084 2.36274051393 1.194868791 0.704999707897 3.00468349299 1.68397655687 13.3843669316 0.00753464155925 0.00053096
pedestrian -1 -1 -10 1103.5 166.91 1140.24 254.551 2.08877066743 1.19886853972 0.733999742889 3.42321728473 1.54275996568 5.14713995606 0.00753464155925 0.00023394
pedestrian -1 -1 -10 885.32 173.7 915.673 247.288 2.19275916184 1.19786872174 0.565999811482 3.3946108406 1.59371980669 8.65535472512 0.00753464155925 0.00021449
pedestrian -1 -1 -10 1118.1 213.98 1152.92 282.021 2.08577103543 1.19786872174 0.69899990619 3.43944881187 1.54125293902 4.97849432642 0.00753464155925 0.0001673
pedestrian -1 -1 -10 1126.4 186.66 1165.38 277.898 2.08177146649 1.19586860898 0.572999778821 3.50482296034 1.53997628022 4.89497964343 0.00753464155925 0.00016703
pedestrian -1 -1 -10 1188.3 158.38 1222.4 242.72 2.07577211308 1.19886853972 0.589999733563 3.51392597864 1.53828330214 4.44332947041 0.00753464155925 0.00014509
pedestrian -1 -1 -10 759.18 170.74 794.745 242.365 2.36274051393 1.18387031637 0.704999707897 3.0046420586 1.68389514554 13.3788678504 0.00753464155925 5.669e-05
