pedestrian -1 -1 -10 737.0 160.66 791.207 279.4 1.61999274641 0.680999294361 0.559997839964 2.29695947479 1.38432215627 10.1603113498 0.00692802392802 0.99867
pedestrian -1 -1 -10 914.67 142.87 949.459 240.4 2.02299093455 1.07799933813 0.706997600779 6.43215962573 1.1032986175 13.3216804034 0.00692802392802 0.97129
pedestrian -1 -1 -10 709.35 155.73 726.871 200.542 1.67699246556 1.1759978908 0.785996823482 4.74460150988 0.815573723551 28.5146124639 0.00692802392802 0.81868
pedestrian -1 -1 -10 224.41 165.34 325.43 349.01 1.68299242482 1.17699924815 0.687997380301 -2.8020825156 1.49418977052 5.95962524183 0.00692802392802 0.6592
pedestrian -1 -1 -10 715.82 153.13 739.281 201.258 1.42299365252 0.586000045386 0.335998703978 5.14473478252 0.582887546628 27.275687767 0.00692802392802 0.60734
pedestrian -1 -1 -10 928.3 145.05 961.477 232.496 2.02299093455 1.07799933813 0.981996186678 6.56965561583 1.10292051557 13.3207273728 0.00692802392802 0.42522
pedestrian -1 -1 -10 846.54 139.86 898.846 257.95 1.85099174231 1.00399998337 0.616997786144 4.35032934238 1.26875866908 10.9463367412 0.00692802392802 0.16333
pedestrian -1 -1 -10 1011.1 149.29 1028.74 204.699 1.29799421132 0.586000045386 0.313000457361 16.8132067258 0.516774544116 28.0918643034 0.00692802392802 0.14123
pedestrian -1 -1 -10 702.45 160.24 716.65 201.07 1.34499399215 0.726998790166 0.446998348205 4.57876388794 0.836512342117 28.9694898038 0.00692802392802 0.086776
pedestrian -1 -1 -10 513.21 168.39 529.521 221.761 1.63999260068 1.00999954443 0.618997633676 -2.52530627321 1.17810290514 22.851281774 0.00692802392802 0.032446
pedestrian -1 -1 -10 714.93 154.64 760.961 266.19 0.573997440934 0.197999820044 0.176999381136 4.81279136487 0.82298673432 24.496690311 0.00692802392802 0.030552
pedestrian -1 -1 -10 1005.0 143.54 1031.24 236.453 0.805996367335 1.17599979814 1.16399518664 8.58132835144 0.76107552117 14.4581282972 0.00692802392802 0.028685
pedestrian -1 -1 -10 1014.7 143.98 1034.49 224.473 0.900995971262 0.338998564824 0.212001004464 16.8048349091 0.119686287377 28.1891935963 0.00692802392802 0.026975
pedestrian -1 -1 -10 942.32 153.46 965.398 218.227 1.11599499881 0.840999033345 0.642997711402 7.21739910988 1.06013196821 14.2002387996 0.00692802392802 0.023013
pedestrian -1 -1 -10 696.28 159.01 706.915 198.319 1.5009933129 0.601998874876 0.578997822024 3.35282674938 1.01304800471 25.3375089197 0.00692802392802 0.017285
pedestrian -1 -1 -10 520.37 165.8 532.514 220.846 1.65599256158 1.08199999917 0.657997521562 -2.50553532656 1.19400737654 22.8871551313 0.00692802392802 0.017126
pedestrian -1 -1 -10 1006.0 152.69 1021.42 200.951 1.29799421132 0.586000045386 0.313000457361 16.8132067258 0.516774544116 28.0918643034 0.00692802392802 0.015222
pedestrian -1 -1 -10 916.03 158.1 929.886 228.279 1.6439925909 1.18899932394 0.784997376551 6.39737813883 1.08977964228 13.8606391603 0.00692802392802 0.014591
pedestrian -1 -1 -10 725.72 149.71 742.324 205.092 1.42299365252 0.606000489595 0.335998703978 5.1446655013 0.582899176713 27.2656877849 0.00692802392802 0.011126
pedestrian -1 -1 -10 695.08 153.2 722.398 216.344 1.34499399215 0.789998472814 0.482997987958 4.59654504554 0.836499479149 28.9378659587 0.00692802392802 0.010521
pedestrian -1 -1 -10 922.9 157.4 938.631 236.253 2.02299093455 1.07799933813 0.706997600779 6.43215962573 1.1032986175 13.3216804034 0.00692802392802 0.010519
pedestrian -1 -1 -10 982.24 165.67 1008.15 228.321 1.08699517399 0.990999503898 0.89799686831 8.13436111882 1.04019868486 14.5538886598 0.00692802392802 0.0097282
pedestrian -1 -1 -10 985.95 149.87 1019.36 232.768 1.08699517399 0.955999680204 1.18199524494 8.39247508851 1.03946887534 14.569599918 0.00692802392802 0.0086855
pedestrian -1 -1 -10 941.74 157.53 977.648 233.713 1.69399240911 1.10499974708 0.858996980424 6.84009314624 1.06174845153 13.6945061663 0.00692802392802 0.0060543
pedestrian -1 -1 -10 758.05 158.99 806.084 258.107 1.57199298292 0.680999294361 0.559997839964 2.29689328692 1.33632239278 10.1602838963 0.00692802392802 0.0056882
pedestrian -1 -1 -10 1105.8 196.63 1136.62 266.636 1.13999486566 1.1910001313 0.749997183729 6.71117872364 1.19464204988 8.85575643688 0.00692802392802 0.0054085
pedestrian -1 -1 -10 1001.8 153.41 1022.9 225.447 1.08699517399 1.12399978761 1.17699562611 8.44392058967 1.03950128212 14.4172398334 0.00692802392802 0.0048505
pedestrian -1 -1 -10 798.14 162.07 811.393 209.937 0.313998642564 0.242000415836 1.05499634362 11.2648173503 -0.755288218161 38.8996623162 0.00692802392802 0.0048428
pedestrian -1 -1 -10 961.94 172.12 991.963 227.021 0.959995692968 0.83199921492 0.616997786144 6.89466625288 1.06183852965 13.4870494266 0.00692802392802 0.0041122
pedestrian -1 -1 -10 865.22 142.89 939.514 252.73 1.17699476778 1.16399972235 0.60299789975 6.30907027053 1.09668976329 14.1540373268 0.00692802392802 0.0038419
pedestrian -1 -1 -10 957.78 175.43 975.262 224.558 0.530997620523 0.270999724797 0.1809990762 8.02062210304 0.588482588806 15.4544969261 0.00692802392802 0.003631
pedestrian -1 -1 -10 869.47 138.16 906.979 253.34 1.85099174231 0.962999644943 0.616997786144 4.35018731785 1.26878251043 10.925837064 0.00692802392802 0.0029417
pedestrian -1 -1 -10 212.91 166.62 283.891 286.51 1.68299242482 1.12999934867 0.687997380301 -2.80167723101 1.49412173629 6.01812361135 0.00692802392802 0.0029323
pedestrian -1 -1 -10 670.16 155.86 698.233 216.05 1.05599527955 0.186000697926 0.86499652302 4.48824440442 0.506375243852 38.9236483315 0.00692802392802 0.0016168
pedestrian -1 -1 -10 973.43 178.2 998.569 228.528 1.08699517399 1.19699873869 0.782997052184 7.99391823177 1.04090633518 14.2738554194 0.00692802392802 0.0010434
pedestrian -1 -1 -10 732.04 161.85 768.583 240.524 1.62999269217 0.787000122795 0.559997839964 2.29734044912 1.39426046346 10.2133162116 0.00692802392802 0.0010159
pedestrian -1 -1 -10 789.61 159.73 810.567 217.381 0.894996015727 0.685000909081 0.363998953603 5.74607770067 0.935050620483 20.4415690456 0.00692802392802 0.00086366
pedestrian -1 -1 -10 715.61 154.4 745.95 230.735 1.42299365252 0.606000489595 0.335998703978 5.1446655013 0.582899176713 27.2656877849 0.00692802392802 0.00085126
pedestrian -1 -1 -10 1017.0 146.51 1047.83 213.701 0.341998454928 0.0410003384259 1.09899489667 23.9712630528 -0.842392012014 38.9530167201 0.00692802392802 0.00069715
pedestrian -1 -1 -10 807.8 161.53 819.539 204.996 0.428998078406 0.637000605916 0.198999134494 7.14843350768 0.687421642216 24.6049396206 0.00692802392802 0.00062369
pedestrian -1 -1 -10 726.25 156.55 756.682 215.878 0.932995773852 0.354999301661 0.366998724901 5.4863386746 0.901849521307 26.4884570737 0.00692802392802 0.00057982
pedestrian -1 -1 -10 284.62 255.05 324.284 352.054 1.68299242482 1.11699886919 0.687997380301 -2.80097404244 1.49400369358 6.11962114103 0.00692802392802 0.00026109
pedestrian -1 -1 -10 268.46 223.99 320.353 352.11 1.70999237373 1.18799892026 0.64399739675 -2.78192676443 1.52144497257 5.68799478788 0.00692802392802 0.00025632
pedestrian -1 -1 -10 1090.0 204.76 1128.9 272.029 1.14199483097 1.16199891499 0.663997540994 6.64869247067 1.19672977597 8.92969210826 0.00692802392802 0.00019539
pedestrian -1 -1 -10 892.35 149.07 932.446 242.319 0.331998509169 0.306998998497 0.0909997384008 7.00684561505 0.485905880925 15.7805240895 0.00692802392802 0.00019079
pedestrian -1 -1 -10 1056.4 101.6 1092.69 173.242 0.0999995529652 0.0729979974059 0.31399799695 26.4905695672 -0.539421872413 39.9010796679 0.00692802392802 0.00017419
pedestrian -1 -1 -10 832.87 130.04 880.957 244.38 1.85099174231 1.07299922708 0.616997786144 4.35264674514 1.26836965181 11.280828323 0.00692802392802 0.00015994
pedestrian -1 -1 -10 761.69 158.55 792.988 225.825 1.57199298292 0.787000122795 0.559997839964 2.29726047212 1.33626075422 10.2132830385 0.00692802392802 0.00015674
pedestrian -1 -1 -10 959.02 183.81 982.695 238.308 2.00499100834 1.14599913183 1.17099560668 7.01029369763 1.06166988773 13.3516378235 0.00692802392802 0.00013191
pedestrian -1 -1 -10 848.65 145.17 879.363 221.151 1.85099174231 1.10800000444 0.616997786144 4.35143781553 1.26857259215 11.1063326404 0.00692802392802 0.00011521
pedestrian -1 -1 -10 294.62 285.8 321.239 347.959 1.68299242482 0.976999097583 0.679997513338 -2.80448892284 1.49393328412 6.18964707114 0.00692802392802 9.1422e-05
pedestrian -1 -1 -10 1114.9 186.53 1159.56 271.189 1.02499542981 1.18099895552 0.929996336163 6.80069323665 1.19050046571 8.76419599885 0.00692802392802 8.5097e-05
pedestrian -1 -1 -10 245.87 188.51 297.784 346.37 1.68299242482 1.17699924815 0.687997380301 -2.80184003792 1.49414906632 5.99462422557 0.00692802392802 6.4731e-05
pedestrian -1 -1 -10 1030.1 146.65 1072.06 241.235 0.10099953562 0.128000172657 0.144998005941 16.3696082156 0.63706731905 25.4137081922 0.00692802392801 3.718e-05
pedestrian -1 -1 -10 767.83 149.92 784.766 205.953 0.301998671889 0.688998709106 0.232998926715 9.56495884249 -0.738961086959 38.340951636 0.00692802392802 3.4571e-05
pedestrian -1 -1 -10 884.72 152.73 902.878 207.219 1.83399185836 1.10299893972 0.616997786144 4.35206213961 1.25146396922 11.1998207474 0.00692802392802 3.346e-05
pedestrian -1 -1 -10 1134.0 175.37 1200.74 269.177 0.998995582759 1.14499968182 0.715997391508 7.03033182212 1.17259566562 9.00160554478 0.00692802392802 2.3983e-05
pedestrian -1 -1 -10 907.13 174.26 925.734 235.192 0.899995988607 0.936998686001 0.837996673997 6.55320109211 0.916234733288 14.8378142197 0.00692802392802 1.6913e-05
pedestrian -1 -1 -10 876.34 145.72 899.082 213.351 1.85099174231 0.962999644943 0.616997786144 4.35018731785 1.26878251043 10.925837064 0.00692802392802 8.5489e-06
pedestrian -1 -1 -10 709.86 135.21 749.267 208.876 1.42299365252 0.606000489595 0.335998703978 5.1446655013 0.582899176713 27.2656877849 0.00692802392802 6.9428e-06
pedestrian -1 -1 -10 1118.0 74.637 1154.93 181.827 0.205999085307 0.147999663193 0.233999327316 9.1675014187 -0.729810482987 12.0676235961 0.00692802392803 4.5557e-06
