pedestrian -1 -1 -10 830.55 151.92 866.772 250.228 1.7098122406 0.930897771372 0.583999931857 4.81739151093 1.48883678503 14.1898777561 0.00753464155925 0.99637
pedestrian -1 -1 -10 827.17 153.38 852.129 242.304 1.7098122406 0.930897771372 0.583999931857 4.81739151093 1.48883678503 14.1898777561 0.00753464155925 0.19148
pedestrian -1 -1 -10 846.35 150.96 863.682 250.641 1.7098122406 0.930897771372 0.583999931857 4.81739151093 1.48883678503 14.1898777561 0.00753464155925 0.15958
pedestrian -1 -1 -10 849.05 215.16 861.752 250.595 1.70881233347 0.88590262452 0.583999931857 4.81722230968 1.48850372843 14.1673734174 0.00753464155925 0.056874
pedestrian -1 -1 -10 691.25 168.57 702.909 208.589 0.37895838809 0.297967691849 0.554999658446 5.84184149723 1.01949340201 44.8629877712 0.00753464155925 0.0010598
pedestrian -1 -1 -10 741.62 162.77 755.319 213.628 0.0999890208244 0.0559936214792 0.180999700453 11.5265429884 1.42306030558 58.5720148582 0.00753464155925 0.00076955
pedestrian -1 -1 -10 733.66 165.44 749.364 210.999 2.30174722171 0.89990102989 0.664999758288 3.94474523065 1.47260261682 22.1786760962 0.00753464155925 0.00023097
pedestrian -1 -1 -10 855.85 213.45 868.597 250.756 0.996890507701 0.546939057763 0.275000011187 6.44660624103 0.353642893208 16.7464837357 0.00753464155925 0.00021431
pedestrian -1 -1 -10 513.79 178.08 526.734 222.73 1.32685430443 1.05188289942 0.721999901057 -4.69435899505 1.42716380189 40.9618086712 0.00753464155925 0.00018938
pedestrian -1 -1 -10 518.61 172.8 531.039 217.691 1.31985510349 1.11487953786 0.731999650041 -4.73847112622 1.41801255431 40.8147052796 0.00753464155925 7.0897e-05
pedestrian -1 -1 -10 803.5 143.79 862.915 259.97 1.68981445551 0.800912851101 0.583999931857 4.81787503517 1.4698011556 14.2550164468 0.00753464155925 5.8911e-05
