pedestrian -1 -1 -10 261.59 145.87 327.25 324.85 1.87499166876 0.882999775451 0.42499835643 -3.34498385013 1.48088492571 7.53429827569 0.00692802392802 0.99692
pedestrian -1 -1 -10 892.72 222.47 917.756 276.162 0.952995784581 1.15199869289 0.714997229325 4.26767949717 1.40585920224 10.1875720083 0.00692802392802 0.022292
pedestrian -1 -1 -10 363.56 246.18 383.8 283.187 0.98799559474 0.822999396495 0.659997369094 -3.50085637869 1.39307472249 10.3698618875 0.00692802392802 0.0073266
pedestrian -1 -1 -10 364.57 223.63 387.3 277.905 0.29899866432 0.140000248448 0.245998889344 -4.30385944102 1.28043293027 13.7432777717 0.00692802392802 0.0060425
pedestrian -1 -1 -10 354.68 250.05 377.624 287.158 0.941995826363 0.52499926275 1.18099555959 -3.93656437767 1.2661058774 11.3927842862 0.00692802392802 0.0034527
pedestrian -1 -1 -10 638.04 210.56 663.257 271.719 2.26698992103 1.16899887973 0.80499704396 1.06864149675 1.44974867552 12.7465853178 0.00692802392802 0.0032094
pedestrian -1 -1 -10 767.58 167.73 784.518 237.984 0.762996576726 0.111999435819 0.66499746476 4.13086308741 0.749696922441 17.6510512162 0.00692802392802 0.0027835
pedestrian -1 -1 -10 351.72 219.65 379.093 280.948 0.98799559474 0.659999400145 0.614997700195 -3.5239203021 1.39323137667 10.2885197954 0.00692802392802 0.0024384
pedestrian -1 -1 -10 223.27 151.09 356.02 321.55 1.87499166876 0.882999775451 0.42499835643 -3.34498385013 1.48088492571 7.53429827569 0.00692802392802 0.0015952
pedestrian -1 -1 -10 249.11 159.18 284.504 288.64 1.87499166876 0.785999719115 0.42499835643 -3.3453198568 1.4809413304 7.48579941146 0.00692802392802 0.0011521
pedestrian -1 -1 -10 649.11 192.64 660.746 229.695 1.48199341893 1.1489993892 0.913996602237 1.1252338934 1.4494290148 12.89265238 0.00692802392802 0.0010877
pedestrian -1 -1 -10 658.16 193.9 674.255 246.935 2.26698992103 1.19099917763 1.08599588771 1.20979569882 1.44925184065 12.8406089388 0.00692802392802 0.0010351
pedestrian -1 -1 -10 898.64 230.2 928.452 279.212 0.952995784581 0.968999206002 0.671997646375 4.2455463148 1.40602473598 10.0962234793 0.00692802392802 0.00091654
pedestrian -1 -1 -10 647.79 194.98 673.715 262.155 2.26698992103 0.754999602794 0.94099645126 1.13484522558 1.44986289891 12.4871205671 0.00692802392802 0.00069031
pedestrian -1 -1 -10 292.55 192.72 336.661 296.46 0.988995547593 0.917999599144 0.714996990907 -4.31101457425 1.31455244434 11.0308989785 0.00692802392802 0.00066641
pedestrian -1 -1 -10 885.6 221.76 907.327 277.488 0.942995719612 0.749999491742 0.607997756997 4.21277473792 1.39624001239 9.98694232746 0.00692802392802 0.00065413
pedestrian -1 -1 -10 919.57 230.29 941.146 273.876 2.25298992544 1.14999979288 1.19699553193 5.54045912243 1.39643578828 11.8550285298 0.00692802392802 0.00060589
pedestrian -1 -1 -10 654.8 193.66 683.761 258.896 2.26698992103 1.17299954078 1.15799564405 1.2458570627 1.44914237988 12.8493590201 0.00692802392802 0.00046821
pedestrian -1 -1 -10 654.28 193.85 665.784 232.316 2.26698992103 0.783998911755 0.94099645126 1.13494567873 1.44984603606 12.5016198736 0.00692802392802 0.00039974
pedestrian -1 -1 -10 257.11 196.49 300.669 309.74 1.87499166876 0.785999719115 0.42499835643 -3.3453198568 1.4809413304 7.48579941146 0.00692802392802 0.0003814
pedestrian -1 -1 -10 480.45 88.022 527.473 225.072 1.33899397701 1.17999759817 0.346998580658 -2.26487806118 0.361602433745 16.5395472413 0.00692802392802 0.00036829
pedestrian -1 -1 -10 905.07 228.65 943.61 277.598 2.23199005127 1.01099994811 1.19499520757 5.32597944983 1.38510516931 11.7870118236 0.00692802392802 0.00034044
pedestrian -1 -1 -10 1067.6 84.674 1102.51 198.284 1.75999215841 0.884999629137 1.1919959131 7.91670845893 0.865135502832 11.6337295582 0.00692802392802 0.00018505
pedestrian -1 -1 -10 366.64 208.34 398.79 278.792 1.00799548626 1.16399876868 0.711997219609 -3.52503816984 1.37983051579 10.6415087219 0.00692802392802 6.6175e-05
pedestrian -1 -1 -10 895.55 209.55 937.291 275.261 2.23699002415 1.01099994811 1.19599560817 5.21947536461 1.38539802726 11.7877471314 0.00692802392802 3.8471e-05
pedestrian -1 -1 -10 651.69 215.17 679.62 276.006 1.47599340379 1.03499914602 1.12399585183 1.23214177141 1.44281812032 13.1689147702 0.00692802392802 3.3247e-05
pedestrian -1 -1 -10 765.77 166.74 793.813 252.394 0.762996576726 0.111999435819 0.596997641901 4.16486218213 0.749603427907 17.6508155571 0.00692802392802 2.9626e-05
pedestrian -1 -1 -10 661.53 181.31 694.105 260.183 1.47599340379 0.63099913751 0.910996592521 1.33703835487 1.44229858974 13.3701925536 0.00692802392802 2.5279e-05
pedestrian -1 -1 -10 496.18 91.718 554.94 214.388 0.877996075898 0.908999780719 0.280998843748 -1.94211488161 -0.136689095967 17.764529898 0.00692802392802 8.8193e-08
