pedestrian -1 -1 -10 596.54 169.49 624.682 213.989 1.63499271721 0.815999431756 0.955996425333 0.501826886965 1.15617961094 25.1023422148 0.00692802392802 0.94256
pedestrian -1 -1 -10 613.88 162.7 628.354 213.945 1.64999263585 0.879001021752 1.03799605263 0.661061351702 1.17070567087 25.1327487819 0.00692802392802 0.127
pedestrian -1 -1 -10 619.49 163.66 632.614 213.97 1.64999263585 0.710999960676 0.809996916108 0.775640134629 1.1702944984 25.2159571465 0.00692802392802 0.076592
pedestrian -1 -1 -10 593.04 169.76 612.098 216.767 1.51499320418 0.603000232229 0.639997567576 0.343256139336 1.15573790004 24.9970077814 0.00692802392802 0.062749
pedestrian -1 -1 -10 607.27 163.36 635.157 216.101 1.64999263585 0.719001282768 0.967996315185 0.696614616276 1.17051638814 25.2125041416 0.00692802392802 0.050083
pedestrian -1 -1 -10 624.26 164.4 637.499 212.263 1.64999263585 0.679000394349 0.677997397586 0.841749154515 1.17009440173 25.2314990904 0.00692802392802 0.011726
pedestrian -1 -1 -10 1028.8 30.548 1210.89 328.328 1.78399209976 1.19599881184 1.04999577112 4.90362901399 1.0889876034 6.78923070323 0.00692802392802 0.0017294
pedestrian -1 -1 -10 1117.2 28.973 1220.81 359.493 1.97899119109 1.19499936184 0.739997469234 4.68548080998 1.32799737352 5.55837615431 0.00692802392802 0.0001028
pedestrian -1 -1 -10 0.0 276.27 41.356 360.14 1.8579916507 1.19399943499 0.716997315274 -4.80291793857 1.47219847817 5.52984897644 0.00692802392802 9.5521e-05
pedestrian -1 -1 -10 1014.1 94.661 1045.3 168.6 1.57899291366 1.18799892026 0.612997614245 4.83816224843 0.837278941359 8.44055125549 0.00692802392802 4.449e-05
pedestrian -1 -1 -10 1131.5 0.0 1224.02 239.27 1.54299309105 1.17999902868 0.860996827956 4.74608101788 0.891714865946 5.65920498059 0.00692802392802 5.49e-07
