pedestrian -1 -1 -10 822.82 189.85 886.134 339.64 1.52983196617 1.14787400817 0.736999762951 1.98153580761 1.62788902521 5.2261150669 0.00753464155925 0.010104
pedestrian -1 -1 -10 878.68 136.13 891.922 177.456 1.01288878345 1.13587523878 0.140999750845 5.2868259531 0.311686274773 13.5950253769 0.00753464155925 0.0040989
pedestrian -1 -1 -10 853.99 138.18 870.837 179.769 1.28285916531 1.0318865397 0.63699988893 5.068667331 0.5679947677 15.0250706429 0.00753464155925 0.0010456
pedestrian -1 -1 -10 280.78 270.54 297.582 318.222 2.00378002119 1.10787842804 0.674999984109 -4.91769589849 1.59812556992 10.5637770434 0.00753464155925 0.00081373
pedestrian -1 -1 -10 881.14 129.64 898.686 178.424 0.932897583483 1.14487407743 0.171999878684 5.2694030924 0.233968053932 13.3431802219 0.00753464155925 0.00027022
pedestrian -1 -1 -10 755.42 224.94 783.098 323.053 1.06588298249 0.979892666951 0.298000006053 1.81652406312 1.63209986393 7.66119808509 0.00753464155925 0.00024636
pedestrian -1 -1 -10 301.67 250.05 332.655 342.558 1.25286242807 0.633930374294 0.975999771806 -2.89282856414 1.41600541939 7.52924138658 0.00753464155925 0.0002085
pedestrian -1 -1 -10 555.71 142.39 569.225 192.923 0.0999890208244 0.00899788508648 0.194999873551 -3.49808291262 0.00717160240161 61.341047763 0.00753464155925 0.00015787
pedestrian -1 -1 -10 286.81 262.44 303.646 320.283 2.09876958978 1.19086951905 0.727000013968 -4.94159618116 1.60232620733 10.8471373238 0.00753464155925 0.00014505
pedestrian -1 -1 -10 223.31 226.49 266.43 316.124 2.22375577641 1.19286915503 0.910999496065 -5.05676418024 1.58729592645 10.3010763591 0.00753464155925 7.4136e-05
pedestrian -1 -1 -10 288.0 252.43 314.179 324.288 1.18486993491 0.570937073345 0.772999765283 -2.99410934526 1.34855310564 7.56200426436 0.00753464155925 4.9582e-05
pedestrian -1 -1 -10 281.81 237.89 303.294 315.757 2.21875638974 1.15587350563 0.652999678038 -4.90658153037 1.59847282326 10.5892829496 0.00753464155925 1.0942e-05
pedestrian -1 -1 -10 708.99 170.13 744.957 277.41 1.10687843001 1.08188220684 0.247999949833 2.09852842384 1.65969470074 12.7106650101 0.00753464155925 7.4145e-08
