pedestrian -1 -1 -10 0.0 180.97 173.43 365.38 1.69481388688 1.19286915503 0.70099976062 -2.95060663917 1.7101735144 4.16262879525 0.00753464155925 0.66232
pedestrian -1 -1 -10 400.07 181.69 413.366 216.501 1.20986716628 0.519943495364 0.97500008301 -9.483331193 1.85928077345 34.7557679342 0.00753464155925 0.39651
pedestrian -1 -1 -10 395.3 181.48 408.38 219.135 1.20986716628 0.519943495364 0.800999396223 -9.57032907392 1.8593441161 34.7564225068 0.00753464155925 0.24468
pedestrian -1 -1 -10 538.07 181.18 548.496 197.582 0.100988898159 0.0299954931412 0.224999835757 -5.99522500815 1.79968073673 71.6582574932 0.00753464155925 0.21197
pedestrian -1 -1 -10 885.03 176.71 919.473 282.63 1.33885298145 0.960894218083 0.779999732622 3.10872355954 1.59071590027 8.23167469751 0.00753464155925 0.048005
pedestrian -1 -1 -10 850.2 164.07 912.161 328.99 1.33885298145 0.873904808692 1.08399954038 2.95617422646 1.58973858202 8.15932829433 0.00753464155925 0.0098008
pedestrian -1 -1 -10 35.83 189.55 140.1 341.79 1.69481388688 1.19686914215 0.70099976062 -2.9505086995 1.7103659487 4.17562713286 0.00753464155925 0.0066698
pedestrian -1 -1 -10 714.97 118.55 739.73 177.576 1.27585990477 0.457950012401 0.292999893143 2.34129797487 0.625405349316 13.3854897237 0.00753464155925 0.0029939
pedestrian -1 -1 -10 407.68 181.11 420.098 215.024 1.20986716628 0.529944535931 0.88099929544 -9.36529733854 1.85926888939 34.7598805087 0.00753464155925 0.0016326
pedestrian -1 -1 -10 724.1 121.47 745.091 183.0 1.27585990477 0.457950012401 0.292999893143 2.34129797487 0.625405349316 13.3854897237 0.00753464155925 0.00096892
pedestrian -1 -1 -10 389.34 192.83 400.335 224.091 2.09277023637 0.491946684624 0.347000015849 -11.2224204504 1.88772087858 39.1765942806 0.00753464155925 0.00059679
pedestrian -1 -1 -10 896.88 171.01 928.312 269.389 1.33885298145 0.960894218083 0.673999818476 3.1617220165 1.59067731241 8.23127593684 0.00753464155925 0.00028209
pedestrian -1 -1 -10 767.55 186.49 803.944 291.17 1.37984848857 0.895901757947 0.699999833405 2.19707955932 1.65400292541 8.14539729007 0.00753464155925 0.00013036
pedestrian -1 -1 -10 775.9 235.57 797.47 293.435 1.37984848857 1.01088893165 0.731999888459 2.21351232345 1.65484241772 8.20276886406 0.00753464155925 6.3283e-05
pedestrian -1 -1 -10 902.53 136.72 931.265 212.48 2.00377996159 1.17887170323 0.225999762972 4.97393249356 1.33984200327 11.4987081054 0.00753464155925 4.6912e-05
pedestrian -1 -1 -10 76.62 170.69 160.422 321.57 1.68681474901 1.19586908577 0.663999592655 -2.93200783806 1.70236074388 4.17604718638 0.00753464155925 1.484e-05
pedestrian -1 -1 -10 913.58 138.65 942.943 205.658 2.04477552831 1.16787227503 0.257999818026 4.98777923664 1.3895539223 11.2096311542 0.00753464155925 1.1609e-05
pedestrian -1 -1 -10 759.66 206.84 792.165 328.6 1.37984848857 1.18786958831 0.68899968037 2.17910945078 1.65702202941 8.34851607395 0.00753464155925 1.1395e-05
pedestrian -1 -1 -10 756.82 180.2 786.506 288.55 1.37984848857 1.19886806294 0.661999738226 2.16606565448 1.6579274112 8.4091094454 0.00753464155925 6.7971e-06
pedestrian -1 -1 -10 125.07 174.3 169.811 329.99 1.68681474901 1.19786896013 0.663999592655 -2.93181196142 1.7027456072 4.20204350402 0.00753464155925 6.3815e-06
pedestrian -1 -1 -10 624.52 130.58 657.08 211.514 1.13187574519 0.229974347401 0.402999873776 1.08314457154 0.274710442714 24.295599495 0.00753464155925 2.847e-06
pedestrian -1 -1 -10 101.64 192.05 162.086 367.92 1.68681474901 1.1878700651 0.663999592655 -2.93242972773 1.7015318045 4.12005491591 0.00753464155925 1.495e-06
pedestrian -1 -1 -10 45.445 174.75 145.087 283.44 1.84679725325 1.1828700216 0.700000548661 -8.37050436816 1.13912972352 11.5030514108 0.00753464155925 8.6291e-07
