pedestrian -1 -1 -10 1100.0 122.55 1217.51 323.19 1.82879916323 0.981892302922 0.682999878663 5.00869910105 1.41235351474 6.46788376519 0.00753464155925 0.97024
pedestrian -1 -1 -10 1108.4 120.35 1163.15 317.92 1.82879916323 1.09487984065 0.634000107286 4.98462556508 1.41320769254 6.52456026252 0.00753464155925 0.95603
pedestrian -1 -1 -10 1152.0 114.31 1231.88 360.5 1.88679282343 0.905900891374 0.831999524062 6.09124486566 1.33868828239 7.14434097216 0.00753464155925 0.78839
pedestrian -1 -1 -10 1145.5 130.57 1201.72 297.57 1.82879916323 0.981892302922 0.901999674296 5.11819589956 1.41227379076 6.4670599107 0.00753464155925 0.47243
pedestrian -1 -1 -10 738.0 163.67 749.162 200.48 0.805911508083 0.462946718405 0.314999960795 7.55384630992 0.884968377469 39.9730682789 0.00753464155925 0.0041992
pedestrian -1 -1 -10 740.52 163.72 755.167 225.994 0.306966296196 0.0739893916522 0.288000018651 8.52788284214 0.419013629133 42.852831062 0.00753464155925 0.0028904
pedestrian -1 -1 -10 819.42 160.9 831.522 206.131 2.20475792825 0.85690647258 0.861999963106 3.96747774259 1.54921343765 12.4948159465 0.00753464155925 0.0020099
pedestrian -1 -1 -10 992.06 138.63 1011.29 189.908 0.40695531106 0.819908916044 0.583000004642 8.3243847433 -0.0266245745605 15.5219300918 0.00753464155925 0.0013726
pedestrian -1 -1 -10 813.5 166.85 828.437 206.207 2.22475571334 0.818910528413 0.988999779271 3.87312968898 1.56956127383 12.5143763026 0.00753464155925 0.00091512
pedestrian -1 -1 -10 501.68 175.82 515.382 218.649 2.66270758832 0.982890213768 0.694999958913 -4.32913166143 1.6420767409 31.9300166792 0.00753464155925 0.00076886
pedestrian -1 -1 -10 496.23 175.19 510.164 218.391 2.62871128214 1.19486688386 0.9219996491 -4.5035496796 1.62252042398 31.27727823 0.00753464155925 0.00068316
pedestrian -1 -1 -10 1115.7 130.25 1156.31 253.05 1.82879916323 1.04488560387 0.634000107286 4.98443722253 1.4128376324 6.49956385368 0.00753464155925 0.0005509
pedestrian -1 -1 -10 507.15 176.24 520.096 218.774 2.66270758832 1.10587783849 0.655000009305 -4.30959558216 1.64115181816 31.8683741367 0.00753464155925 0.00038906
pedestrian -1 -1 -10 1114.2 128.03 1193.23 232.21 1.82879916323 1.04488560387 0.682999878663 5.00893641477 1.41281979468 6.49937952163 0.00753464155925 0.00035823
pedestrian -1 -1 -10 990.54 136.72 1026.95 213.265 1.78680377877 1.1828700216 0.92899961644 6.81353791723 1.36742048958 12.4229624356 0.00753464155925 0.00033481
pedestrian -1 -1 -10 823.82 157.15 836.234 207.231 2.12376685094 0.730919870682 0.646999876332 4.03609190555 1.46648427769 12.3809086288 0.00753464155925 0.00020732
pedestrian -1 -1 -10 870.09 103.81 894.135 187.657 1.4328427025 0.810910077388 0.497999992515 8.68150303682 0.55560898319 22.2416413997 0.00753464155925 0.00013196
pedestrian -1 -1 -10 1175.0 248.57 1232.19 361.19 1.82879916323 0.702923059942 0.901999674296 5.11714494288 1.4102088448 6.32757924852 0.00753464155925 3.2272e-05
pedestrian -1 -1 -10 524.25 145.87 551.278 214.314 0.329963787792 0.0779943850141 1.02399985439 -4.44980568613 -0.669369315503 47.9675882971 0.00753464155925 1.015e-05
pedestrian -1 -1 -10 470.0 189.68 485.013 253.973 1.35685107147 0.869905536749 0.352999817556 -2.98682360518 1.83559222277 15.8016500397 0.00753464155925 5.876e-06
pedestrian -1 -1 -10 457.79 193.86 482.24 260.718 1.38384808731 1.17187154697 0.437999829683 -3.04117285419 1.82807971006 15.2922995303 0.00753464155925 4.1425e-07
pedestrian -1 -1 -10 1090.8 133.86 1126.94 279.13 1.41584450099 1.04888487581 1.19199954738 6.83803847382 1.35480252608 9.88086831791 0.00753464155925 7.7179e-08
