pedestrian -1 -1 -10 503.5 166.85 516.579 215.333 1.11199641724 0.478998822718 0.496999719854 -2.96619116113 0.984551199741 23.100041537 0.00775554733258 0.14923
pedestrian -1 -1 -10 497.86 167.63 510.47 221.733 1.11199641724 0.478998822718 0.496999719854 -2.96619116113 0.984551199741 23.100041537 0.00775554733258 0.020321
pedestrian -1 -1 -10 495.16 170.15 507.797 200.82 1.11199641724 0.478998822718 0.496999719854 -2.96619116113 0.984551199741 23.100041537 0.00775554733258 0.0016981
pedestrian -1 -1 -10 1143.7 125.93 1177.98 237.01 0.674997830391 0.789997869204 0.967998953541 11.237831748 0.357698560439 14.6530444996 0.00775554733258 0.0005236
pedestrian -1 -1 -10 1134.8 137.67 1167.99 245.91 0.678997825623 0.990996596721 1.03399890387 11.205614213 0.361963167455 14.7537920891 0.00775554733258 0.00050779
pedestrian -1 -1 -10 1153.0 113.81 1187.89 228.01 0.629997965992 0.771997314164 0.716000183581 13.7907993535 -0.061974121256 17.6582541521 0.00775554733258 0.00033501
pedestrian -1 -1 -10 1124.6 148.08 1156.56 257.27 0.613998022318 0.84999622254 0.382999220448 12.4205142734 0.302409929082 16.3519843739 0.00775554733258 0.00021388
pedestrian -1 -1 -10 506.97 163.39 521.868 208.754 1.11199641724 0.478998822718 0.496999719854 -2.96619116113 0.984551199741 23.100041537 0.00775554733258 0.00020719
pedestrian -1 -1 -10 493.54 162.79 519.025 225.61 1.11199641724 0.478998822718 0.496999719854 -2.96619116113 0.984551199741 23.100041537 0.00775554733258 0.00016641
pedestrian -1 -1 -10 1111.2 160.96 1146.06 285.2 0.772997549653 1.14299662133 1.05899946303 9.75852923261 0.969131260467 13.3196827028 0.00775554733258 4.1043e-05
pedestrian -1 -1 -10 1090.2 161.51 1126.75 283.77 0.735997638464 1.15699747688 1.00399918654 9.44044945223 1.02726145242 13.2359710583 0.00775554733258 1.3639e-05
pedestrian -1 -1 -10 351.67 173.08 404.727 246.822 1.1219964314 0.506998626478 1.16699968519 -6.99313693243 1.0027937168 22.7342306115 0.00775554733258 1.281e-06
