pedestrian -1 -1 -10 35.683 254.93 74.879 375.0 2.01477879107 1.19786919852 0.532999829213 -4.2366445755 1.46113683455 5.66407922203 0.00753464155925 0.56907
pedestrian -1 -1 -10 14.846 246.13 114.739 369.33 2.01677857554 1.19786872174 0.535000160479 -4.23519302872 1.46202425846 5.72407841024 0.00753464155925 0.049858
pedestrian -1 -1 -10 772.42 191.05 794.234 272.28 1.36185042835 0.897901393919 0.593999919259 4.03536757018 1.64857465033 15.4865076713 0.00753464155925 0.0031992
pedestrian -1 -1 -10 777.32 186.25 817.038 299.36 1.39784647429 1.194868791 0.402999754566 3.01556863504 1.47697386729 11.0828902103 0.00753464155925 0.00164
pedestrian -1 -1 -10 464.87 175.12 507.833 262.998 2.21975620747 1.19086951905 0.371999865145 -2.95245274203 1.47899129888 17.1897469347 0.00753464155925 0.00057365
pedestrian -1 -1 -10 340.26 166.96 381.75 284.66 2.10276906932 1.19186981382 0.907999952839 -3.63881028489 1.49331848933 10.2263793434 0.00753464155925 0.00041949
pedestrian -1 -1 -10 762.36 193.04 785.267 268.512 1.02688725984 0.621931604895 0.190999926274 4.02346713321 1.59524725537 17.1501375214 0.00753464155925 0.00038686
pedestrian -1 -1 -10 134.7 159.55 162.578 226.83 2.02677749788 1.14987364415 0.563999957052 -4.21675771024 1.46775564575 6.2470005973 0.00753464155925 0.00019451
pedestrian -1 -1 -10 144.41 165.93 171.789 232.501 2.02677749788 1.025887155 0.563999957052 -4.21629061778 1.46867340069 6.30899208218 0.00753464155925 0.00017654
pedestrian -1 -1 -10 345.03 97.525 381.225 227.865 1.62882119309 1.1828700216 0.75099969763 -3.69489337727 1.02051453591 10.3048036336 0.00753464155925 0.00011403
pedestrian -1 -1 -10 801.73 183.54 836.757 291.83 1.58582587916 1.17887074966 0.770999672435 3.11905380805 1.64204194215 9.94390074142 0.00753464155925 0.00010346
pedestrian -1 -1 -10 437.94 189.93 479.522 266.533 2.17976063729 0.950895084656 0.939999769475 -3.31522583114 1.47204962723 15.6250709291 0.00753464155925 3.8004e-05
pedestrian -1 -1 -10 812.25 188.48 841.011 270.706 1.58582587916 1.13687553355 0.807999601981 3.13649852951 1.6399561332 9.80378147131 0.00753464155925 3.7086e-05
