pedestrian -1 -1 -10 772.92 153.97 798.786 226.052 1.79280316198 0.830908344242 0.582999527805 4.56185716553 1.48503952211 18.1780232123 0.00753464155925 0.98816
pedestrian -1 -1 -10 316.88 172.98 378.76 303.5 1.71681145551 1.16787227503 0.673999580057 -3.20849118554 1.66854180129 8.76948616771 0.00753464155925 0.28863
pedestrian -1 -1 -10 769.63 156.55 789.098 220.019 1.79280316198 0.830908344242 0.582999527805 4.56185716553 1.48503952211 18.1780232123 0.00753464155925 0.094444
pedestrian -1 -1 -10 343.62 213.39 379.849 288.875 1.71281194617 1.1828700216 0.673999580057 -3.20942283524 1.66271418631 8.64603294587 0.00753464155925 0.038183
pedestrian -1 -1 -10 781.3 154.75 809.195 223.998 1.73080993283 0.830908344242 0.582999527805 4.56183805086 1.42304629297 18.1784822466 0.00753464155925 0.036137
pedestrian -1 -1 -10 308.37 172.58 355.165 283.74 1.72581053032 1.1828700216 0.673999580057 -3.20941882733 1.67571277046 8.64593669671 0.00753464155925 0.023841
pedestrian -1 -1 -10 339.9 184.86 390.311 297.4 1.71681145551 1.17387118294 0.673999580057 -3.20748166145 1.67052533946 8.90346798706 0.00753464155925 0.013072
pedestrian -1 -1 -10 920.62 138.05 937.301 186.405 0.591935016869 0.631930738322 0.708999416756 8.3111221314 -0.216438317232 18.3055936112 0.00753464155925 0.0068771
pedestrian -1 -1 -10 918.6 139.03 930.598 180.16 1.44284156525 1.19386849623 0.950999445673 6.3530271151 0.903587680771 14.6445584626 0.00753464155925 0.0043186
pedestrian -1 -1 -10 298.88 178.3 344.724 250.44 0.794912708402 1.11487763072 0.864999983168 -4.66721703557 0.926894457004 11.2974799246 0.00753464155925 0.0042477
pedestrian -1 -1 -10 796.04 164.41 808.747 218.191 0.103988589763 0.206976149805 0.0209999020189 5.23812233662 0.432219715505 19.2941674459 0.00753464155925 0.0034135
pedestrian -1 -1 -10 911.06 135.02 936.105 198.106 1.44284156525 1.18686929354 0.988999540852 6.33387316214 0.903298060439 14.6242040594 0.00753464155925 0.0032429
pedestrian -1 -1 -10 1176.6 220.76 1198.84 266.03 0.571937142378 0.304966894533 1.17799913586 8.69997268785 1.0610742417 10.783067619 0.00753464155925 0.0029036
pedestrian -1 -1 -10 332.52 171.94 370.442 244.402 1.71981114712 1.19086951905 0.673999580057 -3.20920220001 1.6701426566 8.67497692532 0.00753464155925 0.002461
pedestrian -1 -1 -10 927.92 132.72 940.963 176.063 0.591935016869 0.631930738322 0.832999928114 8.37312063221 -0.216483457977 18.3051271341 0.00753464155925 0.0015924
pedestrian -1 -1 -10 1179.0 212.56 1210.22 279.978 0.862905261158 0.888902555262 0.883999553921 5.76084178772 1.39641963079 7.03688267603 0.00753464155925 0.0014467
pedestrian -1 -1 -10 1135.4 159.1 1163.77 230.315 0.0999890208244 0.252971591427 0.36400020901 11.3941694965 0.424280220681 14.6922425477 0.00753464155924 0.0011587
pedestrian -1 -1 -10 757.49 158.89 781.305 212.76 0.455949922533 0.373957673042 0.149000122236 6.03227913742 0.687115959772 26.6145262157 0.00753464155925 0.0011201
pedestrian -1 -1 -10 932.16 132.66 946.67 175.736 0.591935016869 0.67192727203 1.01399962857 8.46346724257 -0.216845405105 18.2844485329 0.00753464155925 0.00078377
pedestrian -1 -1 -10 1109.9 172.53 1143.28 246.403 0.60293381655 0.280969355737 1.0879999645 9.85953099623 0.775120164413 13.6731928372 0.00753464155925 0.00077231
pedestrian -1 -1 -10 1118.8 156.05 1154.52 223.87 0.103988589763 0.136984122956 0.006000516962 13.4693290912 -0.650334774015 18.7971113437 0.00753464155925 0.00065156
pedestrian -1 -1 -10 329.84 255.09 355.324 320.865 1.71981114712 1.15487416443 0.673999580057 -3.20972955985 1.66910648679 8.60498688521 0.00753464155925 0.00048772
pedestrian -1 -1 -10 755.17 166.79 769.139 216.496 0.115987296578 0.391957257494 0.102000205288 6.32973204991 1.4392389056 28.1128424988 0.00753464155925 0.00024982
pedestrian -1 -1 -10 1184.3 176.68 1215.9 253.218 0.561938249832 0.304966894533 1.15099967055 8.82246604287 1.05098616022 10.7822199928 0.00753464155925 0.00022857
pedestrian -1 -1 -10 795.14 155.19 824.193 236.815 2.03177682496 0.481946597627 0.412999980387 2.78083663699 1.44646707078 9.5580913625 0.00753464155925 0.00015426
pedestrian -1 -1 -10 1085.0 150.82 1127.17 229.378 1.27585988987 1.18187163397 0.65400008209 12.13262441 0.412864410458 17.0673783296 0.00753464155925 0.00012945
pedestrian -1 -1 -10 922.17 126.77 955.677 181.893 0.591935016869 0.67192727203 1.01699988705 8.46496732935 -0.216846497309 18.2844372462 0.00753464155925 0.00010991
pedestrian -1 -1 -10 292.57 168.65 402.46 338.73 1.72581053032 1.16787227503 0.673999580057 -3.20848841081 1.6775408761 8.76941953327 0.00753464155925 0.00010215
pedestrian -1 -1 -10 898.33 115.83 921.605 183.842 1.29485781252 1.04088633193 1.03299967616 6.1836457158 0.757022919704 14.7344212913 0.00753464155925 9.2654e-05
pedestrian -1 -1 -10 889.99 116.75 914.587 185.464 0.903900738479 0.719922349624 1.13799966309 7.04609460626 0.121340039341 17.2922927226 0.00753464155925 6.9458e-05
pedestrian -1 -1 -10 957.91 182.69 995.234 267.646 0.774914923309 0.893902121976 0.400999900137 5.60805760844 1.37903949963 10.7186482059 0.00753464155925 5.382e-05
pedestrian -1 -1 -10 314.05 160.67 357.995 241.309 1.72581053032 1.19086951905 0.673999580057 -3.20920035019 1.6761420398 8.67493250236 0.00753464155925 5.042e-05
pedestrian -1 -1 -10 743.8 158.96 768.405 215.02 0.456949848292 0.240972822029 0.0989999468067 6.56058954492 1.19271373675 30.725136491 0.00753464155925 4.8342e-05
pedestrian -1 -1 -10 323.37 200.99 360.245 316.76 1.72581053032 1.15687284683 0.673999580057 -3.20907227503 1.67639368507 8.69193035597 0.00753464155925 2.4142e-05
pedestrian -1 -1 -10 268.36 182.35 335.685 327.05 0.821909768937 1.09488031744 0.584999859071 -4.48003545872 1.049299783 9.98127586279 0.00753464155925 1.0711e-05
pedestrian -1 -1 -10 323.54 253.13 346.392 325.769 1.72581053032 1.11787756146 0.673999580057 -3.2117881926 1.67105738233 8.33147974233 0.00753464155925 5.0997e-06
pedestrian -1 -1 -10 293.43 175.33 325.397 258.66 0.3359631114 0.321964277075 0.910999496065 -4.94487173066 0.476950258198 11.8974180349 0.00753464155925 4.4426e-06
