pedestrian -1 -1 -10 351.45 157.37 402.796 316.44 1.73999222219 0.579999530653 0.528998057459 -2.74156444776 1.44134222587 8.30266884076 0.00692802392802 0.98377
pedestrian -1 -1 -10 356.04 187.5 383.411 311.17 1.73899217993 0.579999530653 0.528998057459 -2.74156582674 1.44034218361 8.30266826878 0.00692802392802 0.21877
pedestrian -1 -1 -10 845.08 217.0 859.384 260.927 0.554997561872 0.273999982163 0.630997672539 4.91064413479 1.28183908289 13.9012963371 0.00692802392802 0.041538
pedestrian -1 -1 -10 375.68 212.19 407.122 308.96 1.73999222219 0.579999530653 0.528998057459 -2.74156444776 1.44134222587 8.30266884076 0.00692802392802 0.031361
pedestrian -1 -1 -10 367.58 166.64 419.765 309.86 0.871996057034 0.68899966278 0.381998535062 -3.20711489799 1.31114262393 11.3508225527 0.00692802392802 0.028471
pedestrian -1 -1 -10 336.16 198.64 390.547 304.77 1.73899217993 0.579999530653 0.528998057459 -2.74156582674 1.44034218361 8.30266826878 0.00692802392802 0.012401
pedestrian -1 -1 -10 849.68 211.4 863.205 261.64 1.44099351913 0.275999835849 0.763997308541 4.28008301718 0.605040715316 11.7423090898 0.00692802392802 0.0059604
pedestrian -1 -1 -10 663.32 218.34 680.25 263.664 1.47599335909 1.1499988392 1.12199582548 1.28469302403 1.44191206857 12.9600445813 0.00692802392802 0.0041233
pedestrian -1 -1 -10 748.58 128.08 764.292 176.177 1.63499271721 0.539000145901 0.84099692213 2.95452241558 0.736745130902 14.3220969138 0.00692802392802 0.0035845
pedestrian -1 -1 -10 941.18 227.05 959.88 271.275 0.980995596945 1.06100010496 0.259998775738 5.50380415562 1.40534595128 10.2784937247 0.00692802392802 0.0034627
pedestrian -1 -1 -10 890.35 229.62 918.455 278.603 1.17199469805 1.19399848132 0.563997773446 4.29977972151 1.39028377665 10.6122148274 0.00692802392802 0.0023441
pedestrian -1 -1 -10 744.85 130.81 769.781 195.973 1.96699119061 0.539000145901 1.0929958309 3.10297610621 1.06833662856 14.3212609922 0.00692802392802 0.0017797
pedestrian -1 -1 -10 755.33 131.32 767.978 176.351 1.68599248826 0.726998790166 0.691997313783 3.09951150889 0.845613827108 12.3391405904 0.00692802392802 0.0017044
pedestrian -1 -1 -10 762.01 134.76 774.59 180.844 1.68799245358 0.877998710725 0.768997165789 3.13749020654 0.847595728687 12.2633767365 0.00692802392802 0.0016075
pedestrian -1 -1 -10 767.01 135.55 780.248 183.627 1.68899249583 0.877998710725 0.83899683618 3.17249057999 0.848499526776 12.2631347188 0.00692802392802 0.001443
pedestrian -1 -1 -10 705.21 165.96 724.544 209.912 0.756996591389 0.0890006415905 1.12199576588 2.88713367698 0.741156496254 17.625160525 0.00692802392802 0.0014305
pedestrian -1 -1 -10 833.75 154.85 848.57 216.733 2.2039901793 1.15999906131 1.19699553193 4.18221857732 1.34470760573 12.2694171402 0.00692802392802 0.0012453
pedestrian -1 -1 -10 931.77 225.67 952.92 272.35 0.980995596945 1.17899910184 0.635997768204 5.33824999171 1.40556327349 10.4876457976 0.00692802392802 0.00099285
pedestrian -1 -1 -10 1046.2 230.49 1057.94 263.96 0.221999105811 0.54499970696 0.748997736798 9.04604628829 1.55658994044 13.7676560654 0.00692802392802 0.00098089
pedestrian -1 -1 -10 904.25 235.44 930.11 277.02 0.904996021092 0.756999456481 0.621997643392 4.23422952485 1.35509591774 10.0612698539 0.00692802392802 0.0009381
pedestrian -1 -1 -10 878.3 213.25 894.088 273.984 1.17199469805 1.1849986629 0.641997549218 4.26097821796 1.39035787527 10.6409845189 0.00692802392802 0.00079012
pedestrian -1 -1 -10 364.02 182.07 396.12 308.92 1.73999222219 0.579999530653 0.528998057459 -2.74156444776 1.44134222587 8.30266884076 0.00692802392802 0.00078078
pedestrian -1 -1 -10 838.28 193.1 866.369 261.5 0.554997561872 0.273999982163 0.630997672539 4.91064413479 1.28183908289 13.9012963371 0.00692802392802 0.00074846
pedestrian -1 -1 -10 700.87 162.52 715.087 216.937 0.755996623635 0.113998335832 1.16399566348 2.69203468936 0.739709611314 17.6120110738 0.00692802392802 0.00067755
pedestrian -1 -1 -10 672.28 212.21 689.808 261.423 2.25098996013 1.16899887973 1.00199627132 1.34297782835 1.43285126173 12.869677415 0.00692802392802 0.00060158
pedestrian -1 -1 -10 680.8 211.79 692.728 260.861 2.05899078697 0.677999036995 1.19099563171 1.70833912054 1.16413910128 14.3594819304 0.00692802392802 0.00046211
pedestrian -1 -1 -10 752.59 133.04 784.166 211.299 2.18399022818 0.511998783279 0.937996679962 3.21520060132 1.28512225569 14.2381074071 0.00692802392802 0.00044731
pedestrian -1 -1 -10 712.78 144.63 742.344 208.296 2.0629908368 0.509999883266 1.19699553193 2.53522463699 1.16588131845 14.3397525713 0.00692802392802 0.00029988
pedestrian -1 -1 -10 646.91 123.03 662.196 177.728 1.53599312305 0.378000003237 1.16399566348 1.08633384216 0.637649715376 14.5384875889 0.00692802392802 0.00025329
pedestrian -1 -1 -10 713.7 158.78 726.144 210.372 1.00499550849 0.513999590639 1.17699562611 2.99144507151 0.988626421713 17.8370863008 0.00692802392802 0.00023168
pedestrian -1 -1 -10 653.69 220.69 674.437 276.334 2.25998986363 1.1819993592 1.07199594171 1.20494902666 1.4422382023 12.8641389763 0.00692802392802 0.0001978
pedestrian -1 -1 -10 748.98 155.98 760.723 208.116 1.01699547917 0.526000620104 1.15899556781 3.85462872928 1.00222303565 17.8571165006 0.00692802392802 0.00018632
pedestrian -1 -1 -10 684.49 204.8 719.552 258.58 2.06099075228 0.582999788019 1.18899554576 2.03266195584 1.16519287845 14.4047358691 0.00692802392802 0.00016333
pedestrian -1 -1 -10 894.37 242.0 912.465 284.493 2.09199057221 0.881999371771 0.909996430337 4.95307694465 1.39756636763 11.4091815405 0.00692802392802 0.00015991
pedestrian -1 -1 -10 838.3 209.78 852.449 261.124 0.554997561872 0.273999982163 0.630997672539 4.91064413479 1.28183908289 13.9012963371 0.00692802392802 0.00014707
pedestrian -1 -1 -10 950.4 237.65 966.35 279.689 0.970995651186 0.635999248563 0.22799883105 4.97154933482 1.38501152381 10.1056587486 0.00692802392802 0.00013594
pedestrian -1 -1 -10 757.62 179.76 787.595 239.511 0.763996559382 0.093000348963 0.77899735712 4.07782786243 0.750849042549 17.6459194343 0.00692802392802 0.00012722
pedestrian -1 -1 -10 688.02 212.84 708.881 262.171 2.05999082923 0.677999036995 1.19399552222 1.95183367079 1.16446955863 14.35779477 0.00692802392802 9.8922e-05
pedestrian -1 -1 -10 690.12 162.25 718.572 221.437 2.06099075228 0.582999788019 1.19299547924 2.10365996373 1.16499764015 14.4042437582 0.00692802392802 7.4702e-05
pedestrian -1 -1 -10 828.4 146.07 857.306 251.19 2.1969901219 1.04999947917 1.18199572177 4.24108838823 1.33748271897 12.3240061355 0.00692802392802 7.2803e-05
pedestrian -1 -1 -10 380.72 159.04 417.431 257.842 2.35298944265 0.528999923796 1.18799574121 -4.31444202727 1.42682975231 15.1628617948 0.00692802392802 4.9855e-05
pedestrian -1 -1 -10 959.07 237.25 970.33 278.884 2.09099064916 0.902999265987 1.18699581744 6.1361221995 1.38488358204 11.7764810182 0.00692802392802 4.2353e-05
pedestrian -1 -1 -10 879.49 205.41 910.408 269.222 0.904996021092 0.710999007002 0.621997643392 4.23407018001 1.35512266661 10.0382701812 0.00692802392802 3.1315e-05
pedestrian -1 -1 -10 687.04 213.06 698.722 260.981 2.05999082923 0.677999036995 1.15699560107 1.86833602202 1.16469916985 14.35837352 0.00692802392802 2.8165e-05
pedestrian -1 -1 -10 723.65 138.55 750.647 203.446 1.96399118304 0.539000145901 1.19599560817 2.73848204793 1.06633893637 14.3237856775 0.00692802392802 2.6124e-05
pedestrian -1 -1 -10 908.72 219.43 943.754 276.075 2.18499027044 0.865999588607 1.1939952838 5.62616530051 1.32798513229 12.0423990432 0.00692802392802 1.0967e-05
pedestrian -1 -1 -10 339.84 210.6 360.043 285.039 1.00899546891 1.18299976288 0.95299672854 -3.87499767112 1.39087468242 10.5724439629 0.00692802392802 4.8795e-06
pedestrian -1 -1 -10 320.08 201.31 359.754 284.759 0.995995545387 1.05499863655 1.10399570758 -4.15732263898 1.32209950568 11.0563392888 0.00692802392802 8.7353e-08
pedestrian -1 -1 -10 301.33 194.02 350.763 285.546 1.01199541688 1.15199869289 1.13299564256 -4.09745090555 1.39856474854 10.505490616 0.00692802392802 3.8991e-08
