pedestrian -1 -1 -10 779.26 212.37 804.558 277.354 2.09676980531 1.19586908577 0.397999880075 2.51571125004 1.48221554525 10.2731395611 0.00753464155925 0.021316
pedestrian -1 -1 -10 771.07 97.992 797.039 169.381 1.49683565652 1.194868791 0.383000018181 2.50749850552 0.886242729194 10.2070740433 0.00753464155925 0.0062352
pedestrian -1 -1 -10 767.8 194.15 798.17 279.13 2.10676869785 1.19586908577 0.437999829683 2.45781938742 1.48640392296 10.5536261397 0.00753464155925 0.0024358
pedestrian -1 -1 -10 787.35 216.81 805.022 264.491 2.0877707305 1.19286915503 0.538999869338 2.68182446 1.47537770306 10.0883969414 0.00753464155925 0.001525
pedestrian -1 -1 -10 777.36 204.6 791.643 266.236 2.10176925158 1.19886806294 0.406999940262 2.5197644348 1.48633096378 10.2135766741 0.00753464155925 0.00072093
pedestrian -1 -1 -10 759.1 90.261 789.463 193.721 1.54683011926 1.18987017785 0.437999829683 2.425333262 0.927836398579 10.6490080682 0.00753464155925 0.0004062
pedestrian -1 -1 -10 780.08 204.18 798.361 251.065 2.09676980531 1.19287010859 0.407999867477 2.51099391257 1.48277427759 10.3106719125 0.00753464155925 0.00039422
pedestrian -1 -1 -10 757.79 193.24 786.968 268.69 2.119767282 1.194868791 0.457999804487 2.4051817978 1.49608399296 10.8675188482 0.00753464155925 0.00034741
pedestrian -1 -1 -10 774.24 100.68 807.398 208.43 1.74080882538 1.19686938054 0.616999914126 2.62419367866 1.12939058614 10.1543939447 0.00753464155925 0.0003016
pedestrian -1 -1 -10 772.3 195.98 787.218 262.884 2.11276808106 1.19486974457 0.445999962656 2.42217837729 1.48910271167 10.7344240784 0.00753464155925 0.00026168
pedestrian -1 -1 -10 767.12 194.37 783.488 250.827 2.119767282 1.1938694498 0.457999804487 2.40532117456 1.49635784389 10.8860166246 0.00753464155925 0.00025738
pedestrian -1 -1 -10 767.3 132.01 803.766 219.852 1.99978045225 1.19286915503 0.422999967789 2.4900371937 1.38692556347 10.3875410946 0.00753464155925 0.00020171
pedestrian -1 -1 -10 813.8 148.08 826.098 198.536 1.98878162277 1.19686842697 0.515999874471 2.80333224087 1.38952432937 9.42792876495 0.00753464155925 0.00018916
pedestrian -1 -1 -10 787.44 197.0 814.588 270.495 2.08177140689 1.19786872174 0.52499969624 2.71651053558 1.4727684581 9.91360574263 0.00753464155925 7.5211e-05
pedestrian -1 -1 -10 750.47 196.97 776.098 270.307 2.13376568389 1.19286915503 0.431999789558 2.39122633355 1.51213605969 11.0055090294 0.00753464155925 5.3034e-05
pedestrian -1 -1 -10 770.85 163.43 805.7 261.149 2.09676980531 1.1938694498 0.436999902469 2.49664121184 1.48307347996 10.3302780969 0.00753464155925 5.1066e-05
pedestrian -1 -1 -10 760.07 177.66 795.251 249.626 2.11276808106 1.19786872174 0.445999962656 2.42227255126 1.48928774704 10.7469226404 0.00753464155925 4.2129e-05
