pedestrian -1 -1 -10 269.97 231.71 283.034 275.113 2.07477220595 1.19386897301 0.62499980868 -2.70662446943 1.52593803831 6.32212811179 0.00753464155925 0.015788
pedestrian -1 -1 -10 260.8 236.04 282.966 292.639 2.0937701435 1.19386897301 0.635999723297 -2.71265207677 1.54588878643 6.25100889878 0.00753464155925 0.01307
pedestrian -1 -1 -10 789.71 186.1 815.557 248.434 1.65581822383 1.12387646938 0.32799996826 3.78301642912 1.58676023859 13.6002395219 0.00753464155925 0.0045531
pedestrian -1 -1 -10 274.57 229.73 287.779 272.649 2.07777186775 1.19786872174 0.61799984134 -2.70237967094 1.52740093274 6.42111007404 0.00753464155925 0.0035309
pedestrian -1 -1 -10 262.83 232.05 293.247 309.458 2.09177029944 1.16287270831 0.635999723297 -2.71338230136 1.55044480636 6.15341860849 0.00753464155925 0.0014517
pedestrian -1 -1 -10 1022.4 132.08 1053.21 208.687 1.51083405841 1.18586995234 0.650999823609 6.68434404977 0.83407821083 10.7080510281 0.00753464155925 0.00078183
pedestrian -1 -1 -10 782.46 177.68 809.372 241.989 1.48083744782 0.905900891374 0.201999840891 3.94046581598 1.44233633477 14.8610702028 0.00753464155925 0.0001631
pedestrian -1 -1 -10 818.86 203.55 838.105 259.095 1.61382283192 0.820910164385 0.810999860462 3.97655097609 1.52500935784 12.5447394824 0.00753464155925 9.1655e-05
pedestrian -1 -1 -10 804.88 193.7 830.123 263.87 1.69881341857 0.861905085723 0.640999836207 3.89204290124 1.61097218497 12.6062412747 0.00753464155925 8.4866e-05
pedestrian -1 -1 -10 217.98 305.94 242.432 348.317 2.09377005411 1.19786872174 0.669999871199 -2.75264704067 1.5600982013 5.4529896794 0.00753464155925 7.1394e-05
pedestrian -1 -1 -10 781.83 174.52 797.77 230.571 1.44384143141 0.521944084905 0.209999973863 6.00273611691 1.60317174055 23.5110722173 0.00753464155925 6.1654e-05
pedestrian -1 -1 -10 659.66 132.0 691.679 202.826 0.974892923239 0.467951052967 0.253999870749 2.96797203299 1.17019072673 35.1364781733 0.00753464155925 5.5144e-05
pedestrian -1 -1 -10 784.15 159.88 820.152 249.605 1.57382717979 1.1588724828 0.280999812893 3.80956179723 1.51278388801 14.0080842695 0.00753464155925 3.347e-05
pedestrian -1 -1 -10 640.59 145.26 669.362 199.727 2.3447425431 1.16887447694 0.623999762256 2.19694657779 1.32466905592 33.5924249452 0.00753464155925 2.6875e-05
pedestrian -1 -1 -10 817.83 199.04 851.366 274.756 1.35585111964 1.169871911 0.425999987852 3.23367646846 1.56922706193 9.6898778422 0.00753464155925 1.3752e-05
pedestrian -1 -1 -10 0.0 0.0 123.14 228.95 1.5308319329 1.19886877812 0.442000015379 -3.1633135066 1.01576055297 4.06228285704 0.00753464155925 4.1792e-09
pedestrian -1 -1 -10 0.0 0.0 270.47 375.0 1.76580605674 1.19886853972 0.23999993607 -3.01184842748 1.24228898588 4.64460817208 0.00753464155925 3.518e-09
