pedestrian -1 -1 -10 562.04 141.71 593.442 227.055 1.67199249268 0.567999454862 0.563997922457 -0.495419406255 0.868543159494 14.9486451727 0.00692802392802 0.99754
pedestrian -1 -1 -10 692.81 134.3 790.021 370.0 1.95699124485 0.931999051785 1.04699608923 0.874165555223 1.50103978344 5.09448342965 0.00692802392802 0.98774
pedestrian -1 -1 -10 601.82 146.83 621.535 208.401 1.50799325109 0.46899954484 0.503998100671 0.256963529069 0.68106953173 18.7939045321 0.00692802392802 0.98757
pedestrian -1 -1 -10 617.42 117.69 727.34 370.0 1.95299131423 0.924999087046 0.987996258263 0.554917178782 1.49804185922 4.98819138403 0.00692802392802 0.9844
pedestrian -1 -1 -10 452.87 142.96 466.661 185.39 1.43799362704 0.341001279531 0.648997730833 -6.21335245921 -0.0341562072868 31.0912432383 0.00692802392802 0.97934
pedestrian -1 -1 -10 481.2 139.2 494.443 181.598 1.4399935402 0.790999830168 0.842996769662 -4.96083055936 -0.0415296306253 31.0205550079 0.00692802392802 0.92367
pedestrian -1 -1 -10 526.48 134.24 548.931 213.847 1.73399225175 0.844998740718 0.847996746118 -1.52063100934 0.69685173284 18.8981101143 0.00692802392802 0.87844
pedestrian -1 -1 -10 493.03 146.1 559.07 345.55 1.73399222195 0.630999614347 0.692997356758 -0.672418390403 1.45744543248 6.72081718134 0.00692802392802 0.86406
pedestrian -1 -1 -10 476.04 139.14 489.728 183.263 0.695996874571 0.139999294774 0.127999778755 -5.69620666648 -0.236733721384 34.7224454854 0.00692802392802 0.82892
pedestrian -1 -1 -10 552.02 142.82 578.409 215.545 1.67199249268 0.567999454862 0.563997922457 -0.495419406255 0.868543159494 14.9486451727 0.00692802392802 0.79148
pedestrian -1 -1 -10 412.59 142.57 430.878 196.226 1.47099343464 1.18099895552 0.923996793567 -8.01863750678 -0.0187169872464 31.5627611768 0.00692802392802 0.61262
pedestrian -1 -1 -10 510.49 136.43 554.416 233.496 1.73399225175 0.81299917439 0.735997178126 -1.57651860218 0.696987116172 18.9144976573 0.00692802392802 0.59133
pedestrian -1 -1 -10 615.6 120.54 692.086 294.44 1.94299136847 0.835999399129 0.854996801074 0.488096964917 1.48827653005 4.94414780924 0.00692802392802 0.38907
pedestrian -1 -1 -10 253.97 136.24 282.581 245.99 1.66599255204 1.17499939446 0.541998020088 -2.92948401792 1.38872750601 5.79639104755 0.00692802392802 0.38112
pedestrian -1 -1 -10 318.38 138.6 344.028 210.834 1.0289953921 0.89100014387 0.463998482733 -7.76334634631 -0.0938572504779 20.5808907027 0.00692802392802 0.30651
pedestrian -1 -1 -10 536.57 137.08 561.253 206.13 1.4689934656 0.220001071613 0.510997999165 -2.60829145501 -0.245117509377 38.1006781566 0.00692802392802 0.26347
pedestrian -1 -1 -10 577.43 137.97 594.93 227.687 1.67199249268 0.567999454862 0.563997922457 -0.495419406255 0.868543159494 14.9486451727 0.00692802392802 0.21233
pedestrian -1 -1 -10 325.34 142.36 346.617 188.122 1.03199537732 0.949000669139 0.463998482733 -7.76314129666 -0.090890992065 20.6098919852 0.00692802392802 0.17723
pedestrian -1 -1 -10 550.06 143.71 567.352 203.716 1.72699225396 0.654998335419 0.833996859724 -1.28130547684 0.689302257959 18.8014447139 0.00692802392802 0.11914
pedestrian -1 -1 -10 610.15 147.54 624.222 203.205 1.50799325109 0.46899954484 0.503998100671 0.256963529069 0.68106953173 18.7939045321 0.00692802392802 0.11527
pedestrian -1 -1 -10 523.87 121.61 645.62 357.97 1.67199249268 0.567999454862 0.563997922457 -0.495419406255 0.868543159494 14.9486451727 0.00692802392802 0.11408
pedestrian -1 -1 -10 297.6 132.03 347.519 243.44 1.16499478221 0.784999315435 0.463998482733 -7.763588343 0.0422142437246 20.5189706968 0.00692802392802 0.1021
pedestrian -1 -1 -10 511.02 132.68 575.718 321.65 1.73399222195 0.630999614347 0.692997356758 -0.672418390403 1.45744543248 6.72081718134 0.00692802392802 0.092949
pedestrian -1 -1 -10 557.94 144.3 570.172 201.161 1.67199249268 0.567999454862 0.563997922457 -0.495419406255 0.868543159494 14.9486451727 0.00692802392802 0.087616
pedestrian -1 -1 -10 585.42 144.51 614.356 209.011 0.100999548659 0.0629996826483 0.0919996472657 -0.116765635727 -0.0720232914969 28.5206760059 0.00692802392802 0.064925
pedestrian -1 -1 -10 719.44 146.95 767.613 227.239 1.86599169075 0.878999114405 1.02299616051 0.885932367906 1.41002525731 5.07884876074 0.00692802392802 0.061679
pedestrian -1 -1 -10 458.45 143.67 474.445 185.315 0.547997623682 0.207000592142 0.703997352646 -7.31334219144 -1.21879094619 39.5422134565 0.00692802392802 0.060431
pedestrian -1 -1 -10 263.33 139.75 285.531 207.721 1.56199297011 0.760999163853 0.66599691169 -10.210014108 0.52249800499 21.7982788069 0.00692802392802 0.052262
pedestrian -1 -1 -10 499.39 137.59 543.681 285.22 1.73399222195 0.630999614347 0.692997356758 -0.672418390403 1.45744543248 6.72081718134 0.00692802392802 0.041359
pedestrian -1 -1 -10 318.7 141.4 332.844 193.277 1.16499478221 0.589999752758 0.463998482733 -7.76426381842 0.0423276342886 20.4214732553 0.00692802392802 0.035769
pedestrian -1 -1 -10 242.36 132.16 291.62 264.7 1.66599255204 1.17499939446 0.541998020088 -2.92948401792 1.38872750601 5.79639104755 0.00692802392802 0.030739
pedestrian -1 -1 -10 259.9 136.29 306.267 242.29 1.84399177432 0.431998913787 0.584997841456 -7.62238190516 0.818538407368 17.2729197881 0.00692802392802 0.02921
pedestrian -1 -1 -10 702.55 140.48 774.168 295.87 1.95699124485 0.972998913374 1.06499602831 0.865023778992 1.50108837304 5.07404637112 0.00692802392802 0.025309
pedestrian -1 -1 -10 401.62 137.12 432.946 230.558 1.47099343464 1.15699880394 0.834997379534 -7.97376475932 -0.0189021555162 31.6164513102 0.00692802392802 0.024284
pedestrian -1 -1 -10 445.97 140.74 464.576 191.02 1.43799362704 0.341001279531 0.648997730833 -6.21335245921 -0.0341562072868 31.0912432383 0.00692802392802 0.023692
pedestrian -1 -1 -10 461.41 129.67 588.3 340.23 1.73399222195 0.630999614347 0.692997356758 -0.672418390403 1.45744543248 6.72081718134 0.00692802392802 0.023432
pedestrian -1 -1 -10 520.07 137.44 541.766 207.697 1.53699307591 0.623999649608 0.599997711221 -0.634215372557 1.26034448822 6.71693776009 0.00692802392802 0.022255
pedestrian -1 -1 -10 325.55 133.65 361.204 222.252 0.207999080419 0.615998804353 0.196999286962 -7.67803276623 -0.235596519535 21.02412367 0.00692802392802 0.020697
pedestrian -1 -1 -10 469.1 140.67 484.922 186.991 1.44699350819 0.780000158057 0.899996715842 -5.23338146794 -0.0339340031123 31.1569509093 0.00692802392802 0.01976
pedestrian -1 -1 -10 564.98 143.96 581.287 209.409 1.67199249268 0.567999454862 0.563997922457 -0.495419406255 0.868543159494 14.9486451727 0.00692802392802 0.019039
pedestrian -1 -1 -10 243.47 143.77 277.039 227.049 1.66599255204 1.09399959813 0.541998020088 -2.9292034359 1.38868040532 5.83688997378 0.00692802392802 0.015722
pedestrian -1 -1 -10 342.84 137.45 367.282 217.617 0.226998985559 0.179998275846 0.215999269022 -6.62393651449 0.0158242726058 18.9900516633 0.00692802392802 0.011856
pedestrian -1 -1 -10 466.2 142.3 476.017 183.168 0.547997623682 0.207000592142 0.703997352646 -7.31334219144 -1.21879094619 39.5422134565 0.00692802392802 0.010304
pedestrian -1 -1 -10 503.41 141.17 537.543 212.509 1.53699307591 0.623999649608 0.599997711221 -0.634215372557 1.26034448822 6.71693776009 0.00692802392802 0.0096362
pedestrian -1 -1 -10 413.97 138.09 453.03 213.356 0.787996441126 0.188003412633 0.593997632185 -8.99750046607 -0.225223301222 39.612397853 0.00692802392802 0.0086064
pedestrian -1 -1 -10 250.03 135.17 331.443 272.28 0.961995712295 0.853999512816 0.792997243515 -5.98682446986 0.812775603201 14.0000140372 0.00692802392802 0.0083698
pedestrian -1 -1 -10 281.64 144.02 316.576 247.02 0.961995712295 0.557999232757 0.470997949095 -6.02684876124 0.813054968512 13.8522877637 0.00692802392802 0.0082332
pedestrian -1 -1 -10 739.16 153.11 819.426 312.57 1.80099192411 0.856999293346 0.716997315274 1.04059194653 1.50038195723 5.26892460086 0.00692802392802 0.0076352
pedestrian -1 -1 -10 484.55 136.99 504.048 184.156 1.42199361399 0.490998889063 0.630997672539 -4.85584793506 -0.0416466651421 30.8698337317 0.00692802392802 0.0051035
pedestrian -1 -1 -10 444.96 141.46 456.043 189.78 1.43799362704 0.341001279531 0.593997632185 -6.24085184796 -0.0340805863753 31.0914338457 0.00692802392802 0.0046163
pedestrian -1 -1 -10 260.45 138.07 275.592 196.04 1.56199297011 0.760999163853 0.66599691169 -10.210014108 0.52249800499 21.7982788069 0.00692802392802 0.0041916
pedestrian -1 -1 -10 336.45 140.18 349.377 190.912 0.0999995529652 0.0709990973933 0.108000349764 -13.4438094439 -0.884432817348 37.4022792033 0.00692802392802 0.0038988
pedestrian -1 -1 -10 265.47 144.89 292.604 232.316 1.84399177432 0.431998913787 0.584997841456 -7.62238190516 0.818538407368 17.2729197881 0.00692802392802 0.0034009
pedestrian -1 -1 -10 608.58 144.07 641.852 245.11 1.9149914965 0.835999399129 0.561997918463 0.341562433049 1.46067950904 4.94514720676 0.00692802392802 0.0032839
pedestrian -1 -1 -10 613.09 148.29 629.59 213.582 1.44299351424 0.954999276524 0.558997856594 1.16416322614 0.0816244826633 27.4841750607 0.00692802392802 0.0025605
pedestrian -1 -1 -10 613.18 138.8 657.262 270.85 1.94299136847 0.632999468033 0.727997244107 0.423895523186 1.4885691874 4.84309040713 0.00692802392802 0.0024377
pedestrian -1 -1 -10 586.08 144.18 599.043 211.015 1.19699462205 1.12199898025 0.549997946656 -0.225006090006 -0.255508598389 30.0751131699 0.00692802392802 0.0023787
pedestrian -1 -1 -10 347.45 146.44 381.923 213.496 0.469997873902 0.392999382721 0.430998137443 -4.90310175894 0.43678889864 14.8728762477 0.00692802392802 0.0020639
pedestrian -1 -1 -10 351.52 150.35 372.096 197.793 0.558997611701 0.249000380574 0.85499728536 -12.7365479118 -1.20458384125 38.4487678611 0.00692802392802 0.0016326
pedestrian -1 -1 -10 398.55 143.91 418.061 191.295 0.611997228861 0.178001283181 0.483998388559 -11.8513523699 -1.34497894771 44.5270904947 0.00692802392802 0.0011838
pedestrian -1 -1 -10 285.18 129.8 375.233 272.8 0.967995688319 0.816998881763 0.716997315274 -5.16173919712 0.907862163687 13.6838970261 0.00692802392802 0.00083582
pedestrian -1 -1 -10 339.67 137.25 357.377 192.205 0.499997740984 0.339000472171 0.513998008881 -12.0363312042 -1.09712094144 33.7339587473 0.00692802392802 0.00083007
pedestrian -1 -1 -10 636.46 117.65 697.285 245.35 1.79499202818 0.918999525988 0.951996439697 0.536679051013 1.34009555884 4.98522606784 0.00692802392802 0.00072681
pedestrian -1 -1 -10 398.71 153.94 411.81 197.222 1.0549952969 0.729999047532 0.621997404974 -8.17206999782 0.178293382823 31.0517817998 0.00692802392802 0.00069547
pedestrian -1 -1 -10 383.72 139.65 424.087 236.981 0.182999186218 0.136999991081 0.430998375861 -4.09675370388 0.141442455569 14.9801163405 0.00692802392802 0.00065537
pedestrian -1 -1 -10 351.76 133.99 444.473 274.77 0.564997477829 0.371999488505 0.176999381136 -4.75216487716 0.517728948067 14.5613616216 0.00692802392802 0.00038091
pedestrian -1 -1 -10 737.75 141.65 763.699 223.324 1.81299195439 0.859999550712 0.97599634606 0.909424442406 1.35694985172 5.08815511952 0.00692802392802 0.00035592
pedestrian -1 -1 -10 735.36 144.82 788.63 267.72 1.80099192411 0.799999648593 0.875996697721 0.960896719079 1.50063371397 5.24097648808 0.00692802392802 0.00033727
pedestrian -1 -1 -10 260.84 169.99 283.846 235.558 0.277998760343 0.294999876379 0.0259999252574 -12.4254693271 0.143175025012 25.6770275519 0.00692802392802 0.00030505
pedestrian -1 -1 -10 492.69 141.34 522.282 196.21 1.34699394256 0.587998945398 0.775996870569 -3.64449136978 0.131623963742 29.4621519932 0.00692802392802 0.0002804
pedestrian -1 -1 -10 411.94 221.04 439.503 274.353 1.13499498591 0.944999054419 1.13899566199 -2.95004982148 1.02065260055 12.0315677328 0.00692802392802 0.00027322
pedestrian -1 -1 -10 509.86 143.43 524.511 200.959 1.53699307591 0.623999649608 0.599997711221 -0.634215372557 1.26034448822 6.71693776009 0.00692802392802 0.00026008
pedestrian -1 -1 -10 500.05 143.65 523.96 241.4 1.65699254423 0.623999649608 0.607997697393 -0.630050005812 1.38033295718 6.71697866942 0.00692802392802 0.00025542
pedestrian -1 -1 -10 572.6 158.73 589.499 226.149 1.67199249268 0.567999454862 0.563997922457 -0.495419406255 0.868543159494 14.9486451727 0.00692802392802 0.00021127
pedestrian -1 -1 -10 269.87 126.18 298.824 211.346 1.84399177432 0.431998913787 0.584997841456 -7.62238190516 0.818538407368 17.2729197881 0.00692802392802 0.00020522
pedestrian -1 -1 -10 254.34 137.64 268.767 199.521 0.577997401357 0.263000310052 0.313999904291 -15.9577302064 -0.641067532705 33.5266072669 0.00692802392802 0.00017196
pedestrian -1 -1 -10 595.97 148.72 606.803 205.739 1.17499476522 1.12999839499 0.682997448548 0.066054438655 -0.255572215618 29.4290943924 0.00692802392802 0.00013948
pedestrian -1 -1 -10 282.34 179.15 331.926 255.917 1.24699442536 1.19299903131 1.15399547215 -3.95933286996 1.24427776072 9.54769397077 0.00692802392802 0.00012011
pedestrian -1 -1 -10 657.56 114.75 698.306 211.34 1.69399240911 1.18199840553 1.1489956149 2.85313672512 0.388206609997 25.5261363721 0.00692802392802 0.0001045
pedestrian -1 -1 -10 230.12 131.83 262.76 224.84 0.596997325122 0.452998808003 0.370998896801 -12.5989518488 0.143741247118 25.5990431528 0.00692802392802 0.00010099
pedestrian -1 -1 -10 578.82 180.45 594.609 226.349 1.67199249268 0.567999454862 0.563997922457 -0.495419406255 0.868543159494 14.9486451727 0.00692802392802 6.5939e-05
pedestrian -1 -1 -10 506.12 142.95 520.457 191.103 1.53699307591 0.623999649608 0.599997711221 -0.634215372557 1.26034448822 6.71693776009 0.00692802392802 4.89e-05
pedestrian -1 -1 -10 619.72 152.2 639.751 222.654 1.87099166363 0.632999468033 0.686997449085 0.403296836222 1.41662585413 4.84319131496 0.00692802392802 2.8826e-05
pedestrian -1 -1 -10 381.1 198.71 409.878 271.705 1.14399494529 0.905999523353 1.18699557902 -2.80074190753 1.17590037877 9.70715161886 0.00692802392802 2.5955e-05
pedestrian -1 -1 -10 511.21 164.68 540.068 257.357 1.73399222195 0.630999614347 0.692997356758 -0.672418390403 1.45744543248 6.72081718134 0.00692802392802 2.5538e-05
