pedestrian -1 -1 -10 726.41 121.54 749.396 176.766 1.37884855536 0.494944708227 1.06499973121 5.36928545572 0.397814609626 29.6145483963 0.00753464155925 0.00096693
pedestrian -1 -1 -10 18.471 271.7 31.54 305.025 1.49383602452 0.746919819163 0.955000585043 -13.1108619228 2.80696624516 16.4121409514 0.00753464155925 0.00054154
pedestrian -1 -1 -10 1089.9 162.77 1131.95 227.43 1.54982983321 1.09388002267 0.936999987831 7.77802282471 1.62462417235 10.852418054 0.00753464155925 0.00035216
pedestrian -1 -1 -10 22.716 260.54 48.297 310.215 1.49383602452 0.797912920359 1.17099916852 -12.6443934264 2.803642806 16.2071476711 0.00753464155925 0.00019423
pedestrian -1 -1 -10 528.64 249.01 541.868 289.62 1.44184162832 1.19686842697 1.17899968892 -0.830441969134 1.89877482876 7.8675029849 0.00753464155925 8.7032e-05
pedestrian -1 -1 -10 1187.9 158.15 1214.49 196.937 0.501944879652 0.758916681421 0.758999592185 8.73499491196 0.570747674608 10.6305228277 0.00753464155925 1.0809e-05
pedestrian -1 -1 -10 342.61 240.94 366.74 290.185 0.859905629153 1.14687466697 0.655999936519 -3.94785904107 1.69734282463 10.4070140159 0.00753464155925 4.9287e-06
pedestrian -1 -1 -10 511.39 253.2 553.402 286.304 1.44084181058 1.19186933704 1.19199966659 -0.748706335978 1.88442534439 6.96946852073 0.00753464155925 3.0196e-06
pedestrian -1 -1 -10 1181.3 171.91 1211.71 205.656 1.5538293947 1.05088451179 1.11800016512 8.40790596838 1.61709475649 10.3702477233 0.00753464155925 4.4587e-07
pedestrian -1 -1 -10 1176.6 163.29 1201.94 195.028 0.503944664121 0.92789784063 0.907000264043 8.6617908621 0.572363211243 10.7365795918 0.00753464155925 3.8446e-07
pedestrian -1 -1 -10 651.16 107.35 685.62 214.53 1.63682027137 0.689923995773 0.73199976925 1.54337062459 0.946384933931 15.4447052919 0.00753464155925 7.741e-08
