pedestrian -1 -1 -10 289.87 174.68 306.871 221.256 2.00777953053 1.19586908577 0.35399974477 -2.90948574509 1.56314585091 6.79967570248 0.00753464155925 0.0046091
pedestrian -1 -1 -10 320.82 233.99 344.91 284.711 1.98378217649 1.19886901651 0.336999790029 -2.80258686364 1.58272280013 7.24796488786 0.00753464155925 0.0035751
pedestrian -1 -1 -10 294.15 167.28 312.487 219.419 1.9867818085 1.19686890375 0.354999910404 -2.89774770055 1.5426208374 6.83224020441 0.00753464155925 0.0032578
pedestrian -1 -1 -10 318.24 239.07 352.025 327.377 1.98378217649 1.19586956255 0.352999817556 -2.77798856923 1.58388212373 7.32727331144 0.00753464155925 0.0031943
pedestrian -1 -1 -10 304.43 232.81 342.382 304.843 1.99078134764 1.1938694498 0.336999790029 -2.83352807194 1.58988588239 7.12262626766 0.00753464155925 0.0013085
pedestrian -1 -1 -10 312.09 220.0 336.843 272.442 1.99078134764 1.19886853972 0.353000055974 -2.81939669176 1.59013473539 7.14001868347 0.00753464155925 0.0012951
pedestrian -1 -1 -10 281.2 172.9 314.837 243.784 2.03477651656 1.19886853972 0.362999804958 -2.91431257619 1.58948740081 6.75501568336 0.00753464155925 0.0012244
pedestrian -1 -1 -10 331.57 212.77 356.703 273.011 1.96678399361 1.19686842697 0.335999862814 -2.75039224163 1.56703342547 7.4737090779 0.00753464155925 0.0011147
pedestrian -1 -1 -10 495.29 206.69 507.363 253.561 2.08977048517 1.16187336711 0.714999814508 -1.80440903542 1.47571386099 11.0048315119 0.00753464155925 0.00099015
pedestrian -1 -1 -10 280.31 176.25 302.359 228.473 2.03477651656 1.19586908577 0.351999890341 -2.94471190254 1.58773998246 6.63575419457 0.00753464155925 0.00093771
pedestrian -1 -1 -10 323.5 213.24 344.678 270.816 1.98378217649 1.19886853972 0.342999830154 -2.78915026806 1.58357187738 7.30585892819 0.00753464155925 0.00083398
pedestrian -1 -1 -10 924.81 168.43 951.361 249.552 1.57382714999 1.17387213651 0.6350000345 6.08501785737 1.40065011353 12.6089082864 0.00753464155925 0.00076211
pedestrian -1 -1 -10 383.57 177.79 416.4 257.11 2.11276796186 1.19086951905 0.578999818946 -2.55649394931 1.5275721249 8.60006821145 0.00753464155925 0.00063973
pedestrian -1 -1 -10 259.3 222.59 298.702 308.061 2.03977608203 1.19686890375 0.354999671985 -2.98733556108 1.59055678878 6.48654990104 0.00753464155925 0.00018155
pedestrian -1 -1 -10 415.44 182.47 429.566 225.597 2.08177140689 1.14287444146 0.785999772747 -2.55061715597 1.49723554402 9.05030550718 0.00753464155925 0.00012946
pedestrian -1 -1 -10 164.94 149.59 204.975 224.499 1.91678959047 1.19786872174 0.607999853938 -3.30411101192 1.43554948669 5.66270688078 0.00753464155925 1.9215e-05
pedestrian -1 -1 -10 669.17 158.75 705.89 241.721 2.17176155901 1.16687198026 0.43699966405 2.5251102282 1.32935484598 22.373056335 0.00753464155925 5.536e-06
pedestrian -1 -1 -10 34.222 63.013 238.242 375.003 1.97578300882 1.19886901651 0.626999901528 -3.3976076128 1.48868040102 5.26250638098 0.00753464155925 2.5485e-10
