pedestrian -1 -1 -10 1167.7 154.59 1196.99 231.264 1.12187679863 1.18586995234 0.510000072765 7.13992076347 0.460596330931 9.00603444426 0.00753464155925 0.0053698
pedestrian -1 -1 -10 1092.6 99.721 1127.8 220.801 1.12587639737 1.1938694498 0.544999909463 6.96686727654 0.448354837862 10.1307038246 0.00753464155925 0.0048661
pedestrian -1 -1 -10 1114.5 95.307 1150.26 214.957 1.15887276661 1.18787054188 0.446999889871 7.15878382752 0.490154100971 9.58480799217 0.00753464155925 0.0030978
pedestrian -1 -1 -10 1178.7 145.8 1212.11 266.78 1.15087359894 1.17987009086 0.510000072765 7.13971184006 0.490163732172 8.97680864512 0.00753464155925 0.002808
pedestrian -1 -1 -10 1158.8 160.82 1191.95 265.29 1.15087359894 1.19086951905 0.510000072765 7.13948206133 0.489712257176 8.94631291667 0.00753464155925 0.0020611
pedestrian -1 -1 -10 1073.3 109.73 1109.31 230.79 1.05288439834 1.14287539503 0.753999956111 6.82976280683 0.379208724289 10.4527643676 0.00753464155925 0.001805
pedestrian -1 -1 -10 1104.9 133.8 1140.4 250.53 0.768915555002 1.18487013435 1.19199954738 4.60203538371 0.799472562062 6.45567349078 0.00753464155925 0.0016337
pedestrian -1 -1 -10 1104.5 88.404 1137.85 183.119 1.17087147343 1.19286915503 0.300000098901 7.08753113608 0.494626158575 9.88390872597 0.00753464155925 0.0016297
pedestrian -1 -1 -10 1155.2 35.111 1195.14 153.611 1.10387876821 0.973893520644 0.944999643967 3.37815276951 0.588599361181 4.05366313689 0.00753464155925 0.0010083
pedestrian -1 -1 -10 1045.5 86.845 1076.84 198.605 1.05288439834 0.964894443595 0.98200005035 6.71752888065 0.38275550344 10.687589535 0.00753464155925 0.00096534
pedestrian -1 -1 -10 1055.6 104.34 1090.64 224.14 1.05288439834 0.986891392851 0.879999845062 6.76787964157 0.381445365011 10.6012181935 0.00753464155925 0.00095006
pedestrian -1 -1 -10 1124.8 132.0 1160.93 254.64 1.15587307501 1.16587168549 0.471999500748 7.15223787992 0.488100560001 9.44584639295 0.00753464155925 0.00091061
pedestrian -1 -1 -10 1003.5 84.498 1037.92 197.178 1.13187572098 1.0198877703 1.1979995875 6.35076954807 0.468314678578 11.115230144 0.00753464155925 0.00070294
pedestrian -1 -1 -10 1034.6 101.01 1068.38 224.71 1.12887605917 0.886902919291 1.06700006248 6.64834814677 0.459375062977 10.7265444065 0.00753464155925 0.00050518
pedestrian -1 -1 -10 1067.3 91.873 1099.45 198.973 1.05288439834 0.958895535681 0.753999956111 6.83045591142 0.380570553515 10.5447516861 0.00753464155925 0.00044671
pedestrian -1 -1 -10 1094.3 162.02 1129.35 280.92 0.877903614877 1.12787669489 1.18699967288 4.2521643977 0.903969427219 6.13702506547 0.00753464155925 0.0003909
pedestrian -1 -1 -10 1024.4 84.766 1056.73 198.326 1.12887605917 0.959894876882 1.16599953245 6.56140452823 0.460526761701 10.8006932327 0.00753464155925 0.00037323
pedestrian -1 -1 -10 1083.8 70.519 1121.81 180.369 0.685924693226 0.797912920359 0.651999750824 3.23219476838 0.178053890802 4.1457591073 0.00753464155925 0.00032328
pedestrian -1 -1 -10 1146.4 130.08 1181.32 238.67 1.1268762449 1.18986922428 0.510000072765 7.14068321194 0.467090826246 9.10698332715 0.00753464155925 0.0002573
pedestrian -1 -1 -10 1136.2 161.4 1172.24 277.95 0.848906814572 1.18387031637 1.19899951472 4.74309057961 0.876480983791 6.25953566752 0.00753464155925 0.00025249
pedestrian -1 -1 -10 1043.9 130.3 1080.12 249.87 1.12887605917 0.986891392851 1.0009996211 6.70796992626 0.458591258164 10.67610016 0.00753464155925 0.00015829
pedestrian -1 -1 -10 1126.9 70.847 1161.44 187.577 1.15587307501 1.1708712522 0.471999500748 7.15221904513 0.488063552928 9.44334668055 0.00753464155925 0.00011592
pedestrian -1 -1 -10 1060.9 134.81 1099.55 258.25 1.05288439834 0.865905311236 0.749999770416 6.83280626835 0.381257416152 10.5912304303 0.00753464155925 9.2918e-05
pedestrian -1 -1 -10 1135.0 104.49 1169.78 219.13 1.13487538278 1.18586995234 0.481999726569 7.1562249395 0.470115142486 9.31190887214 0.00753464155925 9.2406e-05
pedestrian -1 -1 -10 1083.7 148.22 1120.24 270.9 0.871904291269 1.1638725263 1.19399964022 4.23117534764 0.898992327769 6.20522194959 0.00753464155925 7.389e-05
pedestrian -1 -1 -10 1022.2 141.68 1058.65 260.88 1.12887605917 0.964894443595 1.17899953991 6.55488587368 0.460494487109 10.798242425 0.00753464155925 5.034e-05
pedestrian -1 -1 -10 1002.2 135.84 1037.61 248.55 1.13187572098 0.85790676735 1.15399992903 6.29773342153 0.468279252298 11.1106294798 0.00753464155925 9.824e-06
pedestrian -1 -1 -10 762.03 206.17 796.864 291.998 1.42084402549 1.19686938054 0.469999884737 3.24860998463 1.63105468674 13.7983984748 0.00753464155925 4.4901e-07
