pedestrian -1 -1 -10 1144.6 124.38 1182.59 254.06 2.17776088262 1.17187154697 1.19399940181 5.48803452644 1.60350610237 7.10711387014 0.00753464155925 0.0012881
pedestrian -1 -1 -10 1157.5 107.79 1194.85 227.32 1.09487981259 0.892901827205 1.18699895763 9.07542674935 0.367806054136 11.5324748714 0.00753464155925 0.00069984
pedestrian -1 -1 -10 814.76 244.4 828.387 289.336 2.12176709627 1.19287010859 1.04899970368 3.38969559403 1.5602691226 11.258220545 0.00753464155925 0.00018895
pedestrian -1 -1 -10 525.4 158.43 542.187 205.943 0.102988682629 0.395956529437 0.872999400885 -6.15260158727 1.15900009281 62.8987339899 0.00753464155925 0.00018194
pedestrian -1 -1 -10 1132.5 118.83 1172.95 271.7 1.08888045919 0.852907200637 1.17199957257 8.84165084286 0.36835281701 11.7622149665 0.00753464155925 0.0001793
pedestrian -1 -1 -10 810.98 247.64 822.954 286.129 2.12776630069 1.17487147771 1.13699973587 3.34771586789 1.56726779953 11.5265147543 0.00753464155925 0.00016885
pedestrian -1 -1 -10 1110.6 110.56 1158.04 232.33 0.92589835274 0.84290806721 1.15499985625 8.56814697362 0.206643729892 11.7704641538 0.00753464155925 0.00011309
pedestrian -1 -1 -10 1084.2 136.83 1119.78 263.07 2.25675220525 1.14487455422 1.1979995875 4.72677353212 1.68048253125 6.93877115963 0.00753464155925 8.8835e-05
pedestrian -1 -1 -10 1146.6 245.98 1180.42 339.287 2.36474038779 1.18387031637 1.19199954738 5.27742555536 1.78735162028 6.88533233419 0.00753464155925 7.8139e-05
pedestrian -1 -1 -10 1104.2 120.69 1144.82 262.9 0.923898575721 0.67092602369 1.19800006434 8.41070380892 0.204862241245 11.7786629607 0.00753464155925 6.6659e-05
pedestrian -1 -1 -10 1073.3 149.47 1110.08 274.97 2.25675220525 1.14487455422 1.19899951472 4.63727590391 1.68054769395 6.93944454026 0.00753464155925 5.1796e-05
pedestrian -1 -1 -10 1174.3 107.0 1214.78 235.34 1.09587968993 1.06088364521 1.19399987864 9.3722858442 0.36734591874 11.4462406143 0.00753464155925 3.1901e-05
pedestrian -1 -1 -10 1093.1 153.82 1129.55 287.95 2.27075072634 1.04788505783 1.1979995875 4.78341051387 1.6937216307 6.88974528105 0.00753464155925 1.8433e-05
pedestrian -1 -1 -10 1152.9 142.38 1192.89 283.61 2.28574906516 1.01988824709 1.173999427 5.45349607297 1.71039405062 7.03058057928 0.00753464155925 1.3637e-05
pedestrian -1 -1 -10 1163.6 135.67 1202.77 259.27 1.72381067415 1.085881002 1.18599950725 5.6218917853 1.6757639731 7.05866936496 0.00753464155925 1.0683e-05
pedestrian -1 -1 -10 1130.6 238.1 1166.86 341.66 2.36474038779 1.19686890375 1.19499980586 5.18936125575 1.78826719981 6.94349038305 0.00753464155925 7.5307e-06
pedestrian -1 -1 -10 1163.9 221.84 1204.36 334.1 1.70181315115 1.1938692114 0.701999687834 3.13208813392 1.56179260307 3.64848072727 0.00753464155925 4.6126e-06
pedestrian -1 -1 -10 1187.0 152.53 1216.8 280.17 1.87579405541 0.955895128154 1.16299927397 5.67594725855 1.82674551175 6.99214285301 0.00753464155925 2.6133e-06
pedestrian -1 -1 -10 1116.1 233.33 1152.6 344.87 2.34674235737 1.01988824709 1.19699966029 5.10402493773 1.7716418044 7.03275851324 0.00753464155925 1.8991e-06
pedestrian -1 -1 -10 808.87 231.59 837.442 296.773 2.20375799132 1.1938694498 1.04899970368 3.38892255775 1.56179585162 11.1592972536 0.00753464155925 1.397e-06
pedestrian -1 -1 -10 0.0 109.65 24.857 155.882 1.26586101222 1.19686842697 0.674999984109 -7.16689201422 0.62759916486 8.47783854984 0.00753464155925 3.5497e-07
