pedestrian -1 -1 -10 754.49 178.97 781.981 242.133 1.33685324168 0.655928277119 0.908999641635 4.19359631073 1.40724967194 19.5922694308 0.00753464155925 0.058645
pedestrian -1 -1 -10 762.53 175.86 796.797 242.063 1.6318207953 0.868904288408 0.47800001771 4.03867409173 1.31939207246 17.1670859967 0.00753464155925 0.0063281
pedestrian -1 -1 -10 423.58 197.19 434.694 226.797 2.32574463534 0.807912053786 0.821999775079 -5.63274602227 1.49008675926 22.0827348618 0.00753464155925 0.0016452
pedestrian -1 -1 -10 193.48 141.0 221.65 209.954 1.83079903709 0.516941657482 0.554000684906 -13.7815317144 0.854860566812 24.9707642689 0.00753464155925 0.0015518
pedestrian -1 -1 -10 250.03 146.61 263.696 205.904 1.96678402341 0.406956911205 0.270999825491 -13.350273596 0.951411102475 27.5924542513 0.00753464155925 0.00028152
pedestrian -1 -1 -10 415.55 195.33 433.251 229.378 2.3187453748 0.890903144804 0.968999566048 -5.54082211639 1.47996346932 21.7405938451 0.00753464155925 0.0002731
pedestrian -1 -1 -10 403.98 183.53 417.077 223.583 2.321745126 0.818910528413 1.12099994677 -5.91159906429 1.48361745435 21.9043781461 0.00753464155925 0.00021788
pedestrian -1 -1 -10 393.04 187.14 416.284 226.44 2.321745126 0.948895448684 0.949000068081 -5.99676786012 1.48530833749 22.0150096768 0.00753464155925 0.00017528
pedestrian -1 -1 -10 745.42 180.01 769.767 258.05 2.18376020622 0.400956096151 0.0989999468067 2.73559801217 1.53011607169 13.2473282209 0.00753464155925 9.4847e-05
pedestrian -1 -1 -10 1173.1 150.8 1203.73 224.257 2.06877288234 1.19586908577 1.07499948019 7.59612307742 1.3959451615 9.31880335728 0.00753464155925 8.4196e-06
pedestrian -1 -1 -10 242.99 122.56 271.781 209.167 1.96678402341 0.406956911205 0.270999825491 -13.350273596 0.951411102475 27.5924542513 0.00753464155925 3.5333e-06
