pedestrian -1 -1 -10 686.82 173.9 711.141 235.815 0.106988221768 0.210975421748 0.889000143668 8.00336140819 2.26419917733 61.670085798 0.00753464155925 0.0049601
pedestrian -1 -1 -10 443.8 176.05 461.621 221.666 2.67970574141 1.15787409517 0.825999722356 -3.68499089962 1.95127023223 16.3000567206 0.00753464155925 0.0037257
pedestrian -1 -1 -10 696.66 165.93 712.558 250.461 0.876903677944 1.03788640119 0.870999665665 1.63814500935 1.04632062289 11.0482810978 0.00753464155925 0.0026609
pedestrian -1 -1 -10 689.03 163.61 725.841 248.219 0.876903677944 0.904900596604 0.94099969669 1.67364502966 1.04727950868 11.1145087798 0.00753464155925 0.00072387
pedestrian -1 -1 -10 409.92 170.49 450.561 259.596 2.76569632459 1.19186981382 0.383999706977 -3.77004693112 2.05638558485 15.2236297338 0.00753464155925 0.00069818
pedestrian -1 -1 -10 567.65 145.39 586.15 198.466 0.390957080006 0.288965992483 0.525999861873 -1.87576975988 -0.0169303470015 56.5416723539 0.00753464155925 0.000612
pedestrian -1 -1 -10 575.44 161.06 591.774 223.773 0.108987976438 0.35695933693 0.644999783484 -1.5303341582 2.16392028088 59.3640915491 0.00753464155925 0.00056302
pedestrian -1 -1 -10 433.18 172.05 467.204 240.536 2.80969146371 1.17087220577 0.825999722356 -3.68499978808 2.08115974179 16.2925953591 0.00753464155925 0.00028701
pedestrian -1 -1 -10 401.34 193.66 427.737 281.358 2.69270432556 1.1938694498 0.278999720045 -3.82967514035 2.00142513718 14.2782212681 0.00753464155925 0.00017268
pedestrian -1 -1 -10 566.08 121.6 587.524 186.296 0.390957080006 0.288965992483 0.525999861873 -1.87576975988 -0.0169303470015 56.5416723539 0.00753464155925 0.0001212
pedestrian -1 -1 -10 564.77 129.81 604.958 221.451 0.100988898159 0.220976462315 0.450999837148 -1.85113914454 0.40016765385 58.232399246 0.00753464155925 9.4577e-05
pedestrian -1 -1 -10 1133.6 91.498 1170.15 218.958 1.7878036859 1.194868791 0.978999791869 4.16542470819 1.24183638466 5.38580803462 0.00753464155925 2.6754e-07
