pedestrian -1 -1 -10 324.06 160.12 398.758 310.19 1.67099256217 0.602999278556 0.759997136642 -2.98637561292 1.42991331296 8.39389391612 0.00692802392802 0.95754
pedestrian -1 -1 -10 315.78 166.95 360.216 309.68 1.67099256217 0.602999278556 0.759997136642 -2.98637561292 1.42991331296 8.39389391612 0.00692802392802 0.043152
pedestrian -1 -1 -10 664.71 224.72 675.582 263.045 2.26898988634 1.18499961657 1.14099574794 1.23809683551 1.45120716167 12.8114134548 0.00692802392802 0.027652
pedestrian -1 -1 -10 659.38 229.68 671.67 268.223 2.26898988634 1.18699851658 1.07399596805 1.20497185962 1.45123648031 12.8656442164 0.00692802392802 0.013704
pedestrian -1 -1 -10 836.27 175.51 868.267 266.645 0.690996901691 0.0670012973681 0.576997974492 6.39743860638 0.784394095081 17.6969323623 0.00692802392802 0.010121
pedestrian -1 -1 -10 358.61 165.28 402.239 304.86 1.66999251992 0.602999278556 0.693997399733 -2.95337791613 1.42882252614 8.39366461654 0.00692802392802 0.0094809
pedestrian -1 -1 -10 662.17 214.61 681.034 262.931 1.47599335909 1.15499990393 1.12299574925 1.28513408552 1.44192057921 12.9515412266 0.00692802392802 0.0066291
pedestrian -1 -1 -10 845.61 206.67 860.68 261.982 0.553997579217 0.277999689535 0.631997596305 4.91119537427 1.27982843847 13.9092913324 0.00692802392802 0.0063346
pedestrian -1 -1 -10 529.92 196.17 556.139 260.24 1.63199271522 0.892999997556 1.10699589611 -1.12853762378 1.43963976485 12.8961683006 0.00692802392802 0.005225
pedestrian -1 -1 -10 751.71 163.51 762.943 206.46 1.01699547917 0.540999999587 1.16799535854 3.91013068032 1.00206983849 17.8572315351 0.00692802392802 0.0036027
pedestrian -1 -1 -10 764.76 166.22 780.751 215.066 0.763996574283 0.0790004194856 0.751997031261 4.08831784304 0.749821349084 17.6448460877 0.00692802392802 0.0026743
pedestrian -1 -1 -10 892.03 229.48 915.977 277.453 1.15099485368 1.15399950025 0.593997632185 4.29277582211 1.36829851732 10.6162498025 0.00692802392802 0.0025246
pedestrian -1 -1 -10 884.99 235.73 902.741 279.309 0.917995914817 1.08299944918 0.658997683746 4.23324916912 1.3690161844 10.1332866023 0.00692802392802 0.0018972
pedestrian -1 -1 -10 670.69 209.46 686.227 264.8 2.05999082923 0.659999400145 1.1979954557 1.54883793652 1.16557890601 14.3595876401 0.00692802392802 0.0016661
pedestrian -1 -1 -10 534.98 201.59 554.989 236.762 1.63199271522 0.863999734921 1.0829959376 -1.11643747631 1.43958990335 12.91058491 0.00692802392802 0.0016353
pedestrian -1 -1 -10 328.42 185.96 349.57 298.81 1.05699532181 1.0589992976 0.710997295843 -4.3134990951 1.38265482727 10.9474534076 0.00692802392802 0.0011937
pedestrian -1 -1 -10 760.74 160.89 788.431 240.647 0.762996576726 0.0790004194856 0.696997409448 4.1158183723 0.749745728828 17.6446560539 0.00692802392802 0.0011854
pedestrian -1 -1 -10 840.36 204.24 855.062 261.141 0.553997579217 0.277999689535 0.631997596305 4.91119537427 1.27982843847 13.9092913324 0.00692802392802 0.001134
pedestrian -1 -1 -10 666.94 205.36 696.567 266.857 2.25998986363 1.1819993592 0.987996265714 1.35097264929 1.44183207473 12.8671266413 0.00692802392802 0.001019
pedestrian -1 -1 -10 884.78 214.99 898.89 272.008 0.916995872557 0.872999553346 0.640997625452 4.22352054085 1.36816300397 10.028350983 0.00692802392802 0.00061362
pedestrian -1 -1 -10 705.53 169.38 722.066 212.863 0.755996593833 0.355998751667 1.10299578382 2.88053943575 0.741025349772 17.7557106532 0.00692802392802 0.00057745
pedestrian -1 -1 -10 749.65 162.65 774.806 207.603 1.02099540979 0.535998934861 1.1459958436 3.99018597437 1.00584106009 17.864178841 0.00692802392802 0.00050088
pedestrian -1 -1 -10 748.07 160.22 759.425 206.793 1.01699547917 0.52900087747 1.19199567469 3.84009124581 1.00226930389 17.8517172966 0.00692802392802 0.00020467
pedestrian -1 -1 -10 961.1 229.58 992.534 279.047 0.977995589376 1.17999950552 0.733996972967 5.78019121812 1.40235543999 10.478082055 0.00692802392802 0.0001441
pedestrian -1 -1 -10 303.03 202.83 352.946 303.83 1.07199524045 1.18799987393 1.01199604542 -4.19334765024 1.39771504894 10.6051215431 0.00692802392802 0.00013298
pedestrian -1 -1 -10 320.92 200.52 346.6 280.564 0.842996172607 0.774999093331 0.876996561883 -4.51753003309 1.16884301218 11.2747509951 0.00692802392802 0.000127
pedestrian -1 -1 -10 935.35 215.37 967.806 272.865 2.26398991346 1.1719991371 1.19899537947 5.78904859551 1.39998330106 11.6512993491 0.00692802392802 0.00012133
pedestrian -1 -1 -10 962.83 236.01 978.326 281.586 0.977995589376 1.18999972762 0.665997388526 5.74614374706 1.40245707503 10.4713179165 0.00692802392802 0.00010385
pedestrian -1 -1 -10 872.96 204.09 896.538 266.908 0.917995914817 1.08299944918 0.658997683746 4.23324916912 1.3690161844 10.1332866023 0.00692802392802 8.5358e-05
pedestrian -1 -1 -10 261.81 196.19 293.361 274.636 1.4169936616 0.878999114405 0.970996548417 -6.38078758416 1.26928818754 13.6275008218 0.00692802392802 7.3874e-05
pedestrian -1 -1 -10 881.07 207.76 907.582 267.702 0.900996030867 0.796999391227 0.640997625452 4.22323521497 1.35220735572 9.9903426627 0.00692802392802 4.9759e-05
pedestrian -1 -1 -10 372.38 198.83 398.084 283.616 1.66999251992 0.602999278556 0.620997719626 -2.91687895283 1.42872215718 8.39341163005 0.00692802392802 4.9452e-05
pedestrian -1 -1 -10 877.18 229.12 895.145 276.004 1.15099485368 1.18399921289 0.663997540994 4.23255836158 1.368665442 10.4406629631 0.00692802392802 4.7972e-05
pedestrian -1 -1 -10 327.9 157.94 378.819 270.71 1.67099256217 0.602999278556 0.759997136642 -2.98637561292 1.42991331296 8.39389391612 0.00692802392802 3.6445e-05
pedestrian -1 -1 -10 919.0 219.41 951.414 270.293 2.24598992765 1.17699924815 1.19299536004 5.50534383327 1.39171596893 11.6947663848 0.00692802392802 3.343e-05
pedestrian -1 -1 -10 690.65 208.74 703.681 263.175 2.05999082923 0.659999400145 1.19799533649 1.92782741761 1.16453671812 14.3569607376 0.00692802392802 2.807e-05
pedestrian -1 -1 -10 281.21 187.8 312.029 279.456 1.07199518085 1.09399912129 0.920996545434 -4.81091076807 1.33857339985 11.3433491616 0.00692802392802 1.9633e-08
