pedestrian -1 -1 -10 449.97 143.65 514.945 309.83 1.76599209905 0.697999481205 0.873996671376 -1.60722281099 1.36387365653 8.59971258328 0.00692802392802 0.94354
pedestrian -1 -1 -10 426.23 152.92 495.321 303.47 1.76599209905 0.697999481205 0.978996296171 -1.6597213623 1.36401802295 8.60007646825 0.00692802392802 0.26676
pedestrian -1 -1 -10 765.97 174.78 783.218 241.589 0.764996556938 0.0949992489756 0.714997467742 4.10974945416 0.750773840045 17.6346976573 0.00692802392802 0.046289
pedestrian -1 -1 -10 760.86 182.89 778.5 238.537 2.06999077499 0.445999796938 0.899996715842 3.21880769231 1.17115134459 14.2040153997 0.00692802392802 0.01626
pedestrian -1 -1 -10 657.67 221.7 671.346 273.579 1.46799346805 1.15699975761 0.917996476114 1.28521296781 1.43098678848 12.8935310971 0.00692802392802 0.0098428
pedestrian -1 -1 -10 760.55 181.94 794.501 240.939 0.763996559382 0.0949992489756 0.631997834723 4.15124965272 0.750659721924 17.6344105871 0.00692802392802 0.0080615
pedestrian -1 -1 -10 663.81 220.84 675.356 266.588 2.24898999482 1.19699873869 0.983996332232 1.31662942993 1.43098094137 12.8198575236 0.00692802392802 0.0065569
pedestrian -1 -1 -10 333.88 224.63 354.063 277.953 0.582997374237 0.225999678998 0.143999512682 -4.78808797905 1.31823104294 11.5894580984 0.00692802392802 0.0039517
pedestrian -1 -1 -10 652.12 220.56 667.76 271.401 2.15299034864 0.723999486473 0.594997734764 1.12160180383 1.33591361249 12.4746450151 0.00692802392802 0.0031956
pedestrian -1 -1 -10 306.01 215.9 329.928 275.809 0.947995811701 1.14099902078 1.10599603195 -4.14154210237 1.36678399869 10.4202944675 0.00692802392802 0.0027773
pedestrian -1 -1 -10 325.15 238.17 353.779 286.288 1.05299530178 1.18299880921 1.18999582715 -4.01214776227 1.3660079553 10.7863447272 0.00692802392802 0.0014337
pedestrian -1 -1 -10 318.65 214.8 347.034 274.931 0.100999595225 0.0120010294648 0.0629994887761 -6.9125811059 1.34911795374 18.5606650417 0.00692802392802 0.0012961
pedestrian -1 -1 -10 243.78 214.22 270.513 289.099 0.931995850801 0.774999093331 0.673997732324 -4.76147401452 1.37065009285 10.2835994901 0.00692802392802 0.0012654
pedestrian -1 -1 -10 463.78 143.46 495.018 267.91 1.76599209905 0.697999481205 0.888996719954 -1.61472265513 1.36389428045 8.5997645672 0.00692802392802 0.00082709
pedestrian -1 -1 -10 1076.4 84.137 1115.78 210.177 1.5849929288 0.730999451212 1.1929948832 7.96722819873 0.689117951676 11.5272735644 0.00692802392802 0.00064547
pedestrian -1 -1 -10 278.68 198.16 305.174 259.411 1.14499492794 1.0819990455 0.899996715842 -4.7667627468 1.34265999503 11.161001427 0.00692802392802 0.00060302
pedestrian -1 -1 -10 352.43 218.19 380.19 278.689 0.947995811701 0.791999280174 0.624997653108 -3.50526857214 1.36523391807 10.2413801814 0.00692802392802 0.0003626
pedestrian -1 -1 -10 1050.0 87.696 1085.22 208.676 1.56599301994 0.683999551727 1.1919959131 7.52155742355 0.673370389189 11.5068534203 0.00692802392802 0.00030243
pedestrian -1 -1 -10 307.78 211.2 321.05 269.818 0.235998982191 0.155000581605 0.376998439397 -7.74233222701 1.51524129616 18.7050310475 0.00692802392802 0.0002695
pedestrian -1 -1 -10 476.06 114.3 519.81 272.6 1.70999237001 1.18799892026 0.371998582149 -2.34022141583 0.745204079628 16.195290846 0.00692802392802 0.00024907
pedestrian -1 -1 -10 472.19 189.93 498.585 283.229 1.76599209905 0.697999481205 0.854996689316 -1.59772304816 1.36384753302 8.59964673725 0.00692802392802 0.0002424
pedestrian -1 -1 -10 277.54 253.82 299.603 283.066 1.1229949221 1.19199958131 1.00799611194 -4.59280173908 1.37386691078 10.5608305318 0.00692802392802 0.00021527
pedestrian -1 -1 -10 666.72 216.49 682.755 260.3 2.24898999482 1.13799971708 1.02399614388 1.33636905736 1.43096955642 12.7822199217 0.00692802392802 0.00017267
pedestrian -1 -1 -10 907.81 230.08 927.35 278.575 0.955995672941 0.853999512816 0.66499746476 4.27103935599 1.40395394964 10.096542445 0.00692802392802 0.00015227
pedestrian -1 -1 -10 411.14 200.34 465.384 300.41 2.24898999482 0.883999225457 1.19099527409 -3.54610257126 1.5076369552 15.2281952043 0.00692802392802 9.166e-05
pedestrian -1 -1 -10 896.41 216.77 928.712 277.166 0.955995672941 0.790999830168 0.60299789975 4.23982208822 1.40407582805 10.0652582243 0.00692802392802 9.1433e-05
pedestrian -1 -1 -10 955.42 242.55 972.983 279.854 2.00899102837 1.14099902078 1.19299583687 6.00660267442 1.40335337271 11.6784446141 0.00692802392802 8.5533e-05
pedestrian -1 -1 -10 295.56 203.22 324.665 266.548 1.09599509239 1.13599890972 1.09399575467 -4.53756320263 1.34617399829 11.0334430456 0.00692802392802 6.9968e-05
pedestrian -1 -1 -10 883.52 214.73 913.739 278.219 0.946995769441 0.669000172244 0.595997956552 4.23588718564 1.39515649068 10.0042789706 0.00692802392802 4.4234e-05
pedestrian -1 -1 -10 301.65 207.43 314.393 260.192 0.987995564938 0.598999571183 0.737997144866 -4.63294280111 1.31801621472 11.401642799 0.00692802392802 3.0256e-05
pedestrian -1 -1 -10 271.73 241.9 297.969 280.603 0.939995712042 0.90799937704 1.09099598337 -4.55251918643 1.37399934439 10.3486528938 0.00692802392802 2.0423e-05
pedestrian -1 -1 -10 368.22 240.12 401.702 280.705 0.97499564141 1.1819993592 0.663997540994 -3.48369437906 1.3418152212 10.5551951762 0.00692802392802 1.1661e-05
pedestrian -1 -1 -10 484.88 83.687 544.205 226.737 0.861996148527 1.15699880394 0.761997222592 -1.84516904224 -0.138366509735 17.2488525468 0.00692802392802 2.1239e-06
