pedestrian -1 -1 -10 1000.8 145.82 1103.55 331.35 1.74999218285 0.617000161707 0.995996073073 4.8142315643 1.43414500678 7.7427948608 0.00692802392802 0.70728
pedestrian -1 -1 -10 1006.2 150.56 1077.68 281.21 1.74999218285 0.617000161707 0.995996073073 4.8142315643 1.43414500678 7.7427948608 0.00692802392802 0.22621
pedestrian -1 -1 -10 766.51 178.63 779.891 237.123 0.762996576726 0.0860003842243 0.741997078348 4.09525305866 0.749813149557 17.6352978736 0.00692802392802 0.09423
pedestrian -1 -1 -10 324.47 237.54 351.304 282.147 1.0639952004 1.12099857657 1.16899575915 -4.0429007121 1.38514051974 10.7445727895 0.00692802392802 0.042182
pedestrian -1 -1 -10 836.43 171.53 883.336 264.172 0.784996522963 0.093000348963 0.546997877335 6.3732972792 0.782461289094 17.6960422785 0.00692802392802 0.01763
pedestrian -1 -1 -10 762.2 174.64 790.451 237.766 0.762996576726 0.0860003842243 0.670997245773 4.13075212221 0.74971553024 17.6350518178 0.00692802392802 0.01365
pedestrian -1 -1 -10 315.36 230.36 342.826 276.651 1.0639952004 1.18999877395 1.14299559547 -4.10713772212 1.38535663164 10.7105171102 0.00692802392802 0.0052203
pedestrian -1 -1 -10 1000.6 134.88 1187.42 345.13 2.33098958582 0.942999200733 1.19799593254 8.13943779465 1.43369536286 11.4815114369 0.00692802392802 0.0049383
pedestrian -1 -1 -10 332.36 224.39 364.229 278.292 1.05999526978 1.18599906657 1.18099555959 -3.80453964475 1.38058862747 10.6524163129 0.00692802392802 0.0039199
pedestrian -1 -1 -10 582.39 191.91 595.741 222.087 2.08599067628 0.466000241148 1.18699557902 -0.236266555121 1.18209989782 14.7109677703 0.00692802392802 0.002935
pedestrian -1 -1 -10 359.16 217.53 382.547 276.428 0.950995759666 0.984999942839 0.684997370586 -3.52609095569 1.36509612648 10.4120265455 0.00692802392802 0.0024
pedestrian -1 -1 -10 761.64 181.74 774.35 237.932 2.07099069804 0.428000160088 0.9219964692 3.21385782951 1.17215687565 14.2110504232 0.00692802392802 0.0017956
pedestrian -1 -1 -10 846.82 225.5 861.286 268.694 2.09999061227 0.476999913259 1.19699553193 4.10019711999 1.263418878 11.8454408698 0.00692802392802 0.00077459
pedestrian -1 -1 -10 311.3 222.64 332.112 274.728 1.02199545205 0.924999563883 1.14099574794 -4.49119562414 1.34892154265 11.1426701877 0.00692802392802 0.00071542
pedestrian -1 -1 -10 350.37 246.36 379.286 283.958 1.05399525464 1.18599906657 1.02099607456 -3.69192071787 1.37417480016 10.742633952 0.00692802392802 0.00053445
pedestrian -1 -1 -10 344.02 217.01 371.178 278.87 1.01299545914 1.15199964656 1.02099607456 -3.69357269881 1.38046439789 10.4936703373 0.00692802392802 0.00048994
pedestrian -1 -1 -10 922.96 224.88 947.974 280.274 2.13599040508 1.15399950025 1.18799574121 5.31741549379 1.28477559152 11.2214960831 0.00692802392802 0.00045567
pedestrian -1 -1 -10 302.37 214.36 339.601 277.878 1.02199545205 0.977999024427 1.14099574794 -4.49137921344 1.34895236138 11.1161710934 0.00692802392802 0.0004483
pedestrian -1 -1 -10 643.18 189.14 654.914 227.291 2.07399076521 0.558999636437 1.19199555548 0.970947996133 1.1749878714 14.5210982947 0.00692802392802 0.00038982
pedestrian -1 -1 -10 365.36 205.27 400.996 277.774 1.98399107456 0.442000089565 1.19299536004 -4.70305822085 1.05283286861 15.2228350968 0.00692802392802 0.0002784
pedestrian -1 -1 -10 364.41 240.34 393.066 280.734 0.950995759666 0.940999347047 0.640997625452 -3.50424402895 1.36506121617 10.3898742908 0.00692802392802 0.0002476
pedestrian -1 -1 -10 913.48 231.84 934.147 279.93 2.12999050915 1.15599935393 1.1979954557 5.4374091304 1.35665548637 11.9117693485 0.00692802392802 0.00016239
pedestrian -1 -1 -10 1042.0 162.4 1102.08 318.74 2.22399007082 0.803999355965 1.1989958563 7.67750636623 1.33285190206 11.5841598104 0.00692802392802 0.00014845
pedestrian -1 -1 -10 888.43 219.4 920.477 280.039 0.911995899677 1.15999906131 0.668997636659 4.26874909977 1.36283444518 10.2065394004 0.00692802392802 0.00010063
pedestrian -1 -1 -10 487.45 77.764 534.997 215.604 0.964995703101 1.19600024235 0.310998940905 -2.14129315319 -0.0282565430766 16.9924667752 0.00692802392802 6.7691e-05
pedestrian -1 -1 -10 933.55 214.83 970.871 280.769 0.973995599151 0.783999865429 0.667997712893 5.1897385101 1.39138176036 10.130153433 0.00692802392802 3.7753e-05
pedestrian -1 -1 -10 906.44 222.81 943.971 281.551 2.12999050915 1.15599935393 1.19699553193 5.46090868175 1.35659086466 11.9116064652 0.00692802392802 3.6713e-05
pedestrian -1 -1 -10 304.63 209.93 324.053 272.69 1.02199545205 1.04999947917 1.08799573524 -4.54012721658 1.34912759591 11.0805078899 0.00692802392802 2.3642e-05
pedestrian -1 -1 -10 299.63 206.77 316.686 264.659 0.222998909653 0.149000066873 0.224999536587 -7.70735403544 1.50114505673 18.7047798794 0.00692802392802 8.4744e-06
pedestrian -1 -1 -10 1008.2 147.25 1046.72 236.668 1.74999218285 0.617000161707 0.995996073073 4.8142315643 1.43414500678 7.7427948608 0.00692802392802 3.8613e-06
pedestrian -1 -1 -10 1020.5 140.63 1066.32 222.695 2.20499022156 0.709999556996 1.19899537947 7.12952145388 1.32736003776 11.5869605564 0.00692802392802 1.6192e-06
pedestrian -1 -1 -10 1027.8 114.03 1078.41 235.03 2.07399076521 0.727999193846 1.19299583687 7.31438418162 1.19084142239 11.5945972532 0.00692802392802 4.9169e-07
pedestrian -1 -1 -10 980.66 213.84 1010.32 299.893 0.753996613622 0.639999909609 0.677997427388 5.69857035013 1.405065747 10.0547702192 0.00692802392802 1.2315e-07
