pedestrian -1 -1 -10 264.65 138.24 315.035 328.5 1.95999119282 0.512999186959 0.467998177797 -3.82142487799 1.44299456636 8.58653129855 0.00692802392802 0.99793
pedestrian -1 -1 -10 254.97 143.72 330.883 268.43 1.898991476 0.512999186959 0.467998177797 -3.82150899176 1.38199484954 8.58649640964 0.00692802392802 0.15027
pedestrian -1 -1 -10 275.74 197.33 313.807 306.15 1.95999119282 0.512999186959 0.467998177797 -3.82142487799 1.44299456636 8.58653129855 0.00692802392802 0.099339
pedestrian -1 -1 -10 838.06 176.37 868.19 265.096 0.943995732069 0.50499881854 0.487998083623 6.4128112258 1.0370999464 17.9169783335 0.00692802392802 0.015917
pedestrian -1 -1 -10 842.37 207.61 857.199 261.426 0.552997596562 0.284999654274 0.608997919181 4.8977003766 1.27986498067 13.9098851892 0.00692802392802 0.0086642
pedestrian -1 -1 -10 345.98 206.02 378.167 278.667 1.0639952004 1.18399921289 1.1459958436 -3.6271917747 1.38912834802 10.6271939918 0.00692802392802 0.0078724
pedestrian -1 -1 -10 355.08 192.82 387.673 273.193 1.06699517816 1.19299903131 1.19699577035 -3.59873485434 1.38856105196 11.0545052302 0.00692802392802 0.0057381
pedestrian -1 -1 -10 665.02 215.36 678.743 261.796 2.26698980182 1.15499895025 1.13699575485 1.25992172937 1.44217222857 12.7892520486 0.00692802392802 0.0036424
pedestrian -1 -1 -10 663.95 191.5 676.608 230.883 1.47599335909 1.12999934867 1.13699575485 1.26170178102 1.44205651221 12.8892017079 0.00692802392802 0.0027914
pedestrian -1 -1 -10 659.0 191.78 671.403 231.1 2.26698980182 1.17799965183 1.03199613006 1.20717030754 1.44235904381 12.7531168572 0.00692802392802 0.0021049
pedestrian -1 -1 -10 328.14 209.45 348.012 281.21 1.06699517816 1.13899916709 1.17699562611 -4.09162180524 1.39006515849 10.9279189218 0.00692802392802 0.0013811
pedestrian -1 -1 -10 366.86 187.61 396.159 268.67 2.16199031174 0.48699918169 1.18799526437 -4.73122821879 1.22989595607 15.2356332757 0.00692802392802 0.0013809
pedestrian -1 -1 -10 656.95 189.59 682.471 245.398 1.47599335909 0.991998953904 1.13699575485 1.26217981221 1.44197626617 12.9582002493 0.00692802392802 0.0012622
pedestrian -1 -1 -10 659.6 212.29 673.485 261.765 2.26698980182 1.16699997972 1.04999606914 1.21577170377 1.4424011666 12.6955560102 0.00692802392802 0.0012013
pedestrian -1 -1 -10 884.88 230.82 904.535 277.032 0.940995813906 0.8329996186 0.663997540994 4.22404953444 1.39316277533 10.0273624847 0.00692802392802 0.0011649
pedestrian -1 -1 -10 891.24 229.06 909.284 273.451 1.17399478257 1.15099924288 0.716997553692 4.28382929632 1.39240265878 10.5468247597 0.00692802392802 0.00098082
pedestrian -1 -1 -10 656.72 215.56 678.556 272.566 1.47599335909 0.898998604941 1.10099587668 1.24450245724 1.44197168434 13.0048240684 0.00692802392802 0.0008805
pedestrian -1 -1 -10 654.46 190.63 666.245 230.607 2.26098990589 0.811999724384 0.916996552348 1.14803555408 1.43679056438 12.5185176316 0.00692802392802 0.0007609
pedestrian -1 -1 -10 766.95 165.01 779.212 224.557 0.762996576726 0.0939997989693 0.701997266696 4.09234342633 0.749806279134 17.648318833 0.00692802392802 0.00062628
pedestrian -1 -1 -10 325.89 201.02 360.57 284.648 0.979995554686 0.779999204383 1.03899613286 -3.71899121283 1.39478263668 10.276877397 0.00692802392802 0.00047329
pedestrian -1 -1 -10 356.98 198.98 374.114 253.564 1.91099144667 0.523999812744 1.19899537947 -5.09134037383 0.974764517493 15.3444797177 0.00692802392802 0.00033071
pedestrian -1 -1 -10 272.63 169.25 332.567 301.19 1.898991476 0.512999186959 0.467998177797 -3.82150899176 1.38199484954 8.58649640964 0.00692802392802 0.00029396
pedestrian -1 -1 -10 700.52 165.8 714.213 224.824 2.3949892506 0.639999909609 1.19499544598 2.16346177217 1.49877633067 14.4535246194 0.00692802392802 0.00027069
pedestrian -1 -1 -10 362.63 193.28 377.017 248.271 1.01899541467 1.14699953551 0.99599631149 -3.55289729809 1.38905061952 10.5162027614 0.00692802392802 0.00022956
pedestrian -1 -1 -10 764.64 159.68 791.053 242.164 0.762996576726 0.0939997989693 0.584997841456 4.15084173374 0.74964541391 17.6479133618 0.00692802392802 0.00020619
pedestrian -1 -1 -10 747.62 154.17 759.349 211.374 0.76499658674 0.169000511082 1.1669956732 3.82058553989 0.749596489544 17.6126988947 0.00692802392802 0.00016699
pedestrian -1 -1 -10 695.71 210.43 711.32 262.733 2.3949892506 0.621999319085 1.18099544038 2.06252692031 1.49904359695 14.463224744 0.00692802392802 0.00015935
pedestrian -1 -1 -10 934.96 217.74 965.785 272.712 0.894995956123 0.673999329623 0.311999103088 4.43873438813 1.36245514835 10.1283686458 0.00692802392802 0.00012139
pedestrian -1 -1 -10 689.26 209.01 706.517 264.176 2.3949892506 0.653999839086 1.19499544598 1.94341935869 1.49938943552 14.4480496739 0.00692802392802 0.00011887
pedestrian -1 -1 -10 757.34 160.81 768.25 210.647 2.17799027264 0.392999382721 1.0019960925 3.16595189069 1.27829718256 14.2039431868 0.00692802392802 9.5007e-05
pedestrian -1 -1 -10 836.93 202.35 851.582 261.243 0.552997596562 0.284999654274 0.608997919181 4.8977003766 1.27986498067 13.9098851892 0.00692802392802 6.3983e-05
pedestrian -1 -1 -10 247.51 133.72 297.678 294.49 1.95999119282 0.512999186959 0.467998177797 -3.82142487799 1.44299456636 8.58653129855 0.00692802392802 5.3239e-05
pedestrian -1 -1 -10 956.99 237.7 974.234 279.468 2.11299050599 0.90699897336 1.19599560817 6.15072296374 1.40483080812 11.7873902189 0.00692802392802 5.1352e-05
pedestrian -1 -1 -10 644.78 119.69 665.271 167.214 1.53199313283 0.385999417982 1.15699560107 1.10602582514 0.637564693789 14.5653535271 0.00692802392802 5.0749e-05
pedestrian -1 -1 -10 253.3 189.12 308.793 296.94 1.95999119282 0.512999186959 0.467998177797 -3.82142487799 1.44299456636 8.58653129855 0.00692802392802 3.5838e-05
pedestrian -1 -1 -10 881.92 208.15 905.613 269.733 0.940995813906 0.8329996186 0.663997540994 4.22404953444 1.39316277533 10.0273624847 0.00692802392802 2.9857e-05
pedestrian -1 -1 -10 308.82 197.96 351.004 283.275 0.805996456742 0.617999611713 0.789996995381 -4.28385041937 1.1323269525 11.1626080159 0.00692802392802 2.8144e-05
pedestrian -1 -1 -10 311.2 203.58 335.519 277.572 1.00899540931 1.16599862237 0.929996574581 -3.98720054536 1.39029928966 10.4717181117 0.00692802392802 4.4014e-07
