pedestrian -1 -1 -10 225.68 190.94 309.174 332.16 1.66581709403 1.19586908577 0.651999750824 -3.03136208991 1.71316116492 6.38678545647 0.00753464155925 0.66946
pedestrian -1 -1 -10 526.39 180.88 537.95 198.461 0.100988898159 0.0659946620459 0.222999981328 -7.0825166936 1.81965221354 72.286238815 0.00753464155925 0.58426
pedestrian -1 -1 -10 391.1 182.05 403.942 220.12 1.25486218274 0.463946059605 0.747999915986 -10.2187455974 1.95842600578 36.4904145516 0.00753464155925 0.07604
pedestrian -1 -1 -10 0.0 182.41 97.934 375.0 1.72281078005 1.19586884737 0.658999718163 -3.44976525626 1.69423509519 4.14633015643 0.00753464155925 0.049225
pedestrian -1 -1 -10 779.67 188.45 858.086 296.72 1.26786079669 0.823910095127 1.09699978627 2.79115128932 1.57135518245 9.94956524875 0.00753464155925 0.037526
pedestrian -1 -1 -10 400.14 183.59 411.753 222.668 1.48883648885 0.495944049427 1.04600016046 -10.0697012893 1.95855437365 36.5070245298 0.00753464155925 0.0088596
pedestrian -1 -1 -10 202.67 188.17 276.049 345.86 1.66981660337 1.14887430294 0.651999750824 -3.03189952175 1.71610229174 6.31526540208 0.00753464155925 0.0025106
pedestrian -1 -1 -10 383.7 188.88 396.297 221.318 0.75991655469 0.303967553333 0.197000443236 -11.3570607837 0.341235150532 37.3163804008 0.00753464155925 0.0018462
pedestrian -1 -1 -10 203.52 216.09 248.094 364.46 1.66381733936 1.19386897301 0.649999657976 -3.03284882543 1.70627585793 6.05683809288 0.00753464155925 0.0017954
pedestrian -1 -1 -10 19.863 185.49 79.813 336.93 1.72281078005 1.18686977033 0.658999718163 -3.44959574581 1.69456815355 4.16882721045 0.00753464155925 0.00065847
pedestrian -1 -1 -10 10.637 143.58 125.767 331.78 1.47083848822 1.19186981382 0.229999471831 -8.10135120381 0.772666068678 10.8750790678 0.00753464155925 0.0004839
pedestrian -1 -1 -10 728.88 229.25 751.09 288.181 1.36684990442 1.19386849623 0.766999725158 2.05775868994 1.71687959242 10.1566976064 0.00753464155925 0.00036405
pedestrian -1 -1 -10 869.03 255.99 911.552 345.384 1.24286353552 0.982892120908 0.444999797023 2.15344532606 1.6433691161 5.33098134903 0.00753464155925 0.00030945
pedestrian -1 -1 -10 723.41 193.03 743.339 245.024 1.36684990442 1.15387386966 0.640999716998 1.99805015932 1.71356165187 9.93016505894 0.00753464155925 0.00026958
pedestrian -1 -1 -10 277.81 235.14 311.498 326.271 1.65581820148 1.18986970107 0.651999750824 -3.03051386217 1.70483494901 6.49984358631 0.00753464155925 0.00017575
pedestrian -1 -1 -10 280.45 246.64 301.913 300.782 1.65581820148 1.17887074966 0.651999750824 -3.0307587091 1.70435386765 6.46734804027 0.00753464155925 0.00017181
pedestrian -1 -1 -10 262.37 197.11 326.207 341.05 1.63881998879 1.19486926778 0.633999630449 -3.02335376291 1.68422578083 6.25643556537 0.00753464155925 0.00013907
pedestrian -1 -1 -10 232.08 193.9 310.369 266.511 1.66581709403 1.19886853972 0.651999750824 -3.03083096347 1.71420473544 6.45727539138 0.00753464155925 0.00011741
pedestrian -1 -1 -10 178.72 193.56 308.63 368.36 1.65981771082 1.17487100093 0.649999657976 -3.03322297894 1.70154350629 6.00737454722 0.00753464155925 4.6644e-05
pedestrian -1 -1 -10 719.49 189.44 751.961 283.53 1.36684990442 1.17387213651 0.685999779517 2.02143853587 1.71529196451 10.0479795287 0.00753464155925 1.8512e-05
pedestrian -1 -1 -10 291.24 225.21 327.964 321.024 0.825909263378 0.719921396054 0.30899992067 -4.75712815387 1.73301878106 11.4989819556 0.00753464155925 1.2769e-05
pedestrian -1 -1 -10 613.45 138.53 647.833 208.604 0.357960710762 0.0139984053698 0.0 1.74092783556 -0.0474389310799 50.2422656427 0.00753464155925 1.14e-05
pedestrian -1 -1 -10 832.3 178.25 863.763 282.06 1.66681700861 1.13587523878 0.954999631369 5.29026072572 0.953481597193 16.1476915538 0.00753464155925 6.1071e-06
pedestrian -1 -1 -10 696.42 107.97 728.807 221.05 0.607933262823 0.153982459068 0.667000089555 6.79593462161 -0.657543324845 44.7793086122 0.00753464155925 2.0597e-06
