pedestrian -1 -1 -10 671.71 150.68 723.909 284.29 1.87199167609 0.796999391227 1.08799597366 1.20587459405 1.26705339508 9.52757195208 0.00692802392802 0.99953
pedestrian -1 -1 -10 775.01 149.82 815.295 262.75 1.61099285036 0.634999798557 0.685997294352 2.9198417012 1.18720840227 10.5057809429 0.00692802392802 0.99894
pedestrian -1 -1 -10 626.25 130.98 672.762 282.06 1.88299160451 0.853998559142 1.19499551118 0.623423850119 1.23463144617 9.55206383501 0.00692802392802 0.9878
pedestrian -1 -1 -10 1032.0 148.15 1160.67 366.57 1.7419922173 0.8849991523 0.640997625452 3.47099287126 1.49196420248 5.02010537447 0.00692802392802 0.9825
pedestrian -1 -1 -10 548.8 139.15 562.249 182.073 1.44399357513 0.585998138038 0.828996764058 -2.1278801763 -0.0421476181487 31.7244420492 0.00692802392802 0.9411
pedestrian -1 -1 -10 432.09 144.01 445.249 189.458 1.49699331895 0.498000761149 0.643997635168 -7.39028214159 -0.0183366929849 32.3379114563 0.00692802392802 0.90727
pedestrian -1 -1 -10 455.81 146.33 467.541 184.296 1.26399431676 0.448001557972 0.37999868753 -6.25154861844 -0.0260474204566 31.963140951 0.00692802392802 0.82779
pedestrian -1 -1 -10 476.01 144.27 490.245 186.528 1.60799279809 0.565999601176 0.872996866819 -5.03348830516 0.155160325553 30.5926787023 0.00692802392802 0.80464
pedestrian -1 -1 -10 355.61 140.39 378.095 199.885 1.02999541759 0.463000937455 0.629997748773 -8.08509748556 -0.232697328144 24.7130598026 0.00692802392802 0.68695
pedestrian -1 -1 -10 472.17 145.76 485.383 185.083 1.60799279809 0.565999601176 0.872996866819 -5.03348830516 0.155160325553 30.5926787023 0.00692802392802 0.5069
pedestrian -1 -1 -10 428.65 141.5 453.294 202.754 1.49699331895 0.498000761149 0.643997635168 -7.39028214159 -0.0183366929849 32.3379114563 0.00692802392802 0.37554
pedestrian -1 -1 -10 346.72 134.86 373.687 214.155 1.02999541759 0.463000937455 0.562997611262 -8.11859674962 -0.2326052081 24.7132919972 0.00692802392802 0.14388
pedestrian -1 -1 -10 437.47 146.98 451.004 198.121 0.777996554971 0.289001268994 0.605997671048 -8.22388151908 -0.227794115892 39.120529151 0.00692802392802 0.11365
pedestrian -1 -1 -10 352.63 133.72 381.622 235.71 1.02999541759 0.463000937455 0.629997748773 -8.08509748556 -0.232697328144 24.7130598026 0.00692802392802 0.089335
pedestrian -1 -1 -10 327.17 141.51 339.821 186.585 1.16299479455 0.606999939602 0.492998179289 -7.67770276005 0.0400787368842 20.4303718804 0.00692802392802 0.087754
pedestrian -1 -1 -10 1085.3 145.22 1151.18 362.33 1.69899242669 1.08299897234 0.621997643392 3.46211968339 1.4488754002 5.11914416083 0.00692802392802 0.081145
pedestrian -1 -1 -10 1045.9 149.76 1118.83 340.4 1.74699219018 0.906999450196 0.640997625452 3.47107597451 1.49695138237 5.03110811917 0.00692802392802 0.052091
pedestrian -1 -1 -10 321.12 143.8 336.952 188.094 1.16299479455 0.606999939602 0.492998179289 -7.67770276005 0.0400787368842 20.4303718804 0.00692802392802 0.041839
pedestrian -1 -1 -10 464.11 147.71 480.401 184.914 1.60799279809 0.565999601176 0.550998049235 -5.19448384662 0.155603049198 30.5937946161 0.00692802392802 0.033272
pedestrian -1 -1 -10 368.25 141.75 381.925 191.605 1.02999541759 0.463000937455 0.629997748773 -8.08509748556 -0.232697328144 24.7130598026 0.00692802392802 0.032271
pedestrian -1 -1 -10 291.94 134.12 327.521 243.16 0.925995884091 0.499999661161 0.451997967035 -8.66308740128 -0.0862205611916 21.3197102033 0.00692802392802 0.031395
pedestrian -1 -1 -10 787.45 150.85 819.393 233.284 1.61099285036 0.634999798557 0.685997294352 2.9198417012 1.18720840227 10.5057809429 0.00692802392802 0.030682
pedestrian -1 -1 -10 334.83 135.91 365.154 210.138 1.23199446201 0.424001406389 0.55099852607 -8.9757737317 0.109904030403 25.4610297105 0.00692802392802 0.022828
pedestrian -1 -1 -10 682.79 155.69 731.671 243.799 1.67999254763 0.796999391227 0.961996459665 1.2691375893 1.26688015542 9.52724510454 0.00692802392802 0.01683
pedestrian -1 -1 -10 252.82 136.65 284.166 252.83 1.40099373609 0.5429988996 0.786996747248 -10.2068622473 0.667650590811 21.6585156087 0.00692802392802 0.016235
pedestrian -1 -1 -10 318.21 131.96 368.309 228.0 0.0999995529652 0.0769996121257 0.129999149451 -7.6681704025 -0.23598871537 21.3436245875 0.00692802392802 0.013771
pedestrian -1 -1 -10 324.6 136.95 355.705 207.948 1.16299479455 0.606999939602 0.492998179289 -7.67770276005 0.0400787368842 20.4303718804 0.00692802392802 0.013558
pedestrian -1 -1 -10 255.73 152.5 274.482 217.561 1.66499250978 1.12199945708 0.484998312325 -2.93488474832 1.38772572461 5.81092814149 0.00692802392802 0.0074344
pedestrian -1 -1 -10 303.32 133.08 338.065 237.29 0.967995673418 0.699999334891 0.720997487174 -5.17101683594 0.908933996 13.6434613861 0.00692802392802 0.0064727
pedestrian -1 -1 -10 1047.3 150.8 1148.55 272.17 1.73799228668 0.928999271256 0.640997625452 3.47113977139 1.48793868617 5.0421026182 0.00692802392802 0.0059164
pedestrian -1 -1 -10 329.67 155.23 349.262 215.213 0.886996020377 0.294999876379 0.351998914741 -7.60650463833 -0.236295325793 20.5857216654 0.00692802392802 0.0057963
pedestrian -1 -1 -10 641.66 127.66 663.403 183.098 1.67099253982 0.646998920674 1.1769955367 0.676412954975 1.02260425891 9.44807096486 0.00692802392802 0.0049693
pedestrian -1 -1 -10 477.65 143.78 502.449 188.494 0.784996493161 0.421001149023 0.800997110478 -6.01017743132 -0.233752175508 39.8661997661 0.00692802392802 0.0048879
pedestrian -1 -1 -10 442.9 143.21 463.778 200.488 0.551997435093 0.528998970122 1.17099512984 -7.99073804833 -1.21061022803 39.2689069977 0.00692802392802 0.0043706
pedestrian -1 -1 -10 264.91 139.24 293.652 227.137 1.8399917841 0.420999241676 0.558998393034 -7.65243858235 0.819631932832 17.2636318383 0.00692802392802 0.0038566
pedestrian -1 -1 -10 315.42 135.95 342.556 211.685 1.16299479455 0.606999939602 0.492998179289 -7.67770276005 0.0400787368842 20.4303718804 0.00692802392802 0.003364
pedestrian -1 -1 -10 334.87 137.67 353.601 188.102 1.23199446201 0.424001406389 0.55099852607 -8.9757737317 0.109904030403 25.4610297105 0.00692802392802 0.0031167
pedestrian -1 -1 -10 316.7 142.33 330.817 187.093 0.0999995529652 0.0 0.0 -19.5599910443 -1.51354009315 50.4907443492 0.0 0.0030498
pedestrian -1 -1 -10 264.19 140.39 282.925 203.472 1.40099373609 0.5429988996 0.570997955061 -10.0988654454 0.66735360906 21.6577670468 0.00692802392802 0.0028472
pedestrian -1 -1 -10 275.87 139.47 307.655 232.996 0.964995673299 0.835998922293 0.795997014813 -5.91141547863 0.814583075291 13.9864916189 0.00692802392802 0.002818
pedestrian -1 -1 -10 773.31 171.03 797.698 260.92 1.59299292415 0.634999798557 0.685997294352 2.91981688073 1.16920847606 10.5057706478 0.00692802392802 0.0016983
pedestrian -1 -1 -10 597.28 133.15 664.005 267.55 1.84699175209 0.822999396495 1.0269961536 0.326275089824 1.19946632078 9.53860258426 0.00692802392802 0.0016197
pedestrian -1 -1 -10 330.53 125.86 376.6 273.74 0.226998985559 0.0539989105497 0.299999064226 -6.60922779944 0.0158318698057 18.947948915 0.00692802392802 0.0015476
pedestrian -1 -1 -10 686.28 185.71 720.796 277.802 1.67999254763 0.796999391227 1.00799623114 1.24613825603 1.26694340158 9.52740452059 0.00692802392802 0.0012805
pedestrian -1 -1 -10 703.9 152.29 718.936 224.184 1.67999254763 0.796999391227 0.745997250247 1.37713459977 1.2665831731 9.52649654124 0.00692802392802 0.0011386
pedestrian -1 -1 -10 299.89 124.57 404.14 285.8 0.893996033072 0.766999678586 0.84799662691 -3.68991681894 0.906238855891 10.6806673046 0.00692802392802 0.00099388
pedestrian -1 -1 -10 639.77 128.94 656.085 173.411 1.57799290121 0.646998920674 1.17899561706 0.608286648408 0.929791609023 9.44848909081 0.00692802392802 0.00099284
pedestrian -1 -1 -10 255.7 147.71 269.588 198.39 0.0999995529652 0.145999809506 0.18999886693 -14.6110357149 -0.370189413256 30.389293 0.00692802392802 0.0009843
pedestrian -1 -1 -10 640.94 131.99 678.857 245.64 1.91699149162 0.853998559142 1.18799556239 0.772966595979 1.26822023275 9.55104707562 0.00692802392802 0.00080578
pedestrian -1 -1 -10 359.97 137.91 396.242 216.233 1.02899543494 0.463000937455 0.562997611262 -8.0515996004 -0.233789430842 24.7128270361 0.00692802392802 0.00068293
pedestrian -1 -1 -10 540.63 141.98 557.363 182.199 1.44399357513 0.585998138038 1.01499617434 -2.22087764751 -0.0418918832445 31.7250866457 0.00692802392802 0.00046776
pedestrian -1 -1 -10 345.84 133.87 362.414 192.646 0.0999995529652 0.0 0.0 -15.7340903239 -1.38555264949 45.6492694094 0.0 0.0003198
pedestrian -1 -1 -10 698.34 154.59 716.582 243.621 1.67999254763 0.796999391227 0.961996459665 1.2691375893 1.26688015542 9.52724510454 0.00692802392802 0.00030858
pedestrian -1 -1 -10 650.79 126.04 665.737 190.87 1.8649916485 1.14000052444 1.0339961564 2.25337197216 0.540106480881 26.1853847422 0.00692802392802 0.00028148
pedestrian -1 -1 -10 249.62 151.47 264.531 197.356 0.27599876523 0.217000814247 0.22799978472 -14.9540290441 -0.604064023491 30.2307904743 0.00692802392803 0.00023102
pedestrian -1 -1 -10 239.32 144.44 267.915 214.091 1.40099373609 0.769998028604 0.59899772785 -10.3500719796 0.667914569316 21.773010534 0.00692802392802 0.0002259
pedestrian -1 -1 -10 707.15 148.27 777.197 269.61 2.03899089545 1.01799895917 1.18599541684 4.78859384216 0.943875160031 23.7731292355 0.00692802392802 0.00018832
pedestrian -1 -1 -10 982.29 136.78 1100.63 365.83 2.01399092674 0.299001491099 1.18399556931 12.7915009891 1.92661337364 20.4472611292 0.00692802392802 0.00014521
pedestrian -1 -1 -10 807.19 171.39 822.917 226.831 2.54698852152 0.808000017011 1.19299583687 6.83656449107 1.32886816879 22.3380583765 0.00692802392802 0.00013788
pedestrian -1 -1 -10 697.56 205.48 716.028 277.998 1.67999254763 0.932999932302 0.949996480407 1.27560853854 1.26678457323 9.59520215623 0.00692802392802 0.00012388
pedestrian -1 -1 -10 412.02 221.04 439.337 275.317 1.15299479291 0.844998740718 1.06999591536 -2.89863731481 1.03852939857 12.0152216751 0.00692802392802 9.045e-05
pedestrian -1 -1 -10 270.41 110.57 300.04 212.32 1.48999332488 0.418998434316 0.525998524579 -7.66942767109 0.469680009349 17.2625456401 0.00692802392802 5.0744e-05
pedestrian -1 -1 -10 379.08 199.99 409.686 270.021 1.14799492061 1.18099895552 1.18499549307 -2.82375485309 1.18113238781 9.55981113695 0.00692802392802 4.8933e-05
pedestrian -1 -1 -10 630.61 123.55 659.39 252.47 1.88299160451 0.822999396495 1.17499554761 0.576317753295 1.23477871428 9.53689038943 0.00692802392802 4.6318e-05
pedestrian -1 -1 -10 560.4 136.2 571.139 183.95 0.565997430682 0.320998927974 0.986996401552 -1.86762752703 -1.2598231641 41.30247132 0.00692802392802 1.4139e-05
pedestrian -1 -1 -10 1076.5 147.11 1122.51 276.5 1.73799228668 0.928999271256 0.640997625452 3.47113977139 1.48793868617 5.0421026182 0.00692802392802 1.1944e-05
pedestrian -1 -1 -10 713.1 165.92 725.235 212.358 1.67999254763 0.796999391227 0.745997250247 1.37713459977 1.2665831731 9.52649654124 0.00692802392802 8.4001e-06
pedestrian -1 -1 -10 1055.5 158.1 1093.57 272.6 1.74699219018 0.959999387577 0.640997625452 3.47125956546 1.49692056337 5.0576074519 0.00692802392802 3.0839e-06
pedestrian -1 -1 -10 725.25 167.75 737.199 211.481 2.20499016196 1.08399889919 1.19799569412 4.46323786413 0.944461513621 24.044294189 0.00692802392802 2.0377e-06
pedestrian -1 -1 -10 719.73 167.96 731.86 209.026 2.0629908368 1.09999963602 1.1939952838 4.32069567005 0.79974492453 24.1401986181 0.00692802392802 1.6757e-06
