pedestrian -1 -1 -10 716.99 146.37 746.78 227.572 2.14476451337 0.859906403322 0.45399985721 3.65569924501 1.46067484172 21.9678384533 0.00753464155925 0.007663
pedestrian -1 -1 -10 1021.6 118.45 1035.75 165.124 1.59582476425 0.41395420675 0.884999481135 7.55025579843 0.882703309405 13.2177832602 0.00753464155925 0.0029294
pedestrian -1 -1 -10 499.07 128.94 518.844 204.292 1.28385904264 0.716922418882 0.542999816615 -3.67899448667 0.890025121031 27.9644991612 0.00753464155925 0.0011033
pedestrian -1 -1 -10 721.14 142.96 735.975 202.655 2.02477768361 0.921899886285 0.330000061108 3.71789393922 1.34110175071 21.9992562937 0.00753464155925 0.00087255
pedestrian -1 -1 -10 643.95 141.81 663.126 185.323 0.381958005196 0.609933789067 1.02899949046 3.84046945065 -0.742430575473 56.9538390112 0.00753464155925 0.00075002
pedestrian -1 -1 -10 730.54 166.14 747.211 227.185 2.24475349844 1.04288501433 0.406000013047 3.6563926748 1.45155854732 20.2049647876 0.00753464155925 0.00013661
pedestrian -1 -1 -10 1017.5 119.04 1041.15 176.713 1.67981553316 0.410955229578 0.870999546456 7.55727016692 0.966666783228 13.2156092308 0.00753464155925 0.00010044
pedestrian -1 -1 -10 491.08 111.89 531.627 198.895 0.803911723614 0.62793146638 0.52999980915 -3.7586979067 -0.147399532585 28.6795019194 0.00753464155925 7.856e-05
pedestrian -1 -1 -10 639.64 128.93 677.512 198.747 0.382957942129 0.579938295926 0.760999685033 4.15764090113 -0.742306140712 56.9754563242 0.00753464155925 1.177e-05
pedestrian -1 -1 -10 629.89 121.56 666.666 185.766 0.373958986515 0.239971573688 0.994999580977 3.52308845322 -0.742939111501 56.7711518259 0.00753464155925 2.3541e-06
