pedestrian -1 -1 -10 1200.9 221.98 1213.86 273.817 3.23764450574 0.893901168406 1.14699996169 13.2969322945 3.02263204649 16.0823597627 0.00753464155925 0.046436
pedestrian -1 -1 -10 1199.2 222.82 1224.11 277.668 3.23764450574 0.75691704545 1.07900014273 13.3304151834 3.02159332791 16.0136138371 0.00753464155925 0.0049621
pedestrian -1 -1 -10 1186.3 221.17 1212.53 272.255 3.23764450574 1.02988595016 1.11700023791 13.2374463617 3.02368229782 16.1508016506 0.00753464155925 0.0045305
pedestrian -1 -1 -10 436.15 198.75 459.84 263.839 0.943896457661 0.724920962767 0.77499985813 -3.97455324145 2.21726805813 18.9743229918 0.00753464155925 0.0018921
pedestrian -1 -1 -10 1097.1 163.46 1113.35 221.17 1.71881127816 1.18586995234 0.852999902918 2.59775765002 1.52548042722 3.94321005952 0.00753464155925 0.00079817
pedestrian -1 -1 -10 720.74 133.32 745.726 207.304 0.101988775495 0.279968107396 0.422999252534 13.1502462965 0.0398974169305 72.4831915736 0.00753464155925 0.00026023
pedestrian -1 -1 -10 1128.8 206.76 1166.39 279.247 3.39862675322 1.18786958831 1.19099962016 12.5906259442 3.04341478182 16.7146523657 0.00753464155925 0.00022373
pedestrian -1 -1 -10 1144.1 207.38 1179.74 286.221 0.889902247195 0.150982528326 0.129000624269 15.3846478371 1.6588351645 21.1056354284 0.00753464155925 0.00011106
pedestrian -1 -1 -10 586.29 202.62 603.968 245.217 0.102988712428 0.089990293703 1.10199972036 -0.789400564703 1.92399270036 53.5937187276 0.00753464155925 9.2781e-05
pedestrian -1 -1 -10 15.038 222.0 53.611 340.29 1.37384914808 1.19486926778 1.19899975313 -3.71523479992 1.27170922981 4.64057024513 0.00753464155925 6.8892e-05
pedestrian -1 -1 -10 685.72 172.48 719.009 233.699 0.395956526279 0.137985371297 0.713999529666 7.7440544774 2.06733790685 56.9449414894 0.00753464155925 5.8367e-05
pedestrian -1 -1 -10 709.67 128.18 754.639 225.311 0.101988775495 0.279968107396 0.422999252534 13.1502462965 0.0398974169305 72.4831915736 0.00753464155925 4.4778e-05
pedestrian -1 -1 -10 727.14 132.71 757.432 185.104 0.100988957758 0.101993830951 0.35000027433 13.6028451342 -0.340709308518 72.5314126082 0.00753464155925 3.9045e-05
pedestrian -1 -1 -10 687.75 178.55 704.158 233.475 0.101988775495 0.0889909525022 0.354999910404 7.56465368379 1.77386350456 56.9729652328 0.00753464155925 2.1864e-05
pedestrian -1 -1 -10 1126.5 138.94 1166.71 211.027 2.29874758971 1.194868791 1.15999949232 12.6017711863 1.43616772076 16.7697260618 0.00753464155925 1.982e-05
pedestrian -1 -1 -10 1163.8 228.56 1201.28 309.511 2.73070017087 1.18487156471 1.1279999141 13.0687011351 3.02693716337 16.359801738 0.00753464155925 1.4834e-05
pedestrian -1 -1 -10 1088.7 145.07 1120.6 230.496 0.891902001865 0.394957188236 0.329999822689 15.2850708212 1.66271400437 21.2283606264 0.00753464155925 1.3825e-05
pedestrian -1 -1 -10 1.6075 225.21 42.6395 354.26 1.6478190636 1.19786872174 1.19899951472 -3.62560032087 1.62066603344 4.43822941739 0.00753464155925 1.3552e-05
pedestrian -1 -1 -10 1110.3 145.36 1147.01 216.626 0.246972885042 0.530941969992 0.423999656585 13.1490616793 0.170387642551 18.5574016208 0.00753464155925 9.8638e-06
pedestrian -1 -1 -10 36.865 219.73 72.546 334.32 1.62682134158 1.19786872174 1.1979995875 -3.6172762752 1.60326058455 4.6813025069 0.00753464155925 5.5388e-06
