pedestrian -1 -1 -10 1069.9 149.51 1128.13 306.8 1.76299215108 0.587999422235 0.542997705436 5.67258962328 1.4476433552 7.86035885828 0.00692802392802 0.98741
pedestrian -1 -1 -10 1091.2 134.79 1172.14 330.63 2.44298907369 0.87099969966 1.19199543627 8.62647956604 1.53420264454 11.612192516 0.00692802392802 0.42632
pedestrian -1 -1 -10 767.04 172.92 779.876 236.218 0.763996574283 0.110999985813 0.738997068632 4.09578292736 0.74980654054 17.6397941136 0.00692802392802 0.22612
pedestrian -1 -1 -10 837.49 165.42 881.854 263.267 0.689996919036 0.0760001621194 0.550998049235 6.37639979302 0.783458256055 17.691576686 0.00692802392802 0.13781
pedestrian -1 -1 -10 762.38 171.49 788.875 236.151 0.763996574283 0.110999985813 0.666997312292 4.13178194078 0.749707546404 17.6395445924 0.00692802392802 0.04388
pedestrian -1 -1 -10 325.45 238.89 350.834 281.742 1.06799525022 1.15199964656 1.13699581446 -4.02194759369 1.38909154517 10.7369295357 0.00692802392802 0.028546
pedestrian -1 -1 -10 1036.6 120.7 1117.24 309.48 2.28298982233 0.772999239644 1.19599513133 7.68201311258 1.39385262023 11.5726645805 0.00692802392802 0.017936
pedestrian -1 -1 -10 826.13 159.09 863.921 267.3 2.1949902162 1.04900002917 1.17799531146 4.26686382433 1.3344479689 12.2923245534 0.00692802392802 0.011384
pedestrian -1 -1 -10 1108.2 170.14 1160.71 317.22 2.44298907369 0.899999962295 1.16799583538 8.68857833664 1.5340152912 11.6262625684 0.00692802392802 0.0091494
pedestrian -1 -1 -10 312.58 237.95 343.254 278.411 1.01199547648 1.12499923761 1.15099570085 -4.03070952437 1.38941956573 10.4715165656 0.00692802392802 0.0073261
pedestrian -1 -1 -10 331.05 222.56 346.911 270.844 0.963995653391 0.712999814362 1.10799587948 -3.73548451839 1.37782289258 10.281480791 0.00692802392802 0.0027937
pedestrian -1 -1 -10 341.71 225.73 357.783 277.905 1.05699526221 1.19599833501 1.19499544598 -3.80460613528 1.37759908709 10.6434145178 0.00692802392802 0.0025342
pedestrian -1 -1 -10 331.82 222.99 365.938 280.375 1.05699526221 1.19599833501 1.19499544598 -3.80460613528 1.37759908709 10.6434145178 0.00692802392802 0.0012409
pedestrian -1 -1 -10 762.32 166.46 775.271 217.219 2.06999077499 0.431999867461 0.900996639608 3.22234222045 1.17113590517 14.2089911319 0.00692802392802 0.0011172
pedestrian -1 -1 -10 1115.3 195.95 1193.81 323.21 2.05899078697 1.13099879867 0.625997100038 10.188630266 1.20882625953 12.5462380941 0.00692802392802 0.00076996
pedestrian -1 -1 -10 354.93 247.68 382.245 284.401 1.00699556321 1.17999950552 0.916996611952 -3.63762924788 1.37315272678 10.6312816322 0.00692802392802 0.00069107
pedestrian -1 -1 -10 846.49 224.76 861.088 269.008 1.1459948808 1.12599964129 0.66299737881 4.26258035823 1.3706735079 11.2354803786 0.00692802392802 0.0006278
pedestrian -1 -1 -10 356.76 215.39 375.703 272.995 0.952995665372 0.67100002593 0.695997247265 -3.52961616466 1.36627504556 10.2640472847 0.00692802392802 0.00040147
pedestrian -1 -1 -10 908.38 238.56 928.156 278.327 2.06699070781 0.942999200733 1.19599560817 5.34470805201 1.3580415564 11.797946493 0.00692802392802 0.00037653
pedestrian -1 -1 -10 913.56 231.77 933.776 277.581 2.1309904322 0.942999200733 1.19599560817 5.44161722929 1.35777482197 11.7972375667 0.00692802392802 0.00035542
pedestrian -1 -1 -10 919.86 228.09 940.197 278.086 2.1309904322 0.892999043882 1.1949956844 5.55528715634 1.35743364124 11.8214503615 0.00692802392802 0.00035397
pedestrian -1 -1 -10 309.19 220.89 333.144 277.187 1.02699542493 1.1049987934 1.09799568815 -4.46142493189 1.35679737237 11.1794712767 0.00692802392802 0.00032163
pedestrian -1 -1 -10 643.36 187.93 654.609 230.354 2.07599073052 0.450998954317 1.19199555548 0.971075458147 1.17696690289 14.5390991203 0.00692802392802 0.0002663
pedestrian -1 -1 -10 365.96 209.0 396.195 278.144 0.959995722771 1.08099959549 0.652997425897 -3.50668688584 1.37297757029 10.4688971339 0.00692802392802 0.00022447
pedestrian -1 -1 -10 926.93 225.41 952.474 274.847 1.08699518889 1.18599906657 0.801997034244 5.2596967174 1.40768232336 10.5726332482 0.00692802392802 0.00019858
pedestrian -1 -1 -10 888.63 219.78 919.765 280.388 0.942995838821 1.17099968709 0.68199736087 4.26509062036 1.36486450706 10.1890482488 0.00692802392802 0.00018797
pedestrian -1 -1 -10 1083.2 133.96 1128.93 239.04 1.76299215108 0.587999422235 0.542997705436 5.67258962328 1.4476433552 7.86035885828 0.00692802392802 0.00010546
pedestrian -1 -1 -10 364.96 247.55 393.485 282.798 0.959995722771 1.02999998864 0.652997425897 -3.50686354768 1.37300722612 10.4433979425 0.00692802392802 9.2463e-05
pedestrian -1 -1 -10 298.31 203.76 330.248 277.834 1.02699542493 1.17899910184 1.08399604018 -4.54567892604 1.35707138912 11.1430542262 0.00692802392802 8.7405e-05
pedestrian -1 -1 -10 634.81 185.32 664.931 260.137 1.47699335665 1.15099924288 0.673997434302 1.14019337536 1.44239236085 12.8885441306 0.00692802392802 7.4491e-05
pedestrian -1 -1 -10 250.68 194.95 286.714 283.559 2.0629908368 1.09799978234 1.13999558575 -6.47018253387 1.3343974142 13.7453229615 0.00692802392802 5.866e-05
pedestrian -1 -1 -10 841.58 214.64 858.779 273.146 0.554997502267 0.280000496895 0.56499793563 4.89966231173 1.28086580001 13.9043716222 0.00692802392802 5.8318e-05
pedestrian -1 -1 -10 986.93 219.36 1019.07 280.596 0.998995582759 1.07899878813 0.462998082132 6.11289129275 1.38923055114 10.6592539287 0.00692802392802 3.3537e-05
pedestrian -1 -1 -10 488.29 81.167 538.052 222.057 0.859996168315 1.18099895552 0.376998558605 -2.0692170181 -0.138658881697 17.1704046605 0.00692802392802 2.5392e-05
pedestrian -1 -1 -10 263.72 193.88 298.528 281.006 1.42599368431 0.70799970331 0.971996472183 -6.32458759295 1.27801987856 13.7266185397 0.00692802392802 2.0577e-05
pedestrian -1 -1 -10 933.59 209.61 973.475 278.524 0.938995848596 0.785999719115 0.282999406533 4.46514606999 1.40540660951 10.1072100792 0.00692802392802 1.8407e-05
pedestrian -1 -1 -10 1079.0 142.97 1106.03 240.455 1.70699240714 0.587999422235 0.542997705436 5.67251240408 1.39164361126 7.86032682911 0.00692802392802 6.8402e-06
pedestrian -1 -1 -10 1094.6 123.91 1144.12 274.77 2.43198908567 0.738999819631 1.1909955125 8.35052026111 1.52603695863 11.548099686 0.00692802392802 1.0491e-06
