pedestrian -1 -1 -10 877.98 222.01 893.914 266.092 2.38173848128 1.17787140845 0.710999748022 5.36924754359 1.69852015309 13.3169689495 0.00753464155925 0.0022835
pedestrian -1 -1 -10 538.08 185.78 564.72 236.606 1.60282400989 1.16587263906 0.744999776715 -1.59129836135 1.63565421166 17.7581854668 0.00753464155925 0.0016744
pedestrian -1 -1 -10 559.45 137.99 574.791 184.546 0.33196360206 0.592933545815 0.448999982719 -2.59277959175 -0.0733499081692 43.7197034529 0.00753464155925 0.0011752
pedestrian -1 -1 -10 874.8 209.41 899.15 269.493 2.38773774529 1.17787045488 0.763999705095 5.39706702505 1.70709055475 13.4917007241 0.00753464155925 0.00024409
pedestrian -1 -1 -10 552.95 139.11 584.034 195.305 0.326964155787 0.105987381474 0.141999916478 -2.43745097977 -0.074856710963 43.9620517405 0.00753464155925 0.00017101
pedestrian -1 -1 -10 1125.4 70.239 1159.56 198.309 1.56482820928 1.19586908577 1.18899976573 5.24079325858 0.962690073948 7.04191670816 0.00753464155925 3.5105e-05
pedestrian -1 -1 -10 872.77 140.73 892.749 187.804 1.94478642404 1.04888678295 0.981999096676 8.08910059833 1.0800245275 21.367010106 0.00753464155925 2.1245e-05
pedestrian -1 -1 -10 1135.6 69.559 1169.56 181.009 1.60382390213 1.19286963181 1.17899953991 5.30464715582 1.01031993358 7.01951626275 0.00753464155925 1.822e-05
pedestrian -1 -1 -10 1103.1 54.16 1140.4 184.64 1.50983424067 1.19786824495 1.17899953991 5.24998729196 0.906043616083 7.33631945496 0.00753464155925 6.9507e-06
pedestrian -1 -1 -10 1083.5 138.09 1120.0 237.264 2.20075835931 1.12787574132 1.06899944007 5.15520102987 1.59097692812 7.59804467292 0.00753464155925 2.805e-06
pedestrian -1 -1 -10 1145.8 89.786 1181.55 210.296 1.82080008495 1.19486926778 1.18299972561 5.36422282787 1.22629026914 6.95246712265 0.00753464155925 1.9502e-06
pedestrian -1 -1 -10 1114.4 97.127 1149.36 232.627 1.94578630138 1.19586860898 1.19199954738 5.17603664145 1.34292470608 7.12260679045 0.00753464155925 5.7427e-07
pedestrian -1 -1 -10 1094.0 117.12 1128.98 231.06 1.95978476286 1.19486926778 1.19499980586 5.12408097558 1.35598966254 7.32743688107 0.00753464155925 4.7713e-07
pedestrian -1 -1 -10 1071.4 59.518 1108.81 177.118 1.50983424067 1.17987056764 1.18299972561 4.96753053133 0.90730063893 7.40943899216 0.00753464155925 3.3153e-07
pedestrian -1 -1 -10 1050.8 80.697 1088.5 196.917 1.64181971765 1.08388088924 1.17299949979 4.93620083372 1.03252338676 7.62582789393 0.00753464155925 2.2461e-07
