pedestrian -1 -1 -10 1095.0 196.76 1129.52 309.88 2.13476562082 1.19886853972 0.465999699042 4.08812408391 1.57295798526 5.79611347295 0.00753464155925 0.00061849
pedestrian -1 -1 -10 1083.9 203.83 1118.91 323.0 2.14076497423 1.194868791 0.430999623925 4.10681964297 1.57529884225 5.95500445723 0.00753464155925 0.00054679
pedestrian -1 -1 -10 1157.7 53.033 1192.29 169.593 1.53783116364 1.19786872174 0.511999688775 4.10646227786 0.982190241837 5.20472074693 0.00753464155925 0.00040079
pedestrian -1 -1 -10 1115.5 182.76 1151.03 305.94 2.12276694381 1.19786872174 0.511999688775 4.10769550744 1.56619870687 5.34041451793 0.00753464155925 0.00039293
pedestrian -1 -1 -10 1093.6 110.57 1128.63 232.73 1.90479088366 1.19686890375 0.4489997443 4.08898143481 1.34182684384 5.85483449225 0.00753464155925 0.00033564
pedestrian -1 -1 -10 1105.6 167.9 1140.51 284.69 2.13376574349 1.19786872174 0.465999699042 4.08744258742 1.57161835816 5.70561843517 0.00753464155925 0.00032802
pedestrian -1 -1 -10 1073.5 211.52 1109.22 335.18 2.16076269973 1.19886853972 0.407999629058 4.11899351769 1.59260604741 6.04381680036 0.00753464155925 0.00031815
pedestrian -1 -1 -10 1157.3 109.82 1192.54 231.73 1.966784083 1.19786872174 0.511999688775 4.10669247777 1.41133559374 5.21454274567 0.00753464155925 0.0003023
pedestrian -1 -1 -10 1104.7 80.792 1140.33 201.212 1.67581602382 1.19886853972 0.457999804487 4.08368892338 1.11343400288 5.76054724519 0.00753464155925 0.00029297
pedestrian -1 -1 -10 1167.5 115.86 1203.17 244.85 1.94678626811 1.19686890375 0.511999688775 4.10595300418 1.39189431924 5.11717456798 0.00753464155925 0.00028451
pedestrian -1 -1 -10 1136.2 111.12 1170.66 231.93 1.90579073119 1.19886853972 0.511999688775 4.10827089151 1.34748844541 5.42755376923 0.00753464155925 0.00023048
pedestrian -1 -1 -10 1145.8 138.89 1182.82 264.47 2.11876728547 1.19686890375 0.511999688775 4.10710410819 1.56303683703 5.2619253133 0.00753464155925 0.00022844
pedestrian -1 -1 -10 1126.2 150.65 1162.32 275.33 2.12576660561 1.19786872174 0.465999699042 4.08584036752 1.56846543036 5.49258876217 0.00753464155925 0.00022692
pedestrian -1 -1 -10 1115.2 118.59 1149.91 239.84 1.96578411627 1.19886853972 0.457999804487 4.08305632647 1.4039808449 5.66238405882 0.00753464155925 0.00018655
pedestrian -1 -1 -10 1166.3 61.559 1201.47 193.319 1.57382722449 1.19886853972 0.511999688775 4.10598744945 1.01723154067 5.13996301365 0.00753464155925 0.00018586
pedestrian -1 -1 -10 1145.3 76.978 1181.65 200.208 1.65981771827 1.19786872174 0.511999688775 4.1074020893 1.10295343181 5.32384524382 0.00753464155925 0.00018441
pedestrian -1 -1 -10 1124.5 100.49 1159.49 222.26 1.83079894769 1.194868791 0.457999804487 4.08215894131 1.27230763748 5.54932517217 0.00753464155925 0.00014724
pedestrian -1 -1 -10 1136.0 167.55 1172.54 298.72 2.11776740814 1.19886853972 0.511999688775 4.10696127493 1.56275558893 5.2429204768 0.00753464155925 0.0001359
pedestrian -1 -1 -10 1115.3 67.392 1151.48 183.002 1.55182959533 1.19586860898 0.457999804487 4.08282068269 0.991811440426 5.6509214656 0.00753464155925 0.00013318
pedestrian -1 -1 -10 1074.7 113.86 1109.43 231.91 1.92478866875 1.19786872174 0.399999734504 4.11541438505 1.35760449212 6.11108517251 0.00753464155925 0.00011955
pedestrian -1 -1 -10 1135.5 60.345 1171.96 181.245 1.54483039438 1.19886853972 0.511999688775 4.1080258363 0.989261323714 5.41218446611 0.00753464155925 9.6464e-05
pedestrian -1 -1 -10 1155.4 167.67 1193.14 291.8 2.10676869785 1.19886853972 0.511999688775 4.10625724586 1.550380248 5.15001480959 0.00753464155925 8.6296e-05
pedestrian -1 -1 -10 1083.9 84.583 1118.95 205.883 1.706812549 1.19786872174 0.399999734504 4.11471618983 1.14138465314 6.02866624802 0.00753464155925 8.2119e-05
pedestrian -1 -1 -10 1065.2 127.5 1099.29 242.86 2.03977599264 1.19286963181 0.399999734504 4.11609335826 1.47285755162 6.1957367554 0.00753464155925 5.9097e-05
