pedestrian -1 -1 -10 251.02 149.37 315.261 325.25 1.86399168074 0.685999882251 0.615997623961 -3.47425870188 1.47053152103 7.28068183455 0.00692802392802 0.98755
pedestrian -1 -1 -10 891.26 224.38 918.798 280.687 0.922995887697 1.1849986629 0.651997263713 4.24114510228 1.3769315769 10.1882398586 0.00692802392802 0.047209
pedestrian -1 -1 -10 638.27 211.49 663.319 272.273 0.9729956761 0.224998321645 1.15999561079 1.22251116488 0.958727101494 17.6428213542 0.00692802392802 0.010232
pedestrian -1 -1 -10 766.25 163.02 779.396 233.702 0.761996594071 0.0839995768644 0.736997459518 4.06573887501 0.748896612227 17.6335019631 0.00692802392802 0.0051725
pedestrian -1 -1 -10 763.59 162.74 792.416 241.497 0.760996611416 0.0809993194982 0.625997815291 4.12124913571 0.748742251617 17.6346179492 0.00692802392802 0.0033189
pedestrian -1 -1 -10 364.97 223.26 387.771 277.681 0.380998314917 0.218000264253 0.119999673374 -3.58531415923 1.37021204076 13.0783397144 0.00692802392802 0.0025173
pedestrian -1 -1 -10 351.86 219.1 379.705 280.004 0.955995732546 0.789999426488 0.724997182238 -3.52734969402 1.36230487429 10.2325245804 0.00692802392802 0.0018708
pedestrian -1 -1 -10 300.97 218.66 318.236 274.65 0.990995542705 0.699999334891 0.935996355595 -4.0344755102 1.39864789179 10.2810611181 0.00692802392802 0.0018212
pedestrian -1 -1 -10 898.35 230.72 929.07 279.833 0.922995887697 1.1399986171 0.651997263713 4.24098922283 1.37695774404 10.1657403757 0.00692802392802 0.00175
pedestrian -1 -1 -10 353.05 245.61 376.116 285.264 1.06899517328 1.17999950552 1.17599570234 -3.64433910466 1.38903363468 10.751313382 0.00692802392802 0.0010378
pedestrian -1 -1 -10 841.24 184.82 870.664 267.829 0.552997477353 0.250999280587 0.623997729342 4.90709787102 1.27785505366 13.8958174602 0.00692802392802 0.000938
pedestrian -1 -1 -10 236.0 193.56 278.078 321.7 0.690996871889 0.688998709106 0.209999249591 -4.96966245591 1.37631274416 10.2071865825 0.00692802392802 0.00091238
pedestrian -1 -1 -10 303.32 221.02 330.831 280.395 1.07399514616 1.18899837027 1.04499639071 -4.22913808209 1.39569496552 10.7088684349 0.00692802392802 0.0008076
pedestrian -1 -1 -10 909.82 233.21 938.492 275.966 2.14299046248 1.02199866654 1.18999558874 5.3859748313 1.383042926 11.6971433641 0.00692802392802 0.00066023
pedestrian -1 -1 -10 882.45 226.31 906.073 279.936 0.922995887697 0.992999357584 0.651997263713 4.24048001971 1.37704322284 10.0922425098 0.00692802392802 0.00063641
pedestrian -1 -1 -10 646.7 198.18 673.305 260.947 2.26198994815 0.780999608063 0.743997164298 1.1112061061 1.43694617466 12.4712715617 0.00692802392802 0.00059604
pedestrian -1 -1 -10 1088.0 90.323 1124.34 207.003 1.59799288213 0.679000394349 1.1869953406 8.22015581288 0.696433853728 11.5155221978 0.00692802392802 0.00053848
pedestrian -1 -1 -10 649.65 193.22 661.656 240.038 1.47499343604 1.0230000239 0.87299674761 1.15269071065 1.44119334569 13.0324604455 0.00692802392802 0.00050291
pedestrian -1 -1 -10 319.97 218.06 355.079 282.495 0.990995542705 0.789999426488 1.06099588622 -3.69529674856 1.39776665686 10.2337090302 0.00692802392802 0.0002593
pedestrian -1 -1 -10 359.14 218.55 370.968 269.489 0.982995562256 0.920998902837 0.833996978933 -3.58135727249 1.38937839528 10.2984159372 0.00692802392802 0.00024379
pedestrian -1 -1 -10 309.87 215.78 342.003 285.165 1.0729951635 1.1849986629 1.09399599309 -4.0744988091 1.39841274651 10.5827977311 0.00692802392802 0.00022496
pedestrian -1 -1 -10 652.72 213.13 677.393 272.998 2.26698992103 1.19099917763 1.02899606074 1.2282246568 1.44120912899 12.8334717645 0.00692802392802 0.00017071
pedestrian -1 -1 -10 886.19 239.95 912.588 283.383 0.954995690286 0.716999521735 0.632997758489 4.23006856139 1.40922963981 9.95433005044 0.00692802392802 0.00015638
pedestrian -1 -1 -10 477.25 87.257 531.608 226.617 1.53399315774 1.18600002025 0.336998866162 -2.25528926176 0.554522180794 16.5865928745 0.00692802392802 0.00015004
pedestrian -1 -1 -10 1067.8 85.6 1103.39 209.19 1.82199185789 0.67200042961 1.18999558874 7.82396561034 0.926527181777 11.5149043305 0.00692802392802 0.00013354
pedestrian -1 -1 -10 297.38 216.13 311.596 270.857 1.01899544448 0.635999248563 0.542997705436 -4.63073772391 1.35106675307 11.3521467235 0.00692802392802 6.524e-05
pedestrian -1 -1 -10 367.04 206.81 399.724 278.972 0.998995523155 1.19299903131 0.829996807033 -3.47235748303 1.3617319493 10.6006267643 0.00692802392802 4.3123e-05
pedestrian -1 -1 -10 891.18 207.24 932.974 273.746 0.922995887697 0.913998938098 0.651997263713 4.2402063635 1.3770891609 10.052743248 0.00692802392802 3.2735e-05
pedestrian -1 -1 -10 294.62 193.86 325.327 282.695 0.224998994172 0.134000687389 0.229999155417 -7.69693104396 1.50312964104 18.6932091239 0.00692802392802 2.5754e-06
pedestrian -1 -1 -10 283.2 171.63 320.933 287.55 1.95799128711 0.223999825312 1.19299536004 -6.52878493339 1.00063153372 15.4294434178 0.00692802392802 6.002e-07
