pedestrian -1 -1 -10 73.907 260.23 85.602 294.379 2.04877503765 1.19786872174 0.648000041965 -7.39727644398 1.47002337489 9.77957832358 0.00753464155925 0.01804
pedestrian -1 -1 -10 78.295 259.15 90.069 295.368 2.04877503765 1.19586908577 0.659000195 -7.39132449887 1.470907519 9.83952860942 0.00753464155925 0.0099665
pedestrian -1 -1 -10 244.16 167.63 266.606 234.668 2.31374592853 1.06388357595 0.401999827352 -7.02022922039 1.58974838336 14.4375695956 0.00753464155925 0.0082549
pedestrian -1 -1 -10 384.16 180.0 396.794 225.293 2.0157786088 0.647929733233 0.374999885208 -7.33677646337 1.61007614258 25.1819300496 0.00753464155925 0.0036662
pedestrian -1 -1 -10 20.686 237.45 64.203 304.376 2.10176925158 1.19686938054 0.679999620182 -7.41789715377 1.46398299582 9.16863123485 0.00753464155925 0.002111
pedestrian -1 -1 -10 389.51 182.75 402.159 224.155 2.0157786088 0.647929733233 0.374999885208 -7.33677646337 1.61007614258 25.1819300496 0.00753464155925 0.0014605
pedestrian -1 -1 -10 372.78 176.53 390.094 227.89 2.45273072564 1.17987104443 0.650999823609 -7.35608569367 1.58135779404 22.7724030292 0.00753464155925 0.0011308
pedestrian -1 -1 -10 367.05 171.25 397.344 234.608 2.45273072564 1.17987104443 0.650999823609 -7.35608569367 1.58135779404 22.7724030292 0.00753464155925 0.00023748
pedestrian -1 -1 -10 245.26 167.63 280.899 245.881 2.31374592853 1.1688725698 0.401999827352 -7.01893718518 1.59228700645 14.6090456706 0.00753464155925 0.00022399
pedestrian -1 -1 -10 126.56 219.06 147.479 281.631 2.16476223887 1.169871911 0.646999637913 -7.36825934171 1.49080878854 10.9150673763 0.00753464155925 0.00021593
pedestrian -1 -1 -10 208.06 88.666 236.893 193.096 1.5798265481 1.14787448496 0.986999448005 -3.94932758798 1.01051646897 7.32259464556 0.00753464155925 6.1189e-05
