pedestrian -1 -1 -10 542.7 154.17 593.245 295.27 1.77099210173 0.436999978513 0.653997543377 -0.496161552055 1.40850354555 9.74159225407 0.00692802392802 0.99711
pedestrian -1 -1 -10 842.23 218.67 857.0 259.848 0.553997519612 0.28699950796 0.613998014846 4.89918106106 1.2808642673 13.906875655 0.00692802392802 0.22035
pedestrian -1 -1 -10 535.53 165.95 575.396 283.48 1.77099210173 0.436999978513 0.653997543377 -0.496161552055 1.40850354555 9.74159225407 0.00692802392802 0.066269
pedestrian -1 -1 -10 845.34 217.97 864.886 261.679 1.16899475008 1.06999992338 0.6459974827 4.27488057808 1.38767507104 11.2044006572 0.00692802392802 0.026142
pedestrian -1 -1 -10 663.72 218.93 678.451 262.756 2.06399075985 0.328999296393 1.18699551942 1.38718972264 1.1698843821 14.4822137322 0.00692802392802 0.021218
pedestrian -1 -1 -10 568.69 164.37 598.31 248.276 1.77099210173 0.436999978513 0.653997543377 -0.496161552055 1.40850354555 9.74159225407 0.00692802392802 0.0091867
pedestrian -1 -1 -10 762.67 146.68 779.341 221.366 0.764996556938 0.105998921087 0.803996881776 4.06821933677 0.750893192365 17.6304850222 0.00692802392802 0.0071859
pedestrian -1 -1 -10 669.87 217.16 685.526 262.751 1.47699340135 0.756999456481 1.06499599851 1.34138337138 1.44272476286 12.9871530177 0.00692802392802 0.0054754
pedestrian -1 -1 -10 696.93 197.02 709.127 233.364 2.06899079233 0.577999676967 1.19199555548 2.08139963532 1.16401713914 14.440893543 0.00692802392802 0.0037834
pedestrian -1 -1 -10 756.92 154.06 787.938 228.347 0.764996556938 0.105998921087 0.76499699389 4.08771881231 0.750839570514 17.6303498649 0.00692802392802 0.0031395
pedestrian -1 -1 -10 833.57 156.71 848.285 214.169 2.19299025089 0.985999392845 1.17499554016 4.19540661115 1.33463818559 12.2983214552 0.00692802392802 0.0025024
pedestrian -1 -1 -10 659.67 228.65 671.35 269.635 1.47699340135 0.876999260719 1.01799612445 1.22120537659 1.44300262101 13.0339870891 0.00692802392802 0.0024799
pedestrian -1 -1 -10 687.54 201.02 716.618 257.952 2.06899079233 0.56399974749 1.18699545981 2.04894900496 1.16409836805 14.448118602 0.00692802392802 0.0020836
pedestrian -1 -1 -10 943.28 228.73 965.423 271.607 0.881996062398 0.574999419601 0.233999327316 4.42033650386 1.348568152 10.0739860699 0.00692802392802 0.0015488
pedestrian -1 -1 -10 891.47 230.6 917.63 278.558 0.944995744527 0.852999109136 0.576997736075 4.31258652208 1.39558288652 10.3207569801 0.00692802392802 0.0014234
pedestrian -1 -1 -10 934.72 226.9 958.545 270.94 0.99299556762 1.1399986171 0.316999198754 4.97576811875 1.412888962 10.2026516644 0.00692802392802 0.0011757
pedestrian -1 -1 -10 1046.0 231.29 1057.73 264.982 2.2699899286 1.01999881286 1.1969950551 7.51951050112 1.37713079478 11.72128221 0.00692802392802 0.0011067
pedestrian -1 -1 -10 689.6 209.5 703.37 259.529 2.05999082923 0.705999849623 1.19399540301 1.91997311352 1.16453429378 14.3780160539 0.00692802392802 0.00078521
pedestrian -1 -1 -10 836.11 205.05 862.916 263.375 0.553997519612 0.28699950796 0.613998014846 4.89918106106 1.2808642673 13.906875655 0.00692802392802 0.0007197
pedestrian -1 -1 -10 883.56 230.2 908.124 278.677 0.901995953918 0.702999592257 0.58199783174 4.24615168771 1.35307562794 10.0501862227 0.00692802392802 0.00067948
pedestrian -1 -1 -10 671.77 207.2 702.111 265.188 2.05899078697 0.705999849623 1.19299547924 1.71247751708 1.16410484246 14.3794536936 0.00692802392802 0.00065817
pedestrian -1 -1 -10 677.93 216.13 692.055 261.701 1.47699340135 0.862999331241 0.947996454062 1.40024892029 1.44250225946 13.0397462114 0.00692802392802 0.00049386
pedestrian -1 -1 -10 702.31 158.7 732.324 209.032 0.755996593833 0.101999213714 1.19699553193 2.93556807648 0.741034176514 17.6153256199 0.00692802392802 0.00044725
pedestrian -1 -1 -10 883.96 216.48 896.518 270.969 0.901995953918 0.736999012271 0.624997891525 4.26776897461 1.35299673579 10.0670365044 0.00692802392802 0.00044556
pedestrian -1 -1 -10 654.49 212.88 675.363 272.116 1.47699340135 0.876999260719 1.01799612445 1.22120537659 1.44300262101 13.0339870891 0.00692802392802 0.00041551
pedestrian -1 -1 -10 828.3 146.91 858.121 248.04 2.19299025089 0.985999392845 1.18799550279 4.24690526271 1.3344965688 12.2979645009 0.00692802392802 0.00023896
pedestrian -1 -1 -10 889.03 222.89 903.269 274.072 2.22799000144 0.927998867576 1.18999558874 4.6755243547 1.38638514754 11.3620113787 0.00692802392802 0.00022582
pedestrian -1 -1 -10 685.69 215.18 698.103 261.512 2.05899078697 0.705999849623 1.12899570908 1.86347328623 1.16368961731 14.3784070915 0.00692802392802 0.00016558
pedestrian -1 -1 -10 746.99 144.59 773.786 210.77 2.06899079233 0.409999569564 1.08399604018 3.1488748446 1.16933223809 14.2144983686 0.00692802392802 0.00016282
pedestrian -1 -1 -10 844.73 197.66 878.588 261.703 1.2049946025 1.05599999391 0.752996955027 4.32828089266 1.38753609582 11.1970094547 0.00692802392802 0.00015231
pedestrian -1 -1 -10 325.9 215.36 348.865 283.789 1.06599522531 1.15999906131 1.16799535854 -4.04136259039 1.39113233991 10.7480675329 0.00692802392802 0.00013707
pedestrian -1 -1 -10 875.11 229.55 896.266 276.671 0.944995744527 0.959999387577 0.576997736075 4.3122158748 1.39564510626 10.2672581248 0.00692802392802 0.00013517
pedestrian -1 -1 -10 712.43 145.22 742.532 207.17 0.760996626317 0.118999400558 1.18999558874 3.24912507932 0.745162250127 17.6216554569 0.00692802392802 0.0001217
pedestrian -1 -1 -10 756.77 154.28 768.282 210.977 2.18099028021 0.409999569564 0.970996548417 3.20552767171 1.28117636035 14.2141708178 0.00692802392802 0.00011832
pedestrian -1 -1 -10 347.83 214.71 369.55 276.056 1.05799521506 1.19299998499 1.02499624646 -3.72179506431 1.38440509734 10.6133473899 0.00692802392802 9.8318e-05
pedestrian -1 -1 -10 762.69 166.14 795.738 242.384 0.762996576726 0.0799998694919 0.625997576874 4.15730966949 0.750633338767 17.6428685085 0.00692802392802 8.6972e-05
pedestrian -1 -1 -10 879.29 208.06 903.014 271.455 0.901995953918 0.736999012271 0.624997891525 4.26776897461 1.35299673579 10.0670365044 0.00692802392802 6.6189e-05
pedestrian -1 -1 -10 870.18 206.59 894.875 269.973 0.944995744527 0.952999422838 0.64399739675 4.27807601435 1.39584480117 10.1749928673 0.00692802392802 4.6947e-05
pedestrian -1 -1 -10 338.21 215.85 361.553 281.164 1.06699523777 1.15899865763 1.18499549307 -3.80695580355 1.39350321106 10.7329456369 0.00692802392802 4.3974e-06
pedestrian -1 -1 -10 1099.7 130.73 1134.48 261.24 2.34298943728 1.18799892026 1.19099598934 8.31903564086 1.43934951936 11.350763649 0.00692802392802 2.1009e-06
pedestrian -1 -1 -10 539.87 159.37 569.201 225.703 1.77099210173 0.436999978513 0.653997543377 -0.496161552055 1.40850354555 9.74159225407 0.00692802392802 1.7557e-06
pedestrian -1 -1 -10 346.51 204.1 382.689 279.965 0.978995631635 0.690999516466 0.610997766713 -3.52795288192 1.39324993587 10.2820525842 0.00692802392802 1.7457e-06
pedestrian -1 -1 -10 325.45 205.85 375.46 284.104 0.969995608926 1.03899885339 1.07199600131 -3.74625379609 1.38465114374 10.4575643152 0.00692802392802 5.8402e-07
pedestrian -1 -1 -10 319.32 212.32 339.755 277.968 0.222999028861 0.0589999752758 0.147999207746 -7.62685479629 1.50392486449 18.7032259273 0.00692802392802 4.8885e-07
