pedestrian -1 -1 -10 365.38 187.39 396.637 277.175 1.60382391703 0.922899227486 0.792000051291 -4.38490951675 1.87907826296 13.2115092072 0.00753464155925 0.97977
pedestrian -1 -1 -10 349.25 184.24 380.059 287.73 1.60382391703 1.17687111368 0.740999948647 -4.36128608662 1.87537388293 12.9623520978 0.00753464155925 0.2351
pedestrian -1 -1 -10 332.74 191.99 394.955 274.115 1.34585222709 0.990891618364 0.709999820807 -4.34656664087 1.61601427716 12.8711585445 0.00753464155925 0.02616
pedestrian -1 -1 -10 649.77 175.68 662.449 218.324 1.51283393228 0.48594682314 0.454999903634 1.8619540085 1.47224577034 29.2205043651 0.00753464155925 0.012906
pedestrian -1 -1 -10 370.46 187.52 385.325 266.907 1.60382391703 0.901901619431 0.792000051291 -4.38483041277 1.87923368843 13.2220077133 0.00753464155925 0.0019006
pedestrian -1 -1 -10 335.91 184.73 378.902 326.62 1.49983536302 1.08988075072 0.740999948647 -4.36164586742 1.77074142138 12.9196281434 0.00753464155925 0.00088451
pedestrian -1 -1 -10 649.8 156.53 674.657 222.551 2.12376685094 0.850906611096 0.647999684337 1.93430549104 1.3354663208 20.8698533092 0.00753464155925 0.00060461
pedestrian -1 -1 -10 657.18 166.82 681.216 230.114 2.12476672828 1.13787582832 0.80099975385 2.00972195737 1.33328646093 20.7258046068 0.00753464155925 0.00019754
pedestrian -1 -1 -10 0.0 152.68 25.792 214.044 2.02577750135 1.16287270831 1.1779996127 -7.5330317844 1.38585317709 9.1550905005 0.00753464155925 3.7439e-05
pedestrian -1 -1 -10 1110.0 250.08 1139.23 313.434 0.907900307417 1.169871911 0.192999780703 6.13124823925 1.26383819754 8.50008957664 0.00753464155925 1.6047e-05
pedestrian -1 -1 -10 667.51 159.12 696.431 242.644 2.12476672828 1.09388002267 1.15499949862 2.18582031538 1.33139611746 20.6054907819 0.00753464155925 2.74e-06
