pedestrian -1 -1 -10 512.55 176.53 524.817 203.205 0.100988913059 0.134983533415 0.464000083031 -5.99108903674 0.866396420292 50.0355570372 0.00753464155925 0.15477
pedestrian -1 -1 -10 684.73 165.35 701.702 225.483 2.18276032889 1.13087471849 0.34699989664 2.08620504735 1.45002364363 16.7938875342 0.00753464155925 0.0096269
pedestrian -1 -1 -10 673.49 159.91 705.72 231.314 1.78680383837 0.537941172677 0.134000021923 1.98343954323 1.0617161579 17.3090495686 0.00753464155925 0.0028622
pedestrian -1 -1 -10 666.76 163.71 694.472 240.963 0.792912953732 0.960895171653 0.357999811257 2.33608607422 1.47741803581 22.2230619103 0.00753464155925 0.00076666
pedestrian -1 -1 -10 654.08 162.13 665.873 196.376 0.0999890208244 0.167984678717 0.525999861873 2.52076221158 0.328183425401 37.143112349 0.00753464155925 0.000737
pedestrian -1 -1 -10 650.07 163.72 662.602 198.854 0.766915785432 0.131985509812 0.651999870033 2.36462194164 1.44506689774 36.5176041274 0.00753464155925 0.00057468
pedestrian -1 -1 -10 654.1 164.14 686.759 221.148 0.412954679367 0.178979339065 0.190999926274 2.29550684996 1.54326982211 25.1119794573 0.00753464155925 0.00035928
pedestrian -1 -1 -10 657.35 160.48 673.938 201.315 0.595934615606 0.207977398146 0.0759999519399 3.94874038055 -0.653071423218 44.9626276873 0.00753464155925 0.0002264
pedestrian -1 -1 -10 678.25 166.97 692.795 232.634 0.75191750621 0.535940583135 0.338999882877 2.04947814049 1.6260065116 18.7377374614 0.00753464155925 0.00022445
pedestrian -1 -1 -10 870.32 229.45 893.989 285.302 1.08888039959 0.930897771372 0.806999913185 2.82169263765 1.56600028244 7.08919511194 0.00753464155925 0.00021457
pedestrian -1 -1 -10 653.05 164.67 670.522 209.2 0.111987668041 0.275970742593 0.0280001077771 2.34514365554 1.5261654398 30.0348108067 0.00753464155925 0.0001896
pedestrian -1 -1 -10 683.6 179.47 697.632 236.077 2.18276032889 0.84290616007 0.34699989664 2.08890966333 1.45533774071 17.1528382251 0.00753464155925 0.00015287
pedestrian -1 -1 -10 282.0 190.65 307.716 257.651 2.4487310971 1.17887074966 0.687000064359 -7.19178183666 1.69825171972 16.2880099663 0.00753464155925 0.00014857
pedestrian -1 -1 -10 673.74 162.72 688.188 231.833 0.792912953732 0.960895171653 0.357999811257 2.33608607422 1.47741803581 22.2230619103 0.00753464155925 0.00012339
pedestrian -1 -1 -10 857.78 224.05 888.62 304.328 1.09088015426 0.947896107484 0.713999768084 2.7753037382 1.56824853078 7.10402830268 0.00753464155925 8.0067e-05
pedestrian -1 -1 -10 880.38 235.99 914.28 290.216 1.0748819977 0.839908136468 0.884999719554 2.85971150147 1.55005656455 6.95952328621 0.00753464155925 6.6103e-05
pedestrian -1 -1 -10 1010.5 199.26 1032.25 254.818 1.98078248489 1.19286915503 0.273999607135 5.89589628297 1.32344534035 10.294668625 0.00753464155925 5.9808e-05
pedestrian -1 -1 -10 675.69 186.91 694.012 245.508 0.792912953732 1.02188740628 0.357999811257 2.33722743467 1.47966060938 22.3745407629 0.00753464155925 5.2102e-05
pedestrian -1 -1 -10 1002.0 212.35 1040.6 278.412 1.98078248489 1.19686842697 0.273999607135 5.89588121657 1.32341573751 10.2926690458 0.00753464155925 2.687e-05
pedestrian -1 -1 -10 873.84 228.94 905.623 300.962 1.08488089025 0.755917227464 0.822999702293 2.82903187098 1.5606997328 7.0016767486 0.00753464155925 8.4895e-06
