pedestrian -1 -1 -10 203.06 196.42 224.205 253.263 2.04277565444 1.00988959045 0.536999538071 -6.62786513397 1.36299030171 11.768596173 0.00753464155925 0.024865
pedestrian -1 -1 -10 45.061 103.3 91.062 264.51 1.93278777683 1.02688792656 0.683999805878 -6.65406068974 1.30241837661 8.4869234735 0.00753464155925 0.012475
pedestrian -1 -1 -10 62.363 245.69 84.723 291.515 1.97578303862 0.936897632856 0.695999886128 -6.659708284 1.34608412006 8.531644124 0.00753464155925 0.0067849
pedestrian -1 -1 -10 195.94 180.29 229.318 260.009 2.04277565444 1.0428859679 0.536999538071 -6.62798944073 1.36274606067 11.7520984526 0.00753464155925 0.0037686
pedestrian -1 -1 -10 1133.0 249.47 1166.95 330.497 1.07688175237 1.1888694063 1.13999951752 4.79361976264 1.6306130439 6.33418963545 0.00753464155925 0.00049041
pedestrian -1 -1 -10 1125.2 223.55 1160.43 309.531 1.07288224303 1.19286915503 1.19599925623 5.07340012976 1.63385823927 6.83507332858 0.00753464155925 0.00017537
pedestrian -1 -1 -10 1144.4 226.09 1180.13 342.5 1.07288224303 1.19786872174 1.1889992889 5.07519362088 1.63050292645 6.60857820115 0.00753464155925 0.00014701
pedestrian -1 -1 -10 0.0 219.13 14.351 264.225 1.95978482246 1.19786872174 0.702999853468 -6.66524269547 1.33221980044 7.73016174172 0.00753464155925 3.55e-05
pedestrian -1 -1 -10 425.98 185.65 444.115 234.807 1.95078580725 0.639930235778 0.516999801686 -3.34092275004 1.2771493156 14.1447509299 0.00753464155925 3.0906e-05
pedestrian -1 -1 -10 1115.7 200.34 1152.26 307.84 0.853906305544 1.19286915503 1.1869999113 5.58607287385 1.55163785332 7.65092008476 0.00753464155925 8.7118e-06
pedestrian -1 -1 -10 1117.7 244.21 1153.99 337.678 1.07288224303 1.19786872174 1.19399940181 5.06200685657 1.63505857855 6.91565263759 0.00753464155925 6.2931e-06
pedestrian -1 -1 -10 1105.9 210.15 1140.49 318.9 0.853906305544 1.15387339287 1.19199954738 5.50201593791 1.55256531496 7.71004735167 0.00753464155925 6.1345e-06
pedestrian -1 -1 -10 1076.8 208.09 1107.77 312.5 0.899901139741 1.17487100093 1.18499958004 5.06411489204 1.59607288343 7.52351719551 0.00753464155925 5.3373e-06
pedestrian -1 -1 -10 1086.9 206.52 1118.71 316.23 0.853906305544 1.18986970107 1.18599998409 5.30315735795 1.55297664815 7.72954222821 0.00753464155925 1.1789e-06
pedestrian -1 -1 -10 1098.2 188.17 1135.11 294.24 0.387957388402 1.03588676522 1.08199992437 7.57184815418 1.08847142819 10.6262774553 0.00753464155925 5.4956e-07
