pedestrian -1 -1 -10 912.78 202.32 934.085 250.541 1.53483142734 1.19486974457 0.17400020995 4.50127786769 1.59450535389 10.3028636146 0.00753464155925 0.024453
pedestrian -1 -1 -10 923.08 197.27 942.313 248.035 1.58382606489 1.1958681322 0.17400020995 4.49885401384 1.57479242126 9.98499239994 0.00753464155925 0.018109
pedestrian -1 -1 -10 1003.3 210.25 1029.13 266.408 1.81380080951 1.1938694498 0.200999675257 4.46047126435 1.52077050215 7.89049423442 0.00753464155925 0.013253
pedestrian -1 -1 -10 908.55 195.04 944.484 268.092 1.59482484222 1.19286915503 0.17400020995 4.50049092586 1.59299549637 10.201321673 0.00753464155925 0.0053726
pedestrian -1 -1 -10 1003.0 203.81 1017.76 252.543 1.81380080951 1.19186933704 0.199999748043 4.46207867487 1.52294610532 8.03747027218 0.00753464155925 0.0053548
pedestrian -1 -1 -10 928.65 200.74 947.351 253.954 1.57782670589 1.18586995234 0.17400020995 4.49781127394 1.56475053955 9.84708546003 0.00753464155925 0.0047822
pedestrian -1 -1 -10 1042.0 157.04 1064.02 202.193 1.87879368556 1.19686890375 0.196999966399 4.4461087205 1.47732272874 7.18512947083 0.00753464155925 0.0042602
pedestrian -1 -1 -10 1173.1 212.51 1195.15 275.097 2.02377780628 1.19686890375 0.538999869338 4.60885070355 1.47218364089 5.56282851037 0.00753464155925 0.0036449
pedestrian -1 -1 -10 1008.1 212.92 1040.74 288.769 1.80880136323 1.19286915503 0.200999675257 4.45983312264 1.51452024787 7.80604307194 0.00753464155925 0.0032432
pedestrian -1 -1 -10 996.7 212.93 1019.02 267.216 1.81380080951 1.19786872174 0.199999748043 4.46251563094 1.52380464753 8.09546212186 0.00753464155925 0.0013543
pedestrian -1 -1 -10 935.45 217.52 954.537 273.497 1.58182626738 1.19286915503 0.17400020995 4.49632966119 1.56184185279 9.65064235288 0.00753464155925 0.0011198
pedestrian -1 -1 -10 1111.2 184.83 1146.29 272.191 2.01777842307 1.19886853972 0.196999966399 4.43860793997 1.47565204234 6.19510260561 0.00753464155925 0.0010829
pedestrian -1 -1 -10 1167.8 213.16 1206.79 309.073 2.01877836001 1.19686890375 0.432000027977 4.55553909998 1.46759321016 5.58826469872 0.00753464155925 0.00082519
pedestrian -1 -1 -10 1010.6 254.9 1032.77 298.126 1.80680160856 1.19286963181 0.200999675257 4.4609776367 1.51477047453 7.95803710348 0.00753464155925 0.00063501
pedestrian -1 -1 -10 861.87 221.9 883.781 264.772 1.38884744418 1.18687024711 0.163000056915 4.51098833051 1.68522604968 12.3086437277 0.00753464155925 0.00047086
pedestrian -1 -1 -10 776.38 194.28 789.089 247.443 1.69181426978 0.869905536749 0.43199955114 4.65964833826 1.87175083403 19.1044428492 0.00753464155925 0.00031156
pedestrian -1 -1 -10 1021.6 252.62 1043.12 304.489 1.86779488588 1.19386897301 0.200999675257 4.45911806169 1.51315101793 7.71399268136 0.00753464155925 0.00031113
pedestrian -1 -1 -10 999.81 233.22 1033.61 300.11 1.81380080951 1.19286915503 0.200999675257 4.46089692063 1.52160684223 7.94698639969 0.00753464155925 0.00028767
pedestrian -1 -1 -10 865.41 176.19 879.496 207.165 0.271970149933 0.0629928241641 0.568000142748 4.92395464893 0.420446903477 14.1652442637 0.00753464155925 0.00016593
pedestrian -1 -1 -10 939.32 208.0 970.398 277.699 1.66581706423 1.19486974457 0.19300025754 4.48460155289 1.56551077443 9.35825747654 0.00753464155925 0.0001028
pedestrian -1 -1 -10 949.62 205.5 988.946 281.877 1.7098121959 1.18987017785 0.19300025754 4.48188925782 1.53923596239 9.00244322289 0.00753464155925 9.9126e-05
pedestrian -1 -1 -10 1028.6 153.96 1057.57 240.505 1.87379426908 1.1938694498 0.193999707918 4.45317155945 1.51434213931 7.38901936955 0.00753464155925 2.2034e-05
pedestrian -1 -1 -10 130.13 199.54 181.949 313.53 0.469948402643 0.206977103375 0.812000026095 -3.64701390735 0.808859183658 5.93339597597 0.00753464155925 4.7765e-08
