pedestrian -1 -1 -10 893.91 205.77 921.462 266.999 1.76280643964 1.18687024711 0.32799996826 3.7286654295 1.52543232865 8.64716556822 0.00753464155925 0.0011196
pedestrian -1 -1 -10 898.05 223.66 930.443 301.103 1.76680594898 1.19886901651 0.32799996826 3.72786055294 1.52784797339 8.54015083736 0.00753464155925 0.00080481
pedestrian -1 -1 -10 900.61 207.49 936.672 278.293 1.77180539525 1.194868791 0.32799996826 3.72647588167 1.53012375415 8.35613870472 0.00753464155925 0.0005266
pedestrian -1 -1 -10 905.35 219.94 922.011 273.774 1.76780588591 1.19586908577 0.32799996826 3.72764614533 1.5284260311 8.51164680723 0.00753464155925 0.00051606
pedestrian -1 -1 -10 876.18 248.8 907.914 303.528 2.14676426804 1.19686938054 0.420999874941 3.77140051607 1.53396013823 9.22763929925 0.00753464155925 0.00047095
pedestrian -1 -1 -10 893.57 195.73 912.021 248.826 1.76780588591 1.19086951905 0.32799996826 3.73025658733 1.53355509283 8.85809893607 0.00753464155925 0.00043697
pedestrian -1 -1 -10 935.71 254.29 971.678 326.939 1.76980562568 1.19686890375 0.246999903409 3.67886476589 1.51314970867 7.54562239737 0.00753464155925 0.00023013
pedestrian -1 -1 -10 913.98 226.5 932.587 276.93 1.76680594898 1.19586908577 0.32799996826 3.72625962783 1.52470243572 8.32767957432 0.00753464155925 8.3642e-05
pedestrian -1 -1 -10 839.54 142.91 871.191 235.356 2.39773669744 1.17587177248 0.922999576315 4.27254852043 1.74692340241 12.8255652494 0.00753464155925 5.7856e-05
pedestrian -1 -1 -10 999.3 235.41 1023.91 289.493 1.80980125547 1.19586908577 0.28499976017 3.64827025632 1.49929798152 6.40669691158 0.00753464155925 5.6793e-05
pedestrian -1 -1 -10 853.86 123.5 892.749 215.632 2.00377996159 1.16187241354 0.671999725628 3.88933769082 1.38472454104 9.82448385047 0.00753464155925 2.3473e-05
pedestrian -1 -1 -10 1155.0 217.68 1190.61 336.04 2.0097792852 1.19786896013 0.848999717223 3.37502113674 1.48567326485 4.12612258829 0.00753464155925 1.4927e-05
pedestrian -1 -1 -10 854.27 170.87 896.355 263.523 2.17476125061 1.18786958831 0.63699988893 3.87107166091 1.55710473585 9.71432035278 0.00753464155925 1.1493e-05
pedestrian -1 -1 -10 807.4 173.37 836.179 239.838 2.39773669744 1.19386849623 0.952999538521 3.95641640415 1.74884168325 12.9419344112 0.00753464155925 5.7058e-06
pedestrian -1 -1 -10 841.54 168.42 881.182 262.096 0.866904785397 0.703922401143 0.28499976017 4.93679018058 1.08557939107 14.1742065828 0.00753464155925 5.5637e-06
pedestrian -1 -1 -10 4.2232 162.95 40.9192 273.32 1.85779599333 1.19786872174 0.669999871199 -6.09751787642 1.60398682611 7.19503312389 0.00753464155925 4.129e-06
pedestrian -1 -1 -10 18.027 154.06 53.705 270.66 1.85779599333 1.19286915503 0.653999605253 -6.08842934182 1.60611996507 7.33945325791 0.00753464155925 7.7767e-07
