pedestrian -1 -1 -10 966.82 143.28 1038.21 305.62 1.8009918943 0.601999351712 0.421998346714 4.42841394636 1.42616164624 7.78392945982 0.00692802392802 0.87682
pedestrian -1 -1 -10 1003.9 226.45 1022.36 277.574 1.8009918943 0.601999351712 0.421998346714 4.42841394636 1.42616164624 7.78392945982 0.00692802392802 0.01085
pedestrian -1 -1 -10 367.08 209.85 391.929 273.871 1.01999545693 1.15299909657 0.717997477458 -3.5239243215 1.38497326878 10.5139972817 0.00692802392802 0.0079393
pedestrian -1 -1 -10 838.9 179.84 870.687 264.971 0.689996919036 0.0810012268455 0.550997572399 6.4074161545 0.783370103339 17.6938622937 0.00692802392802 0.0066442
pedestrian -1 -1 -10 968.76 219.81 997.279 305.591 1.8009918943 0.598999094346 0.421998346714 4.42842433921 1.42615990162 7.7854295525 0.00692802392802 0.0065526
pedestrian -1 -1 -10 842.1 205.94 856.843 263.419 0.552997596562 0.312000063223 0.612997614245 4.87476014033 1.27991834079 13.9185444932 0.00692802392802 0.0061189
pedestrian -1 -1 -10 767.15 165.58 779.608 225.218 0.762996576726 0.0830001268581 0.695997485682 4.08729160576 0.74982875142 17.6408530253 0.00692802392802 0.0045433
pedestrian -1 -1 -10 990.73 218.91 1027.62 281.997 1.8009918943 0.601999351712 0.421998346714 4.42841394636 1.42616164624 7.78392945982 0.00692802392802 0.0026061
pedestrian -1 -1 -10 763.3 157.71 793.146 244.518 0.762996576726 0.0830001268581 0.62199788181 4.12429051893 0.749727007648 17.6405965735 0.00692802392802 0.0024565
pedestrian -1 -1 -10 762.59 167.77 774.025 214.715 2.39698933512 0.652999435406 0.990996215825 3.24464124504 1.49793425344 14.3315295252 0.00692802392802 0.0019287
pedestrian -1 -1 -10 701.16 166.51 715.138 227.345 2.06099075228 0.624999576452 1.19099539329 2.17485888453 1.16476867503 14.432751214 0.00692802392802 0.0013514
pedestrian -1 -1 -10 360.29 203.19 379.446 276.01 0.29399869144 0.284000204268 0.45599861577 -4.20733331914 1.2752441433 13.6756043331 0.00692802392802 0.0012322
pedestrian -1 -1 -10 998.8 150.81 1039.16 289.83 1.8009918943 0.601999351712 0.421998346714 4.42841394636 1.42616164624 7.78392945982 0.00692802392802 0.0010998
pedestrian -1 -1 -10 976.05 148.33 1053.84 248.011 1.8009918943 0.601999351712 0.421998346714 4.42841394636 1.42616164624 7.78392945982 0.00692802392802 0.00093334
pedestrian -1 -1 -10 836.53 209.84 850.783 259.047 0.552997596562 0.312000063223 0.612997614245 4.87476014033 1.27991834079 13.9185444932 0.00692802392802 0.00085816
pedestrian -1 -1 -10 1107.9 97.705 1141.96 216.665 1.98699114174 0.760999163853 1.1979954557 8.50462546771 1.07857582129 11.5797711974 0.00692802392802 0.00077402
pedestrian -1 -1 -10 347.98 199.89 385.061 277.609 1.89599152803 0.260999502692 1.1939952838 -5.06368273105 0.959824041384 15.2257767687 0.00692802392802 0.00077264
pedestrian -1 -1 -10 883.34 230.6 905.506 276.614 0.949995777011 0.89100014387 0.61999779586 4.23913355275 1.4031098435 10.0372647913 0.00692802392802 0.00065659
pedestrian -1 -1 -10 757.59 165.06 768.921 214.46 2.30798974633 0.652999435406 1.07399584884 3.20301970202 1.40904878277 14.3317662638 0.00692802392802 0.0003235
pedestrian -1 -1 -10 663.99 231.91 674.486 263.662 1.4849933669 0.878999114405 1.11299585594 1.28938768914 1.43786312991 12.9915027534 0.00692802392802 0.00026513
pedestrian -1 -1 -10 751.71 162.49 763.244 215.021 0.764996571839 0.0960006063292 1.10899604167 3.88074949676 0.750404152383 17.6357830787 0.00692802392802 0.0002222
pedestrian -1 -1 -10 349.07 211.09 367.23 274.644 1.0229954645 1.16999928341 1.05199609549 -3.6909674465 1.38844122191 10.5076560342 0.00692802392802 0.00019479
pedestrian -1 -1 -10 975.84 169.91 1013.59 306.83 1.8009918943 0.601999351712 0.421998346714 4.42841394636 1.42616164624 7.78392945982 0.00692802392802 0.00018053
pedestrian -1 -1 -10 963.09 150.1 1002.05 299.73 2.27598982453 1.05299878287 1.19699553193 6.24798902652 1.40589450658 11.4966156812 0.00692802392802 9.0924e-05
pedestrian -1 -1 -10 879.25 202.98 902.1 270.628 0.918995897472 0.855999366502 0.61999779586 4.23896956423 1.37213031661 10.0197470921 0.00692802392802 5.098e-05
pedestrian -1 -1 -10 319.51 194.47 359.863 282.625 1.05599533915 1.01699950917 1.18699557902 -4.11415677732 1.3770471619 10.9980677255 0.00692802392802 4.5296e-05
pedestrian -1 -1 -10 1008.0 128.61 1074.02 290.24 2.26098984629 0.747998684382 1.19399576064 7.13744069364 1.37927979607 11.6379348866 0.00692802392802 3.9163e-05
pedestrian -1 -1 -10 1008.9 220.68 1031.73 278.661 1.8009918943 0.601999351712 0.421998346714 4.42841394636 1.42616164624 7.78392945982 0.00692802392802 1.6354e-05
pedestrian -1 -1 -10 361.92 189.92 377.287 253.003 1.01999545693 1.12599868762 0.870997019287 -3.60051578381 1.3851993319 10.5010276339 0.00692802392802 1.2167e-05
pedestrian -1 -1 -10 329.14 216.72 368.559 281.743 0.978995631635 0.887999886503 1.08199619264 -3.70688330396 1.38864644996 10.3667888532 0.00692802392802 1.0636e-05
pedestrian -1 -1 -10 917.98 220.1 949.174 273.542 2.24798989296 1.09899923234 1.1919959131 5.59392360748 1.39529502618 11.849159726 0.00692802392802 1.028e-05
pedestrian -1 -1 -10 329.68 174.62 374.748 275.94 1.91799144447 0.530999777482 1.19699553193 -5.36802988524 0.979475682124 15.3898990886 0.00692802392802 3.8732e-07
pedestrian -1 -1 -10 484.39 94.17 541.211 212.06 0.850996167958 1.10200044338 0.297998978276 -2.15164242599 -0.141278333632 17.0364740798 0.00692802392802 1.1089e-07
pedestrian -1 -1 -10 285.14 182.6 310.912 279.135 1.86999162138 0.355999705341 1.18999558874 -6.65698536578 0.910914314165 15.4912798134 0.00692802392802 3.3481e-08
