pedestrian -1 -1 -10 405.64 142.7 454.321 314.86 1.89399153292 0.557999232757 0.422998389689 -2.16162891183 1.42955009182 8.47055235518 0.00692802392802 0.98054
pedestrian -1 -1 -10 841.41 215.49 855.706 259.061 0.551997554302 0.273999028489 0.566997783161 4.87466845933 1.27893341796 13.9055442323 0.00692802392802 0.022316
pedestrian -1 -1 -10 393.72 163.12 440.194 308.19 1.89399153292 0.557999232757 0.422998389689 -2.16162891183 1.42955009182 8.47055235518 0.00692802392802 0.016751
pedestrian -1 -1 -10 842.03 156.73 856.226 218.385 0.688996936381 0.0839995768644 0.609997366112 6.37789409738 0.783455293943 17.690567436 0.00692802392802 0.0061589
pedestrian -1 -1 -10 756.44 156.15 785.628 217.126 0.764996556938 0.085998476877 0.806996891492 4.06678864917 0.750885687062 17.6404954011 0.00692802392802 0.0029753
pedestrian -1 -1 -10 667.09 219.42 680.327 261.801 2.06799080968 0.522999409064 1.19199555548 1.44457596489 1.16874378851 14.4668117865 0.00692802392802 0.0023712
pedestrian -1 -1 -10 671.37 216.92 684.735 262.524 2.05999082923 0.571999162235 1.1979953961 1.54311521261 1.16554888527 14.3996286787 0.00692802392802 0.0018079
pedestrian -1 -1 -10 692.84 180.48 716.757 251.692 2.06099075228 0.539999595907 1.19699541273 2.06271305488 1.16510166088 14.4120279217 0.00692802392802 0.0017691
pedestrian -1 -1 -10 704.9 165.66 717.449 213.349 1.00399546623 0.497998853801 1.04399599011 2.84187163384 0.9880502713 17.82712348 0.00692802392802 0.0014871
pedestrian -1 -1 -10 756.94 155.54 769.176 204.088 2.06799080968 0.495000503783 0.991996378009 3.19306543178 1.16917926337 14.2416934449 0.00692802392802 0.0014782
pedestrian -1 -1 -10 896.93 228.6 921.557 278.133 1.17499470562 1.16199891499 0.616997547727 4.26713458761 1.39356345976 10.4464386049 0.00692802392802 0.001463
pedestrian -1 -1 -10 940.95 227.93 971.416 274.015 0.888996000588 0.613000454334 0.216999192788 4.43702589042 1.35049018112 10.101869654 0.00692802392802 0.0012116
pedestrian -1 -1 -10 846.3 216.76 876.808 264.293 0.551997554302 0.273999028489 0.566997783161 4.87466845933 1.27893341796 13.9055442323 0.00692802392802 0.0010051
pedestrian -1 -1 -10 698.61 184.38 712.416 238.115 2.06099075228 0.539999595907 1.18699557902 2.11171177826 1.16496691868 14.4116882952 0.00692802392802 0.0008646
pedestrian -1 -1 -10 707.08 167.58 723.538 207.665 1.00599555075 0.5069996259 1.14399575765 2.89190425307 0.989907629947 17.8312783444 0.00692802392802 0.00082971
pedestrian -1 -1 -10 905.74 233.8 927.566 276.305 0.927995860577 0.81399957807 0.60799751858 4.24085860726 1.37914452501 10.0027372645 0.00692802392802 0.00081318
pedestrian -1 -1 -10 408.91 207.51 449.701 300.272 1.89399153292 0.557999232757 0.422998389689 -2.16162891183 1.42955009182 8.47055235518 0.00692802392802 0.00073639
pedestrian -1 -1 -10 752.44 160.56 763.859 203.191 1.01599543691 0.523999812744 1.12599593778 3.92706309577 1.0010340966 17.8476138177 0.00692802392802 0.00067202
pedestrian -1 -1 -10 325.9 214.81 349.704 280.886 0.964995755255 0.625999980132 1.00299649311 -3.7087272772 1.38187350482 10.1727973384 0.00692802392802 0.00058298
pedestrian -1 -1 -10 850.56 220.33 866.116 264.19 0.551997554302 0.273999028489 0.566997783161 4.87466845933 1.27893341796 13.9055442323 0.00692802392802 0.00057323
pedestrian -1 -1 -10 756.55 172.92 787.883 239.55 0.763996559382 0.085998476877 0.781997128418 4.07928960936 0.750851314308 17.6404093343 0.00692802392802 0.00054201
pedestrian -1 -1 -10 678.23 216.98 691.366 261.828 1.46999346316 1.1819993592 0.929996514977 1.38540483467 1.43568095895 12.9193416527 0.00692802392802 0.00049143
pedestrian -1 -1 -10 712.93 165.82 728.091 206.365 1.00599547625 0.5069996259 1.19499544598 2.98240449423 0.990658692841 17.83065222 0.00692802392802 0.00045969
pedestrian -1 -1 -10 683.91 218.22 697.698 260.246 2.05999082923 0.571999162235 1.10899580325 1.84360687148 1.16472255952 14.3975458707 0.00692802392802 0.00029605
pedestrian -1 -1 -10 838.97 204.95 867.018 257.412 0.551997554302 0.273999028489 0.566997783161 4.87466845933 1.27893341796 13.9055442323 0.00692802392802 0.00021386
pedestrian -1 -1 -10 744.84 144.71 774.596 204.093 2.06799080968 0.532999631169 1.08299587799 3.14769840311 1.16928228453 14.261007919 0.00692802392802 0.0002124
pedestrian -1 -1 -10 398.18 217.61 429.158 317.71 1.89399153292 0.557999232757 0.422998389689 -2.16162891183 1.42955009182 8.47055235518 0.00692802392802 0.00020923
pedestrian -1 -1 -10 347.35 214.95 370.301 277.098 1.05599533915 1.19199958131 1.01499629355 -3.70595006304 1.38138621609 10.5917346244 0.00692802392802 0.00016954
pedestrian -1 -1 -10 657.22 213.48 677.299 271.182 2.25898994058 1.15799920762 1.05299601925 1.24034275975 1.44115810515 12.8488923756 0.00692802392802 0.00014688
pedestrian -1 -1 -10 525.48 192.62 563.046 258.336 1.61999273151 0.95699913021 0.848996789093 -1.23357619563 1.42893316118 12.8928907394 0.00692802392802 0.00014203
pedestrian -1 -1 -10 884.72 218.26 914.256 276.563 1.17499470562 1.19699873869 0.706997600779 4.31087370675 1.39299075622 10.84164485 0.00692802392802 0.00010581
pedestrian -1 -1 -10 397.54 142.88 439.152 244.89 1.89399153292 0.557999232757 0.422998389689 -2.16162891183 1.42955009182 8.47055235518 0.00692802392802 0.00010187
pedestrian -1 -1 -10 1176.6 93.456 1194.4 152.484 1.48999332488 1.05299973654 0.685997294352 10.2817320723 0.526197174689 11.9971161851 0.00692802392802 9.4791e-05
pedestrian -1 -1 -10 253.82 201.75 282.798 266.659 2.07399070561 1.15399950025 1.16399566348 -6.45293298669 1.27144231739 13.6641215137 0.00692802392802 4.389e-05
pedestrian -1 -1 -10 338.47 216.97 361.962 279.974 0.966995720565 1.04999947917 1.09099574496 -3.74526023953 1.3817314465 10.3850542396 0.00692802392802 2.3607e-05
pedestrian -1 -1 -10 419.29 158.25 458.832 279.46 1.89399153292 0.557999232757 0.422998389689 -2.16162891183 1.42955009182 8.47055235518 0.00692802392802 2.3485e-05
pedestrian -1 -1 -10 317.3 211.76 342.397 275.27 0.221998986602 0.12299910793 0.0909997384008 -6.89669794814 1.46411822744 18.52211665 0.00692802392802 5.4855e-06
pedestrian -1 -1 -10 356.36 200.06 383.561 279.154 0.966995720565 0.838999179659 0.647997568649 -3.53049701057 1.38126155136 10.27806296 0.00692802392802 4.4123e-06
pedestrian -1 -1 -10 374.65 162.8 422.885 287.92 1.97999114394 0.496999403795 1.18999558874 -4.32081350551 1.05282354701 15.1836887679 0.00692802392802 2.9049e-06
pedestrian -1 -1 -10 322.37 204.99 365.988 285.463 0.966995720565 0.83199921492 1.00299649311 -3.70801645689 1.38175371804 10.2757933401 0.00692802392802 5.6623e-07
