pedestrian -1 -1 -10 578.33 165.51 592.234 202.635 0.0999890208244 0.0259943140587 0.37299979236 -1.80359617082 1.06216821261 58.904828025 0.00753464155925 0.1114
pedestrian -1 -1 -10 316.11 182.19 374.731 259.944 0.702922801615 0.311965143649 0.75799966497 -5.77955810016 0.906936891263 15.4405462245 0.00753464155925 0.10069
pedestrian -1 -1 -10 326.5 180.69 350.191 254.342 0.702922801615 0.334963341244 0.894999706956 -5.84814282309 0.906816530368 15.429562832 0.00753464155925 0.015323
pedestrian -1 -1 -10 337.21 180.74 393.577 263.238 2.74369866563 1.17987104443 0.64200000184 -7.64204290004 1.87543782381 22.6983462371 0.00753464155925 0.0035055
pedestrian -1 -1 -10 328.79 182.79 363.854 240.928 0.702922801615 0.311965143649 0.75799966497 -5.77955810016 0.906936891263 15.4405462245 0.00753464155925 0.0015969
pedestrian -1 -1 -10 66.4 168.17 123.817 309.79 2.5757171874 1.19686842697 0.653999605253 -7.508546461 1.90118797755 10.2595006834 0.00753464155925 0.0012331
pedestrian -1 -1 -10 101.11 175.34 135.108 272.284 2.55871903432 1.19686842697 0.826999411152 -7.45630886028 1.87952744857 10.7573707944 0.00753464155925 0.00051289
pedestrian -1 -1 -10 683.85 174.91 703.022 219.666 1.1698714918 0.5719378449 0.82699964957 3.27152926312 1.62118401805 28.5960556218 0.00753464155925 0.00039048
pedestrian -1 -1 -10 82.113 200.3 116.078 317.68 2.57771700167 1.19686938054 0.653999605253 -7.50839640285 1.90148402708 10.2795127136 0.00753464155925 0.00016313
pedestrian -1 -1 -10 697.79 173.37 714.359 224.057 0.0999890208244 0.0 0.0 5.68671656696 1.65428385786 40.8511442082 0.0 0.0001297
pedestrian -1 -1 -10 313.75 183.68 339.534 232.285 1.87379423928 1.18786958831 0.510000072765 -7.52989774723 1.06012463084 18.8996080638 0.00753464155925 0.00010513
pedestrian -1 -1 -10 336.92 229.4 356.161 275.53 1.37684876717 1.10987806401 0.688999441951 -3.70094023887 1.86934182267 9.40679553207 0.00753464155925 3.1882e-05
pedestrian -1 -1 -10 975.39 206.99 1001.71 235.643 1.54083084035 1.19386897301 0.870999784875 2.43406888745 1.63685196121 4.36453562201 0.00753464155925 2.4803e-05
pedestrian -1 -1 -10 691.01 172.06 719.553 234.763 0.34696194088 0.24297341157 0.797000164201 6.32476993537 1.65269211209 46.7825073551 0.00753464155925 1.9509e-05
pedestrian -1 -1 -10 708.39 182.95 733.85 267.577 1.42784318173 0.938897268827 0.669999871199 2.30474584263 1.68405063171 13.1506874702 0.00753464155925 4.714e-06
pedestrian -1 -1 -10 692.78 177.74 705.911 236.522 0.345962003947 0.218977779913 0.576000037302 6.21436370623 1.65295018127 46.7953288058 0.00753464155925 3.2949e-06
