pedestrian -1 -1 -10 810.0 245.57 831.299 296.303 1.30885630381 1.09587965864 0.676999838538 3.32752651772 1.38649186336 12.1438666206 0.00753464155925 0.020435
pedestrian -1 -1 -10 851.87 254.07 871.354 308.874 1.50583467173 1.19686842697 0.675999911324 3.3160561581 1.59416820574 8.94739582371 0.00753464155925 0.0044562
pedestrian -1 -1 -10 800.03 229.0 829.425 298.619 1.43284268015 1.08288059447 0.715999860932 3.24815298459 1.5309016045 11.222617729 0.00753464155925 0.0042273
pedestrian -1 -1 -10 807.38 218.27 838.246 305.273 1.43284268015 1.19086951905 0.715999860932 3.24774615952 1.53010226443 11.1686247993 0.00753464155925 0.0037692
pedestrian -1 -1 -10 845.52 249.27 858.599 300.234 1.44784107112 1.16887161623 0.755999810541 3.4360148033 1.54587532654 9.60786908973 0.00753464155925 0.0035094
pedestrian -1 -1 -10 849.47 276.0 876.974 326.481 1.50583467173 1.18686929354 0.734999908522 3.34612788795 1.59527172 9.02316360313 0.00753464155925 0.003331
pedestrian -1 -1 -10 838.19 238.14 853.608 295.064 1.44784107112 1.12187683341 0.659999883797 3.38819324127 1.54625813206 9.63172695591 0.00753464155925 0.0027216
pedestrian -1 -1 -10 839.42 252.17 870.368 340.524 1.48783664131 1.19586908577 0.673999818476 3.31805638249 1.57814558114 9.08100325373 0.00753464155925 0.0022327
pedestrian -1 -1 -10 792.62 226.92 819.007 303.088 1.43284268015 1.08288059447 0.715999860932 3.24815298459 1.5309016045 11.222617729 0.00753464155925 0.0012322
pedestrian -1 -1 -10 1136.4 109.88 1172.02 219.5 1.40284593547 1.18587042913 1.19499980586 4.71751274976 0.837748385348 6.21339529593 0.00753464155925 0.0009543
pedestrian -1 -1 -10 839.06 242.72 864.56 311.255 1.44784107112 1.12687640012 0.755999810541 3.43617301125 1.54618617749 9.62886610176 0.00753464155925 0.00064955
pedestrian -1 -1 -10 1128.3 131.93 1163.32 240.03 1.33585331964 1.18687024711 1.12999976853 4.52151001268 0.767973887881 6.01788197354 0.00753464155925 0.00050562
pedestrian -1 -1 -10 852.82 244.11 881.434 320.192 1.47283828759 1.14987364415 0.687999753155 3.29895356054 1.59002702924 8.66680310867 0.00753464155925 0.00045209
pedestrian -1 -1 -10 1144.1 119.63 1182.48 241.01 1.13287562811 1.19086951905 0.889999594046 4.39773708298 0.570769689967 5.52616347457 0.00753464155925 0.00020377
pedestrian -1 -1 -10 824.18 253.55 854.58 337.122 1.48783664131 1.1828700216 0.524999934658 3.31910658774 1.58315731658 9.41946787472 0.00753464155925 0.00015442
pedestrian -1 -1 -10 801.19 187.24 839.025 286.31 1.43284268015 1.1208774922 0.715999860932 3.24733180844 1.52928813706 11.1136330336 0.00753464155925 0.00015098
pedestrian -1 -1 -10 1119.1 146.8 1153.28 252.11 1.86879485261 1.19286915503 1.17699968548 5.99342692664 1.24498665512 8.17397392308 0.00753464155925 9.5459e-05
pedestrian -1 -1 -10 846.25 231.67 873.424 307.502 1.50583467173 1.17887074966 0.675999911324 3.31634997801 1.59474551043 8.98639095573 0.00753464155925 6.7549e-05
pedestrian -1 -1 -10 1154.5 95.155 1192.71 210.595 1.43884199631 1.18886988308 1.14999974334 4.52949982786 0.866943810291 5.74608161624 0.00753464155925 2.3879e-05
pedestrian -1 -1 -10 1175.8 101.45 1211.16 223.21 1.81580057908 1.19086951905 1.16599953245 4.53641786061 1.24154297376 5.58425221386 0.00753464155925 1.4933e-05
pedestrian -1 -1 -10 1124.8 80.562 1161.07 193.402 1.23486439765 1.19286915503 1.18199955997 4.57447152879 0.668901034574 6.15022028354 0.00753464155925 1.087e-05
pedestrian -1 -1 -10 1177.6 169.33 1210.79 287.36 2.12276691401 1.19786919852 1.19499980586 4.71266116081 1.55163140398 5.80013590521 0.00753464155925 9.9373e-06
pedestrian -1 -1 -10 1134.6 141.07 1173.8 272.68 1.4528404876 1.17987104443 1.16999971814 5.45455282218 1.31149560301 7.1693320681 0.00753464155925 9.5339e-06
pedestrian -1 -1 -10 19.677 159.23 54.082 243.57 1.89779168271 1.1458743722 1.19899975313 -4.51422195422 1.40415977627 5.72115591259 0.00753464155925 7.2328e-06
pedestrian -1 -1 -10 1166.3 86.639 1202.6 186.157 1.47483805716 1.09587965864 0.862000201524 6.56120201242 0.853392872951 8.36010292146 0.00753464155925 5.6285e-06
pedestrian -1 -1 -10 1115.1 100.9 1152.06 206.98 1.33585331964 1.19886853972 1.1539994522 4.53482791986 0.770555586221 6.19276750465 0.00753464155925 5.4443e-06
pedestrian -1 -1 -10 1162.9 130.08 1201.6 254.65 2.0417758367 1.19586908577 1.19499932902 4.80944913112 1.47413855893 6.04098754762 0.00753464155925 4.678e-06
pedestrian -1 -1 -10 8.2305 157.66 41.9325 253.674 1.90479088366 0.900901324661 1.19699966029 -4.39442472049 1.4087098812 5.56071558353 0.00753464155925 3.2389e-06
