pedestrian -1 -1 -10 541.08 144.02 626.828 355.75 1.89799146354 0.800999098599 0.558997914336 -0.275760783556 1.50571429787 5.52900062572 0.00692802392802 0.3683
pedestrian -1 -1 -10 668.24 208.88 689.24 260.168 2.39698933512 0.731999854892 1.19299541964 1.5627375781 1.50238603607 14.4946906453 0.00692802392802 0.025416
pedestrian -1 -1 -10 902.41 230.54 918.759 274.988 0.932995773852 0.872998599672 0.376998439397 4.38451942507 1.39840002427 10.3072685414 0.00692802392802 0.024126
pedestrian -1 -1 -10 662.39 210.2 682.32 262.738 2.06399075985 0.386000371656 1.1979955153 1.41703883208 1.16974453126 14.5325079329 0.00692802392802 0.017028
pedestrian -1 -1 -10 756.16 181.16 777.995 238.372 2.38998927772 0.615999758027 1.02899594153 3.2456073604 1.49093551705 14.3280182148 0.00692802392802 0.0084548
pedestrian -1 -1 -10 1045.1 233.17 1056.8 264.413 0.218998979032 0.657999546459 0.706997123944 9.0565757185 1.55747456066 13.8430877639 0.00692802392802 0.0050503
pedestrian -1 -1 -10 699.63 162.51 712.614 206.823 2.30198973119 0.666999364884 1.19699553193 2.1415177817 1.40580648824 14.4801234841 0.00692802392802 0.0033253
pedestrian -1 -1 -10 675.73 195.44 688.152 253.977 1.80499194413 1.17799965183 0.968996402863 1.36351830093 1.43772841563 12.929301339 0.00692802392802 0.0030694
pedestrian -1 -1 -10 669.28 218.84 680.885 262.323 1.80499194413 1.19299903131 1.06699602486 1.31446770933 1.43787187959 12.9221414551 0.00692802392802 0.0028112
pedestrian -1 -1 -10 522.91 155.62 594.049 323.35 1.89799146354 0.800999098599 0.558997914336 -0.275760783556 1.50571429787 5.52900062572 0.00692802392802 0.0020739
pedestrian -1 -1 -10 558.45 249.98 571.946 300.526 1.99999100566 1.06099962812 1.19499553539 -0.323276990493 1.60795356562 5.43438704387 0.00692802392802 0.0020537
pedestrian -1 -1 -10 898.61 218.38 914.53 270.809 0.932995773852 0.946998908106 0.376998439397 4.38426308917 1.39844305481 10.2702692751 0.00692802392802 0.0015272
pedestrian -1 -1 -10 759.31 170.88 789.573 241.731 0.763996559382 0.0820006768518 0.696997409448 4.09481003319 0.750805202412 17.6433020865 0.00692802392802 0.00106
pedestrian -1 -1 -10 759.17 195.75 772.189 239.895 2.38998927772 0.615999758027 1.05399594302 3.23310765991 1.49096989013 14.3281048544 0.00692802392802 0.00063645
pedestrian -1 -1 -10 752.79 192.01 766.508 239.606 0.765996554494 0.0890006415905 0.964996290568 3.96078680581 0.75117775071 17.6407298167 0.00692802392802 0.00055084
pedestrian -1 -1 -10 327.54 219.02 348.637 281.133 0.98999556005 0.729999047532 1.09099574496 -3.71308575902 1.40578473392 10.2608427981 0.00692802392802 0.00052433
pedestrian -1 -1 -10 894.55 226.42 922.652 278.332 0.932995773852 0.946998908106 0.376998439397 4.38426308917 1.39844305481 10.2702692751 0.00692802392802 0.00034387
pedestrian -1 -1 -10 937.13 222.97 966.06 274.851 0.982995562256 0.945999458099 0.202999306394 5.50782820048 1.40841441193 10.2089660901 0.00692802392802 0.00026939
pedestrian -1 -1 -10 907.2 223.19 923.043 270.91 0.907995909453 0.786999169122 0.376998439397 4.38367437977 1.37353622888 10.1902570268 0.00692802392802 0.00021105
pedestrian -1 -1 -10 576.5 135.29 590.789 192.911 1.61899278611 0.546999560646 0.558997914336 -0.275868382298 1.22666910121 5.56884002664 0.00692802392802 0.0001681
pedestrian -1 -1 -10 664.73 176.34 677.966 225.363 2.2629898712 1.14499872815 1.06699602486 1.31221502159 1.43814401761 12.6878850705 0.00692802392802 0.00016323
pedestrian -1 -1 -10 706.57 161.61 722.96 202.694 1.00599555075 0.513999590639 1.12099560369 2.87951192989 0.989923977838 17.8468637165 0.00692802392802 0.00011914
pedestrian -1 -1 -10 656.04 215.2 676.056 277.26 1.4779933989 1.13399905604 0.975996286456 1.2696242131 1.43796268927 12.9521431295 0.00692802392802 8.3708e-05
pedestrian -1 -1 -10 339.06 220.23 384.695 281.623 1.01899547428 1.18099895552 1.07599593479 -3.68391944832 1.3832473953 10.6601074057 0.00692802392802 7.0447e-05
pedestrian -1 -1 -10 549.27 244.67 566.306 304.325 1.99999100566 1.07599948444 1.18699554922 -0.375327491592 1.60810527934 5.42724771493 0.00692802392802 6.6856e-05
pedestrian -1 -1 -10 673.3 177.15 686.595 232.089 1.4779933989 1.01299884812 0.972996395949 1.36398875955 1.43739490597 13.2209951272 0.00692802392802 3.9313e-05
pedestrian -1 -1 -10 519.45 167.93 563.323 288.39 1.89799146354 0.800999098599 0.558997914336 -0.275760783556 1.50571429787 5.52900062572 0.00692802392802 3.5545e-05
pedestrian -1 -1 -10 533.97 214.08 565.833 347.13 1.99999100566 1.19599928868 1.19299550905 -0.441722900173 1.60818833906 5.51470984774 0.00692802392802 2.8822e-05
pedestrian -1 -1 -10 693.77 161.41 715.788 225.18 2.40398927331 0.656999142779 1.19399552222 2.11724223523 1.5078594455 14.4923514238 0.00692802392802 2.7506e-05
pedestrian -1 -1 -10 346.85 216.1 370.894 280.318 1.01899547428 1.19199958131 1.07599593479 -3.68401297401 1.38326309525 10.646608002 0.00692802392802 2.5208e-05
pedestrian -1 -1 -10 538.92 139.15 618.059 229.618 1.76099211127 0.713999264368 0.558997914336 -0.276251060844 1.36876553525 5.48542339548 0.00692802392802 1.9407e-05
pedestrian -1 -1 -10 569.38 135.28 599.155 200.817 0.980995611846 0.192998755317 1.11399580951 -0.397987534501 -0.0291835860804 17.9709024719 0.00692802392802 9.7953e-06
pedestrian -1 -1 -10 1107.2 122.87 1141.99 263.42 2.30198973119 0.699999334891 1.19399576064 8.41483284265 1.39486083919 11.5470769413 0.00692802392802 6.3051e-06
pedestrian -1 -1 -10 320.2 214.6 340.018 277.378 1.07299525291 1.17999950552 1.17399561639 -4.171493147 1.39734837361 10.8729758627 0.00692802392802 4.5844e-06
pedestrian -1 -1 -10 578.77 157.48 623.137 255.138 0.980995611846 0.48699918169 1.17399558659 0.00825292038728 0.968950629497 17.752243462 0.00692802392802 4.279e-06
pedestrian -1 -1 -10 411.64 200.09 451.709 262.097 2.50398885012 0.603998728562 1.19699553193 -3.61284425959 1.58692043045 15.1405990552 0.00692802392802 3.2118e-06
pedestrian -1 -1 -10 337.73 215.88 360.046 280.453 0.96799570322 0.927998867576 1.11599574645 -3.70593040164 1.38365186795 10.3597826969 0.00692802392802 2.8582e-06
pedestrian -1 -1 -10 316.31 202.41 358.898 284.441 0.227999001741 0.0459994958047 0.13799949325 -6.98442471068 1.59228951274 18.5843720752 0.00692802392802 4.9831e-09
