pedestrian -1 -1 -10 207.66 170.96 242.42 261.375 1.73199224919 0.593999460131 0.718997162806 -7.54336402085 1.49862616171 14.3861571012 0.00692802392802 0.98697
pedestrian -1 -1 -10 725.98 170.59 814.032 274.67 1.525993222 0.733000258572 1.05599590976 2.3494828039 1.47765086501 9.74710084426 0.00692802392802 0.41253
pedestrian -1 -1 -10 217.79 170.87 258.92 259.158 1.73199224919 0.593999460131 0.718997162806 -7.54336402085 1.49862616171 14.3861571012 0.00692802392802 0.28927
pedestrian -1 -1 -10 746.31 177.33 785.356 262.368 1.525993222 0.733000258572 0.996996116048 2.31998361566 1.47773198519 9.74730531297 0.00692802392802 0.13969
pedestrian -1 -1 -10 201.37 173.39 228.677 234.129 1.73199224919 0.593999460131 0.718997162806 -7.54336402085 1.49862616171 14.3861571012 0.00692802392802 0.02197
pedestrian -1 -1 -10 748.94 165.49 836.126 297.15 2.33098964542 0.64999917804 1.1979954557 3.2342435771 1.4954356917 12.1700837248 0.00692802392802 0.014938
pedestrian -1 -1 -10 243.64 180.44 256.745 231.912 0.371998292208 0.294997969032 0.452999321307 -22.7318070275 1.1000101876 46.3009961221 0.00692802392802 0.012817
pedestrian -1 -1 -10 238.07 178.03 259.178 245.617 0.0999995529652 0.0 0.0 -21.8551361504 1.37325172758 45.7268838331 0.0 0.011118
pedestrian -1 -1 -10 696.47 150.71 843.05 324.87 1.525993222 0.733000258572 1.05099605251 2.34698293533 1.47765773943 9.74711817168 0.00692802392802 0.010473
pedestrian -1 -1 -10 211.11 167.06 229.876 253.159 1.73199224919 0.593999460131 0.718997162806 -7.54336402085 1.49862616171 14.3861571012 0.00692802392802 0.0080902
pedestrian -1 -1 -10 233.61 179.78 249.29 239.326 1.73199224919 0.593999460131 0.718997162806 -7.54336402085 1.49862616171 14.3861571012 0.00692802392802 0.0023907
pedestrian -1 -1 -10 222.37 167.87 237.42 242.496 1.73199224919 0.593999460131 0.718997162806 -7.54336402085 1.49862616171 14.3861571012 0.00692802392802 0.0017829
pedestrian -1 -1 -10 758.71 172.66 802.805 286.51 1.525993222 0.733000258572 1.18099555959 2.43098053398 1.47742675338 9.74653595631 0.00692802392802 0.0013029
pedestrian -1 -1 -10 166.87 176.89 194.232 229.543 0.342998437584 0.262000860045 0.707997524545 -22.9315264803 0.949620886139 39.2545472635 0.00692802392802 0.00075118
pedestrian -1 -1 -10 32.873 167.56 57.136 224.236 0.364998354018 0.506000175894 0.681998552958 -31.1067600884 1.10791503013 40.3493834118 0.00692802392802 5.4993e-05
pedestrian -1 -1 -10 746.76 246.34 777.223 288.965 1.525993222 0.733000258572 0.961996400061 2.30248417803 1.47778010711 9.74742660741 0.00692802392802 2.481e-05
pedestrian -1 -1 -10 738.37 222.74 776.132 296.473 1.525993222 0.700000288565 0.867996651944 2.25537112157 1.47792853875 9.73125278236 0.00692802392802 6.4288e-06
pedestrian -1 -1 -10 789.82 196.26 834.211 289.901 1.41699362248 0.792000233848 0.684997370586 2.67967897217 1.36760156633 9.86825151339 0.00692802392802 1.4905e-07
