pedestrian -1 -1 -10 57.768 143.6 118.012 291.84 2.09776974224 1.19686938054 0.366999513817 -6.95263068757 1.44111076326 9.66950381351 0.00753464155925 0.50224
pedestrian -1 -1 -10 74.606 191.7 117.185 291.581 2.10376900625 1.19886901651 0.366999513817 -6.95247816303 1.44740607679 9.68945661386 0.00753464155925 0.031446
pedestrian -1 -1 -10 68.033 148.42 108.517 247.567 2.09776974224 1.19886806294 0.366999513817 -6.952540282 1.44128839438 9.68150224232 0.00753464155925 0.017506
pedestrian -1 -1 -10 337.22 180.32 350.728 228.15 2.07177251434 0.759916976192 0.558999844142 -7.19407860872 1.3968502999 20.3797642204 0.00753464155925 0.016265
pedestrian -1 -1 -10 342.38 179.29 355.62 229.639 2.07177251434 0.759916976192 0.558999844142 -7.19407860872 1.3968502999 20.3797642204 0.00753464155925 0.0095392
pedestrian -1 -1 -10 70.919 159.97 99.15 228.804 2.09776974224 1.19686938054 0.366999513817 -6.95263068757 1.44111076326 9.66950381351 0.00753464155925 0.0027216
pedestrian -1 -1 -10 285.54 162.94 305.362 206.638 2.15576322366 1.17787140845 0.480999799354 -7.01700697319 1.42294126631 16.0040609129 0.00753464155925 0.0019545
pedestrian -1 -1 -10 329.53 173.37 342.526 228.94 2.23975405216 0.905900891374 0.659999645378 -7.21045216479 1.44862233967 18.4060912636 0.00753464155925 0.0013166
pedestrian -1 -1 -10 331.13 165.18 358.582 226.307 2.07177251434 0.759916976192 0.558999844142 -7.19407860872 1.3968502999 20.3797642204 0.00753464155925 0.00049191
pedestrian -1 -1 -10 283.01 160.2 317.086 224.901 2.15576322366 1.18187163397 0.480999799354 -7.01684876165 1.42325212431 16.0250584017 0.00753464155925 0.00046387
pedestrian -1 -1 -10 70.069 200.08 100.859 278.01 2.09776974224 1.19286915503 0.366999513817 -6.95296970307 1.44044465712 9.62451042063 0.00753464155925 0.00032231
pedestrian -1 -1 -10 73.733 114.31 113.491 224.66 1.84179780697 1.19886901651 0.366999513817 -6.95255893789 1.18543487751 9.69139640268 0.00753464155925 0.00021575
pedestrian -1 -1 -10 735.6 163.86 771.547 246.428 1.27086039889 0.665927410546 0.32799996826 4.14831896751 1.36744349684 20.8188813553 0.00753464155925 5.3912e-07
