pedestrian -1 -1 -10 900.46 161.44 1004.21 315.73 1.76199209392 0.632000018027 0.891996848879 3.84835711172 1.44395030578 7.61898769724 0.00692802392802 0.92551
pedestrian -1 -1 -10 764.2 167.08 787.305 240.552 0.763996559382 0.0849990268707 0.641997787636 4.11931294637 0.750737249895 17.6436319856 0.00692802392802 0.08884
pedestrian -1 -1 -10 829.38 165.66 873.455 264.675 0.688996936381 0.0760001621194 0.51799818078 6.3958726992 0.783409286451 17.6874424908 0.00692802392802 0.048672
pedestrian -1 -1 -10 325.15 236.72 351.051 282.84 1.06699520797 1.1269990913 1.18299564554 -4.02294564545 1.38809367148 10.7374360859 0.00692802392802 0.022986
pedestrian -1 -1 -10 903.05 205.34 953.126 314.12 2.15799032152 1.02099921654 1.1979954557 5.51601671044 1.38350960307 11.8497376273 0.00692802392802 0.018953
pedestrian -1 -1 -10 363.15 223.93 385.681 276.286 0.388998295367 0.553999525385 0.0719997563408 -3.62423775299 1.37263589611 12.8016007641 0.00692802392802 0.0089422
pedestrian -1 -1 -10 883.13 148.94 1054.32 341.02 1.76199209392 0.632000018027 0.891996848879 3.84835711172 1.44395030578 7.61898769724 0.00692802392802 0.008737
pedestrian -1 -1 -10 331.67 227.11 364.02 278.946 0.96899574548 1.03099943864 1.11599598486 -3.75635739435 1.38169503539 10.4436311734 0.00692802392802 0.0037972
pedestrian -1 -1 -10 332.37 224.81 345.677 273.816 0.96599573791 0.724999890153 1.06399589593 -3.74742167682 1.37884546526 10.2905640429 0.00692802392802 0.0033769
pedestrian -1 -1 -10 307.72 225.59 337.766 278.633 1.06699520797 1.16499917236 1.19099527409 -4.27949496677 1.38872594794 10.8032159385 0.00692802392802 0.0031754
pedestrian -1 -1 -10 937.18 181.34 1023.75 316.45 1.76199209392 0.632000018027 0.891996848879 3.84835711172 1.44395030578 7.61898769724 0.00692802392802 0.0028541
pedestrian -1 -1 -10 368.07 242.13 388.706 279.672 0.96899574548 0.890999190196 0.589997937121 -3.49368337429 1.38102532565 10.3958094145 0.00692802392802 0.0021124
pedestrian -1 -1 -10 898.48 218.96 922.13 278.606 0.960995705426 1.16399972235 0.660997531278 4.25557254484 1.38173219091 10.3276269726 0.00692802392802 0.0019077
pedestrian -1 -1 -10 762.66 169.2 774.964 239.898 0.764996556938 0.0860003842243 0.832997055167 4.02381075898 0.7510004415 17.6437926709 0.00692802392802 0.0018233
pedestrian -1 -1 -10 313.42 239.28 344.557 282.295 0.240998955071 0.567999454862 0.105999548561 -5.11945926335 1.26743533092 12.2109089128 0.00692802392802 0.0015533
pedestrian -1 -1 -10 349.3 237.93 379.572 280.559 1.05599533915 1.19299903131 1.13299564256 -3.61865778683 1.38109755235 10.6336310606 0.00692802392802 0.0015497
pedestrian -1 -1 -10 323.89 218.18 343.975 272.966 0.216999013722 0.148000616866 0.70299742888 -7.19986871111 1.46481752725 18.6417239833 0.00692802392802 0.0014682
pedestrian -1 -1 -10 289.66 209.62 316.91 265.246 1.03999534845 0.892999043882 1.02499624646 -4.79234035513 1.30575057333 11.1436959316 0.00692802392802 0.00069889
pedestrian -1 -1 -10 356.36 215.62 373.382 271.708 0.956995715201 0.653999839086 0.573997964777 -3.50252067741 1.36918510718 10.2773611686 0.00692802392802 0.00062218
pedestrian -1 -1 -10 1077.8 86.105 1115.66 209.855 1.62999274433 0.66899921857 1.17699562611 7.99326483698 0.735050904989 11.5231206232 0.00692802392802 0.00046685
pedestrian -1 -1 -10 249.76 213.72 279.209 281.315 0.951995742321 1.04799962549 0.720997010338 -4.74016073956 1.39046161485 10.3969656818 0.00692802392802 0.00034841
pedestrian -1 -1 -10 347.37 255.77 371.775 285.757 0.509997716546 0.291999619013 0.785997300317 -3.78432781992 0.82996029877 11.1529680117 0.00692802392802 0.00033585
pedestrian -1 -1 -10 302.09 210.75 323.974 271.794 0.23199905157 0.0939997989693 0.557997992432 -7.53577354637 1.49965667403 18.7180842039 0.00692802392802 0.00022369
pedestrian -1 -1 -10 350.15 210.42 362.847 270.123 1.01499554366 1.09599992865 1.02499624646 -3.71069688749 1.38153212052 10.4757889615 0.00692802392802 0.00021154
pedestrian -1 -1 -10 888.32 220.04 914.551 278.525 1.16199481189 1.16399876868 0.660997531278 4.25642463856 1.38154262528 10.4905076185 0.00692802392802 0.00014613
pedestrian -1 -1 -10 260.16 195.27 297.94 281.648 1.31899412274 0.656999142779 0.937996203127 -6.36077477239 1.170125711 13.7213060126 0.00692802392802 7.0766e-05
pedestrian -1 -1 -10 278.93 197.69 319.415 277.836 1.97299120575 0.299999987432 1.19399576064 -6.62605213673 1.01386354305 15.4611248668 0.00692802392802 6.7515e-05
pedestrian -1 -1 -10 487.99 91.318 526.482 225.388 0.947995789349 1.19099917763 0.317998645684 -2.21068886216 -0.0347516587223 16.7184432235 0.00692802392802 5.8223e-05
pedestrian -1 -1 -10 363.96 206.04 400.414 279.454 1.04899528176 1.18999877395 0.734997373568 -3.41957256604 1.36853111637 10.6487411533 0.00692802392802 5.6397e-05
pedestrian -1 -1 -10 692.6 171.9 702.97 217.192 1.40699369162 0.227001036352 1.1909955125 2.42562982846 0.736440283927 17.6129746645 0.00692802392802 3.8294e-05
pedestrian -1 -1 -10 696.62 172.45 708.29 219.18 2.40098926574 0.839998629665 1.18299552633 2.06342308653 1.49705600045 14.4502124024 0.00692802392802 3.0392e-05
pedestrian -1 -1 -10 758.36 165.76 770.484 218.569 2.06799080968 0.435999574833 0.992996301775 3.17138256415 1.16926920378 14.2153428925 0.00692802392802 2.3164e-05
pedestrian -1 -1 -10 990.11 223.7 1019.47 296.49 1.07099516839 1.06999896971 0.825996635134 5.90028433495 1.41382808786 10.649213472 0.00692802392802 1.0728e-05
pedestrian -1 -1 -10 975.58 204.97 1006.85 314.69 1.76199209392 0.632000018027 0.698997495398 3.94485447045 1.4436849465 7.61831884186 0.00692802392802 2.8868e-06
pedestrian -1 -1 -10 499.67 89.509 560.154 220.019 0.830996262468 0.311000613216 0.402998483863 -1.29958681327 -0.0682022675416 14.9161153223 0.00692802392802 7.0165e-08
