pedestrian -1 -1 -10 819.91 205.05 861.576 333.39 1.60382393193 1.17887074966 1.02299968875 2.71191272311 1.86703880449 8.70960119097 0.00753464155925 0.85965
pedestrian -1 -1 -10 1128.1 100.64 1190.99 224.94 1.7878037157 0.391957257494 0.60799961552 10.5121632345 1.01332910875 13.789034977 0.00753464155925 0.022382
pedestrian -1 -1 -10 803.28 215.94 849.771 327.16 1.54683017885 1.18387031637 1.06299963836 2.69457146235 1.87224163334 9.05978093862 0.00753464155925 0.014375
pedestrian -1 -1 -10 835.45 201.95 849.944 264.891 1.61382282448 1.19686842697 1.05599967102 2.70121201677 1.86469211937 8.55076823828 0.00753464155925 0.0046261
pedestrian -1 -1 -10 828.51 201.88 861.188 283.896 1.61382282448 1.18486965757 1.03299967616 2.71275689149 1.86477256209 8.55668092909 0.00753464155925 0.0028578
pedestrian -1 -1 -10 817.0 204.5 847.156 303.159 1.60382393193 1.18387031637 1.06299963836 2.69189447959 1.86701635887 8.70725195422 0.00753464155925 0.00098379
pedestrian -1 -1 -10 837.32 205.3 873.364 300.722 1.61482273161 1.17987009086 0.94099969669 2.77747226602 1.86417014531 8.51870455376 0.00753464155925 0.00096333
pedestrian -1 -1 -10 827.49 200.5 842.093 262.895 1.60982328534 1.18987017785 1.04699961084 2.68340314501 1.86606001369 8.64236499856 0.00753464155925 0.00051785
pedestrian -1 -1 -10 455.63 188.62 486.846 232.587 1.41484465718 0.995890231507 0.874999732152 -2.78011778077 1.61822917207 15.6527184622 0.00753464155925 0.0001381
pedestrian -1 -1 -10 917.12 143.08 929.219 187.395 1.50683454907 0.837907546927 0.0589999971982 13.6582823326 0.646693362172 30.7610218272 0.00753464155925 0.00010139
pedestrian -1 -1 -10 921.91 140.5 934.488 189.745 1.50683454907 1.11187769998 0.107000318198 13.6317289138 0.641692795548 30.4222494078 0.00753464155925 5.4451e-05
pedestrian -1 -1 -10 538.57 186.93 554.293 247.625 1.41284491741 0.249972614255 0.124999961736 -1.59555566248 1.69286413902 18.1080140637 0.00753464155925 3.1599e-05
pedestrian -1 -1 -10 449.62 183.38 480.455 253.883 1.32485454976 0.806910805445 0.745999823139 -2.84503196825 1.61241074358 15.5941196999 0.00753464155925 1.0803e-05
