pedestrian -1 -1 -10 705.49 162.16 719.721 208.884 1.52583251643 0.577935799245 0.611999801215 4.36415090423 1.48099402109 29.0375953695 0.00753464155925 0.97827
pedestrian -1 -1 -10 517.82 177.12 532.562 220.024 1.43084293293 0.688923701002 0.545999836677 -3.39792614124 1.54766322549 30.1090304509 0.00753464155925 0.89452
pedestrian -1 -1 -10 470.06 172.26 494.758 248.071 1.62482158318 0.890903144804 0.966999711619 -2.98770221397 1.72800894358 16.3728104349 0.00753464155925 0.36189
pedestrian -1 -1 -10 712.94 163.29 724.753 208.888 1.52583251643 0.577935799245 0.611999801215 4.36415090423 1.48099402109 29.0375953695 0.00753464155925 0.23363
pedestrian -1 -1 -10 446.33 172.24 491.019 252.281 1.65481826455 1.17887074966 1.17499959263 -3.12177711508 1.75097145636 16.2296833084 0.00753464155925 0.087547
pedestrian -1 -1 -10 435.66 174.07 473.175 255.415 1.65481826455 1.15687284683 1.03099958331 -3.33012728272 1.74845772182 16.0512657312 0.00753464155925 0.043154
pedestrian -1 -1 -10 523.34 174.93 537.445 220.394 1.43084293293 0.715921170541 0.545999836677 -3.39782443408 1.54786306227 30.1225288025 0.00753464155925 0.027116
pedestrian -1 -1 -10 698.14 162.73 713.718 202.282 0.101988797844 0.117987104443 0.273999607135 5.44908074793 0.633735604596 40.0689463396 0.00753464155925 0.0062232
pedestrian -1 -1 -10 444.68 174.28 462.896 260.841 1.65981771082 1.17587081891 1.03399960337 -3.32882541958 1.75306380665 16.0247208566 0.00753464155925 0.0061905
pedestrian -1 -1 -10 426.96 176.03 451.382 250.913 1.65481826455 0.909900163317 0.640999836207 -3.5256527688 1.74755611496 15.9822422197 0.00753464155925 0.0022124
pedestrian -1 -1 -10 480.33 174.0 496.699 242.756 1.61882219998 0.808911394986 0.792999740087 -2.90039765418 1.72255312551 16.4131949993 0.00753464155925 0.0016331
pedestrian -1 -1 -10 683.09 159.49 697.326 212.867 2.34574236084 0.610933130268 0.366999990654 2.65185264491 1.51046900774 22.9937930554 0.00753464155925 0.00080714
pedestrian -1 -1 -10 518.76 169.66 543.124 216.68 1.43084293293 0.715921170541 0.545999836677 -3.39782443408 1.54786306227 30.1225288025 0.00753464155925 0.00057406
pedestrian -1 -1 -10 438.75 171.82 453.872 261.675 1.65481826455 0.97189459985 0.825999722356 -3.43230412772 1.74916145543 16.0945310766 0.00753464155925 0.00050258
pedestrian -1 -1 -10 462.29 213.31 477.393 258.645 0.242973327278 0.0259962211983 0.0729999318775 -4.65199830709 0.845184813313 23.4026595001 0.00753464155925 0.00028286
pedestrian -1 -1 -10 482.53 174.11 501.239 215.511 1.61882219998 0.890903144804 0.61799984134 -2.81320906771 1.72188251159 16.3715419566 0.00753464155925 0.00020206
pedestrian -1 -1 -10 403.3 181.48 428.588 219.646 1.26886065912 1.14287444146 0.0980004964291 -7.96312372578 0.630397353101 30.4468484502 0.00753464155925 8.9131e-05
pedestrian -1 -1 -10 456.55 206.94 483.2 256.875 0.263971049305 0.180979928607 0.154000235146 -4.52168713248 1.79725554994 24.2163522184 0.00753464155925 2.1702e-05
pedestrian -1 -1 -10 469.8 212.8 482.964 258.513 1.30685654914 0.425952976148 0.502999867006 -3.15553451295 1.69842611606 15.8515877867 0.00753464155925 1.5419e-05
pedestrian -1 -1 -10 473.66 200.72 486.352 255.305 1.62482158318 0.894901463177 0.912999827331 -2.96285768538 1.72375577672 16.0866469646 0.00753464155925 6.626e-06
pedestrian -1 -1 -10 1107.5 201.32 1151.31 336.62 1.62382174682 1.19486902939 0.954999869787 2.25395880139 1.66805269037 3.15537797057 0.00753464155925 4.29e-07
