pedestrian -1 -1 -10 570.07 167.29 581.838 200.303 0.119986805918 0.937893159777 0.957999651431 -2.98231384321 -0.838715518602 70.6286109348 0.00753464155925 0.010289
pedestrian -1 -1 -10 560.87 169.0 573.014 198.745 0.106988281366 0.71291933266 0.841999749883 -3.65408846335 0.0511541776354 69.9098054436 0.00753464155925 0.0041051
pedestrian -1 -1 -10 704.65 181.04 740.445 234.136 1.26486116468 1.12487581058 0.307000066241 2.42795336657 1.61081601183 15.5029612594 0.00753464155925 0.0020392
pedestrian -1 -1 -10 577.72 164.95 589.797 198.864 0.120986623655 0.931897112573 0.976999699021 -2.22521766817 -0.844203456839 71.3700997478 0.00753464155925 0.001654
pedestrian -1 -1 -10 714.57 178.87 727.328 241.089 1.26486116468 1.12487581058 0.307000066241 2.42795336657 1.61081601183 15.5029612594 0.00753464155925 0.00094746
pedestrian -1 -1 -10 583.47 165.03 597.469 203.289 0.101988805294 0.30096952973 0.672999772052 -1.50678750382 1.35411238992 71.7425570874 0.00753464155925 0.00068526
pedestrian -1 -1 -10 1167.3 71.878 1209.38 213.888 1.33685322678 0.475947689713 0.57199937477 12.8565381716 0.483469885359 15.7201453639 0.00753464155925 0.00038576
pedestrian -1 -1 -10 717.91 178.51 748.713 245.817 1.42884304417 1.11487858429 0.669999871199 2.71068098826 1.73535942982 14.0660031141 0.00753464155925 0.00027801
pedestrian -1 -1 -10 387.12 184.5 423.07 286.09 0.710921939492 0.812911620499 0.612999966848 -3.51691498589 1.68714793551 13.3822262048 0.00753464155925 0.00024178
pedestrian -1 -1 -10 734.97 208.09 768.31 286.357 0.765915848499 0.658928207861 0.134999949138 2.33825321724 1.72397124283 11.5207200737 0.00753464155925 0.00018698
pedestrian -1 -1 -10 589.47 163.61 604.367 204.444 0.107988158701 0.565939890556 0.559999771357 -0.96413428597 -0.308874849017 72.4537260949 0.00753464155925 0.00012925
pedestrian -1 -1 -10 702.97 175.59 727.665 248.983 1.37284925783 1.12887698966 0.288000018651 2.42231638223 1.74231412981 16.0089262489 0.00753464155925 8.9583e-06
pedestrian -1 -1 -10 1100.8 119.28 1139.81 208.932 1.58382605744 0.309965507677 1.125999106 20.4357467356 0.410965880768 28.4977094649 0.00753464155924 9.6336e-07
