pedestrian -1 -1 -10 357.91 161.05 407.891 257.943 1.77699208707 0.733999708578 0.898996553658 -4.18848727779 1.42719181375 13.6707878276 0.00692802392802 0.98084
pedestrian -1 -1 -10 382.77 164.47 415.711 260.997 1.77699208707 0.968999206002 0.77699727117 -4.12667506725 1.42688742393 13.7878619578 0.00692802392802 0.97276
pedestrian -1 -1 -10 362.43 164.13 384.917 259.981 1.77699208707 0.661999253831 0.898996553658 -4.18873668623 1.4272336814 13.6347884642 0.00692802392802 0.93115
pedestrian -1 -1 -10 389.04 159.86 404.392 259.822 1.77699208707 0.968999206002 0.824996949786 -4.15067433006 1.4269534198 13.7880283047 0.00692802392802 0.64124
pedestrian -1 -1 -10 373.23 165.02 400.118 238.941 1.77699208707 0.767999128592 0.898996553658 -4.18836950434 1.42717204338 13.6877871297 0.00692802392802 0.20615
pedestrian -1 -1 -10 369.24 160.25 389.58 234.467 1.77699208707 0.767999128592 0.898996553658 -4.18836950434 1.42717204338 13.6877871297 0.00692802392802 0.13986
pedestrian -1 -1 -10 354.17 155.69 381.583 236.421 1.77699208707 0.767999128592 0.790996919147 -4.24236802447 1.42732053459 13.6881614114 0.00692802392802 0.11499
pedestrian -1 -1 -10 377.19 161.22 392.82 226.27 1.77699208707 0.767999128592 0.898996553658 -4.18836950434 1.42717204338 13.6877871297 0.00692802392802 0.04521
pedestrian -1 -1 -10 354.31 196.42 398.261 259.454 1.77699208707 0.767999128592 0.898996553658 -4.18836950434 1.42717204338 13.6877871297 0.00692802392802 0.040771
pedestrian -1 -1 -10 370.84 158.03 430.521 276.18 1.77699208707 0.968999206002 0.750997345913 -4.11367541689 1.42685167603 13.7877718529 0.00692802392802 0.029499
pedestrian -1 -1 -10 383.16 163.18 397.469 220.124 1.77699208707 0.968999206002 0.898996553658 -4.18767324323 1.42705516357 13.7882847565 0.00692802392802 0.005142
pedestrian -1 -1 -10 384.79 181.78 399.995 261.481 1.77699208707 0.968999206002 0.898996553658 -4.18767324323 1.42705516357 13.7882847565 0.00692802392802 0.00070566
pedestrian -1 -1 -10 397.84 157.07 416.858 251.268 1.77699208707 0.968999206002 0.634997606021 -4.05567694015 1.42669218529 13.7873698461 0.00692802392802 0.00048084
pedestrian -1 -1 -10 998.35 202.13 1028.85 263.1 2.11999053359 1.19699921552 0.286998863179 2.92468193088 1.51144111668 5.044693561 0.00692802392802 8.9836e-05
pedestrian -1 -1 -10 721.19 153.17 756.857 245.704 2.19099016637 1.18099895552 0.421998346714 2.33268658149 1.39998860022 11.2377766771 0.00692802392802 6.0137e-05
pedestrian -1 -1 -10 390.73 161.57 410.449 227.724 1.77699208707 0.968999206002 0.750997345913 -4.11367541689 1.42685167603 13.7877718529 0.00692802392802 5.3197e-05
pedestrian -1 -1 -10 1018.8 186.38 1047.15 250.052 2.1129905656 1.19799914237 0.286999101597 2.94721877398 1.51162225398 4.8320366037 0.00692802392802 3.89e-05
pedestrian -1 -1 -10 1036.2 239.85 1075.15 304.418 2.13299048692 1.19899906921 0.295998892326 2.9598431987 1.53473796249 4.70046114336 0.00692802392802 3.1052e-05
pedestrian -1 -1 -10 1030.9 182.26 1062.21 247.292 2.13299048692 1.19899906921 0.295998892326 2.96002332592 1.53470772493 4.72646052466 0.00692802392802 2.9738e-05
pedestrian -1 -1 -10 1010.2 184.51 1036.87 248.512 2.11699055582 1.19899906921 0.293998806377 2.93654839538 1.51151373795 4.95261089985 0.00692802392802 2.8048e-05
pedestrian -1 -1 -10 708.5 164.01 742.277 242.421 2.22099006325 1.17899910184 0.451998205453 2.13697193694 1.38498125136 12.5901313596 0.00692802392802 2.6841e-05
pedestrian -1 -1 -10 373.72 200.06 395.689 261.405 1.77699208707 0.767999128592 0.898996553658 -4.18836950434 1.42717204338 13.6877871297 0.00692802392802 2.0449e-05
