pedestrian -1 -1 -10 288.76 149.19 349.053 318.5 1.76999213397 0.670999072256 0.461998396784 -3.44070714785 1.4161897311 8.37296777385 0.00692802392802 0.96993
pedestrian -1 -1 -10 309.26 219.89 346.02 306.201 0.195999079943 0.116999546872 0.0500000029828 -4.41677520629 1.29257471206 12.1435944855 0.00692802392802 0.021627
pedestrian -1 -1 -10 275.87 150.34 329.593 292.44 1.8649917081 0.213000153201 1.18899566497 -6.49896992648 0.908559327169 15.4206835453 0.00692802392802 0.0098265
pedestrian -1 -1 -10 307.61 250.62 335.062 308.487 1.76999213397 0.670999072256 0.461998396784 -3.44070714785 1.4161897311 8.37296777385 0.00692802392802 0.0074847
pedestrian -1 -1 -10 321.2 240.38 349.017 299.723 0.533997628093 0.278999139542 0.145999360214 -4.02025375543 0.918632707727 11.1341910205 0.00692802392802 0.0073996
pedestrian -1 -1 -10 894.95 224.66 916.684 277.595 0.918995897472 1.17099873342 0.63899777792 4.27525133713 1.36873480785 10.2779987324 0.00692802392802 0.0033567
pedestrian -1 -1 -10 902.31 232.15 932.069 278.085 0.951995742321 0.87200010334 0.63899777792 4.27360988049 1.40201783908 10.0345233827 0.00692802392802 0.0024423
pedestrian -1 -1 -10 768.73 170.82 781.869 232.289 0.762996576726 0.0869998342306 0.685997294352 4.12122823082 0.749745723848 17.6316177646 0.00692802392802 0.0023148
pedestrian -1 -1 -10 296.2 198.14 339.912 305.08 1.76999213397 0.670999072256 0.461998396784 -3.44070714785 1.4161897311 8.37296777385 0.00692802392802 0.0020999
pedestrian -1 -1 -10 354.07 233.83 385.565 280.319 1.05199528933 1.19199862763 1.09499567844 -3.59680138153 1.37189266652 10.7599740312 0.00692802392802 0.0019683
pedestrian -1 -1 -10 348.88 245.8 378.3 285.243 1.05199528933 1.17699924815 0.990996454243 -3.68585085375 1.3721461239 10.7530913929 0.00692802392802 0.0012819
pedestrian -1 -1 -10 303.0 185.61 365.281 303.2 1.76999213397 0.670999072256 0.461998396784 -3.44070714785 1.4161897311 8.37296777385 0.00692802392802 0.0010429
pedestrian -1 -1 -10 883.46 235.72 908.161 280.15 0.915995889902 0.785000269109 0.586997927405 4.24725957278 1.36614007212 9.99118412914 0.00692802392802 0.0007169
pedestrian -1 -1 -10 888.81 225.78 901.805 274.138 1.92599142492 0.417999937983 0.785997300317 4.88088990493 1.08352555458 11.6184182261 0.00692802392802 0.00062859
pedestrian -1 -1 -10 988.85 231.46 1014.78 277.677 1.11499500126 0.607999389608 1.14099598636 6.94587278126 1.32339780889 12.0008724743 0.00692802392802 0.00042777
pedestrian -1 -1 -10 364.94 210.54 393.313 278.952 1.00599552095 1.18099895552 0.613997776429 -3.49921166166 1.37194992617 10.4748175903 0.00692802392802 0.0003021
pedestrian -1 -1 -10 841.68 197.0 869.012 266.243 0.551997494698 0.273999982163 0.610997289878 4.89960274866 1.27787509673 13.8963697299 0.00692802392802 0.00023642
pedestrian -1 -1 -10 921.08 224.73 937.982 276.754 2.24198999703 1.10799905077 1.1979954557 5.55021642744 1.38636436332 11.8939566098 0.00692802392802 0.00020816
pedestrian -1 -1 -10 886.36 207.46 920.161 274.455 0.918995897472 1.13299865236 0.63899777792 4.27511970544 1.36875690457 10.2589991478 0.00692802392802 0.0001859
pedestrian -1 -1 -10 327.88 226.2 348.848 278.12 0.955995672941 0.748999088062 0.951996327939 -3.67164268428 1.36967134478 10.2600332312 0.00692802392802 0.00012733
pedestrian -1 -1 -10 762.8 173.35 774.299 217.749 2.06799080968 0.406999312198 0.932996345879 3.22325288008 1.1691477275 14.1964830789 0.00692802392802 0.00012199
pedestrian -1 -1 -10 481.11 90.492 528.67 217.792 1.23399445713 1.15699880394 0.325998751065 -2.23463752287 0.252371197943 16.6687743822 0.00692802392802 0.00011419
pedestrian -1 -1 -10 905.44 221.13 947.799 280.004 2.23099000901 1.00499943338 1.18999558874 5.55455788578 1.37529348271 11.9454211669 0.00692802392802 7.8525e-05
pedestrian -1 -1 -10 925.77 213.42 960.369 274.957 0.97099571079 0.954999276524 0.29899914046 4.98484504536 1.3858440315 10.2200704733 0.00692802392802 6.1299e-05
pedestrian -1 -1 -10 681.17 217.25 694.689 259.061 2.38898929507 0.677999990669 1.19699553193 1.75265483617 1.49487513911 14.4833707908 0.00692802392802 5.1655e-05
pedestrian -1 -1 -10 288.14 189.74 316.15 273.611 1.76999213397 0.670999072256 0.461998396784 -3.44070714785 1.4161897311 8.37296777385 0.00692802392802 2.0096e-05
pedestrian -1 -1 -10 994.32 217.9 1023.02 283.925 2.26498989612 1.16299931867 1.19599513133 6.72754270128 1.38639386952 11.6522813054 0.00692802392802 1.2916e-05
pedestrian -1 -1 -10 876.84 196.45 906.044 268.638 0.951995742321 0.69000006646 0.586997927405 4.24698013451 1.40219516633 9.94370575794 0.00692802392802 2.6754e-06
pedestrian -1 -1 -10 258.29 214.34 301.214 282.003 0.954995690286 0.789999426488 0.899996239007 -4.64592983886 1.39241179664 10.2133087578 0.00692802392802 1.7394e-06
