pedestrian -1 -1 -10 1028.8 174.21 1050.01 250.049 2.10576876092 1.19886806294 0.243999883347 4.98498265524 1.49155992652 8.30569338899 0.00753464155925 0.012927
pedestrian -1 -1 -10 355.6 169.7 366.487 199.301 0.605933478354 0.318964346333 0.524000007444 -4.48158992345 0.43726564003 12.5481028554 0.00753464155925 0.0041394
pedestrian -1 -1 -10 66.805 286.77 106.791 350.478 1.48883653354 0.921898932715 0.759999877027 -2.13882263403 1.5516220254 2.74063945182 0.00753464155925 0.0031905
pedestrian -1 -1 -10 324.43 163.92 363.712 255.221 0.437951910734 0.268969632768 0.454999784425 -4.51595250869 0.269679254699 12.5746029086 0.00753464155925 0.0022097
pedestrian -1 -1 -10 1039.9 181.06 1054.03 240.73 2.10276912892 1.19286915503 0.242000028918 4.9830494963 1.48972514466 8.18169573145 0.00753464155925 0.0019614
pedestrian -1 -1 -10 345.2 167.7 366.37 203.011 0.605933478354 0.318964346333 0.524000007444 -4.48158992345 0.43726564003 12.5481028554 0.00753464155925 0.0014092
pedestrian -1 -1 -10 381.77 166.78 394.665 208.558 0.482946956994 0.344961521102 0.398999568871 -4.55364123739 0.454525684665 14.9928173831 0.00753464155925 0.00098535
pedestrian -1 -1 -10 374.96 168.78 399.911 213.546 0.482946956994 0.344961521102 0.398999568871 -4.55364123739 0.454525684665 14.9928173831 0.00753464155925 0.0008821
pedestrian -1 -1 -10 4.4857 97.289 202.346 363.579 1.02388753844 1.19186933704 0.675999911324 -5.33246522764 0.428624749254 7.27250668868 0.00753464155925 0.00048213
pedestrian -1 -1 -10 1017.5 155.38 1053.31 263.92 2.10776857519 1.19786872174 0.223999908543 4.99579162114 1.49314391464 8.4131182083 0.00753464155925 0.00026049
pedestrian -1 -1 -10 331.61 164.03 383.579 244.612 0.105988359332 0.326963843789 0.595999773688 -2.89054287831 0.247034172671 9.21977274632 0.00753464155925 0.00019216
pedestrian -1 -1 -10 351.22 168.14 401.861 238.618 1.40184605813 1.10587879206 1.19099950095 -2.49361503272 1.61493621433 7.74342121926 0.00753464155925 0.00014308
pedestrian -1 -1 -10 335.08 165.47 361.131 227.019 0.437951910734 0.268969632768 0.454999784425 -4.51595250869 0.269679254699 12.5746029086 0.00753464155925 0.00013485
pedestrian -1 -1 -10 1024.6 170.22 1042.26 237.257 2.10776857519 1.19686842697 0.223999908543 4.99620221101 1.49395065189 8.46761079436 0.00753464155925 0.00010421
pedestrian -1 -1 -10 330.9 220.94 356.162 265.475 1.13187572098 0.81491125647 1.15699971068 -2.71178817127 1.34297011104 7.60157326224 0.00753464155925 9.0066e-05
pedestrian -1 -1 -10 367.69 171.45 419.591 222.17 0.482946956994 0.344961521102 0.398999568871 -4.55364123739 0.454525684665 14.9928173831 0.00753464155925 3.9326e-05
pedestrian -1 -1 -10 534.11 139.89 548.188 192.052 0.369959357979 0.275966928314 0.340999975724 -4.78472047619 -0.734827735749 56.1625075691 0.00753464155925 3.8693e-05
pedestrian -1 -1 -10 529.33 140.55 543.832 196.491 0.100988898159 0.205978715744 0.317000292061 -5.7156503049 0.447741319246 62.1618526561 0.00753464155925 2.4868e-05
pedestrian -1 -1 -10 383.6 169.43 432.976 233.354 1.42284375036 1.18187020361 0.939999769475 -2.33858157849 1.61785896807 7.94739368495 0.00753464155925 1.8587e-05
pedestrian -1 -1 -10 961.26 183.01 991.829 231.804 1.60182408786 1.18886988308 0.614999582859 4.83329823161 0.968334893431 9.77005349617 0.00753464155925 1.4312e-05
pedestrian -1 -1 -10 1018.8 164.91 1033.96 222.627 2.1137678988 1.19186981382 0.223999908543 4.99694996659 1.49542349527 8.56714119582 0.00753464155925 5.4595e-06
pedestrian -1 -1 -10 961.41 96.433 999.575 172.043 1.54882993352 1.18987017785 0.614999582859 4.83237407474 0.913557037706 9.64996242831 0.00753464155925 2.3163e-06
pedestrian -1 -1 -10 6.6693 65.842 140.999 281.952 1.01088898409 1.19186933704 0.759000069022 -5.34309535331 0.419412060261 7.1226061622 0.00753464155925 1.507e-06
pedestrian -1 -1 -10 1007.3 160.52 1036.93 245.23 2.11876734507 1.18886988308 0.223999908543 4.99799185037 1.49747364335 8.70565932562 0.00753464155925 4.6472e-07
