pedestrian -1 -1 -10 268.28 208.72 288.985 254.765 1.25986168861 1.13987546429 1.00299995237 -6.75742840931 2.1087734462 14.6411346081 0.00753464155925 0.0043698
pedestrian -1 -1 -10 261.01 206.6 294.21 271.316 1.25986168861 1.13987546429 1.00299995237 -6.75742840931 2.1087734462 14.6411346081 0.00753464155925 0.0014341
pedestrian -1 -1 -10 586.23 227.21 610.906 294.32 1.32385461283 1.15087393892 0.780999749244 0.0337078089595 2.00725224032 12.1211006458 0.00753464155925 0.0011836
pedestrian -1 -1 -10 906.19 139.46 918.029 186.597 1.86379534674 0.964894443595 0.834999305706 8.15974585448 1.04789405245 18.7269889361 0.00753464155925 0.00072141
pedestrian -1 -1 -10 514.43 234.05 526.979 260.722 1.63981990338 1.14287444146 0.71299972166 -1.86455671643 2.21861274896 17.5373587649 0.00753464155925 0.00059451
pedestrian -1 -1 -10 796.57 125.49 815.509 202.775 1.61082313287 0.947896107484 0.798000091416 6.79491083483 0.725245889993 23.6243507042 0.00753464155925 0.0004569
pedestrian -1 -1 -10 524.61 231.58 536.128 274.035 1.46483922421 0.744919229621 0.897999727019 -1.64773344459 2.12125337026 17.048804445 0.00753464155925 9.4697e-05
pedestrian -1 -1 -10 792.76 122.27 826.288 210.579 2.07477220595 1.01388886239 0.865999910383 6.82880422013 1.18868172657 23.5876641033 0.00753464155925 5.8953e-05
pedestrian -1 -1 -10 892.56 135.63 916.531 202.425 1.98078248489 0.739918709338 0.761999373829 8.12413054059 1.16657304825 18.8388819868 0.00753464155925 5.4552e-05
pedestrian -1 -1 -10 1180.3 110.28 1217.44 230.43 1.31985507369 0.682923839518 0.998999289836 13.8409949957 0.422569637943 16.6461320242 0.00753464155925 1.6697e-05
pedestrian -1 -1 -10 567.43 187.26 611.624 264.056 1.28085941064 1.14987459771 0.791999777482 -0.270512905146 1.9297640615 13.4939109267 0.00753464155925 2.4172e-06
