pedestrian -1 -1 -10 536.21 156.79 581.749 303.59 1.71999225616 0.61500030802 0.577997838654 -0.567490507698 1.41559438261 8.96010497413 0.00692802392802 0.98965
pedestrian -1 -1 -10 699.59 168.28 713.247 223.628 2.06099075228 0.622000272759 1.19199543627 2.1384395324 1.16485567 14.4445037989 0.00692802392802 0.053657
pedestrian -1 -1 -10 703.67 169.92 717.606 218.3 1.00399546623 0.495998046441 1.01199628383 2.82686513402 0.988092682254 17.8262270673 0.00692802392802 0.037413
pedestrian -1 -1 -10 535.66 162.65 590.869 237.835 1.71999225616 0.61500030802 0.577997838654 -0.567490507698 1.41559438261 8.96010497413 0.00692802392802 0.030657
pedestrian -1 -1 -10 840.82 215.79 855.146 259.455 0.551997554302 0.241999462162 0.56499793563 4.87861452402 1.27693059363 13.8985144219 0.00692802392802 0.01551
pedestrian -1 -1 -10 842.0 157.31 856.303 218.102 0.786996488273 0.0890006415905 0.582997993924 6.39426472154 0.784409323142 17.690897878 0.00692802392802 0.014171
pedestrian -1 -1 -10 546.9 157.58 597.336 279.9 1.11399505958 0.611999096981 0.745997205544 -0.487208488241 0.976363566632 17.7111059182 0.00692802392802 0.011555
pedestrian -1 -1 -10 694.73 167.79 719.357 231.272 2.06099075228 0.622000272759 1.19199543627 2.1384395324 1.16485567 14.4445037989 0.00692802392802 0.010338
pedestrian -1 -1 -10 709.8 169.56 721.796 214.419 1.00499550849 0.497998853801 1.17499554016 2.90837111423 0.988867449602 17.8266631314 0.00692802392802 0.0044281
pedestrian -1 -1 -10 325.8 216.47 349.585 279.71 0.958995740116 0.596000267491 1.0059962644 -3.71004834568 1.37584621368 10.1998035868 0.00692802392802 0.0015156
pedestrian -1 -1 -10 669.83 220.68 680.391 261.589 2.25998998284 1.19099917763 1.02099613417 1.3368378649 1.43397225959 12.7787136982 0.00692802392802 0.0014941
pedestrian -1 -1 -10 707.18 163.31 730.306 205.531 1.00499550849 0.512998233285 1.17599546392 2.96292166106 0.988708861243 17.8337848933 0.00692802392802 0.0014339
pedestrian -1 -1 -10 941.71 226.61 970.926 273.786 0.888996000588 0.605999535922 0.210999173357 4.44103611736 1.35047743785 10.1033415457 0.00692802392802 0.0012145
pedestrian -1 -1 -10 664.95 222.35 677.379 262.763 1.46699341089 1.00099877233 1.13599571188 1.28202777992 1.43186164188 13.0105577534 0.00692802392802 0.0011901
pedestrian -1 -1 -10 844.74 220.69 872.139 263.984 0.551997554302 0.241999462162 0.56499793563 4.87861452402 1.27693059363 13.8985144219 0.00692802392802 0.0011184
pedestrian -1 -1 -10 834.9 155.17 863.924 239.439 0.786996488273 0.0890006415905 0.582997993924 6.39426472154 0.784409323142 17.690897878 0.00692802392802 0.00079157
pedestrian -1 -1 -10 752.01 169.02 762.667 208.17 1.01499551386 0.529998420129 1.16699543478 3.90962451057 1.00007182917 17.8567341435 0.00692802392802 0.00073948
pedestrian -1 -1 -10 751.38 159.89 781.179 224.049 2.06799080968 0.491999292743 0.980996262912 3.19553424433 1.16917762194 14.2371763155 0.00692802392802 0.00069398
pedestrian -1 -1 -10 756.22 164.28 768.54 211.146 1.01799544692 0.535998934861 1.10899580325 4.00164976223 1.00381528527 17.8590995227 0.00692802392802 0.00054843
pedestrian -1 -1 -10 560.14 223.29 585.487 296.311 1.71999225616 0.61500030802 0.577997838654 -0.567490507698 1.41559438261 8.96010497413 0.00692802392802 0.00048854
pedestrian -1 -1 -10 674.02 216.32 686.957 263.015 2.25998998284 1.18899932394 1.00899615491 1.34332959322 1.43387318926 12.8496699816 0.00692802392802 0.00048363
pedestrian -1 -1 -10 679.58 218.62 691.437 260.836 1.4689934954 1.18799892026 0.923996495545 1.38737983427 1.43367898274 12.9163263662 0.00692802392802 0.00024585
pedestrian -1 -1 -10 656.27 216.89 677.39 271.607 1.46699341089 0.951999019158 1.09599590023 1.26219808888 1.43188814562 13.0351956647 0.00692802392802 0.00014625
pedestrian -1 -1 -10 884.45 219.7 912.791 277.266 0.763996559382 0.593000010124 0.594997555951 4.24774864014 1.35125137646 9.89324934588 0.00692802392802 0.00012804
pedestrian -1 -1 -10 689.67 170.52 708.081 226.699 1.23299449682 0.537999742221 1.18799550279 2.4492302113 0.980180637707 17.7847002496 0.00692802392802 0.00012112
pedestrian -1 -1 -10 542.93 159.95 570.131 256.62 1.71999225616 0.61500030802 0.577997838654 -0.567490507698 1.41559438261 8.96010497413 0.00692802392802 0.00011648
pedestrian -1 -1 -10 747.57 164.77 758.54 207.402 1.01599551141 0.518998748017 1.18899542655 3.80458804555 1.00036695789 17.8519616366 0.00692802392802 0.00010403
pedestrian -1 -1 -10 894.05 221.42 920.937 281.51 0.938995848596 1.08099959549 0.59899772785 4.26772502813 1.38968231058 10.3420648397 0.00692802392802 7.7749e-05
pedestrian -1 -1 -10 874.51 229.68 895.579 277.685 0.938995848596 1.12599964129 0.613997538011 4.25940434118 1.38984074724 10.2236199911 0.00692802392802 7.6268e-05
pedestrian -1 -1 -10 742.78 123.67 773.976 212.012 1.96699119061 0.480000170625 1.08299587799 3.10878534225 1.06835211194 14.2937199319 0.00692802392802 7.4655e-05
pedestrian -1 -1 -10 339.97 219.04 383.747 282.082 1.0069955036 1.16999832974 0.98599612016 -3.69169027807 1.37539517296 10.5496565035 0.00692802392802 6.4628e-05
pedestrian -1 -1 -10 244.82 207.8 273.901 270.53 2.13999045491 1.1269990913 1.16899528231 -6.56176103504 1.33180850271 13.6064065368 0.00692802392802 5.8765e-05
pedestrian -1 -1 -10 316.62 211.72 342.993 276.45 0.216999013722 0.0749988047658 0.29499896856 -6.99616189232 1.46430482456 18.5988109631 0.00692802392802 2.0575e-05
pedestrian -1 -1 -10 343.69 214.91 365.312 278.569 0.960995705426 1.07699988812 1.01199604542 -3.70538510992 1.37555826731 10.4402756888 0.00692802392802 1.8763e-05
pedestrian -1 -1 -10 664.37 219.66 685.233 271.275 1.46699341089 1.14399927814 1.02099613417 1.33903083608 1.43178667986 12.9386606757 0.00692802392802 1.8489e-05
pedestrian -1 -1 -10 874.78 201.99 899.268 266.254 0.925995895266 0.85099925545 0.594997555951 4.24849066486 1.37710125878 10.0221829583 0.00692802392802 1.2826e-05
pedestrian -1 -1 -10 553.72 154.16 581.882 247.811 1.11399505958 0.585000595379 0.657997551365 -0.531300780803 0.976500258794 17.6979119615 0.00692802392802 1.0874e-05
pedestrian -1 -1 -10 254.28 199.8 288.199 284.273 1.53899308592 1.10599919708 1.06699590565 -6.40795194812 1.29937564441 13.6161529034 0.00692802392802 3.7117e-06
pedestrian -1 -1 -10 280.64 195.35 312.697 276.933 0.964995636046 1.09599992865 1.07099607755 -4.54799151249 1.39190221087 10.4226295167 0.00692802392802 3.1969e-06
pedestrian -1 -1 -10 332.01 210.76 360.68 289.594 0.960995705426 1.07699988812 1.144995443 -3.77188321133 1.37574113127 10.4407366094 0.00692802392802 6.9928e-07
pedestrian -1 -1 -10 375.61 166.66 416.23 268.2 2.34598944485 0.778999754377 1.19899537947 -4.37098973941 1.4188262327 15.302251696 0.00692802392802 7.5063e-08
pedestrian -1 -1 -10 315.81 201.69 357.828 283.352 0.216999013722 0.0749988047658 0.29499896856 -6.99616189232 1.46430482456 18.5988109631 0.00692802392802 6.9674e-08
