pedestrian -1 -1 -10 1214.0 195.23 1242.0 299.34 1.89479190171 0.811911325728 0.676999838538 6.54742439983 1.27084515657 7.10696267778 0.00753464155925 0.01203
pedestrian -1 -1 -10 1139.8 206.52 1160.01 258.797 1.96978377461 0.831908639012 0.690999773218 6.61904380475 1.32563826962 8.64938009489 0.00753464155925 0.010452
pedestrian -1 -1 -10 1130.6 203.13 1152.16 251.778 1.94878605258 0.951895379426 0.672999652843 6.61048954924 1.30553524888 8.70959495623 0.00753464155925 0.0019475
pedestrian -1 -1 -10 1145.2 204.13 1166.9 254.085 1.96778396034 1.12787574132 0.997999839458 6.77364893625 1.31771838284 8.79633781068 0.00753464155925 0.0016456
pedestrian -1 -1 -10 1126.5 194.16 1157.84 270.326 1.94278666937 0.880903057807 0.644999783484 6.59622071268 1.29902056951 8.67424955855 0.00753464155925 0.00064777
pedestrian -1 -1 -10 1076.8 230.85 1091.86 267.765 1.96578420567 1.18786958831 0.648999492343 6.61608410319 1.30651911158 9.58678492858 0.00753464155925 0.00014057
pedestrian -1 -1 -10 1107.7 196.87 1142.08 268.785 1.93878710044 1.19686842697 0.963999453138 6.77115413311 1.28264746755 9.26422541486 0.00753464155925 7.5073e-05
pedestrian -1 -1 -10 1068.4 223.56 1089.93 265.664 1.92078912961 1.19186886025 1.02599970882 6.82178566045 1.24663820241 10.4139027743 0.00753464155925 5.18e-05
pedestrian -1 -1 -10 738.97 157.25 755.459 224.986 1.91878925574 1.15887343637 0.480999799354 2.13495216917 1.58852168264 11.0187201819 0.00753464155925 2.776e-05
pedestrian -1 -1 -10 1060.5 186.15 1098.57 264.646 1.96878389727 1.18986922428 0.658999718163 6.62191186261 1.30814374705 9.69675448198 0.00753464155925 8.1034e-06
