pedestrian -1 -1 -10 461.23 120.77 529.653 307.11 1.92499144226 0.554999929065 0.51399812809 -1.39798242037 1.46159600946 8.33777774888 0.00692802392802 0.097955
pedestrian -1 -1 -10 463.57 209.37 519.535 306.28 1.92499144226 0.554999929065 0.51399812809 -1.39798242037 1.46159600946 8.33777774888 0.00692802392802 0.087531
pedestrian -1 -1 -10 891.07 225.26 919.366 281.059 0.943995821476 1.13499945972 0.651997740549 4.28390731204 1.39769274139 10.2939580922 0.00692802392802 0.054109
pedestrian -1 -1 -10 472.56 105.26 530.408 239.55 1.53899313062 0.458999322735 0.343998690151 -1.31384954879 1.07541978517 8.28896867787 0.00692802392802 0.010881
pedestrian -1 -1 -10 839.31 175.79 869.031 264.985 0.689996919036 0.0750007121131 0.577997898258 6.39288870626 0.78341462794 17.6899631848 0.00692802392802 0.0097422
pedestrian -1 -1 -10 767.27 168.3 784.522 229.315 0.763996574283 0.0840014842117 0.693997399733 4.11727192875 0.749749163711 17.6381450014 0.00692802392802 0.0048233
pedestrian -1 -1 -10 637.92 210.53 661.731 272.433 0.977995604277 0.292999069019 1.17199556025 1.18573800587 0.962791561147 17.6750783208 0.00692802392802 0.0037981
pedestrian -1 -1 -10 898.78 233.47 928.414 280.177 1.1799947679 1.17099873342 0.589997937121 4.31515606756 1.3975109687 10.3766063816 0.00692802392802 0.0030941
pedestrian -1 -1 -10 365.21 223.23 387.302 277.939 0.349998435378 0.48899998905 0.0449996688997 -3.60506406492 1.34246714424 12.902958057 0.00692802392802 0.0025628
pedestrian -1 -1 -10 772.86 171.34 786.436 217.239 2.18699017614 0.846999548077 0.967996300283 3.23785777114 1.33828561446 12.2924621429 0.00692802392802 0.0022319
pedestrian -1 -1 -10 351.29 220.77 379.597 278.177 0.955995672941 0.695000177512 0.601997737566 -3.50452421359 1.37119231705 10.2758777986 0.00692802392802 0.0010229
pedestrian -1 -1 -10 910.58 232.86 938.042 276.326 2.13299051672 1.02999903496 1.19199543627 5.3662110219 1.37305610982 11.7332751538 0.00692802392802 0.00089982
pedestrian -1 -1 -10 765.35 162.33 792.795 246.35 2.18699017614 0.846999548077 0.967996300283 3.23785777114 1.33828561446 12.2924621429 0.00692802392802 0.00059054
pedestrian -1 -1 -10 1087.8 92.676 1123.94 206.646 1.69799239933 0.926999417569 1.1949956844 8.31124096549 0.796026555327 11.651952289 0.00692802392802 0.00057163
pedestrian -1 -1 -10 301.81 217.81 335.571 283.162 1.07799516618 1.194998885 1.18499525465 -4.27038206808 1.39684845495 10.6741524833 0.00692802392802 0.00037558
pedestrian -1 -1 -10 658.7 203.41 674.444 256.899 2.29298970848 1.17999950552 1.10199586005 1.21705194722 1.47536046506 12.7280709455 0.00692802392802 0.000373
pedestrian -1 -1 -10 659.61 196.27 671.484 241.593 1.50799320638 1.15599935393 1.06699602486 1.20181265222 1.47521088013 12.8986371021 0.00692802392802 0.00032018
pedestrian -1 -1 -10 649.86 203.3 678.077 265.29 2.29298970848 0.770999385958 0.960996357086 1.14513711922 1.47579215859 12.524064439 0.00692802392802 0.00031128
pedestrian -1 -1 -10 922.64 229.01 945.908 276.164 2.24498988539 1.14399927814 1.19299536004 5.33568340788 1.39662461406 11.3094386873 0.00692802392802 0.00026425
pedestrian -1 -1 -10 471.98 122.45 512.509 210.245 1.53899313062 0.458999322735 0.343998690151 -1.31384954879 1.07541978517 8.28896867787 0.00692802392802 0.0002446
pedestrian -1 -1 -10 882.2 203.85 912.492 277.918 1.1799947679 1.17499939446 0.665997626943 4.27832103159 1.39742008177 10.5448653636 0.00692802392802 0.00023719
pedestrian -1 -1 -10 647.29 194.79 662.387 240.704 1.50799320638 1.09499952497 0.907996582805 1.12252614329 1.47539402127 12.9296873105 0.00692802392802 0.00021307
pedestrian -1 -1 -10 663.97 211.36 680.034 258.27 1.47399343848 0.972998913374 1.14599572439 1.29641669694 1.4407603659 13.064465577 0.00692802392802 0.00021072
pedestrian -1 -1 -10 490.95 104.83 519.139 225.67 0.94499579668 1.16100041866 0.292998882611 -2.24179776841 -0.0335642848054 16.6296589777 0.00692802392802 0.00012101
pedestrian -1 -1 -10 651.78 196.58 667.126 243.263 2.29298970848 0.752999749108 0.924996598125 1.12707532166 1.47585212213 12.5151895968 0.00692802392802 0.00011875
pedestrian -1 -1 -10 367.72 205.87 400.911 277.268 2.25998986363 0.411999423251 1.19599560817 -4.65912489096 1.33070386443 15.2296935351 0.00692802392802 4.5178e-05
pedestrian -1 -1 -10 895.78 211.96 939.553 274.923 2.22199010551 1.14799898552 1.19599560817 5.24268305843 1.37346295535 11.6750782207 0.00692802392802 3.1952e-05
pedestrian -1 -1 -10 493.11 208.93 518.371 307.013 1.55499303751 0.841999437025 0.774997066012 -1.50536421557 1.36379672024 12.7932327513 0.00692802392802 1.8823e-05
pedestrian -1 -1 -10 320.13 217.07 354.082 281.712 1.07199521065 1.15099924288 1.13899590041 -4.07047880747 1.39615005066 10.8027730484 0.00692802392802 1.8259e-05
pedestrian -1 -1 -10 488.85 97.092 545.924 219.012 0.865996138751 1.18999782027 0.440998328774 -2.02529892762 -0.137932383979 17.3036001854 0.00692802392802 4.6399e-06
