pedestrian -1 -1 -10 1174.0 190.06 1189.5 235.127 2.27774986768 0.950896038226 0.741999875861 6.59012219791 1.63164155402 8.44581920522 0.00753464155925 0.012457
pedestrian -1 -1 -10 1171.1 181.39 1194.29 242.843 2.27375035834 1.02888756253 0.813999880524 6.62641253122 1.626193377 8.48460223336 0.00753464155925 0.0020441
pedestrian -1 -1 -10 1104.9 90.425 1140.53 215.165 1.86179559207 1.19686842697 1.04199997476 6.54486595419 1.2073177287 9.09745276614 0.00753464155925 5.2774e-05
pedestrian -1 -1 -10 517.51 152.71 538.494 218.022 1.01188890612 0.530943877131 0.498999681311 -3.83808160486 0.608551962797 38.8663556545 0.00753464155925 2.8537e-05
pedestrian -1 -1 -10 511.33 177.58 535.546 218.339 2.40673565305 0.940896904799 0.982999739146 -2.44551844803 1.58439409312 21.7633821433 0.00753464155925 1.4021e-05
pedestrian -1 -1 -10 822.56 131.32 857.134 210.951 2.37773891234 0.911898845719 0.697999740557 7.49971999875 1.49187928578 23.4263422621 0.00753464155925 1.4014e-05
pedestrian -1 -1 -10 1166.6 73.874 1199.55 214.734 1.76980562568 1.11187865355 0.880999772277 6.72011975844 1.12289849124 8.53612363457 0.00753464155925 8.073e-06
pedestrian -1 -1 -10 1144.6 64.786 1180.85 192.686 1.5798264885 1.18586995234 0.94099969669 6.69116076104 0.933102603807 8.68376545142 0.00753464155925 7.5106e-06
pedestrian -1 -1 -10 1122.7 71.455 1159.42 205.245 1.60282402479 1.19287010859 0.90299960151 6.67293240091 0.95661648988 8.78523895972 0.00753464155925 2.252e-06
pedestrian -1 -1 -10 796.63 123.79 820.744 188.105 0.919899014232 1.02888660896 0.281000051312 7.37741065532 0.83764779211 26.2360455155 0.00753464155925 1.6168e-06
pedestrian -1 -1 -10 811.24 125.9 850.408 229.29 1.91678950107 0.953894061828 0.697999740557 7.49973607993 1.03124072546 23.4507524147 0.00753464155925 7.8899e-07
pedestrian -1 -1 -10 793.41 116.1 827.921 207.328 1.8627954098 1.12387551581 0.630999848805 7.67751731584 0.900761697712 27.8835565784 0.00753464155925 6.596e-07
