pedestrian -1 -1 -10 738.11 178.1 796.603 350.5 1.62982099593 0.603933927583 0.752999790478 1.50627203007 1.65919851777 7.3212613044 0.00753464155925 0.98223
pedestrian -1 -1 -10 723.26 175.29 774.201 338.81 1.62982099593 0.785913674175 0.76999974522 1.51545733645 1.66053935344 7.41218464286 0.00753464155925 0.081679
pedestrian -1 -1 -10 386.31 193.21 418.81 281.203 1.07688181197 0.890902191234 0.514000020042 -3.96896958925 1.94817346516 13.5685023147 0.00753464155925 0.017057
pedestrian -1 -1 -10 728.33 192.15 757.299 314.37 1.62982099593 0.603933927583 0.752999790478 1.50627203007 1.65919851777 7.3212613044 0.00753464155925 0.010154
pedestrian -1 -1 -10 764.49 193.05 801.933 311.9 1.62982099593 0.603933927583 0.752999790478 1.50627203007 1.65919851777 7.3212613044 0.00753464155925 0.010134
pedestrian -1 -1 -10 373.71 196.11 405.361 282.03 1.06188347315 0.790912764104 0.507000052702 -3.97285078705 1.93243754725 13.5186464099 0.00753464155925 0.003625
pedestrian -1 -1 -10 708.5 176.43 829.13 344.71 1.62982099593 0.603933927583 0.752999790478 1.50627203007 1.65919851777 7.3212613044 0.00753464155925 0.0027192
pedestrian -1 -1 -10 1137.1 100.37 1171.02 211.58 1.83179888463 1.15987277757 0.736999762951 4.53771998639 1.26996527273 6.22052775603 0.00753464155925 0.0018638
pedestrian -1 -1 -10 750.38 179.26 823.646 292.76 1.62982099593 0.603933927583 0.727999821973 1.51877166052 1.65918941686 7.32116725712 0.00753464155925 0.0015935
pedestrian -1 -1 -10 715.06 188.64 749.791 313.72 1.62982099593 0.589935522213 0.738999855799 1.49921952487 1.65909999728 7.31431496669 0.00753464155925 0.0014918
pedestrian -1 -1 -10 1147.6 97.144 1182.91 205.104 1.71681150114 1.19286963181 0.747999915986 4.5299659222 1.15062255863 5.92696107812 0.00753464155925 0.0013222
pedestrian -1 -1 -10 739.84 203.37 759.533 310.65 1.62982099593 0.785913674175 0.76999974522 1.51545733645 1.66053935344 7.41218464286 0.00753464155925 0.00080306
pedestrian -1 -1 -10 364.07 203.68 396.311 285.661 1.02888710391 0.597934066099 0.638999743359 -4.65605442178 1.9063190857 14.2925425175 0.00753464155925 0.0007547
pedestrian -1 -1 -10 775.16 191.57 817.508 299.96 1.62982099593 0.603933927583 0.668999824775 1.54827082415 1.65916793869 7.32094530526 0.00753464155925 0.00070202
pedestrian -1 -1 -10 743.57 206.36 778.523 326.49 1.62982099593 0.603933927583 0.752999790478 1.50627203007 1.65919851777 7.3212613044 0.00753464155925 0.00067377
pedestrian -1 -1 -10 1017.3 101.3 1045.23 169.178 0.787913481618 1.15687284683 1.0799995931 6.96257056024 0.0976019739052 11.9031711808 0.00753464155925 0.00064096
pedestrian -1 -1 -10 393.69 192.88 438.214 283.072 1.08188119865 1.17187154697 0.17600006438 -3.70516412446 1.97744955382 14.0706872337 0.00753464155925 0.00025166
pedestrian -1 -1 -10 1158.1 82.089 1195.59 199.019 1.66881679308 1.19686890375 0.779000043826 4.51311802536 1.10001909428 5.7504574454 0.00753464155925 0.00013336
pedestrian -1 -1 -10 756.81 217.55 789.578 317.95 1.62982099593 0.603933927583 0.752999790478 1.50627203007 1.65919851777 7.3212613044 0.00753464155925 0.00012678
pedestrian -1 -1 -10 740.25 176.4 791.063 269.692 1.62982099593 0.603933927583 0.752999790478 1.50627203007 1.65919851777 7.3212613044 0.00753464155925 0.0001222
pedestrian -1 -1 -10 1007.7 85.752 1052.95 178.187 0.787913481618 1.1818706804 1.10899938968 6.94777349125 0.0970278360854 11.8637859634 0.00753464155925 9.8046e-05
pedestrian -1 -1 -10 1057.0 0.0 1157.76 308.17 1.24486334979 1.1588724828 1.15900004194 5.97435074527 0.609216172303 8.59396865992 0.00753464155925 6.663e-05
pedestrian -1 -1 -10 759.31 176.66 805.161 261.989 1.62982099593 0.785913674175 0.754999764117 1.52295711472 1.6605338929 7.41212821449 0.00753464155925 5.4788e-05
pedestrian -1 -1 -10 1116.8 111.14 1149.19 222.17 1.88379310203 1.1938694498 0.720000046628 4.54734309486 1.32412926526 6.3670583701 0.00753464155925 4.8045e-05
pedestrian -1 -1 -10 1001.8 106.52 1036.18 179.548 1.14087468032 0.225975075458 1.15499937941 12.263163951 0.226997062619 21.336735789 0.00753464155925 4.5144e-05
pedestrian -1 -1 -10 1105.7 110.86 1138.08 222.83 1.23786408925 1.1708712522 1.14799941207 6.05418775794 0.607854945813 8.50532348391 0.00753464155925 2.5132e-05
pedestrian -1 -1 -10 1177.0 70.956 1209.04 184.816 1.55582916427 1.19786872174 0.779000043826 4.51294381238 0.986757618064 5.73279653423 0.00753464155925 8.4113e-06
pedestrian -1 -1 -10 1085.3 105.53 1118.76 227.94 1.24486334979 1.02088806507 1.173999427 6.04300159416 0.611431813549 8.7464400554 0.00753464155925 7.3158e-06
pedestrian -1 -1 -10 1155.9 112.05 1190.63 232.03 1.98178239203 1.19686890375 0.910999972902 4.53641542821 1.41139815615 5.6419741653 0.00753464155925 2.0999e-06
pedestrian -1 -1 -10 993.35 107.69 1021.28 181.053 0.981892139082 0.229974347401 1.09399952778 11.99386347 0.0686844250354 21.3719367806 0.00753464155925 5.6886e-07
pedestrian -1 -1 -10 1064.5 107.98 1098.08 233.43 1.24486334979 0.923898568687 1.14599955764 5.88280829001 0.6131254939 8.85413637044 0.00753464155925 1.7701e-07
