pedestrian -1 -1 -10 818.57 183.82 846.186 253.228 1.56499300748 0.835999875966 0.775997108986 6.1652460693 1.79792454979 18.6677346176 0.00692802392802 0.94712
pedestrian -1 -1 -10 977.7 186.91 1009.37 271.319 1.75399217308 0.844000244385 0.739997469234 7.80408995106 1.87287507985 13.8852405978 0.00692802392802 0.81943
pedestrian -1 -1 -10 625.67 177.46 659.094 303.8 1.6179927364 1.17199866026 0.813996938997 0.277057590855 1.53307156492 7.3819109806 0.00692802392802 0.25822
pedestrian -1 -1 -10 581.83 173.43 654.765 320.16 0.879996037483 0.593999460131 0.774997095814 0.0219983183276 1.43420542646 11.3790909295 0.00692802392802 0.2493
pedestrian -1 -1 -10 816.92 186.3 834.932 247.904 1.6259927243 0.884999629137 0.775997108986 6.16516044869 1.85895275954 18.6432702179 0.00692802392802 0.19994
pedestrian -1 -1 -10 568.74 179.51 632.124 264.275 0.835996264219 0.573999969594 0.574997828938 0.140666405553 1.29089762646 13.1101703082 0.00692802392802 0.17565
pedestrian -1 -1 -10 603.62 180.66 678.567 297.13 1.6179927364 1.17699924815 0.846996822352 0.260270536038 1.53316520081 7.34052651538 0.00692802392802 0.16658
pedestrian -1 -1 -10 572.27 177.47 601.346 245.11 1.43099355847 0.54099809224 0.394998527493 -0.370469246036 1.47164268356 31.173521559 0.00692802392802 0.16009
pedestrian -1 -1 -10 829.54 184.82 852.481 247.231 1.6259927243 0.884999629137 0.775997108986 6.16516044869 1.85895275954 18.6432702179 0.00692802392802 0.14273
pedestrian -1 -1 -10 429.59 172.61 447.522 237.67 1.4769934237 0.419000341663 0.468998578399 -7.02777263011 1.34595370347 31.2154715224 0.00692802392802 0.10225
pedestrian -1 -1 -10 568.91 177.99 586.261 240.81 0.676996995509 0.461002037443 0.469998204143 -0.874137068777 0.957675776257 32.3598805422 0.00692802392802 0.091395
pedestrian -1 -1 -10 694.93 199.79 718.541 256.524 1.01199547648 0.799998694919 1.18299540712 2.34943815165 1.63767141216 15.8512366395 0.00692802392802 0.051877
pedestrian -1 -1 -10 791.14 178.91 803.975 232.318 0.905996003747 0.415000634291 0.573997249523 9.1416014619 1.19286794176 32.5226365921 0.00692802392802 0.025827
pedestrian -1 -1 -10 420.06 177.96 443.682 250.996 2.42198919952 0.965997994962 0.848996550676 -3.79415846899 1.48294774435 15.5537918546 0.00692802392802 0.019286
pedestrian -1 -1 -10 860.66 187.59 872.688 223.287 0.0999995529652 0.0 0.0 21.5260351792 2.66717476527 56.6061152635 0.0 0.015598
pedestrian -1 -1 -10 815.72 188.18 827.367 234.347 1.6259927243 0.880998014417 0.67499765609 6.04057632123 1.85947495163 18.4871304991 0.00692802392802 0.014152
pedestrian -1 -1 -10 450.49 175.15 464.806 231.172 1.06899521798 0.423999499042 0.202998829558 -6.17034735208 1.12434081979 30.5589943309 0.00692802392802 0.012331
pedestrian -1 -1 -10 426.95 175.02 457.099 253.713 0.793996396661 0.293998519025 0.288998710711 -3.50993006176 1.35978747559 15.8886343878 0.00692802392802 0.010122
pedestrian -1 -1 -10 161.78 181.88 181.427 239.965 0.549997529388 0.459998772742 0.362998553002 -12.4938047652 0.967261994527 20.5226745767 0.00692802392802 0.0095286
pedestrian -1 -1 -10 820.1 216.16 834.217 251.144 1.6259927243 0.803998402292 0.751997508096 6.07880859699 1.85941385736 18.4483647675 0.00692802392802 0.0082582
pedestrian -1 -1 -10 593.63 180.9 656.704 265.264 1.6179927364 1.15999906131 0.846996822352 0.259913743682 1.53322509475 7.28902746579 0.00692802392802 0.0073448
pedestrian -1 -1 -10 806.44 184.62 826.325 238.323 0.111999464035 0.258998695332 0.421998346714 15.1108708598 1.33784398701 50.5013547102 0.00692802392802 0.0072571
pedestrian -1 -1 -10 562.79 169.63 616.461 297.39 1.04899531156 0.825999653861 0.737997252899 -0.311144335328 1.49711212166 16.6345027929 0.00692802392802 0.0071638
pedestrian -1 -1 -10 1052.2 193.73 1064.44 228.425 0.103999483586 0.199001177397 0.469999455835 29.1106697546 1.97922975501 44.3889655193 0.00692802392801 0.0067439
pedestrian -1 -1 -10 162.08 181.32 192.783 256.848 0.108999456465 0.195999012684 0.0369995635187 -12.2117499839 0.780813238443 19.3617310698 0.00692802392802 0.0063347
pedestrian -1 -1 -10 969.23 188.57 981.595 227.38 1.75399217308 1.15299909657 0.695997485682 7.82873243096 1.8723709059 14.2665784655 0.00692802392802 0.0060521
pedestrian -1 -1 -10 441.51 173.98 460.58 232.827 0.269998809695 0.0459994958047 0.00899979072933 -5.76054841109 0.979830201799 27.3973743532 0.00692802392802 0.0058238
pedestrian -1 -1 -10 1056.1 193.6 1068.21 223.939 0.103999483586 0.199001177397 0.469999455835 29.1106697546 1.97922975501 44.3889655193 0.00692802392801 0.0054919
pedestrian -1 -1 -10 969.1 187.0 1001.46 249.044 1.75399217308 0.825999653861 0.653997349663 7.76102857041 1.8730037906 13.8765385592 0.00692802392802 0.0053765
pedestrian -1 -1 -10 304.76 184.87 320.59 243.669 0.0999995529652 0.0 0.0 -13.6998354125 1.14750837764 33.7078271262 0.0 0.0044513
pedestrian -1 -1 -10 431.69 189.57 447.924 258.431 2.37298939377 0.773998689651 0.837996912414 -3.78806126624 1.43382116901 15.6497230577 0.00692802392802 0.0035907
pedestrian -1 -1 -10 724.76 201.42 744.857 249.853 0.926995877921 0.63199954119 0.622997805576 3.27092799237 1.63560648439 18.9319755215 0.00692802392802 0.0032259
pedestrian -1 -1 -10 984.05 183.63 1024.84 266.056 1.75399217308 1.10699864709 0.695997485682 7.82756853481 1.87256628657 14.0985828667 0.00692802392802 0.0031666
pedestrian -1 -1 -10 686.08 198.48 711.251 255.676 0.963995712995 0.733998754905 0.532997990941 1.87251726646 1.61829400562 14.708518003 0.00692802392802 0.0023424
pedestrian -1 -1 -10 786.58 178.16 808.592 240.862 0.905996003747 0.415000634291 0.573997249523 9.1416014619 1.19286794176 32.5226365921 0.00692802392802 0.0021763
pedestrian -1 -1 -10 434.94 170.61 469.594 288.56 1.91599146426 0.367999781132 0.607997995415 -5.12611294254 1.57363575162 26.0336786089 0.00692802392802 0.0018353
pedestrian -1 -1 -10 866.82 187.69 878.438 221.024 0.377998307347 0.250999280587 0.298998663624 17.6515439863 2.10339086608 45.6483684759 0.00692802392802 0.0018242
pedestrian -1 -1 -10 313.54 181.8 332.055 245.803 1.54899307638 1.09299871761 0.903996410906 -5.90550678859 1.12610423871 15.2640050613 0.00692802392802 0.0017435
pedestrian -1 -1 -10 824.63 193.25 840.389 251.165 1.6259927243 0.884999629137 0.775997108986 6.16516044869 1.85895275954 18.6432702179 0.00692802392802 0.0016435
pedestrian -1 -1 -10 6.5987 164.3 42.2337 251.934 0.306998644769 0.458999322735 0.210999650192 -24.4434566285 0.794694363918 30.5961499927 0.00692802392802 0.0015148
pedestrian -1 -1 -10 503.1 193.69 520.693 257.767 0.0999995529652 0.0 0.0 -3.00296432217 1.56535690883 26.4110240165 0.0 0.0012379
pedestrian -1 -1 -10 157.64 174.49 174.691 230.337 2.04599086344 0.90399919283 0.974996481898 -3.14016144806 1.47227745108 4.94820594619 0.00692802392802 0.00097059
pedestrian -1 -1 -10 694.09 190.16 735.83 257.576 1.01199547648 1.11299916182 1.00799623114 2.51926483557 1.63681947133 16.1865670603 0.00692802392802 0.00095788
pedestrian -1 -1 -10 308.59 190.23 325.805 254.643 1.5349930808 1.09899923234 0.633997443837 -6.02329637087 1.11272094792 15.0088068642 0.00692802392802 0.00086604
pedestrian -1 -1 -10 558.74 175.53 586.622 274.236 2.45998895764 0.839999583339 0.761997103383 -0.83233790164 1.52174916546 15.5802965581 0.00692802392802 0.00074937
pedestrian -1 -1 -10 303.03 177.01 329.696 237.375 0.867996130139 0.246999573214 0.453998768238 -11.6551361635 0.750850125072 29.349144998 0.00692802392803 0.00066476
pedestrian -1 -1 -10 840.87 188.9 852.644 238.969 1.56499300748 0.884999629137 0.642997234566 6.23157467475 1.79777017811 18.6427744068 0.00692802392802 0.00063778
pedestrian -1 -1 -10 797.41 182.3 808.961 229.957 1.09099511951 0.416999534303 0.573997249523 9.14184963683 1.37786821987 32.5217429767 0.00692802392802 0.00059395
pedestrian -1 -1 -10 708.75 202.24 741.525 256.773 1.01199547648 0.936999639674 0.819997092538 2.61140545836 1.63687266516 15.9179229746 0.00692802392802 0.00058802
pedestrian -1 -1 -10 730.06 219.13 742.235 255.037 1.01199547648 0.636998698569 0.60299789975 2.72042204447 1.63648708451 15.9921689043 0.00692802392802 0.00049829
pedestrian -1 -1 -10 488.45 198.54 512.301 257.074 1.15099482387 0.823998846501 1.16799565657 -1.34150512674 1.42870048944 8.98731421095 0.00692802392802 0.00049495
pedestrian -1 -1 -10 718.12 181.5 747.896 249.001 0.326998536289 0.182998533213 0.154999150943 7.52823825039 1.65737255512 38.5978404294 0.00692802392802 0.00048603
pedestrian -1 -1 -10 251.65 195.26 293.285 307.79 1.1139950186 1.10699960076 0.99599631149 -4.09327783097 1.38872463644 8.60684413748 0.00692802392802 0.00040691
pedestrian -1 -1 -10 154.57 178.25 182.339 261.374 2.04599086344 0.991998953904 0.990996454243 -3.14785641228 1.47224827871 4.99226022003 0.00692802392802 0.00040126
pedestrian -1 -1 -10 442.24 184.38 495.601 292.28 0.98499558717 0.887000436497 1.08299611641 -3.68534153553 1.53458815781 19.9825435558 0.00692802392802 0.00039667
pedestrian -1 -1 -10 737.35 211.58 752.687 254.629 0.0999995529652 0.0 0.0 4.88048395586 1.5183815295 25.7413368411 0.0 0.00029586
pedestrian -1 -1 -10 311.22 164.69 352.111 285.0 1.54899307638 0.910999634406 0.903996410906 -5.90487634663 1.12599840781 15.355002419 0.00692802392802 0.0002716
pedestrian -1 -1 -10 674.05 184.91 706.442 258.892 0.419998174906 0.322999735334 0.316998721918 2.80379723107 1.57423684685 24.7540784465 0.00692802392802 0.00026477
pedestrian -1 -1 -10 299.5 173.83 325.238 291.34 1.5279931426 0.957998580217 0.665997388526 -6.02425181819 1.1053844349 15.3053165436 0.00692802392802 0.00024587
pedestrian -1 -1 -10 501.09 193.75 513.114 241.815 0.66499696523 0.711999410682 0.395998421457 -3.01596424205 1.46050480657 22.8135756674 0.00692802392802 0.00023818
pedestrian -1 -1 -10 727.28 187.83 755.897 250.979 0.0999995529652 0.0 0.0 7.49885477094 1.6936781157 39.2767360976 0.0 0.00022635
pedestrian -1 -1 -10 500.49 195.06 531.442 268.291 1.05199537873 0.836999325973 1.08899595703 -1.12124461426 1.44532923385 8.78135988021 0.00692802392802 0.00022558
pedestrian -1 -1 -10 284.0 180.33 319.396 276.929 1.58599285185 0.900999412301 0.813997073107 -5.58001863604 1.16928419174 13.4477338499 0.00692802392802 0.00020696
pedestrian -1 -1 -10 158.53 205.37 184.573 270.906 1.0139954716 0.59700067117 0.441997775705 -9.17265868531 0.230507847631 15.7929223268 0.00692802392802 0.00020562
pedestrian -1 -1 -10 1039.0 191.21 1069.74 250.205 0.104999645054 0.170997503748 0.486997683022 28.526551994 1.98528249234 44.8770300186 0.00692802392802 0.00016962
pedestrian -1 -1 -10 329.39 167.58 366.736 285.79 1.5759929806 0.503999368534 0.536997686005 -11.2927313178 1.2549646038 31.8713709777 0.00692802392802 0.00016656
pedestrian -1 -1 -10 975.51 193.4 990.654 267.096 1.75399217308 1.00699928706 0.686997218118 7.77815508817 1.87285316859 13.9669218401 0.00692802392802 0.00013426
pedestrian -1 -1 -10 268.49 187.49 304.33 304.87 2.0719907403 0.913998938098 1.18599541684 -5.02116251773 1.35521764372 11.2832422933 0.00692802392802 0.00013314
pedestrian -1 -1 -10 439.14 210.79 477.822 294.866 0.602997325361 0.638999505929 0.197999210728 -3.53787417252 1.48286360066 15.0165612002 0.00692802392802 0.00013259
pedestrian -1 -1 -10 974.22 186.97 989.22 234.661 1.75399217308 0.951999972832 0.635997768204 7.75246545898 1.87295527054 13.9395995858 0.00692802392802 0.0001232
pedestrian -1 -1 -10 740.31 192.68 754.479 249.511 1.4599934876 0.625999026458 0.446998348205 5.8512569385 1.76630741844 26.9581398231 0.00692802392802 0.0001129
pedestrian -1 -1 -10 160.26 209.58 191.29 312.86 0.125999459624 0.393999786401 0.258999805643 -9.18095311883 1.29351940174 14.9362107969 0.00692802392802 9.2364e-05
pedestrian -1 -1 -10 444.02 193.34 467.139 243.49 2.22999005616 0.476998959585 0.734997373568 -5.06267018647 1.57339775515 26.0875571711 0.00692802392802 8.5459e-05
pedestrian -1 -1 -10 458.32 242.15 484.553 296.149 0.252998866141 0.0520000105371 0.028000011207 -2.0649323459 1.35780239161 11.5198287256 0.00692802392802 8.0803e-05
pedestrian -1 -1 -10 637.39 166.01 672.394 289.95 1.6179927364 1.17999902868 0.754997160186 0.306709185716 1.53296485935 7.40370580503 0.00692802392802 7.478e-05
pedestrian -1 -1 -10 321.96 181.22 335.393 248.393 1.54899307638 0.910999634406 0.903996410906 -5.90487634663 1.12599840781 15.355002419 0.00692802392802 7.3186e-05
pedestrian -1 -1 -10 1144.1 210.66 1196.11 263.269 1.76899213642 0.794999299122 0.962996204618 2.84196639283 1.65458417553 3.37259595201 0.00692802392802 7.0882e-05
pedestrian -1 -1 -10 151.97 223.15 180.462 290.886 2.04599086344 0.991998953904 0.994996387724 -3.14985633098 1.47225377831 4.99227408214 0.00692802392802 6.961e-05
pedestrian -1 -1 -10 641.95 183.99 667.036 261.82 1.6179927364 1.17899910184 0.768997106185 0.299373375845 1.53304051261 7.35525569719 0.00692802392802 5.4277e-05
pedestrian -1 -1 -10 407.78 170.93 429.668 246.686 2.37298939377 1.06799816235 0.793996928863 -3.82207851315 1.43408287108 15.5029555751 0.00692802392802 4.9972e-05
pedestrian -1 -1 -10 151.77 171.51 168.551 235.747 0.0999995529652 0.0 0.0 -19.3176031808 0.537132814193 31.8419916003 0.0 4.0373e-05
pedestrian -1 -1 -10 97.508 163.2 138.355 291.21 2.02499095947 1.03599907286 1.15599579652 -5.5972469348 1.31444070008 8.10613490813 0.00692802392802 3.7182e-05
pedestrian -1 -1 -10 295.28 110.38 329.103 194.807 0.321998563409 0.275999835849 1.19699577035 -4.5229278852 -0.391010556712 11.1557745009 0.00692802392802 3.1636e-05
pedestrian -1 -1 -10 298.74 135.77 328.94 229.482 0.292998678982 0.267001924772 0.17999962927 -14.7187174595 -0.207497567622 37.9118012361 0.00692802392802 2.6284e-05
pedestrian -1 -1 -10 662.24 180.46 697.473 256.459 0.432998128235 0.593999460131 0.483998150142 2.719342858 1.57462404224 24.619153151 0.00692802392802 1.9224e-05
pedestrian -1 -1 -10 619.85 266.03 640.546 328.036 1.72999222428 1.19599928868 1.19199552568 0.248256759857 1.64530853943 7.24417274312 0.00692802392802 1.1762e-05
pedestrian -1 -1 -10 651.15 184.03 669.215 246.894 2.37598940134 0.820998589135 0.382998578037 1.82465716469 1.26780900673 20.486263067 0.00692802392802 8.4982e-06
pedestrian -1 -1 -10 652.29 181.87 689.689 283.25 1.09199516177 1.17199818342 0.963996366802 1.61133084831 1.59826244257 15.3652457031 0.00692802392802 6.9789e-06
pedestrian -1 -1 -10 1026.2 102.97 1057.96 197.986 0.101999518275 0.173999668461 0.341997769739 32.5041358631 -2.08566392241 50.9603903598 0.00692802392801 2.3054e-06
pedestrian -1 -1 -10 320.66 59.303 365.201 226.153 1.44499350935 1.10699960076 1.1639959019 -4.12194473526 0.725727534076 11.2921453404 0.00692802392802 1.0315e-06
pedestrian -1 -1 -10 1124.7 150.39 1188.13 274.18 1.64699258357 0.794999299122 0.947996394457 2.83429844021 1.53260524627 3.3725781572 0.00692802392802 3.7265e-07
