pedestrian -1 -1 -10 574.77 176.18 587.13 200.629 0.377958555454 0.267972198707 0.37299979236 -1.84168792496 1.89155231984 52.7120417777 0.00753464155925 0.64326
pedestrian -1 -1 -10 560.11 179.03 572.632 202.688 0.102988712428 0.215975942031 0.318999908072 -2.80707564593 1.24219446724 52.447855978 0.00753464155925 0.55698
pedestrian -1 -1 -10 565.68 179.15 577.344 203.659 0.102988712428 0.215975942031 0.318999908072 -2.80707564593 1.24219446724 52.447855978 0.00753464155925 0.045705
pedestrian -1 -1 -10 203.56 182.03 276.05 277.211 0.87290414253 0.44295131226 0.826999887989 -5.83081506537 0.931541653082 11.2257448706 0.00753464155925 0.034033
pedestrian -1 -1 -10 215.06 178.02 251.941 264.355 0.877903588803 0.504944795223 0.92699976201 -5.8810455928 0.936118623752 11.1950881793 0.00753464155925 0.0021137
pedestrian -1 -1 -10 502.56 188.87 516.725 224.841 0.466948711039 0.703923354713 0.706000111949 -4.13792027612 1.30216804323 29.0264556311 0.00753464155925 0.001865
pedestrian -1 -1 -10 152.29 190.51 204.287 278.804 0.64792884791 0.349961087815 0.829999669633 -6.32055420234 0.855396413126 11.0593731779 0.00753464155925 0.0013545
pedestrian -1 -1 -10 149.47 194.94 190.677 253.705 1.62982101083 1.19486974457 0.161000202486 -7.16554494555 0.957459779847 11.0349922131 0.00753464155925 0.00045621
pedestrian -1 -1 -10 649.35 174.23 661.877 206.036 0.891902061463 0.191976496095 0.218999795632 3.15730309963 1.04133077388 45.6217908706 0.00753464155925 0.00040465
pedestrian -1 -1 -10 163.25 178.78 233.829 284.73 0.803911701265 0.349961087815 1.0399996435 -6.21560158269 0.861319289024 11.0596493235 0.00753464155925 0.00021781
pedestrian -1 -1 -10 507.7 186.34 522.5 227.036 0.298967173219 0.0719907092506 0.098000019592 -3.96545684761 1.97049974971 31.0082939508 0.00753464155925 0.00014734
pedestrian -1 -1 -10 232.84 184.05 248.207 233.215 0.87290414253 0.44295131226 0.842999677098 -5.83881473349 0.931547477594 11.2258050601 0.00753464155925 9.921e-05
pedestrian -1 -1 -10 222.83 184.0 257.226 239.902 0.87290414253 0.44295131226 0.849999644437 -5.8423146181 0.931550025839 11.2258313933 0.00753464155925 4.0956e-05
pedestrian -1 -1 -10 235.59 182.51 266.979 240.582 0.87090438786 0.44295131226 0.599999720965 -5.71731881097 0.929459262007 11.2249057269 0.00753464155925 3.364e-05
pedestrian -1 -1 -10 750.6 208.49 786.403 298.071 1.42784316683 0.861906039293 0.660999811011 2.30187844826 1.64327681776 9.38429252297 0.00753464155925 2.7454e-05
pedestrian -1 -1 -10 247.86 191.12 268.701 238.579 0.87090438786 0.44295131226 0.599999720965 -5.71731881097 0.929459262007 11.2249057269 0.00753464155925 1.9517e-05
pedestrian -1 -1 -10 210.26 182.02 237.003 241.145 1.87679393089 1.19186981382 0.294999985991 -7.24762159884 1.15364794587 13.5433805602 0.00753464155925 1.5938e-05
