pedestrian -1 -1 -10 288.17 133.02 308.574 190.378 1.87079460728 1.16687198026 0.892000402149 -7.50518916599 1.08488286486 17.263307525 0.00753464155925 0.00031637
pedestrian -1 -1 -10 275.77 137.31 301.653 191.004 1.88479300917 1.18687024711 1.1849991032 -7.67813444332 1.09105884923 17.4706506167 0.00753464155925 7.2737e-05
pedestrian -1 -1 -10 214.24 229.0 244.632 266.429 1.51283386523 0.943896835541 1.1360002855 -8.39060013107 1.6419388674 16.2104374962 0.00753464155925 3.8429e-05
pedestrian -1 -1 -10 1145.7 149.75 1181.0 265.92 1.88079349983 1.10487897408 1.19299947459 6.28844006508 1.23683194476 8.17596110694 0.00753464155925 8.3854e-06
pedestrian -1 -1 -10 432.56 179.27 459.281 243.799 0.948895784738 0.61493430935 0.799999707426 -4.1265168871 1.76196719992 19.3562967281 0.00753464155925 7.4255e-06
pedestrian -1 -1 -10 284.03 123.82 321.067 202.728 0.369959298381 0.467949145828 0.107999768576 -8.82632925446 -0.488323018017 21.4495183053 0.00753464155925 5.1914e-06
pedestrian -1 -1 -10 365.78 167.98 392.985 241.423 0.888902384759 0.563937393875 0.736999286114 -7.75090984475 1.23409752917 24.3501606243 0.00753464155925 3.5847e-06
pedestrian -1 -1 -10 374.0 172.8 387.761 236.57 0.888902384759 0.563937393875 0.736999286114 -7.75090984475 1.23409752917 24.3501606243 0.00753464155925 3.5285e-06
pedestrian -1 -1 -10 1178.9 138.98 1213.81 265.39 1.87179448461 1.13787535153 1.19699966029 6.58065469806 1.23508656318 8.07020438847 0.00753464155925 2.875e-06
pedestrian -1 -1 -10 1157.5 146.31 1191.46 269.77 1.88479306876 1.08488070722 1.1979995875 6.3968603923 1.23660492051 8.16517554126 0.00753464155925 2.6004e-06
pedestrian -1 -1 -10 378.44 175.17 391.237 232.872 0.888902384759 0.709921309057 0.655999936519 -7.70986135323 1.23514862354 24.4228457988 0.00753464155925 1.6501e-06
pedestrian -1 -1 -10 268.99 116.5 297.445 191.232 1.71781140828 1.16587263906 1.17999994396 -7.74022574293 0.932078160188 17.2667080488 0.00753464155925 7.812e-09
