pedestrian -1 -1 -10 852.33 148.02 915.977 317.18 1.7739920646 0.551000221692 0.468998339981 3.05514225741 1.45441927125 7.37298229777 0.00692802392802 0.89762
pedestrian -1 -1 -10 882.81 210.95 915.961 312.41 0.896996040642 0.660998850151 0.496998351188 4.30760543921 1.36191932885 10.0387732278 0.00692802392802 0.24509
pedestrian -1 -1 -10 834.58 157.85 895.438 268.98 0.785996490717 0.139999294774 0.588998013355 6.39131119626 0.784410013041 17.6974193273 0.00692802392802 0.23371
pedestrian -1 -1 -10 864.1 219.08 910.674 317.2 1.7739920646 0.551000221692 0.468998339981 3.05514225741 1.45441927125 7.37298229777 0.00692802392802 0.028834
pedestrian -1 -1 -10 866.37 167.83 910.256 273.02 1.7739920646 0.551000221692 0.468998339981 3.05514225741 1.45441927125 7.37298229777 0.00692802392802 0.028733
pedestrian -1 -1 -10 888.91 215.78 909.222 296.129 0.827996343374 0.586999495392 0.496998351188 4.30741667345 1.35196241307 10.0018024639 0.00692802392802 0.0093529
pedestrian -1 -1 -10 897.21 219.71 914.49 280.352 1.7739920646 0.551000221692 0.468998339981 3.05514225741 1.45441927125 7.37298229777 0.00692802392802 0.0076032
pedestrian -1 -1 -10 322.2 207.72 345.52 253.792 2.005990991 0.417999937983 1.19499520757 -5.82672027914 1.06070427753 15.4216210386 0.00692802392802 0.0032032
pedestrian -1 -1 -10 332.88 245.44 356.222 287.708 0.969995728135 0.702999592257 1.0509959333 -3.71429393357 1.37681385512 10.2383289886 0.00692802392802 0.00058097
pedestrian -1 -1 -10 860.28 191.19 898.077 295.16 1.7739920646 0.551000221692 0.468998339981 3.05514225741 1.45441927125 7.37298229777 0.00692802392802 0.00052196
pedestrian -1 -1 -10 367.25 209.77 396.356 279.555 1.00799554586 1.14299887446 0.685997532769 -3.52694773684 1.37298277072 10.5130108322 0.00692802392802 0.00045425
pedestrian -1 -1 -10 989.12 231.12 1014.77 277.725 0.984995646775 1.06399940865 0.853996884759 5.90958844665 1.4107708869 10.6771965111 0.00692802392802 0.00045069
pedestrian -1 -1 -10 310.22 208.63 338.918 279.439 0.969995728135 1.15399950025 1.10899556483 -4.11267897807 1.37764455954 10.4725954042 0.00692802392802 0.00040923
pedestrian -1 -1 -10 887.92 222.38 901.27 286.407 1.7739920646 0.551000221692 0.468998339981 3.05514225741 1.45441927125 7.37298229777 0.00692802392802 0.00036649
pedestrian -1 -1 -10 329.23 240.22 347.328 282.809 1.0549953267 1.09699842498 1.15299554838 -4.00294591571 1.37703647955 10.7392915478 0.00692802392802 0.00033743
pedestrian -1 -1 -10 890.51 205.89 924.527 277.291 1.7739920646 0.551000221692 0.468998339981 3.05514225741 1.45441927125 7.37298229777 0.00692802392802 0.00025267
pedestrian -1 -1 -10 331.93 209.8 344.372 266.592 0.971995693445 1.06299900497 1.19899537947 -3.87103962807 1.37903895763 10.4194206385 0.00692802392802 0.00022202
pedestrian -1 -1 -10 921.48 224.81 938.075 276.26 2.21699013263 0.890999190196 1.18599589367 5.67721441974 1.35584185421 12.0445597533 0.00692802392802 0.00016562
pedestrian -1 -1 -10 876.9 207.2 903.655 269.619 1.7739920646 0.551000221692 0.468998339981 3.05514225741 1.45441927125 7.37298229777 0.00692802392802 0.00015724
pedestrian -1 -1 -10 306.32 218.72 328.675 280.091 1.02399541736 1.04299856076 1.14699552895 -4.49707349961 1.3539194063 11.1587162256 0.00692802392802 0.00014758
pedestrian -1 -1 -10 762.76 172.71 774.246 219.638 0.763996574283 0.0919989916094 0.816997082822 4.02673992391 0.750003838583 17.6337722778 0.00692802392802 0.00011319
pedestrian -1 -1 -10 480.76 91.959 529.53 217.459 1.22899451405 1.18299976288 0.325998751065 -2.25119965056 0.249509418453 16.5878873331 0.00692802392802 0.00010405
pedestrian -1 -1 -10 852.29 150.15 889.218 233.427 2.21599003077 1.00799969074 1.19699553193 4.57485666707 1.35485314645 12.0696968242 0.00692802392802 6.8164e-05
pedestrian -1 -1 -10 328.22 220.48 354.486 285.437 0.969995728135 0.72599934016 1.0509959333 -3.7142142628 1.37680048097 10.2498285866 0.00692802392802 6.1601e-05
pedestrian -1 -1 -10 290.97 202.63 331.317 277.693 0.221998986602 0.120000757912 0.224999059752 -7.69840480128 1.50112903004 18.6972185608 0.00692802392802 3.9162e-05
pedestrian -1 -1 -10 994.19 217.65 1022.66 282.347 2.26798984408 1.11199971182 1.19599560817 6.73163044671 1.39337059781 11.6627590909 0.00692802392802 2.104e-05
pedestrian -1 -1 -10 906.91 219.11 947.528 282.114 2.16199037135 1.10299893972 1.19699553193 5.52814554803 1.38737336034 11.9396586147 0.00692802392802 2.0567e-05
pedestrian -1 -1 -10 322.5 228.57 342.239 277.686 1.0549953267 1.18899932394 1.15299554838 -4.11254809884 1.37727267173 10.7970527279 0.00692802392802 1.8978e-05
pedestrian -1 -1 -10 864.64 142.07 895.53 244.3 1.7739920646 0.551000221692 0.468998339981 3.05514225741 1.45441927125 7.37298229777 0.00692802392802 1.0509e-05
pedestrian -1 -1 -10 262.74 217.31 308.148 281.221 0.964995636046 0.724999890153 1.02399584586 -4.5376937139 1.39207236486 10.2490540281 0.00692802392802 1.528e-07
