pedestrian -1 -1 -10 876.31 151.96 972.947 312.78 1.82899184078 0.576000300118 0.911996516287 3.36375190813 1.45620953334 7.68632211343 0.00692802392802 0.95378
pedestrian -1 -1 -10 830.85 167.53 873.681 266.485 0.785996505618 0.0839995768644 0.57999774579 6.38968388791 0.783435088108 17.6794293744 0.00692802392802 0.23784
pedestrian -1 -1 -10 849.09 154.58 925.365 299.91 1.82899184078 0.576000300118 0.848996789093 3.33225280118 1.45629615313 7.68654044424 0.00692802392802 0.037333
pedestrian -1 -1 -10 325.57 237.42 350.946 282.748 1.0549952969 1.10299893972 1.19099575092 -4.03074721855 1.37607970654 10.7684840441 0.00692802392802 0.03255
pedestrian -1 -1 -10 838.04 165.6 892.708 287.03 2.05399081409 0.746999234376 0.84599654096 4.54556923637 1.19253176169 12.4213138607 0.00692802392802 0.024774
pedestrian -1 -1 -10 361.67 229.74 387.531 278.847 0.967995643616 0.874999407032 0.654997511847 -3.51441428231 1.38212116181 10.3619541383 0.00692802392802 0.010357
pedestrian -1 -1 -10 335.22 224.1 351.936 277.822 0.965995678306 0.762999017539 1.05399618144 -3.71439654141 1.38075119796 10.2933373133 0.00692802392802 0.0085869
pedestrian -1 -1 -10 913.8 179.18 976.967 312.54 1.82899184078 0.576000300118 0.805996967726 3.41675040931 1.4560637921 7.68595476314 0.00692802392802 0.0055166
pedestrian -1 -1 -10 312.36 222.23 344.278 278.842 1.0549952969 1.17799869816 1.10099569787 -4.1028500682 1.38146273919 10.6074854041 0.00692802392802 0.0036086
pedestrian -1 -1 -10 350.46 237.31 381.284 281.06 0.938995848596 0.678999440675 0.733997211385 -3.55463211247 1.3533439576 10.2642137005 0.00692802392802 0.0024281
pedestrian -1 -1 -10 767.33 172.25 784.34 237.213 0.762996576726 0.0810012268455 0.632997520071 4.1207906314 0.749736632032 17.6406208324 0.00692802392802 0.0016047
pedestrian -1 -1 -10 290.34 212.87 316.852 265.17 1.08199521601 0.791999280174 0.930996259929 -4.81861560085 1.34754773893 11.3844085417 0.00692802392802 0.001542
pedestrian -1 -1 -10 1088.3 90.933 1124.19 207.293 1.58999290168 0.693999773832 1.19699553193 8.1883393602 0.689489867374 11.5432400338 0.00692802392802 0.0008719
pedestrian -1 -1 -10 344.69 247.82 374.669 283.717 1.01699544936 1.19199862763 1.02799625618 -3.69923435765 1.38234151632 10.6147126946 0.00692802392802 0.00083388
pedestrian -1 -1 -10 1057.8 90.009 1092.68 206.019 1.74599222243 0.595999313817 1.19699600877 7.59930334533 0.853156479196 11.5064196856 0.00692802392802 0.00081029
pedestrian -1 -1 -10 358.11 252.38 380.261 286.78 0.992995537818 0.66899921857 0.941996613444 -3.69834437042 1.31250558602 11.3431571293 0.00692802392802 0.00074335
pedestrian -1 -1 -10 648.07 192.35 660.174 243.13 1.48499332219 1.09999963602 0.749997183729 1.18548710814 1.43704984737 13.078723947 0.00692802392802 0.00049358
pedestrian -1 -1 -10 306.64 214.67 326.74 276.225 0.973995658755 1.08699915655 1.18299540712 -4.19397819961 1.38992244905 10.425669304 0.00692802392802 0.00035115
pedestrian -1 -1 -10 372.41 240.25 394.478 281.835 1.04399530888 1.19599928868 0.654997511847 -3.51252843628 1.36377873756 10.6563826868 0.00692802392802 0.00034645
pedestrian -1 -1 -10 356.04 217.59 373.296 271.494 0.938995848596 0.678999440675 0.733997211385 -3.55463211247 1.3533439576 10.2642137005 0.00692802392802 0.00029982
pedestrian -1 -1 -10 332.26 219.78 345.226 269.581 0.965995678306 0.713999264368 1.05399618144 -3.71456627578 1.3807796909 10.2688380246 0.00692802392802 0.00021965
pedestrian -1 -1 -10 259.15 196.47 296.002 280.435 1.40799371153 0.829999361234 1.01199628383 -6.34759351028 1.25907966642 13.7297667006 0.00692802392802 0.00013438
pedestrian -1 -1 -10 337.43 215.81 366.241 278.307 0.199999129772 0.111999435819 0.219999440922 -4.32607438315 1.18050676225 13.7323726055 0.00692802392802 9.6688e-05
pedestrian -1 -1 -10 478.84 85.617 529.7 221.537 1.33599402905 1.13599890972 0.338998713694 -2.25661350571 0.36053625859 16.5774915323 0.00692802392802 8.6028e-05
pedestrian -1 -1 -10 364.54 208.16 400.576 277.995 0.987995654344 1.18899837027 0.654997511847 -3.51278984661 1.3528306213 10.6119033571 0.00692802392802 5.9858e-05
pedestrian -1 -1 -10 994.59 226.01 1023.23 294.03 0.983995544911 1.1369993134 0.823996787602 5.8973272689 1.40901213208 10.4957750811 0.00692802392802 1.251e-05
pedestrian -1 -1 -10 295.85 203.13 324.792 272.62 0.220999063551 0.0550002679033 0.196999286962 -7.68307906291 1.50203374623 18.743615369 0.00692802392802 1.066e-05
pedestrian -1 -1 -10 762.15 165.88 773.833 231.796 2.06799080968 0.456999469049 0.945996308508 3.21291256233 1.16914985179 14.2195555283 0.00692802392802 6.7355e-06
pedestrian -1 -1 -10 498.7 85.094 559.931 221.244 0.640997113288 0.112999839499 0.126999616571 -1.44547526532 -0.257696858929 14.826013833 0.00692802392802 5.4562e-08
