pedestrian -1 -1 -10 1108.7 186.68 1135.81 244.759 0.669926372774 0.289969147963 0.287000568274 28.575095107 2.75975271827 39.7384086392 0.00753464155925 0.004769
pedestrian -1 -1 -10 366.95 182.58 389.657 239.364 1.84479743898 0.703923354713 0.639999670574 -3.38692675049 1.22383251245 11.4197264256 0.00753464155925 0.0033718
pedestrian -1 -1 -10 1090.2 190.51 1106.4 233.959 0.100988838561 0.100986861191 0.171997017662 35.8800191918 2.13615457343 52.2936277089 0.00753464155925 0.00054772
pedestrian -1 -1 -10 802.67 109.98 836.099 202.087 1.69581374932 0.779914289476 0.693999912489 2.39103138697 1.14290053544 7.13970153928 0.00753464155925 0.00032244
pedestrian -1 -1 -10 1117.1 184.02 1166.7 282.649 0.874903908375 0.972892987481 0.927999689225 7.55005460732 1.60260337308 10.2288805426 0.00753464155925 4.4469e-05
pedestrian -1 -1 -10 1111.9 194.28 1151.02 305.74 0.870904339436 1.07188307341 1.18099939434 7.32111190233 1.59991952881 10.0380890273 0.00753464155925 3.7761e-05
pedestrian -1 -1 -10 1041.2 65.774 1071.85 191.204 1.5308319329 0.941897199569 1.1869999113 4.09735600525 0.967634999952 6.72016194616 0.00753464155925 7.0126e-06
pedestrian -1 -1 -10 1145.0 198.88 1182.78 314.63 0.874903908375 1.08988075072 0.937999438209 7.55289592255 1.59835881965 9.94238246301 0.00753464155925 6.1005e-06
pedestrian -1 -1 -10 814.85 106.04 835.009 170.776 1.56482820928 0.730919870682 0.760999804242 2.4246745732 1.01225326441 7.16491590065 0.00753464155925 3.371e-06
pedestrian -1 -1 -10 807.26 101.41 828.58 182.243 1.56482820928 0.765915884106 0.683999925087 2.38604388337 1.01202225274 7.14770805618 0.00753464155925 1.1762e-06
pedestrian -1 -1 -10 1122.7 205.77 1161.54 335.34 0.870904339436 1.07188211984 1.14499963043 7.27957596254 1.59692894391 9.83441812098 0.00753464155925 9.0999e-07
