pedestrian -1 -1 -10 0.0 86.413 205.23 358.033 1.58782559658 1.19886877812 0.675999792114 -2.20555825052 1.26156719155 3.07471439987 0.00753464155925 0.033961
pedestrian -1 -1 -10 129.86 134.7 167.268 206.155 1.59182524001 1.19886877812 0.707999847169 -2.24891353465 1.35268338388 3.4177693142 0.00753464155925 0.0044116
pedestrian -1 -1 -10 141.79 141.33 155.718 183.101 1.54483034969 1.19786896013 0.707999847169 -2.24704082199 1.30939651685 3.66858270552 0.00753464155925 0.0013324
pedestrian -1 -1 -10 0.0 177.42 31.758 249.359 1.57782671893 1.19786872174 0.817999708592 -2.15110577319 1.22565384582 2.34016037832 0.00753464155925 0.0010957
pedestrian -1 -1 -10 1060.0 195.96 1086.02 253.903 2.20475786865 1.1818706804 1.00699966123 7.23635922855 1.52015465872 11.0739230254 0.00753464155925 0.00045173
pedestrian -1 -1 -10 79.515 105.25 127.894 191.192 0.646928985474 1.18687024711 0.668000016769 -8.67130416483 -0.0705292799972 12.1214281926 0.00753464155925 0.00024503
pedestrian -1 -1 -10 674.78 178.4 687.06 230.491 0.963894183156 0.601935245181 0.28999987308 1.72363316694 1.56691307651 18.044540324 0.00753464155925 0.00019412
pedestrian -1 -1 -10 97.241 115.48 159.503 222.49 1.53983090341 1.19886853972 0.716999668938 -2.25131236918 1.30485182007 3.69914919001 0.00753464155925 0.00018293
pedestrian -1 -1 -10 6.2395 126.05 77.3935 324.45 1.59082536268 1.19886853972 0.82699976878 -2.15470782002 1.25439352101 2.45737454087 0.00753464155925 0.00016178
pedestrian -1 -1 -10 122.78 138.98 141.346 189.554 1.5568291161 1.19786896013 0.707999847169 -2.24713506112 1.32120285072 3.65549564118 0.00753464155925 5.2252e-05
pedestrian -1 -1 -10 898.47 150.39 932.457 221.204 2.32574463534 1.16087211877 0.877999513796 7.44947546826 1.53274956537 17.5394188447 0.00753464155925 2.7308e-05
pedestrian -1 -1 -10 911.38 176.01 937.583 239.435 2.32074518907 1.12587610535 0.806999436348 7.4842610249 1.52632544322 17.4447022144 0.00753464155925 2.6589e-05
pedestrian -1 -1 -10 1193.7 147.08 1223.16 232.68 2.15276365125 1.18387031637 0.727999464345 7.34650961138 1.49400194258 8.50174099081 0.00753464155925 7.9873e-06
pedestrian -1 -1 -10 116.71 135.66 134.697 189.97 1.5568291161 1.19786896013 0.707999847169 -2.25005815423 1.31545948429 3.2675491447 0.00753464155925 5.8106e-06
pedestrian -1 -1 -10 1075.7 78.591 1130.99 190.451 1.58082642543 1.05288414776 0.765999559524 7.48751783877 0.88081302066 10.9263566586 0.00753464155925 2.5876e-06
