pedestrian -1 -1 -10 110.22 224.3 135.278 282.852 2.01877830041 1.19286820146 0.268999971062 -10.6306134963 1.57991969964 15.7824167054 0.00753464155925 0.0032358
pedestrian -1 -1 -10 119.61 223.62 142.776 287.011 0.73891892206 0.614932402211 0.552999804017 -6.94667893924 1.53980186176 10.651076368 0.00753464155925 0.001381
pedestrian -1 -1 -10 0.0 88.273 126.98 321.013 1.97378322435 1.19086951905 0.126999816165 -10.6000843265 1.18884505244 14.1604189307 0.00753464155925 0.0011102
pedestrian -1 -1 -10 116.38 200.36 135.009 262.875 2.37573909808 1.19086951905 0.156000089576 -10.5704880711 1.56631319696 16.0168397928 0.00753464155925 0.00078842
pedestrian -1 -1 -10 722.4 175.8 735.997 236.848 1.11587750482 1.06288328118 0.606999688305 3.3215643877 1.59277660735 17.9677330828 0.00753464155925 0.0005429
pedestrian -1 -1 -10 44.189 108.01 78.974 196.629 1.53983091831 1.18786958831 0.126999816165 -10.6005383099 0.754263647341 14.1211384882 0.00753464155925 0.00045725
pedestrian -1 -1 -10 108.24 216.51 145.723 299.029 1.97978266715 1.19386849623 0.156000089576 -10.5711680609 1.54076903793 15.9097773982 0.00753464155925 0.00026365
pedestrian -1 -1 -10 122.6 216.84 155.654 289.065 0.737918985127 0.614932402211 0.552999804017 -6.94667924755 1.53880192483 10.6510837721 0.00753464155925 0.00024467
pedestrian -1 -1 -10 49.338 101.36 101.482 185.563 0.164981911775 0.102988881087 0.379999998118 -5.91726078901 -0.438049426791 7.74294909332 0.00753464155925 0.00014866
pedestrian -1 -1 -10 0.0 116.46 49.654 231.33 1.9867818681 1.169871911 0.253999632331 -10.5493570968 1.22843821238 13.2569220901 0.00753464155925 7.4759e-05
pedestrian -1 -1 -10 714.64 177.65 742.881 228.67 1.11587750482 0.946894859143 0.606999688305 3.32200134915 1.59363516015 18.0257256477 0.00753464155925 3.1364e-05
pedestrian -1 -1 -10 916.47 236.07 952.326 346.64 1.56982758105 1.17087220577 0.640999836207 3.50626820349 1.66083896964 7.17720567559 0.00753464155925 1.6243e-05
