pedestrian -1 -1 -10 1187.1 124.35 1217.88 198.623 1.33085387337 0.754917409478 1.02499930477 11.5184822798 0.518672735002 13.7868940848 0.00753464155925 0.0099254
pedestrian -1 -1 -10 751.8 169.42 764.998 202.803 0.369959372879 0.360960516013 0.495999661248 4.59991038938 0.330161689874 20.8196645087 0.00753464155925 0.0050646
pedestrian -1 -1 -10 745.42 172.94 774.511 206.449 1.2508626734 0.672924706091 0.846999624375 4.51219448149 0.958626347489 20.2414632464 0.00753464155925 0.0040907
pedestrian -1 -1 -10 754.68 159.22 786.59 211.687 1.73380962443 1.18186972683 1.02399985439 4.50703792222 0.940813500366 19.5147396935 0.00753464155925 0.0010598
pedestrian -1 -1 -10 757.85 161.46 769.983 201.782 0.340962557674 0.544940375361 0.394999860012 4.95738251371 -0.467032608252 20.6245308099 0.00753464155925 0.00076021
pedestrian -1 -1 -10 1134.7 94.903 1173.31 228.733 1.79380303931 1.18387031637 1.19299947459 9.31988189069 1.06288155003 12.2231127763 0.00753464155925 0.00054212
pedestrian -1 -1 -10 1152.7 100.74 1188.53 225.26 2.01377885413 0.743917981281 1.19399987864 9.19706487664 1.27825270255 11.9054338966 0.00753464155925 0.00046433
pedestrian -1 -1 -10 1116.7 106.77 1154.38 218.59 2.0127790364 1.16187336711 1.19399892497 8.9328649385 1.28096954397 12.1454097199 0.00753464155925 0.00013835
pedestrian -1 -1 -10 0.53205 167.02 26.7901 250.127 2.1397650671 1.18687024711 1.18399965282 -6.73415689103 1.50520414632 8.19901763008 0.00753464155925 6.3109e-05
pedestrian -1 -1 -10 326.64 191.83 358.913 264.162 0.308966065765 0.324964207818 0.805000058755 -4.7844876867 1.78868683552 12.4841739948 0.00753464155925 3.7521e-05
pedestrian -1 -1 -10 313.83 190.68 349.87 271.804 0.88890236986 1.07488300415 0.670999798413 -8.00335936442 1.67272805684 20.3945234644 0.00753464155925 7.8552e-06
pedestrian -1 -1 -10 363.93 235.39 384.948 267.777 0.815910430429 0.736919732166 1.19499956744 -3.94885984315 1.7587712616 12.3260514789 0.00753464155925 6.6162e-06
