pedestrian -1 -1 -10 1041.3 139.73 1107.28 309.01 1.67599250898 0.551999671698 0.670997484191 5.98782737368 1.43459505679 8.89123598307 0.00692802392802 0.95357
pedestrian -1 -1 -10 1030.5 149.26 1147.91 327.37 2.29298970848 1.01599910549 1.1939952838 8.11750190256 1.3945709282 11.6431439687 0.00692802392802 0.019694
pedestrian -1 -1 -10 845.41 213.31 859.786 259.539 0.553997579217 0.289999765327 0.651997502131 4.92012590931 1.2798153193 13.8992294464 0.00692802392802 0.016627
pedestrian -1 -1 -10 663.86 231.38 675.233 263.722 1.78699201792 0.418999387989 1.18999552913 1.42050175205 1.16772177949 14.5451427828 0.00692802392802 0.010126
pedestrian -1 -1 -10 659.07 229.02 672.738 266.867 1.80499194413 1.15699880394 0.974996303085 1.26916408131 1.43804679373 12.8784542938 0.00692802392802 0.0026365
pedestrian -1 -1 -10 662.25 218.41 679.434 263.15 2.2629898712 1.18999972762 1.06399595554 1.31261215302 1.43799478662 12.8173852531 0.00692802392802 0.0024645
pedestrian -1 -1 -10 535.21 201.2 555.022 234.385 1.63499265015 0.798999244913 1.04199608297 -1.12204476232 1.44362414787 12.8941258253 0.00692802392802 0.0019944
pedestrian -1 -1 -10 885.86 235.48 902.936 279.923 0.951995801925 0.904999119673 0.617997948328 4.23876134039 1.40300676168 10.1282684125 0.00692802392802 0.0014361
pedestrian -1 -1 -10 529.6 195.79 557.512 260.552 1.64399267286 0.945999458099 1.07499595142 -1.13904109631 1.45275502222 12.820746994 0.00692802392802 0.0009899
pedestrian -1 -1 -10 841.06 192.95 870.783 262.574 0.553997579217 0.289999765327 0.651997502131 4.92012590931 1.2798153193 13.8992294464 0.00692802392802 0.00093004
pedestrian -1 -1 -10 655.68 229.21 667.64 274.13 2.25798989832 0.733999708578 0.66799753408 1.15034429081 1.43381508268 12.4914993037 0.00692802392802 0.00078785
pedestrian -1 -1 -10 892.72 219.99 910.044 271.301 0.951995801925 1.07799933813 0.625997815291 4.24336044782 1.40289516435 10.2147387217 0.00692802392802 0.00056077
pedestrian -1 -1 -10 705.42 161.43 718.179 217.316 1.00399546623 0.517999298011 1.14199591012 2.80689342506 0.988143026223 17.830366255 0.00692802392802 0.00049091
pedestrian -1 -1 -10 741.15 131.53 769.727 204.876 2.06799080968 0.539999595907 1.15799564405 3.0883004173 1.16942903609 14.2759205828 0.00692802392802 0.00024197
pedestrian -1 -1 -10 1037.8 154.14 1078.56 268.39 1.6709925361 0.551999671698 0.670997484191 5.98782047911 1.42959508391 8.89123312333 0.00692802392802 0.0002292
pedestrian -1 -1 -10 653.58 210.53 676.132 273.239 2.2629898712 1.194998885 0.931996481717 1.24690151261 1.4381280119 12.8593417758 0.00692802392802 0.00014948
pedestrian -1 -1 -10 934.89 217.13 967.358 273.986 0.899995929003 0.624000126445 0.25199938561 4.42161157844 1.36552283629 10.110487842 0.00692802392802 0.00010354
pedestrian -1 -1 -10 347.87 211.76 370.247 272.365 1.01999539733 1.18599906657 1.02599593181 -3.69987011637 1.38444847588 10.5227150507 0.00692802392802 9.421e-05
pedestrian -1 -1 -10 874.03 206.71 896.702 269.381 0.951995801925 1.05799889392 0.625997815291 4.2432911666 1.40290679443 10.2047387396 0.00692802392802 9.1069e-05
pedestrian -1 -1 -10 876.9 229.74 894.59 276.056 1.18399472833 1.17599979814 0.611997928897 4.25123885153 1.40267471986 10.3875531015 0.00692802392802 4.501e-05
pedestrian -1 -1 -10 1075.7 127.5 1135.72 293.69 2.32098958045 1.19199862763 1.19899537947 8.13499647957 1.42286025688 11.3480325043 0.00692802392802 3.1944e-05
pedestrian -1 -1 -10 350.14 222.89 387.972 282.197 0.976995606721 0.936999639674 0.641997549218 -3.50894896137 1.3841106544 10.3579135453 0.00692802392802 1.2427e-05
pedestrian -1 -1 -10 748.01 154.74 759.6 207.441 2.17499032468 0.539999595907 1.18899542655 3.0729484422 1.27647117341 14.2760892137 0.00692802392802 1.2348e-05
pedestrian -1 -1 -10 908.29 217.48 948.564 273.839 2.23499005884 0.819999139129 1.19099598934 5.60101170442 1.38217555708 11.9366051744 0.00692802392802 8.7321e-06
pedestrian -1 -1 -10 1062.9 133.63 1094.94 287.88 1.67599250898 0.551999671698 0.670997484191 5.98782737368 1.43459505679 8.89123598307 0.00692802392802 4.0831e-06
pedestrian -1 -1 -10 326.9 213.99 349.44 276.628 0.96999566853 0.72499893648 1.05699595273 -3.71718719828 1.37780458372 10.2533499455 0.00692802392802 3.7034e-06
pedestrian -1 -1 -10 316.84 216.05 340.885 274.15 1.07099525779 1.16799847605 1.18799550279 -4.17371874562 1.39238995261 10.8419857761 0.00692802392802 1.6614e-06
pedestrian -1 -1 -10 314.73 207.06 359.037 282.588 1.07099525779 1.19199958131 1.1219960043 -4.0652922922 1.39202086588 10.9032354813 0.00692802392802 1.6512e-06
pedestrian -1 -1 -10 341.24 207.94 360.36 276.224 0.976995606721 1.05199933286 1.06399589593 -3.71954470922 1.38462399838 10.4168744825 0.00692802392802 8.1193e-07
pedestrian -1 -1 -10 256.42 221.71 302.867 282.092 0.969995608926 0.85199965913 1.05199609549 -4.54844048873 1.3970612998 10.2846323034 0.00692802392802 7.9425e-07
pedestrian -1 -1 -10 336.54 211.76 351.475 281.053 0.96999566853 0.767999128592 1.05699595273 -3.71703824629 1.37777957948 10.2748495256 0.00692802392802 4.139e-07
pedestrian -1 -1 -10 287.18 191.58 313.48 279.25 1.08399509192 0.88999974019 0.94099645126 -4.79345599768 1.35061801555 11.2622334127 0.00692802392802 1.9448e-07
