pedestrian -1 -1 -10 1159.3 250.81 1193.94 320.213 1.45284052485 1.19686890375 0.782999752685 3.69250401876 1.45904359998 4.43054492445 0.00753464155925 0.029503
pedestrian -1 -1 -10 1146.3 236.58 1181.91 321.077 1.45284052485 1.19586908577 0.796999687364 3.70047187228 1.46094061974 4.55897428113 0.00753464155925 0.011028
pedestrian -1 -1 -10 1165.5 239.44 1205.43 310.599 1.45084065098 1.194868791 0.809999694829 3.70584478135 1.45672304267 4.4094609113 0.00753464155925 0.004041
pedestrian -1 -1 -10 990.36 280.16 1024.19 342.86 1.14587421226 1.1938694498 0.416999927664 3.52224388001 1.48494723909 6.37294003597 0.00753464155925 0.0010614
pedestrian -1 -1 -10 1181.7 223.72 1219.63 307.142 1.45284052485 1.19886853972 0.766999725158 3.70623790449 1.45654585723 4.26245501791 0.00753464155925 0.00077633
pedestrian -1 -1 -10 1136.1 218.14 1169.72 313.955 1.45284052485 1.19286915503 0.75299955206 3.67893575318 1.46186699164 4.62063139514 0.00753464155925 0.00023568
pedestrian -1 -1 -10 193.92 133.03 226.085 202.222 0.931897676348 0.395956529437 0.28499976017 -8.29038329054 0.190201799666 14.9556991389 0.00753464155925 0.00014451
pedestrian -1 -1 -10 691.35 197.91 710.171 245.318 1.74980784059 0.748918501564 0.128999909013 3.42913100231 1.47127980735 22.6040537486 0.00753464155925 0.00010728
pedestrian -1 -1 -10 1119.6 186.48 1149.51 272.207 0.575936741116 0.726920121954 0.739999544595 4.9495510221 0.698206644735 6.78917207762 0.00753464155925 5.3417e-05
pedestrian -1 -1 -10 986.27 188.6 1006.76 242.597 1.91278993214 0.689923042203 1.18500005687 8.74242819194 1.12434749789 16.4180122963 0.00753464155925 1.6374e-05
pedestrian -1 -1 -10 982.84 175.77 1014.91 282.44 0.714921493531 1.14887334937 1.19399987864 4.68051823029 0.793834255766 8.64406787161 0.00753464155925 7.5024e-06
