pedestrian -1 -1 -10 370.71 156.31 439.492 323.32 1.75599221289 0.716000071728 0.659997488303 -2.18457351943 1.44955299052 7.64979447284 0.00692802392802 0.99921
pedestrian -1 -1 -10 843.78 219.3 857.936 263.439 0.552997596562 0.284999654274 0.630997672539 4.88665919938 1.27990220603 13.9039620141 0.00692802392802 0.0051685
pedestrian -1 -1 -10 703.49 166.08 719.075 214.476 0.753996643424 0.233999093743 1.03099602748 2.8430708307 0.738205065823 17.6889660814 0.00692802392802 0.0049071
pedestrian -1 -1 -10 846.91 217.91 867.316 264.887 0.552997596562 0.284999654274 0.630997672539 4.88665919938 1.27990220603 13.9039620141 0.00692802392802 0.0031775
pedestrian -1 -1 -10 681.29 189.29 710.111 258.046 2.06499080211 0.643000166975 1.19299547924 1.90376804712 1.16452907641 14.4216264311 0.00692802392802 0.0030293
pedestrian -1 -1 -10 662.23 195.15 695.183 261.526 2.06399075985 0.643000166975 1.18899566497 1.57777580744 1.16442548048 14.4238854105 0.00692802392802 0.002873
pedestrian -1 -1 -10 695.36 190.67 708.009 231.032 2.06499080211 0.589999752758 1.17999563582 2.05344755925 1.16408715644 14.4470897962 0.00692802392802 0.0027881
pedestrian -1 -1 -10 897.35 233.41 926.338 278.375 0.950995700062 1.1499988392 0.643997635168 4.26166199189 1.4037955824 10.2576143603 0.00692802392802 0.0024465
pedestrian -1 -1 -10 695.14 167.16 718.001 224.702 2.06499080211 0.612000050654 1.19699565114 2.12986922428 1.16388958697 14.435559679 0.00692802392802 0.0018808
pedestrian -1 -1 -10 943.3 225.48 963.812 272.428 0.887996017933 0.531999227489 0.287998548528 4.39619804333 1.34765562061 10.0556484464 0.00692802392802 0.0012732
pedestrian -1 -1 -10 692.82 203.29 711.774 261.115 2.06499080211 0.589999752758 1.19599560817 2.04544776524 1.16410915517 14.4471452454 0.00692802392802 0.0011778
pedestrian -1 -1 -10 884.79 234.06 904.487 280.849 0.949995777011 0.684999001734 0.608997919181 4.24255042333 1.40311417467 10.0252407437 0.00692802392802 0.0011498
pedestrian -1 -1 -10 937.32 221.26 956.226 272.538 0.96299573034 0.868999845974 0.233999327316 4.46646691601 1.42226963136 10.2237093594 0.00692802392802 0.00098817
pedestrian -1 -1 -10 699.98 162.65 712.682 207.497 2.06499080211 0.612000050654 1.18099555959 2.14586875269 1.16384558966 14.4354487809 0.00692802392802 0.00090534
pedestrian -1 -1 -10 689.16 194.55 702.157 240.603 1.88899153024 0.782998508076 1.15099558164 2.40534733569 0.861158305252 17.9069868745 0.00692802392802 0.00078523
pedestrian -1 -1 -10 683.23 185.89 698.21 241.057 1.47399336398 1.05399918655 0.78799702864 1.4764663635 1.44125659604 13.0707191024 0.00692802392802 0.0007213
pedestrian -1 -1 -10 677.9 191.49 693.964 245.61 1.47399336398 1.08799956023 0.92099648583 1.40968418323 1.44148714276 13.0301806687 0.00692802392802 0.00066517
pedestrian -1 -1 -10 345.42 172.89 420.853 291.56 1.75599221289 0.716000071728 0.659997488303 -2.18457351943 1.44955299052 7.64979447284 0.00692802392802 0.00054511
pedestrian -1 -1 -10 711.1 168.45 728.308 213.199 0.756996591389 0.101999213714 1.17299569263 2.98761367532 0.740883044402 17.6219644258 0.00692802392802 0.00040269
pedestrian -1 -1 -10 750.8 136.4 763.331 202.105 1.96699119061 0.568999858542 1.07099607755 3.08987253732 1.06838982104 14.3063516007 0.00692802392802 0.00027322
pedestrian -1 -1 -10 837.47 197.54 868.598 265.698 0.552997596562 0.284999654274 0.630997672539 4.88665919938 1.27990220603 13.9039620141 0.00692802392802 0.00015937
pedestrian -1 -1 -10 836.31 155.74 851.365 217.119 2.20199009478 1.01599910549 1.18799574121 4.23170057479 1.3425737307 12.2670726223 0.00692802392802 0.00013172
pedestrian -1 -1 -10 752.18 154.8 773.001 210.358 2.17199031711 0.378999453243 1.01399613137 3.1599118591 1.27331952385 14.1989824951 0.00692802392802 0.0001019
pedestrian -1 -1 -10 686.51 205.02 698.485 260.965 2.06399075985 0.643000166975 1.12899582828 1.86176789862 1.16364452709 14.4219169666 0.00692802392802 8.4316e-05
pedestrian -1 -1 -10 890.22 243.04 908.937 283.919 1.98499108702 1.14599913183 1.1909955125 4.8524686995 1.38771643925 11.5209321331 0.00692802392802 7.0905e-05
pedestrian -1 -1 -10 671.35 173.31 688.096 228.345 1.47399336398 0.684999955407 0.97299627674 1.38524716889 1.44129638592 13.2558554206 0.00692802392802 7.0801e-05
pedestrian -1 -1 -10 362.15 194.86 379.528 280.988 1.9969910875 0.449000054304 1.17599570234 -4.96535356268 1.06252274123 15.2521568554 0.00692802392802 2.518e-05
pedestrian -1 -1 -10 677.76 168.88 694.527 227.978 1.47399336398 1.05399918655 0.897996570288 1.42146791381 1.44140783696 13.071100315 0.00692802392802 8.8511e-06
pedestrian -1 -1 -10 328.43 214.55 349.691 278.151 0.979995554686 0.697999481205 1.0019960925 -3.75864252785 1.39491684061 10.255151884 0.00692802392802 8.4589e-06
pedestrian -1 -1 -10 347.16 189.97 387.309 281.436 1.99799107015 0.398999897453 1.18499549307 -5.0326799814 1.06267928082 15.2776236147 0.00692802392802 7.1122e-06
pedestrian -1 -1 -10 319.66 215.46 339.617 275.717 1.06699517816 1.18899932394 1.1489956149 -4.07765206205 1.3953642139 10.6328204684 0.00692802392802 1.0167e-06
pedestrian -1 -1 -10 329.96 202.71 361.012 291.692 0.979995554686 0.857999220189 1.04899608577 -3.7375890352 1.39476743098 10.3350077464 0.00692802392802 7.3191e-07
