pedestrian -1 -1 -10 1154.7 203.86 1170.18 251.205 1.07588181544 1.18986922428 0.766999963576 6.35241759109 1.40606421079 7.98449017045 0.00753464155925 0.0052161
pedestrian -1 -1 -10 0.0 231.84 22.678 281.94 1.30885627401 1.17787093167 0.582000077427 -6.0981809421 0.694584054253 7.03541477347 0.00753464155925 0.0031594
pedestrian -1 -1 -10 1173.8 192.15 1202.45 275.25 1.06988255143 1.18786958831 0.736999762951 6.33440256688 1.3941548704 7.58470252488 0.00753464155925 0.0015726
pedestrian -1 -1 -10 60.688 211.02 74.834 261.239 1.75180765486 1.18687024711 1.03299967616 -6.49299264935 1.12754945452 8.5699706857 0.00753464155925 0.0011467
pedestrian -1 -1 -10 1161.5 189.15 1193.05 271.254 1.06988255143 1.19586908577 0.722999828272 6.3282691802 1.39586225695 7.69973957771 0.00753464155925 0.00096015
pedestrian -1 -1 -10 1151.4 193.16 1179.58 261.381 1.07588181544 1.19286867824 0.736999762951 6.33672857735 1.40472070345 7.89311560438 0.00753464155925 0.00045578
pedestrian -1 -1 -10 0.0 218.92 31.905 273.102 1.38384802771 1.1938694498 0.670999798413 -6.14164874798 0.768592109757 7.16922030118 0.00753464155925 9.4647e-05
pedestrian -1 -1 -10 900.59 177.72 932.926 304.12 2.04977491498 1.16587263906 1.17499959263 3.53426410861 1.46410838624 8.28211128374 0.00753464155925 8.8165e-05
pedestrian -1 -1 -10 315.18 240.14 342.868 286.08 1.09887938153 1.18986922428 0.320000073705 -5.08399936889 1.56754149395 12.9421132854 0.00753464155925 5.005e-05
pedestrian -1 -1 -10 4.2579 83.601 39.3389 196.511 1.51283387268 1.19486926778 0.852999902918 -6.44238145492 0.88811358982 7.73224937426 0.00753464155925 3.2152e-05
pedestrian -1 -1 -10 1137.3 197.76 1169.86 303.81 1.07588181544 1.19386897301 0.714999933718 6.32670459338 1.4066456334 8.02268041642 0.00753464155925 3.1833e-05
pedestrian -1 -1 -10 525.58 169.45 537.609 207.258 1.40184601343 1.16787227503 1.07399967219 -1.6892261458 1.66323025866 15.5627258386 0.00753464155925 2.3711e-05
pedestrian -1 -1 -10 921.18 170.11 954.103 282.48 1.73480950177 1.15787409517 0.446999889871 7.58852380444 1.40480097489 16.5322526542 0.00753464155925 1.8751e-05
pedestrian -1 -1 -10 911.5 164.65 943.426 293.1 1.80280205452 1.16187241354 1.19799934908 3.66169943767 1.21707230629 8.28498078837 0.00753464155925 1.0561e-05
pedestrian -1 -1 -10 16.437 80.173 52.068 198.773 1.47783768917 1.19186886025 0.784999607114 -6.40771879191 0.854417470325 7.82174006426 0.00753464155925 9.7294e-06
pedestrian -1 -1 -10 782.64 110.42 810.692 196.264 0.100988957758 0.106990536955 0.180999700453 15.9939047412 -0.833947644157 61.7457135467 0.00753464155925 9.35e-06
pedestrian -1 -1 -10 1125.1 76.68 1159.53 182.63 1.00988910675 1.1818706804 0.716999788147 7.3566344833 0.340833856971 9.57142370129 0.00753464155925 1.9796e-06
pedestrian -1 -1 -10 1104.9 194.04 1139.72 311.56 1.06988249183 1.19786967531 0.656999863734 6.41221693022 1.41545335431 8.62094416457 0.00753464155925 1.8907e-06
pedestrian -1 -1 -10 939.88 180.52 970.84 280.59 1.24886285913 1.14787496174 0.74599958472 7.25179420705 0.507818573297 15.1042738588 0.00753464155925 1.02e-06
pedestrian -1 -1 -10 902.86 81.172 934.715 238.872 1.73380962443 1.1578731416 1.19499956744 3.57519577665 1.14817245732 8.28814203541 0.00753464155925 2.6688e-07
