pedestrian -1 -1 -10 822.72 129.35 911.161 299.71 1.83199183345 0.79499953754 0.632997758489 3.02183841767 1.35451169698 8.24608479597 0.00692802392802 0.99993
pedestrian -1 -1 -10 609.59 149.52 674.325 250.93 1.91599147916 0.603999682236 0.576997825481 0.8238370852 1.3142542611 13.7698531972 0.00692802392802 0.98397
pedestrian -1 -1 -10 675.28 158.06 711.603 249.802 1.69699235708 0.666999364884 0.548997844076 1.74373475053 1.32963102327 13.8461267938 0.00692802392802 0.97378
pedestrian -1 -1 -10 629.2 158.49 665.347 256.047 1.91599147916 0.603999682236 0.576997825481 0.8238370852 1.3142542611 13.7698531972 0.00692802392802 0.62806
pedestrian -1 -1 -10 634.9 150.2 689.65 250.5 1.53299317509 0.179000733187 0.139999340782 3.22016439414 0.589336200694 34.1456338357 0.00692802392802 0.41651
pedestrian -1 -1 -10 668.76 159.06 696.917 252.973 1.69699235708 0.666999364884 0.548997844076 1.74373475053 1.32963102327 13.8461267938 0.00692802392802 0.19677
pedestrian -1 -1 -10 617.92 160.6 651.796 245.446 1.91599147916 0.603999682236 0.576997825481 0.8238370852 1.3142542611 13.7698531972 0.00692802392802 0.062665
pedestrian -1 -1 -10 637.5 145.06 656.761 244.388 1.91599147916 0.603999682236 0.576997825481 0.8238370852 1.3142542611 13.7698531972 0.00692802392802 0.052833
pedestrian -1 -1 -10 681.7 155.97 699.901 258.84 1.69699235708 0.666999364884 0.548997844076 1.74373475053 1.32963102327 13.8461267938 0.00692802392802 0.044029
pedestrian -1 -1 -10 628.26 154.18 642.819 237.711 1.91599147916 0.603999682236 0.576997825481 0.8238370852 1.3142542611 13.7698531972 0.00692802392802 0.039501
pedestrian -1 -1 -10 1134.9 132.55 1189.89 288.81 1.07899514884 1.1719991371 1.19699553193 6.84786799462 1.11554241466 8.61324705343 0.00692802392802 0.018983
pedestrian -1 -1 -10 646.03 150.83 664.047 231.316 1.91599147916 0.603999682236 0.576997825481 0.8238370852 1.3142542611 13.7698531972 0.00692802392802 0.01415
pedestrian -1 -1 -10 908.17 133.8 940.182 233.439 1.69899238199 0.483001381665 0.456998062701 8.34447360418 0.972055154901 18.5410961093 0.00692802392802 0.013418
pedestrian -1 -1 -10 831.64 120.45 969.47 278.31 1.8579916507 0.489999439056 0.776997032752 6.3815081872 0.906008027189 14.5719281861 0.00692802392802 0.012935
pedestrian -1 -1 -10 905.31 146.36 924.033 199.226 1.69899238199 0.483001381665 0.456998062701 8.34447360418 0.972055154901 18.5410961093 0.00692802392802 0.011617
pedestrian -1 -1 -10 1108.5 193.97 1167.96 291.549 1.06499524266 1.17899910184 0.822996863836 6.46639718563 1.14601772789 8.24342390824 0.00692802392802 0.01113
pedestrian -1 -1 -10 903.4 140.39 927.869 231.134 1.69899238199 0.483001381665 0.456998062701 8.34447360418 0.972055154901 18.5410961093 0.00692802392802 0.010329
pedestrian -1 -1 -10 869.87 134.13 917.212 260.36 1.77999202013 0.72699974384 0.607997756997 3.03446039338 1.30244494778 8.27396712514 0.00692802392802 0.0088209
pedestrian -1 -1 -10 936.76 177.12 956.482 230.057 1.09199508727 1.14199847078 0.463998482733 6.27574949604 1.08441628987 12.7252681711 0.00692802392802 0.0070603
pedestrian -1 -1 -10 1083.5 122.26 1120.77 234.28 1.15099482387 0.787999572802 0.366998248066 12.5357414031 0.511037362766 17.1943083109 0.00692802392802 0.0061365
pedestrian -1 -1 -10 883.85 135.02 931.228 245.74 1.86199170053 0.489999439056 0.849996712859 6.41801266625 0.909907708065 14.5716774874 0.00692802392802 0.0035598
pedestrian -1 -1 -10 1168.5 152.2 1198.45 264.63 0.674997000396 0.325000542694 0.916996373535 8.57304026736 0.798897181291 10.263702417 0.00692802392802 0.0031709
pedestrian -1 -1 -10 945.89 183.98 959.554 240.709 1.12899495214 1.07499908076 0.758997451294 7.16814496099 1.05063225553 13.8815537929 0.00692802392802 0.0024729
pedestrian -1 -1 -10 1045.0 80.159 1155.05 250.949 0.901996013522 0.514999040645 1.10499539293 18.972616222 -0.687718221225 26.8102017653 0.00692802392802 0.0022549
pedestrian -1 -1 -10 632.76 144.6 647.786 226.064 1.91599147916 0.603999682236 0.576997825481 0.8238370852 1.3142542611 13.7698531972 0.00692802392802 0.0018112
pedestrian -1 -1 -10 1095.5 132.41 1133.84 234.14 1.15099482387 1.15299909657 0.366998248066 12.5344770505 0.511249606842 17.0118129288 0.00692802392802 0.0017591
pedestrian -1 -1 -10 1119.5 120.96 1147.79 200.185 1.14799487591 0.839999583339 0.36099870547 12.5359380663 0.508499010933 16.7902954902 0.00692802392802 0.0010379
pedestrian -1 -1 -10 625.43 150.62 639.761 202.303 1.7099923104 0.673999329623 0.655997510118 0.652915778338 1.27566898843 14.6941344339 0.00692802392802 0.0008986
pedestrian -1 -1 -10 948.44 177.1 967.084 235.202 1.05399531424 0.720999229107 0.284999254065 6.18493434619 1.11690712929 12.5154522777 0.00692802392802 0.00080593
pedestrian -1 -1 -10 1069.6 122.45 1109.03 232.2 0.309998622537 0.299001491099 0.0890003677042 19.4849113283 0.127517658757 27.9969743605 0.00692802392802 0.00067347
pedestrian -1 -1 -10 647.31 209.37 662.494 251.457 1.91599147916 0.603999682236 0.576997825481 0.8238370852 1.3142542611 13.7698531972 0.00692802392802 0.00064569
pedestrian -1 -1 -10 786.52 135.94 881.535 286.69 2.18099022061 0.79499953754 1.12999587126 8.82286155899 0.77931475631 26.7744810353 0.00692802392802 0.00061683
pedestrian -1 -1 -10 620.14 154.41 637.979 230.211 1.7169923678 0.673999329623 0.655997510118 0.652925430862 1.28266904583 14.6941384376 0.00692802392802 0.00060408
pedestrian -1 -1 -10 1015.9 126.98 1053.16 233.54 1.07799519598 1.12099953024 0.913996125401 8.14570812882 1.01041886161 13.4597533125 0.00692802392802 0.00058297
pedestrian -1 -1 -10 675.14 157.7 689.51 226.253 1.69699235708 0.666999364884 0.548997844076 1.74373475053 1.32963102327 13.8461267938 0.00692802392802 0.00055448
pedestrian -1 -1 -10 1135.5 231.95 1185.75 291.728 1.07899514884 1.1719991371 1.1869953406 6.82786856921 1.11559741133 8.61338567612 0.00692802392802 0.0005123
pedestrian -1 -1 -10 927.36 183.48 953.027 232.581 1.0639952153 1.05799889392 0.440998805609 6.3156092086 1.05558030477 13.3599906601 0.00692802392802 0.00027143
pedestrian -1 -1 -10 1083.0 161.85 1161.0 276.07 1.08699509949 1.19399943499 0.701997028278 6.40663224573 1.16806590749 8.34535335582 0.00692802392802 0.00025126
pedestrian -1 -1 -10 965.04 161.74 1006.19 237.134 0.873996052146 0.938000043354 0.394998497691 6.98834119394 1.03646769986 12.7114021957 0.00692802392802 0.00024278
pedestrian -1 -1 -10 1134.6 206.55 1173.72 281.883 1.08299519867 1.18599906657 1.18999558874 6.80190112269 1.11958194555 8.68956997897 0.00692802392802 0.00019489
pedestrian -1 -1 -10 959.15 173.21 975.814 236.459 1.13399492502 1.15999906131 0.94099645126 7.25805108604 1.05556632663 13.7224296365 0.00692802392802 0.00018234
pedestrian -1 -1 -10 1008.4 169.81 1043.09 237.33 1.00399548113 1.13599890972 0.859997381025 7.89677192963 1.00576883006 12.880001198 0.00692802392802 0.00017968
pedestrian -1 -1 -10 639.09 148.19 654.21 206.674 1.89699151069 0.603999682236 0.560997853137 0.815811091746 1.29527629136 13.7698977793 0.00692802392802 0.00016971
pedestrian -1 -1 -10 865.11 137.73 904.942 225.756 1.78399206996 0.782000011743 0.632997758489 3.02215672871 1.30644738851 8.30155552656 0.00692802392802 0.00014005
pedestrian -1 -1 -10 869.94 134.3 895.729 201.437 1.81499186009 0.810999320704 0.585997765222 4.55336149668 1.22043785817 11.6114113803 0.00692802392802 0.0001086
pedestrian -1 -1 -10 1125.5 128.84 1164.8 239.01 1.06999524534 0.515998490651 0.247999213711 12.3794140685 0.33902965896 15.8292045424 0.00692802392802 8.0539e-05
pedestrian -1 -1 -10 643.01 200.87 658.668 252.035 1.91599147916 0.603999682236 0.576997825481 0.8238370852 1.3142542611 13.7698531972 0.00692802392802 6.0743e-05
pedestrian -1 -1 -10 210.52 199.94 248.212 268.962 1.10999508798 1.18399921289 1.12799554689 -6.74918432461 1.4022425991 12.8088661788 0.00692802392802 5.9475e-05
pedestrian -1 -1 -10 822.95 139.19 866.762 281.39 1.83199183345 0.916999195464 0.632997758489 3.02226102256 1.35444075523 8.30708316102 0.00692802392802 5.4804e-05
pedestrian -1 -1 -10 686.26 143.46 727.57 247.5 2.2629898712 0.1809996332 1.08499596394 4.03988382038 0.919442418247 26.8297342949 0.00692802392802 5.0376e-05
pedestrian -1 -1 -10 979.44 154.77 1022.24 236.321 1.09499511719 1.1589996113 1.18599541684 7.68328653814 1.01659548038 13.5459565609 0.00692802392802 4.1856e-05
pedestrian -1 -1 -10 991.94 184.02 1016.19 237.026 1.06599527001 1.17799869816 1.17899547364 7.64043200484 0.986930146462 13.3567312945 0.00692802392802 3.0078e-05
pedestrian -1 -1 -10 1103.4 177.04 1140.94 272.842 1.06499524266 1.16099946499 0.832996578331 6.47329518602 1.14568532179 8.51738265992 0.00692802392802 2.5619e-05
pedestrian -1 -1 -10 695.94 162.98 713.699 229.42 2.2629898712 0.1809996332 1.16099589218 4.00188476905 0.919546912311 26.829997679 0.00692802392802 2.5044e-05
pedestrian -1 -1 -10 636.65 187.04 655.735 251.569 1.91599147916 0.603999682236 0.576997825481 0.8238370852 1.3142542611 13.7698531972 0.00692802392802 5.6966e-06
pedestrian -1 -1 -10 1079.1 165.99 1124.72 256.838 0.710996823013 1.000999726 0.593997632185 9.37184826685 0.735143703862 13.3671495279 0.00692802392802 4.9537e-06
pedestrian -1 -1 -10 1164.9 104.88 1198.02 206.52 0.929995825887 1.06399940865 0.657997521562 11.1993358952 0.45918463463 13.2945389451 0.00692802392802 3.4345e-06
pedestrian -1 -1 -10 837.47 126.32 880.755 302.86 1.83199183345 0.843999290711 0.632997758489 3.02200815204 1.35448320404 8.27058408459 0.00692802392802 3.2595e-06
pedestrian -1 -1 -10 863.62 146.61 930.501 313.76 0.964995695651 1.07299922708 0.477997892293 5.60883473125 1.12995862056 12.9855220848 0.00692802392802 4.0035e-07
