pedestrian -1 -1 -10 1098.8 162.35 1137.74 232.532 1.37084952923 0.84290902078 1.04899946527 11.0000018709 1.36656410177 15.3727639574 0.00753464155925 0.0012726
pedestrian -1 -1 -10 1168.8 131.08 1218.46 255.92 1.64281962478 1.1578731416 0.468999719104 8.9153372671 1.27103494792 10.7957648171 0.00753464155925 0.001212
pedestrian -1 -1 -10 1113.5 170.88 1139.79 226.357 1.37084952923 0.84290902078 1.04899946527 11.0000018709 1.36656410177 15.3727639574 0.00753464155925 0.00095345
pedestrian -1 -1 -10 1098.5 177.28 1123.0 232.243 1.25286248767 0.84290902078 0.766999963576 10.8590424904 1.36666675996 15.3729511648 0.00753464155925 0.00021358
pedestrian -1 -1 -10 1100.6 146.69 1178.92 242.458 1.27485999391 0.623932194437 0.862999651902 11.23779043 1.27202289182 15.4811768875 0.00753464155925 8.868e-05
pedestrian -1 -1 -10 1124.5 136.33 1216.86 263.43 1.64281962478 1.11587792549 0.468999719104 8.91827542301 1.27680791013 11.185710416 0.00753464155925 5.5401e-05
pedestrian -1 -1 -10 68.545 160.47 108.215 222.065 0.103988559964 0.532942559533 0.292999177887 -27.8173328516 0.993097367273 38.9756105451 0.00753464155925 1.8885e-05
pedestrian -1 -1 -10 1086.8 178.81 1117.65 241.017 1.25186259543 0.84290902078 0.684999256256 10.8180436055 1.36669661123 15.3732522391 0.00753464155925 5.771e-06
pedestrian -1 -1 -10 1105.6 175.31 1150.03 238.109 1.27485999391 0.707923580225 1.06799951285 11.1349769812 1.27147581036 15.4399535749 0.00753464155925 5.625e-06
pedestrian -1 -1 -10 1142.6 141.04 1187.45 250.96 1.64281962478 1.15287357489 0.468999719104 8.91885175763 1.2779403068 11.2622002805 0.00753464155925 5.467e-06
pedestrian -1 -1 -10 1129.1 169.34 1174.94 249.382 0.111987727639 0.255970568599 0.343999757368 13.3856745618 1.10830215038 17.743123562 0.00753464155925 3.1594e-06
