pedestrian -1 -1 -10 159.41 168.67 196.785 256.6 1.68799250573 0.518999701691 0.513998008881 -8.6661897408 1.46427067145 14.7814316673 0.00692802392802 0.9392
pedestrian -1 -1 -10 476.08 177.3 546.792 319.69 1.56599296778 0.772999239644 1.17399555679 -1.03906048243 1.51322245859 7.80054636588 0.00692802392802 0.42593
pedestrian -1 -1 -10 161.2 181.92 183.842 245.078 1.68799250573 0.518999701691 0.513998008881 -8.6661897408 1.46427067145 14.7814316673 0.00692802392802 0.40415
pedestrian -1 -1 -10 526.22 220.37 560.211 312.448 2.16399027705 0.495999953789 0.682997463449 -0.559856114429 1.46647176889 9.04735532007 0.00692802392802 0.14481
pedestrian -1 -1 -10 504.17 202.15 580.561 321.25 1.56599296778 0.772999239644 1.06599602658 -0.74506868599 1.51241400689 7.79850861068 0.00692802392802 0.044545
pedestrian -1 -1 -10 449.41 179.07 591.96 338.97 1.56599296778 0.772999239644 1.07099601794 -0.987561950069 1.51308084213 7.80018941238 0.00692802392802 0.010232
pedestrian -1 -1 -10 12.71 167.94 47.536 227.626 0.388998250663 0.12900153001 0.240998316843 -28.9041466628 0.426465288293 36.3037184401 0.00692802392804 0.0047137
pedestrian -1 -1 -10 495.71 174.84 533.263 267.746 1.56599296778 0.772999239644 1.12099578251 -1.01256123183 1.51314958797 7.80036269074 0.00692802392802 0.0022621
pedestrian -1 -1 -10 529.24 234.97 546.764 317.637 1.56599296778 0.711999410682 1.09599588532 -0.760279557496 1.51249072526 7.76811339518 0.00692802392802 0.0019769
pedestrian -1 -1 -10 464.37 162.02 521.211 300.42 1.56599296778 0.772999239644 1.18199560256 -1.21005576639 1.51369268065 7.80173159123 0.00692802392802 0.00065086
pedestrian -1 -1 -10 149.05 164.33 168.363 233.684 2.16899030954 0.766999678586 0.728997354137 -5.87767877892 1.43139661468 8.82064749974 0.00692802392802 0.00051117
pedestrian -1 -1 -10 505.76 177.62 559.355 293.29 2.08299063891 0.40099975114 0.662997498019 -1.70370698111 1.47134600745 14.5379677195 0.00692802392802 0.00039886
pedestrian -1 -1 -10 539.45 216.6 574.27 297.249 2.16399027705 0.495999953789 0.682997463449 -0.559856114429 1.46647176889 9.04735532007 0.00692802392802 0.00039456
pedestrian -1 -1 -10 515.65 204.73 543.792 317.38 1.898991476 0.371000038498 0.690997270808 -1.71755672951 1.47140194957 14.5231704974 0.00692802392802 0.00010692
pedestrian -1 -1 -10 488.61 147.66 558.642 264.72 2.08299063891 0.414999680617 0.810996944182 -1.77775342219 1.47155763616 14.5314808272 0.00692802392802 1.7287e-05
pedestrian -1 -1 -10 506.09 169.24 525.928 248.491 1.56599296778 0.772999239644 1.12099578251 -1.01256123183 1.51314958797 7.80036269074 0.00692802392802 1.2045e-05
pedestrian -1 -1 -10 509.05 159.91 540.868 268.19 2.08299063891 0.40099975114 0.792996885888 -1.7687051137 1.47152474663 14.5384182432 0.00692802392802 4.1695e-06
