pedestrian -1 -1 -10 87.138 146.15 163.831 314.98 1.75099218041 0.636000202236 0.813996596271 -5.83895273504 1.35547967096 8.65603015786 0.00692802392802 0.99138
pedestrian -1 -1 -10 764.59 173.96 784.437 241.757 0.763996574283 0.0979995063418 0.724997182238 4.10176547905 0.749792949484 17.6372520541 0.00692802392802 0.050279
pedestrian -1 -1 -10 760.99 183.64 778.092 237.863 2.06899073273 0.449000054304 0.897996629892 3.21779590153 1.17015579692 14.2025216665 0.00692802392802 0.0092157
pedestrian -1 -1 -10 664.02 221.77 675.474 265.227 2.24998991787 1.17499939446 0.984996255998 1.3171515443 1.43197600036 12.8228548156 0.00692802392802 0.0079487
pedestrian -1 -1 -10 657.54 222.63 671.819 272.491 1.94999124706 1.17399899078 0.917996476114 1.28454762338 1.43198729325 12.8927563714 0.00692802392802 0.0074406
pedestrian -1 -1 -10 652.41 221.17 667.884 269.751 2.15299034864 0.717999925415 0.594997734764 1.12158102144 1.33591710119 12.4716453065 0.00692802392802 0.0045354
pedestrian -1 -1 -10 333.73 223.58 353.414 278.039 0.253998848796 0.256999795319 0.109999720461 -4.7968013564 0.98929812883 11.551825921 0.00692802392802 0.0036691
pedestrian -1 -1 -10 306.32 215.77 329.15 275.267 0.948995734751 1.11199971182 1.1139956605 -4.1346689989 1.36778618819 10.4017466492 0.00692802392802 0.0028984
pedestrian -1 -1 -10 332.83 217.58 346.502 269.282 1.06599519551 0.593999460131 1.15999573 -4.24342399327 1.31416838434 11.2033896069 0.00692802392802 0.0025459
pedestrian -1 -1 -10 243.63 214.07 269.42 288.31 0.929995825887 0.804999759645 0.686997218118 -4.74495786383 1.37060239477 10.285486076 0.00692802392802 0.0014827
pedestrian -1 -1 -10 319.0 214.21 347.517 274.584 1.62499274164 0.404000008506 1.17899595048 -5.93472453545 0.99606092416 15.3715147785 0.00692802392802 0.001232
pedestrian -1 -1 -10 706.21 169.54 718.218 216.183 0.754996611178 0.225000228992 1.04299606634 2.84993271793 0.740209623707 17.6684196023 0.00692802392802 0.00060882
pedestrian -1 -1 -10 313.61 234.81 344.555 279.215 1.05399522483 1.18799987393 1.17299545421 -4.10376273288 1.36744456007 10.6254765755 0.00692802392802 0.00039379
pedestrian -1 -1 -10 351.81 216.59 379.256 278.678 0.948995734751 0.723000036467 0.625997576874 -3.5090338096 1.36628824067 10.2029056532 0.00692802392802 0.00037854
pedestrian -1 -1 -10 667.26 216.99 682.943 260.054 2.24998991787 1.12999934867 1.02499606765 1.33684267289 1.43197275679 12.77821694 0.00692802392802 0.00033634
pedestrian -1 -1 -10 838.97 189.55 867.823 267.812 0.551997554302 0.261999906372 0.592998185254 4.89679955433 1.27885082464 13.9243913312 0.00692802392802 0.00028123
pedestrian -1 -1 -10 907.71 230.99 926.766 279.249 0.954995690286 0.841999437025 0.663997540994 4.27646586681 1.40195048955 10.086503102 0.00692802392802 0.0002295
pedestrian -1 -1 -10 1077.1 83.279 1115.82 209.419 1.58999290168 0.690999516466 1.19199495943 7.97954081494 0.694116114272 11.4991910744 0.00692802392802 0.00019058
pedestrian -1 -1 -10 477.63 83.595 532.849 223.945 1.33799402416 1.19899859237 0.352998838507 -2.2465674703 0.359500026116 16.5849194437 0.00692802392802 0.00018761
pedestrian -1 -1 -10 674.97 219.04 685.703 260.486 2.24998991787 1.19599928868 1.02499606765 1.33707822641 1.43193321495 12.8122164978 0.00692802392802 0.00017338
pedestrian -1 -1 -10 278.13 253.7 299.467 283.491 1.12399490476 1.17999950552 1.07799602074 -4.63079500343 1.3739702413 10.5620932452 0.00692802392802 0.00013524
pedestrian -1 -1 -10 896.78 218.12 928.11 277.4 0.954995690286 0.742999527003 0.596997880318 4.24262390704 1.40210017653 10.0372365279 0.00692802392802 0.00011746
pedestrian -1 -1 -10 984.88 214.79 1019.49 276.494 2.29598971605 1.13899916709 1.19699553193 6.54550447723 1.41398932208 11.5705543271 0.00692802392802 0.00011096
pedestrian -1 -1 -10 294.69 204.92 323.218 266.187 1.01899544448 0.599999021189 0.811996748739 -4.66706342166 1.34613574869 11.3793932746 0.00692802392802 9.7567e-05
pedestrian -1 -1 -10 301.82 208.44 314.644 261.477 1.01899544448 0.599999021189 0.811996748739 -4.66706342166 1.34613574869 11.3793932746 0.00692802392802 4.1638e-05
pedestrian -1 -1 -10 883.67 214.74 913.101 278.277 0.945995786786 0.659999400145 0.587997612754 4.23782396007 1.39316091156 9.99576350406 0.00692802392802 4.1383e-05
pedestrian -1 -1 -10 103.43 175.09 184.961 302.93 1.75299214572 0.636000202236 0.876996561883 -5.87044920339 1.35756625638 8.65624963339 0.00692802392802 1.373e-05
pedestrian -1 -1 -10 276.0 233.66 304.285 280.156 1.12399490476 1.16599957604 1.12399585183 -4.60825288587 1.37398375185 10.4959354728 0.00692802392802 1.3335e-05
