pedestrian -1 -1 -10 736.12 157.88 800.398 306.41 1.7419922024 0.620999869079 0.716997196066 1.96369093613 1.43268079621 8.90157478405 0.00692802392802 0.99944
pedestrian -1 -1 -10 769.5 173.05 796.98 297.44 1.7419922024 0.620999869079 0.68199736087 1.98119043337 1.43263267412 8.90145348919 0.00692802392802 0.065656
pedestrian -1 -1 -10 664.26 218.89 678.893 263.176 2.26598987877 1.18399921289 1.13299576177 1.27901748531 1.44010315307 12.8036184247 0.00692802392802 0.028086
pedestrian -1 -1 -10 672.09 216.46 686.809 263.118 2.26598987877 1.1809999092 1.03599612314 1.32776208268 1.4399285001 12.8387814379 0.00692802392802 0.0047237
pedestrian -1 -1 -10 840.65 211.36 855.547 259.511 0.554997561872 0.266999063751 0.591997784653 4.89019120483 1.2798867665 13.9089361239 0.00692802392802 0.0025852
pedestrian -1 -1 -10 701.52 163.26 713.917 215.921 2.00899099857 0.689000616454 1.17499565937 2.66825879541 0.986478715634 17.8672403126 0.00692802392802 0.0019885
pedestrian -1 -1 -10 696.71 209.01 714.134 259.16 2.06099075228 0.676000136982 1.19299547924 2.10470489694 1.16498733084 14.4107369113 0.00692802392802 0.0016415
pedestrian -1 -1 -10 939.98 231.21 965.234 273.248 0.929995825887 0.749000041736 0.243999041812 4.48314929368 1.3912695245 10.1835754921 0.00692802392802 0.0015391
pedestrian -1 -1 -10 722.84 166.91 776.894 300.03 1.70699239224 0.620999869079 0.716997196066 1.96364267417 1.39768098605 8.90155476583 0.00692802392802 0.0014041
pedestrian -1 -1 -10 666.98 211.93 695.182 263.996 2.26598987877 1.17499939446 0.993996285145 1.34878228293 1.4398672643 12.8416360693 0.00692802392802 0.0013049
pedestrian -1 -1 -10 346.42 216.07 369.564 275.789 1.06999515593 1.18999877395 1.07899594451 -3.73438525715 1.38937162044 10.6729351001 0.00692802392802 0.0011477
pedestrian -1 -1 -10 679.95 213.78 691.295 257.711 2.06099075228 0.676000136982 1.19399540301 1.68321663685 1.16614638666 14.4136583871 0.00692802392802 0.0010107
pedestrian -1 -1 -10 896.88 231.14 921.511 280.008 1.17199475765 1.19099917763 0.636997453553 4.2881847332 1.39149702493 10.4537924646 0.00692802392802 0.00091222
pedestrian -1 -1 -10 706.06 162.45 725.193 208.965 1.00799551606 0.527999520116 1.15599579652 2.90188939995 0.991883004999 17.8287097046 0.00692802392802 0.00085164
pedestrian -1 -1 -10 883.86 228.7 907.205 279.542 0.921995905042 0.913999891772 0.659997369094 4.24144337735 1.37204457097 10.0887300556 0.00692802392802 0.00052244
pedestrian -1 -1 -10 840.83 202.62 868.907 262.219 0.554997561872 0.266999063751 0.591997784653 4.89019120483 1.2798867665 13.9089361239 0.00692802392802 0.00046233
pedestrian -1 -1 -10 656.01 219.54 675.196 274.418 2.26598987877 1.1809999092 1.03299611343 1.22926480524 1.44019935899 12.8394641554 0.00692802392802 0.00032667
pedestrian -1 -1 -10 679.8 210.64 704.197 262.472 2.06099075228 0.676000136982 1.12699574233 1.85371194113 1.1656775395 14.4124766272 0.00692802392802 0.00027451
pedestrian -1 -1 -10 878.3 212.73 894.392 273.676 1.17199475765 1.13299960603 0.659997369094 4.27935924678 1.39107973682 10.8398628041 0.00692802392802 0.00026898
pedestrian -1 -1 -10 882.77 208.23 915.07 274.827 1.17199475765 1.19099917763 0.659997369094 4.27741941546 1.39140537202 10.5598695036 0.00692802392802 0.00021887
pedestrian -1 -1 -10 339.71 217.52 361.502 279.432 0.978995572031 1.05199933286 1.06099588622 -3.73440740643 1.38972664486 10.3629809915 0.00692802392802 0.00017171
pedestrian -1 -1 -10 950.04 239.27 966.376 280.677 0.889996042848 0.540000549581 0.152999303411 4.42087204035 1.35156038733 10.0794816399 0.00692802392802 0.0001712
pedestrian -1 -1 -10 928.5 221.34 957.964 268.381 2.24098995477 1.11399861183 1.19699553193 5.51766221278 1.38895948609 11.4521749313 0.00692802392802 0.00013058
pedestrian -1 -1 -10 353.89 211.98 375.605 273.398 0.950995700062 0.859999073875 0.623997729342 -3.516617272 1.36123758048 10.2654526976 0.00692802392802 4.8834e-05
pedestrian -1 -1 -10 322.22 214.0 353.223 287.108 0.966995660961 0.789999426488 1.02199599833 -3.71583204137 1.37782546262 10.2318421614 0.00692802392802 2.9507e-05
pedestrian -1 -1 -10 958.75 237.13 970.475 280.848 2.09999055266 0.934998832314 1.1899951119 6.11955200141 1.38894051503 11.7665948279 0.00692802392802 2.6253e-05
pedestrian -1 -1 -10 336.02 214.4 381.337 276.111 1.02599535286 1.19299903131 1.17099584509 -3.6411273969 1.38924746084 10.5568111388 0.00692802392802 2.5387e-05
pedestrian -1 -1 -10 762.75 150.85 807.018 242.663 2.18699017614 1.03699995338 1.08699581147 3.26066760045 1.33517023774 12.3383021057 0.00692802392802 1.3604e-05
pedestrian -1 -1 -10 335.57 218.33 352.062 279.912 0.966995660961 0.780999608063 1.02199599833 -3.7158632166 1.37783069594 10.2273423601 0.00692802392802 7.9268e-06
pedestrian -1 -1 -10 318.7 216.74 341.263 276.975 1.07499512881 1.19299998499 1.13699557604 -4.07660083984 1.39535099708 10.6418090414 0.00692802392802 6.4097e-06
pedestrian -1 -1 -10 761.51 143.93 791.393 226.122 1.70699239224 0.620999869079 0.716997196066 1.96364267417 1.39768098605 8.90155476583 0.00692802392802 2.8269e-06
pedestrian -1 -1 -10 355.61 182.16 396.028 279.43 1.05299527198 1.17200009077 1.15599579652 -3.60029584921 1.37140580628 11.1940078175 0.00692802392802 1.2064e-06
pedestrian -1 -1 -10 299.93 198.69 352.081 284.883 1.01699538976 1.18299880921 1.12399561341 -4.08394210645 1.39552354751 10.5088906519 0.00692802392802 1.7082e-07
pedestrian -1 -1 -10 745.08 143.45 779.407 257.76 1.70699239224 0.620999869079 0.716997196066 1.96364267417 1.39768098605 8.90155476583 0.00692802392802 7.8956e-09
