pedestrian -1 -1 -10 560.06 182.17 572.914 219.039 1.26999427974 0.56299934381 0.554997982716 -1.56667549374 1.55756143836 32.3810306196 0.00692802392802 0.96095
pedestrian -1 -1 -10 267.55 162.36 378.04 358.89 1.70099244066 1.19299903131 0.610997766713 -2.33774412826 1.54095538471 5.9194510722 0.00692802392802 0.88735
pedestrian -1 -1 -10 564.19 184.37 577.45 216.882 0.0999995529652 0.0 0.0 -2.25750294326 1.20859143297 58.5012356659 0.0 0.60844
pedestrian -1 -1 -10 520.3 179.42 531.22 219.145 1.53799305856 1.0139992518 0.722997096288 -3.49061670512 1.61798930892 33.147792957 0.00692802392802 0.5365
pedestrian -1 -1 -10 30.383 179.09 57.939 235.289 1.20699462742 0.395000190081 0.68399744682 -15.6312683328 1.21651659949 19.9948061173 0.00692802392802 0.11024
pedestrian -1 -1 -10 461.93 170.75 477.537 224.6 1.24399438892 0.426999756408 0.701997505114 -4.93928490563 1.07374598866 26.3617010065 0.00692802392802 0.10236
pedestrian -1 -1 -10 182.94 175.71 203.868 234.691 0.105999568105 0.281999396908 0.148999608347 -17.0190476305 1.07735207127 29.6076361199 0.00692802392802 0.10083
pedestrian -1 -1 -10 263.77 170.46 334.543 328.08 1.6979924331 1.194998885 0.610997766713 -2.33825400608 1.53804027477 5.84645120348 0.00692802392802 0.063176
pedestrian -1 -1 -10 322.03 166.83 380.96 304.2 1.6979924331 1.15599935393 0.610997766713 -2.33867314889 1.53811063535 5.78595255145 0.00692802392802 0.031329
pedestrian -1 -1 -10 8.0157 164.11 76.5327 319.04 1.39499375075 0.141000652128 0.295999369162 -14.6833711678 1.55586088174 19.1575034638 0.00692802392802 0.024306
pedestrian -1 -1 -10 491.92 176.79 509.466 229.589 1.61499284059 0.77699990069 0.972996157531 -3.74041865954 1.60821393639 26.5598063642 0.00692802392802 0.020691
pedestrian -1 -1 -10 49.29 185.31 68.216 238.982 1.39899380058 0.457000422723 0.537998086606 -14.5614685637 1.55937701413 19.2866639914 0.00692802392802 0.018463
pedestrian -1 -1 -10 345.39 191.58 385.639 298.56 0.884996069968 0.981999685473 0.405998612787 -5.9993032597 1.5111932164 18.0390572758 0.00692802392802 0.018283
pedestrian -1 -1 -10 179.38 169.03 214.746 266.96 1.55299303681 0.396999090093 0.568997153858 -12.9240569084 1.56488936374 22.7583223828 0.00692802392802 0.014873
pedestrian -1 -1 -10 784.3 174.77 811.14 249.189 1.77699200138 0.899999008621 0.614997938612 4.40012274599 1.61605553615 15.8135588989 0.00692802392802 0.014469
pedestrian -1 -1 -10 25.374 172.41 66.17 264.377 0.695996904373 0.154998674258 0.34100023015 -20.7154050313 1.05289616467 25.8022783383 0.00692802392802 0.01359
pedestrian -1 -1 -10 500.38 176.86 511.616 225.677 1.61499284059 0.600999424869 0.836996988648 -3.67181104562 1.60792460522 26.6473331737 0.00692802392802 0.011728
pedestrian -1 -1 -10 931.01 186.76 959.226 239.438 0.94599584639 0.34600043691 0.30399875929 10.1941697952 1.56340477191 20.7749627516 0.00692802392802 0.0096834
pedestrian -1 -1 -10 41.525 180.96 61.629 240.751 1.39499375075 1.00099877233 0.381998535062 -14.6375875799 1.55527512136 19.5591949802 0.00692802392802 0.0084246
pedestrian -1 -1 -10 504.79 179.99 515.01 218.708 1.61499284059 0.528998970122 0.679997513338 -3.59306378516 1.60766687536 26.6827884424 0.00692802392802 0.0079156
pedestrian -1 -1 -10 55.013 189.87 70.518 231.803 1.39899380058 0.457000422723 0.537998086606 -14.5614685637 1.55937701413 19.2866639914 0.00692802392802 0.0078829
pedestrian -1 -1 -10 17.811 169.29 56.646 302.56 1.20699462742 0.395000190081 0.68399744682 -15.6312683328 1.21651659949 19.9948061173 0.00692802392802 0.0068125
pedestrian -1 -1 -10 508.13 179.6 527.709 221.693 1.53799305856 0.845000648065 0.563997773446 -3.5706998654 1.618306192 33.0638467084 0.00692802392802 0.0054487
pedestrian -1 -1 -10 983.88 194.74 1002.02 245.421 0.113999548554 0.245000673202 0.0339993153853 11.5003205983 1.30551828379 20.1515812859 0.00692802392802 0.0023725
pedestrian -1 -1 -10 190.86 164.18 227.197 241.378 1.52099320441 0.455999065369 0.479997739825 -12.1911356183 1.52028399868 22.3947020102 0.00692802392802 0.0017772
pedestrian -1 -1 -10 38.775 174.99 78.838 290.9 1.39899380058 0.457000422723 0.537998086606 -14.5614685637 1.55937701413 19.2866639914 0.00692802392802 0.0015625
pedestrian -1 -1 -10 998.19 194.8 1016.2 247.341 0.933995816112 1.1369993134 0.724996705402 8.3648338586 1.59919996961 14.8740390276 0.00692802392802 0.0013641
pedestrian -1 -1 -10 88.159 243.27 130.518 328.753 1.01799549162 0.766999678586 1.17499577858 -6.30988579857 1.58646305758 8.93549434204 0.00692802392802 0.0012763
pedestrian -1 -1 -10 388.97 211.86 414.622 275.382 1.00999551117 0.453999211683 1.07999610669 -3.46909898743 1.55161931531 12.4403644488 0.00692802392802 0.0011926
pedestrian -1 -1 -10 483.26 173.85 502.267 238.751 0.968995715678 0.599999974863 0.568997630693 -4.23164714397 0.975473353301 27.5173722244 0.00692802392802 0.0010974
pedestrian -1 -1 -10 778.55 182.1 798.868 243.549 1.79499192759 0.899999008621 0.614997938612 4.40014756646 1.63405546236 15.813569194 0.00692802392802 0.00079857
pedestrian -1 -1 -10 979.99 191.51 1012.38 250.682 0.995995515585 1.16199891499 1.15299554838 8.34722330253 1.59916980325 14.9426262029 0.00692802392802 0.00071871
pedestrian -1 -1 -10 200.45 248.76 243.271 350.76 1.00099554807 0.771999312801 0.894996620177 -3.98280870024 1.52299862347 7.22776642788 0.00692802392802 0.00069706
pedestrian -1 -1 -10 460.61 172.27 485.904 236.39 1.24399438892 0.426999756408 0.701997505114 -4.93928490563 1.07374598866 26.3617010065 0.00692802392802 0.00067
pedestrian -1 -1 -10 1009.5 196.95 1033.83 253.018 1.75899214223 0.410999019571 0.352999315342 15.5394748625 1.55958884401 26.0820840136 0.00692802392802 0.00060412
pedestrian -1 -1 -10 966.8 196.76 1000.45 252.097 0.958995680511 1.15099924288 1.1829951687 8.33497660927 1.55973960077 15.3481971249 0.00692802392802 0.00054961
pedestrian -1 -1 -10 489.16 176.09 519.918 241.396 1.61499284059 0.77699990069 0.907996821223 -3.70791977205 1.6081245673 26.5595811036 0.00692802392802 0.00054824
pedestrian -1 -1 -10 169.9 235.13 214.306 335.3 1.12699491233 1.18999877395 1.1559955581 -4.47510569476 1.51479244617 7.72010646256 0.00692802392802 0.00044864
pedestrian -1 -1 -10 135.65 225.25 220.931 334.23 1.12699491233 1.02999903496 1.1139956605 -4.49724825289 1.51504208479 7.55525612646 0.00692802392802 0.00044593
pedestrian -1 -1 -10 471.7 170.9 495.158 240.276 0.968995715678 0.599999974863 0.568997630693 -4.23164714397 0.975473353301 27.5173722244 0.00692802392802 0.00044489
pedestrian -1 -1 -10 291.58 200.65 341.98 367.87 1.70099244066 1.19599928868 0.610997766713 -2.33781687157 1.54096759597 5.90895137707 0.00692802392802 0.00034762
pedestrian -1 -1 -10 1004.5 190.05 1021.93 242.292 1.09099505991 0.638999505929 0.0949989566294 16.2176426315 1.49083644146 27.7297352485 0.00692802392803 0.0003335
pedestrian -1 -1 -10 158.75 253.0 182.308 305.32 1.11499500126 0.967999279158 0.98399603421 -4.56118228995 1.50303948815 7.71169583705 0.00692802392802 0.00030956
pedestrian -1 -1 -10 311.09 193.66 356.139 370.0 1.70099244066 1.17999902868 0.610997766713 -2.33756053731 1.5409245657 5.94595040492 0.00692802392802 0.0001993
pedestrian -1 -1 -10 280.27 209.42 319.569 329.26 1.6979924331 1.18699899342 0.610997766713 -2.33951489495 1.53825193739 5.66445577277 0.00692802392802 0.00016279
pedestrian -1 -1 -10 456.82 173.97 471.24 219.103 1.24399438892 0.426999756408 0.701997505114 -4.93928490563 1.07374598866 26.3617010065 0.00692802392802 0.00014737
pedestrian -1 -1 -10 98.221 220.38 157.811 325.89 0.0999995529652 0.0769996121257 0.00900074440007 -9.31094578646 -0.309046636285 13.1157183339 0.00692802392802 0.00010566
pedestrian -1 -1 -10 401.53 213.09 416.067 271.471 1.03799538314 0.453999211683 1.19199519785 -3.38606250011 1.57939095038 12.4398051774 0.00692802392802 0.00010017
pedestrian -1 -1 -10 439.05 205.98 462.827 249.883 1.05899525732 0.714000218042 1.1069957173 -4.19252269793 1.59819157859 19.8035829735 0.00692802392802 9.6655e-05
pedestrian -1 -1 -10 126.87 228.03 165.4 318.048 0.923995929956 0.456999469049 1.17099560668 -5.79895575583 1.4908808171 9.08690208191 0.00692802392802 7.8314e-05
pedestrian -1 -1 -10 255.25 195.99 296.274 308.92 0.9729956761 0.439999282206 0.68399744682 -4.04029321185 1.51400139593 8.23819541787 0.00692802392802 7.5323e-05
pedestrian -1 -1 -10 148.22 230.54 193.352 317.306 1.11499500126 0.935999235994 1.02799601776 -4.53993797447 1.50310575655 7.60254607358 0.00692802392802 7.2883e-05
pedestrian -1 -1 -10 750.05 171.76 760.273 212.031 0.563997465372 0.52299845539 0.561997210661 8.9811139149 1.00681191266 40.826935326 0.00692802392802 7.1582e-05
pedestrian -1 -1 -10 275.66 204.84 304.5 318.99 1.6979924331 1.15599935393 0.610997766713 -2.33867314889 1.53811063535 5.78595255145 0.00692802392802 5.7915e-05
pedestrian -1 -1 -10 1007.8 212.89 1025.2 254.681 0.418998117745 1.01700046284 0.526997494674 9.14748834585 -0.281970798804 15.7537503131 0.00692802392802 5.7444e-05
pedestrian -1 -1 -10 918.46 174.06 946.525 243.618 0.573997411132 0.191001762652 0.652996472226 16.2256999687 1.34359533262 34.0419648378 0.00692802392802 3.8879e-05
pedestrian -1 -1 -10 284.97 165.65 369.757 254.773 1.6979924331 1.14399927814 0.610997766713 -2.33863158082 1.53810365741 5.79195244535 0.00692802392802 2.5029e-05
pedestrian -1 -1 -10 243.19 193.4 315.745 338.63 0.886996035278 0.623998219098 0.383998382594 -8.75128864456 1.47826679876 19.3641159265 0.00692802392802 1.5406e-05
pedestrian -1 -1 -10 452.31 170.29 480.231 252.309 1.06999524534 0.653998885413 1.17699562611 -3.66815962126 1.6078548963 19.7079536331 0.00692802392802 1.5223e-05
pedestrian -1 -1 -10 745.95 166.35 756.593 214.713 0.563997465372 0.52299845539 0.561997210661 8.9811139149 1.00681191266 40.826935326 0.00692802392802 9.4926e-06
pedestrian -1 -1 -10 325.2 204.46 368.39 347.93 1.70099244066 1.19299903131 0.610997766713 -2.33774412826 1.54095538471 5.9194510722 0.00692802392802 5.8398e-06
pedestrian -1 -1 -10 436.05 180.09 478.648 271.183 1.12699503154 0.50900043326 0.44199825254 -4.16985342466 1.56524525046 20.5758671574 0.00692802392802 1.0594e-06
pedestrian -1 -1 -10 240.68 206.42 281.547 332.35 0.672996975482 0.969999609682 1.14199543329 -4.39672514497 0.136832180488 9.24126219317 0.00692802392802 5.5441e-07
pedestrian -1 -1 -10 219.99 216.95 261.861 322.32 1.12799495459 0.847998998084 1.0959956022 -4.24791437757 1.51480511007 8.03553961751 0.00692802392802 6.9874e-08
