pedestrian -1 -1 -10 268.85 236.65 309.499 288.167 0.293967726945 0.412954865549 0.550999949588 -7.0004575869 1.56479036556 15.5744982927 0.00753464155925 0.028929
pedestrian -1 -1 -10 289.37 234.5 309.565 285.106 1.00488963068 1.18687024711 0.626999901528 -2.92900394536 1.68026418478 7.13621289522 0.00753464155925 0.0013199
pedestrian -1 -1 -10 273.37 135.19 290.382 187.41 1.85279657686 1.15687284683 0.803000204326 -7.54492973449 1.0744390435 17.231623394 0.00753464155925 0.00045707
pedestrian -1 -1 -10 347.95 162.07 376.837 243.937 0.843907353399 0.87190421915 1.10899938968 -7.69827295905 1.15074958664 22.9784748704 0.00753464155925 0.00029326
pedestrian -1 -1 -10 426.79 184.51 453.196 246.301 1.00188999867 0.696924152028 0.828999504 -4.05877708984 1.74177133311 18.0632989564 0.00753464155925 0.00027854
pedestrian -1 -1 -10 358.68 174.67 374.882 234.61 0.843907353399 0.87190421915 0.943000027956 -7.61527562742 1.15068915677 22.977850398 0.00753464155925 0.00025739
pedestrian -1 -1 -10 304.61 175.05 321.267 224.821 0.742918431401 0.707922626656 0.761999850666 -7.534059116 1.32564471501 19.3293979008 0.00753464155925 5.4044e-05
pedestrian -1 -1 -10 772.57 158.31 785.546 209.324 2.12076709974 0.730920824252 0.418999543675 6.3021407538 1.20092814453 26.8917473063 0.00753464155925 5.1635e-05
pedestrian -1 -1 -10 364.65 175.49 380.563 232.95 0.843907353399 0.87190421915 1.16999971814 -7.41178141718 1.15054099383 22.9763193065 0.00753464155925 4.9003e-05
pedestrian -1 -1 -10 494.42 180.77 512.824 228.407 1.52583245683 0.712921239799 0.78199982547 -3.4104545651 1.41552308658 23.1448225072 0.00753464155925 3.7578e-05
pedestrian -1 -1 -10 255.89 130.23 290.488 200.281 1.65081873286 1.18487061114 1.03899923944 -7.4714630465 0.890715283383 16.1051398028 0.00753464155925 2.4716e-05
pedestrian -1 -1 -10 309.46 158.92 336.103 234.4 0.78591372299 0.962893854054 0.770999672435 -8.10904131395 1.20878460927 21.2745464754 0.00753464155925 1.7537e-05
pedestrian -1 -1 -10 1144.2 162.14 1182.43 280.13 1.21886615169 1.16887161623 1.19599973307 5.1821101432 0.840384803424 6.74706813166 0.00753464155925 1.1188e-07
