pedestrian -1 -1 -10 1173.3 243.12 1242.03 372.1 1.36884968889 1.01788837273 0.869999738451 2.26156767855 1.52142883919 2.64003300485 0.00753464155925 0.61354
pedestrian -1 -1 -10 1113.5 168.47 1241.97 374.17 1.44684113419 1.19686842697 0.719000119413 6.61750491948 0.83603676918 8.06818808564 0.00753464155925 0.0059794
pedestrian -1 -1 -10 1205.4 245.58 1241.98 357.64 1.36884968889 1.00888929568 0.913999635336 2.28353310222 1.52134620993 2.635368071 0.00753464155925 0.0033689
pedestrian -1 -1 -10 505.0 180.18 523.741 246.572 0.918899107098 0.907900527346 0.552999804017 -2.28083457901 1.49830831008 15.6760650064 0.00753464155925 0.00051057
pedestrian -1 -1 -10 474.19 213.19 494.116 279.8 1.33685327148 1.18586995234 0.603999787452 -2.17050709732 1.47932165847 10.8899478347 0.00753464155925 6.3788e-05
pedestrian -1 -1 -10 700.32 193.47 726.402 266.259 1.39084730315 0.764915589336 0.865999791174 2.2698347831 1.62295656577 14.628784695 0.00753464155925 3.9927e-05
pedestrian -1 -1 -10 485.83 206.82 502.895 280.137 1.11987701416 0.931898066142 0.245999856986 -1.98323540227 1.64702586972 12.3606513816 0.00753464155925 3.331e-05
pedestrian -1 -1 -10 877.4 242.14 912.04 334.353 1.30885630381 0.801912669086 0.751999863264 2.77633382141 1.58525724488 7.78147540934 0.00753464155925 3.0646e-05
pedestrian -1 -1 -10 896.24 282.37 926.167 324.557 1.36485006035 1.19386897301 0.343999995787 1.96287653615 1.65757639769 4.66251732994 0.00753464155925 2.6864e-05
pedestrian -1 -1 -10 452.33 196.27 488.503 291.753 1.4268432895 1.02188740628 0.638999743359 -2.16072016315 1.61001662505 9.85646288049 0.00753464155925 2.4943e-05
pedestrian -1 -1 -10 496.25 192.48 518.964 252.057 0.941896524197 0.910900458088 0.55599982408 -2.28429667583 1.68131650899 14.999958982 0.00753464155925 2.3155e-05
pedestrian -1 -1 -10 1224.7 286.71 1242.03 366.861 1.36884968889 0.981892302922 0.922999695524 2.28793129957 1.52114310033 2.62183610049 0.00753464155925 1.2909e-05
pedestrian -1 -1 -10 476.03 208.63 510.132 282.963 1.11987701416 1.09188038669 0.245999856986 -1.98383810129 1.64584167162 12.2806624919 0.00753464155925 9.6986e-06
pedestrian -1 -1 -10 488.35 192.63 513.704 286.701 0.87590378571 0.653928641148 0.518999894533 -2.2717447059 1.67940456014 14.8708864997 0.00753464155925 8.5067e-06
pedestrian -1 -1 -10 467.43 204.53 499.984 293.785 1.33685327148 1.17587081891 0.603999787452 -2.17054476691 1.47924764433 10.8849484099 0.00753464155925 4.8457e-06
pedestrian -1 -1 -10 506.6 177.16 538.995 249.261 0.527942040502 0.266969043227 0.401999827352 -3.29056418406 0.878226839156 31.9056968498 0.00753464155925 1.0955e-06
pedestrian -1 -1 -10 716.89 174.75 750.692 246.97 1.54483034689 0.729919575911 1.19399964022 2.51463051897 1.59352228549 14.6110134574 0.00753464155925 1.0636e-06
pedestrian -1 -1 -10 690.75 183.74 716.305 267.89 1.39084730315 0.802911533502 0.710999628813 2.19248003704 1.62329423963 14.6483652223 0.00753464155925 4.3025e-07
pedestrian -1 -1 -10 695.2 185.28 735.494 282.076 1.5738272068 0.766915225307 0.911999780907 2.29278524109 1.6229546215 14.6309663282 0.00753464155925 3.0564e-07
