pedestrian -1 -1 -10 460.39 155.17 545.29 328.23 1.72899223417 0.644999543825 0.938996484519 -1.17957097506 1.4678826284 7.5613663946 0.00692802392802 0.753
pedestrian -1 -1 -10 765.47 159.11 780.783 239.884 0.762996576726 0.0869998342306 0.703997591063 4.08927074538 0.749826739957 17.6378399315 0.00692802392802 0.0093672
pedestrian -1 -1 -10 891.35 228.14 918.622 280.327 1.17899472564 1.17499844079 0.551997973001 4.27645829306 1.39640227949 10.5648781412 0.00692802392802 0.0054787
pedestrian -1 -1 -10 310.68 231.11 332.145 280.204 0.981995639205 1.02299907022 1.08199619264 -4.08870578521 1.39767186346 10.3909435643 0.00692802392802 0.0030182
pedestrian -1 -1 -10 364.35 224.81 388.184 278.581 0.954995690286 0.859999073875 0.680997437104 -3.50363801262 1.36112179869 10.3353617369 0.00692802392802 0.0022561
pedestrian -1 -1 -10 840.37 184.32 869.464 266.204 0.551997554302 0.308999805856 0.589997937121 4.88420656657 1.27890089702 13.9109785655 0.00692802392802 0.0017522
pedestrian -1 -1 -10 899.96 236.01 927.715 280.428 0.944995744527 1.12399978761 0.63699769197 4.23127192199 1.39702446294 10.1308175322 0.00692802392802 0.0017109
pedestrian -1 -1 -10 659.87 219.8 671.78 264.682 1.79799193144 1.1369993134 1.06199592919 1.22258920296 1.43218627549 12.8687742267 0.00692802392802 0.001251
pedestrian -1 -1 -10 414.57 162.03 575.59 338.67 1.72899223417 0.748999564899 1.02199623675 -1.22070959988 1.46793627157 7.61365279978 0.00692802392802 0.00086766
pedestrian -1 -1 -10 1087.1 91.753 1123.12 209.363 1.78499202281 0.815999431756 1.1869953406 8.22406436928 0.884315987869 11.6091073311 0.00692802392802 0.00083218
pedestrian -1 -1 -10 663.13 218.59 680.133 261.09 2.25698985606 1.1719991371 1.15499563433 1.26804279821 1.43212760627 12.8086901777 0.00692802392802 0.00070648
pedestrian -1 -1 -10 1075.5 93.94 1111.57 221.77 1.83799175918 0.653999839086 1.19499520757 7.9195983814 0.943245849032 11.5302525793 0.00692802392802 0.0006367
pedestrian -1 -1 -10 772.86 165.49 787.368 231.793 2.18699023575 0.936999639674 1.04199614257 3.23939958684 1.33619102306 12.3714514472 0.00692802392802 0.00053101
pedestrian -1 -1 -10 702.0 163.66 714.716 214.84 0.755996608734 0.162000546344 0.970996309999 2.79983232234 0.740363978228 17.6542662805 0.00692802392802 0.00046807
pedestrian -1 -1 -10 904.44 230.78 944.421 278.49 2.09499063939 1.00299957969 1.1969950551 5.45258046635 1.38468891131 11.8462153196 0.00692802392802 0.00028995
pedestrian -1 -1 -10 1067.6 111.84 1102.42 238.03 2.26098984629 0.734999158585 1.19599560817 7.7889744013 1.36955844611 11.5719080769 0.00692802392802 0.00028584
pedestrian -1 -1 -10 652.38 216.36 675.422 272.994 2.25698985606 1.09599992865 1.00599614519 1.19328158312 1.43237666201 12.7712078556 0.00692802392802 0.00021331
pedestrian -1 -1 -10 297.23 227.03 328.531 280.975 1.07199524045 1.19499983867 1.18999558874 -4.35010439211 1.39310435201 10.6427030904 0.00692802392802 0.00014935
pedestrian -1 -1 -10 367.92 209.75 400.49 278.586 0.196999122202 0.0599994252821 0.13799949325 -4.26304290779 1.17832762312 13.7369353629 0.00692802392804 0.00013561
pedestrian -1 -1 -10 886.67 208.73 923.933 276.118 0.944995744527 1.15599935393 0.629997748773 4.23565165992 1.39686714001 10.2577899945 0.00692802392802 9.8532e-05
pedestrian -1 -1 -10 319.08 217.49 350.921 279.376 1.05799521506 1.1809999092 1.15599579652 -4.09457342417 1.38014535558 10.8649313111 0.00692802392802 6.4056e-05
pedestrian -1 -1 -10 455.72 136.21 523.242 252.45 1.68699248582 0.644999543825 0.949996480407 -1.25712678206 1.42609599247 7.5618795365 0.00692802392802 2.6253e-05
pedestrian -1 -1 -10 436.67 199.02 503.588 324.1 0.26099884659 0.435999574833 0.70099734293 -2.4863130851 1.35461926058 12.695768556 0.00692802392802 1.1251e-05
pedestrian -1 -1 -10 503.73 226.45 518.563 277.627 1.72399226129 0.644999543825 0.90899662578 -1.16457830057 1.46284140802 7.56125956784 0.00692802392802 2.7304e-06
pedestrian -1 -1 -10 485.96 133.53 526.086 276.03 1.5519930765 0.867999442294 0.822996863836 -1.51232386103 1.36180902592 12.7992805914 0.00692802392802 3.6337e-07
pedestrian -1 -1 -10 471.75 92.084 548.799 237.484 0.957995701581 1.16499821869 0.312998788437 -2.15816861465 -0.0332312870174 17.0110818064 0.00692802392802 2.9197e-07
pedestrian -1 -1 -10 477.08 80.017 512.404 259.707 0.916995880008 1.18299880921 0.342998885594 -2.38792709064 -0.0404771470175 16.0316643901 0.00692802392802 1.0769e-09
