pedestrian -1 -1 -10 481.39 176.42 493.345 209.566 0.361960220102 0.157979823871 0.281999978526 -7.17076168605 1.77841333335 43.2294370069 0.00753464155925 0.51079
pedestrian -1 -1 -10 476.98 174.51 488.206 210.03 0.373958926917 0.351962630926 0.588000117552 -9.55789353831 0.665888968551 57.2849162442 0.00753464155925 0.03486
pedestrian -1 -1 -10 555.12 161.46 567.418 194.014 0.394956648944 0.588936181012 1.17799985112 -3.7992327725 0.739114690522 61.9967543115 0.00753464155925 0.017021
pedestrian -1 -1 -10 476.7 173.15 497.341 213.216 0.361960220102 0.157979823871 0.281999978526 -7.17076168605 1.77841333335 43.2294370069 0.00753464155925 0.016645
pedestrian -1 -1 -10 572.47 160.4 583.344 195.917 0.101988805294 0.44295226583 0.977999626236 -2.45244383837 0.458699294431 63.172752728 0.00753464155925 0.013379
pedestrian -1 -1 -10 564.66 160.48 576.78 196.032 0.123986434454 0.946894859143 1.04499951799 -3.01391888735 -1.07476787395 63.0618288838 0.00753464155925 0.0016579
pedestrian -1 -1 -10 483.5 170.0 506.12 216.682 0.100988927959 0.183981766488 0.694999482076 -9.3004247909 1.14863753525 62.2705003762 0.00753464155925 0.00075687
pedestrian -1 -1 -10 1024.5 224.21 1040.75 279.379 0.858905632621 0.414954501521 0.735999835737 3.52036046956 1.29926546043 6.32607225327 0.00753464155925 0.0001822
pedestrian -1 -1 -10 1025.0 228.96 1055.99 289.119 0.858905632621 0.414954501521 0.689999846003 3.54335981343 1.29924871474 6.32589920609 0.00753464155925 8.5219e-05
pedestrian -1 -1 -10 0.0 148.91 33.083 212.933 2.00377996159 1.19286915503 1.04299990198 -7.17762679961 1.36253985178 8.74353855648 0.00753464155925 4.857e-05
pedestrian -1 -1 -10 590.45 166.09 603.936 206.555 0.114987359645 1.02289056176 1.11099972094 -0.76391198744 -0.302805257911 65.1056687239 0.00753464155925 3.5945e-05
pedestrian -1 -1 -10 887.69 233.12 913.916 308.579 1.38284809078 0.995890708292 0.865999671964 2.74979252318 1.63347781726 6.51233406122 0.00753464155925 1.1366e-05
pedestrian -1 -1 -10 968.57 172.07 981.038 208.143 0.400955972552 0.64292921295 0.693000104484 5.76261628006 0.491047047388 10.5943428102 0.00753464155925 2.5139e-06
