pedestrian -1 -1 -10 752.49 155.62 771.265 220.887 1.80980131507 0.663926821005 0.297999767635 4.19634877089 1.40500240887 19.7818093373 0.00753464155925 0.92573
pedestrian -1 -1 -10 748.9 156.9 764.06 213.503 1.80980131507 0.663926821005 0.297999767635 4.19634877089 1.40500240887 19.7818093373 0.00753464155925 0.30932
pedestrian -1 -1 -10 751.57 150.21 782.422 230.612 2.08177140689 0.623932194437 0.658999718163 2.83813891691 1.45656177926 11.5931613494 0.00753464155925 0.18268
pedestrian -1 -1 -10 382.77 167.48 434.078 273.08 1.76780590081 1.16087211877 0.52999980915 -3.20763071209 1.66357033051 11.810850463 0.00753464155925 0.042807
pedestrian -1 -1 -10 755.36 143.72 793.331 252.63 2.08177140689 0.710922557398 0.694999720495 2.8564661261 1.45719258147 11.636519868 0.00753464155925 0.0097992
pedestrian -1 -1 -10 1010.1 137.17 1055.68 218.766 1.07488197908 1.15087489249 0.0720004814998 11.6768223725 0.191125781228 19.6324616083 0.00753464155925 0.0043445
pedestrian -1 -1 -10 404.67 166.55 436.142 250.921 1.76780590081 1.15087393892 0.52999980915 -3.20855736022 1.66174962911 11.6878677596 0.00753464155925 0.004329
pedestrian -1 -1 -10 742.18 158.92 755.875 213.565 0.639929751007 0.223974485917 0.150000049451 5.72607659402 0.92016817031 28.9010607079 0.00753464155925 0.0034008
pedestrian -1 -1 -10 369.72 167.1 414.072 259.661 1.76780590081 1.17687111368 0.52999980915 -3.20900185487 1.66087627489 11.6288754052 0.00753464155925 0.0027643
pedestrian -1 -1 -10 879.88 136.79 894.074 179.625 1.69881344092 1.1828700216 1.19299947459 6.3069978041 1.14301629409 16.2249737021 0.00753464155925 0.0024078
pedestrian -1 -1 -10 893.61 185.98 915.862 244.528 0.799912095078 0.62793051281 0.711999675237 5.63945221612 1.33537326771 12.8365348861 0.00753464155925 0.0022615
pedestrian -1 -1 -10 732.24 157.68 756.362 219.98 0.272970064517 0.0189989256531 0.159999798434 6.2071404566 1.08557173991 32.861318667 0.00753464155925 0.002013
pedestrian -1 -1 -10 720.06 146.12 746.955 200.308 0.101988835093 0.231973029803 0.306000615863 9.74814566518 -0.046255559536 53.1524289948 0.00753464155925 0.001801
pedestrian -1 -1 -10 1077.7 109.92 1100.64 166.574 0.680925232053 0.743917981281 1.1149994298 7.59263758333 -0.00644168476786 11.1835735184 0.00753464155925 0.0017125
pedestrian -1 -1 -10 870.17 130.75 885.455 174.739 0.605933448555 0.696924152028 0.700000071824 7.05384072771 -0.208387933492 19.2696823436 0.00753464155925 0.0015446
pedestrian -1 -1 -10 870.73 134.73 899.72 199.649 1.78980352997 1.03688610642 1.18999969295 6.18036038711 1.24178745833 16.069117497 0.00753464155925 0.001079
pedestrian -1 -1 -10 1076.7 143.87 1108.42 217.819 1.45084070313 1.15887343637 0.853999830133 12.17060147 0.56940602031 18.2537347198 0.00753464155925 0.00098202
pedestrian -1 -1 -10 883.67 135.41 900.98 180.534 1.69881344092 1.18787054188 1.19499980586 6.41475744232 1.14247138573 16.1926656144 0.00753464155925 0.00086609
pedestrian -1 -1 -10 1118.3 177.37 1154.65 247.453 0.494945663809 0.283969286479 1.16899931409 9.3875160086 0.915364279743 12.7902517553 0.00753464155925 0.00074558
pedestrian -1 -1 -10 1108.6 186.86 1142.44 260.551 0.834908338188 0.835907910955 1.19599973307 6.30575712724 1.34452321375 8.75507537703 0.00753464155925 0.00043317
pedestrian -1 -1 -10 1113.7 176.42 1127.03 228.042 0.493945726875 0.229975300971 1.18399965282 9.08790373854 0.914345556899 12.7765144704 0.00753464155925 0.00040572
pedestrian -1 -1 -10 1071.4 100.11 1103.24 182.32 1.24086375105 0.881903352577 1.16199934675 7.50679260751 0.552537709226 11.1110799629 0.00753464155925 0.00035655
pedestrian -1 -1 -10 898.53 171.88 933.793 250.524 0.801911968944 1.11187769998 0.711999675237 5.6376296657 1.33379093739 12.5945533527 0.00753464155925 0.00034545
pedestrian -1 -1 -10 414.08 162.96 428.446 240.079 1.76780590081 1.18387031637 0.52999980915 -3.20816184393 1.6625267494 11.740359813 0.00753464155925 0.00033876
pedestrian -1 -1 -10 890.13 129.26 904.883 173.608 0.49294584954 0.424954588517 1.17699968548 8.16271852345 -0.207651722986 20.1075969196 0.00753464155925 0.00028831
pedestrian -1 -1 -10 874.84 127.89 906.709 182.983 0.491945972205 0.419954068234 1.12299980119 7.93959332227 -0.207748405057 20.0917698115 0.00753464155925 0.0002545
pedestrian -1 -1 -10 374.57 158.92 399.215 221.089 1.92878820789 1.18687024711 0.154000235146 -7.91989839908 1.51606153187 26.169708263 0.00753464155925 0.00021034
pedestrian -1 -1 -10 154.43 234.18 178.511 306.51 2.15576328325 1.19786872174 0.10399958288 -7.78402712726 1.61294800545 12.7295751607 0.00753464155925 0.00017096
pedestrian -1 -1 -10 854.49 123.51 883.738 190.293 1.2218658135 1.08488023044 1.00999991971 6.05220716932 0.672821071242 16.7413946873 0.00753464155925 0.00012701
pedestrian -1 -1 -10 1187.0 170.5 1223.02 238.727 1.80980131507 1.11587792549 1.0799995931 12.646288969 0.957907398815 15.1331263272 0.00753464155925 9.7744e-05
pedestrian -1 -1 -10 385.56 158.49 410.002 226.265 1.76780590081 1.15087393892 0.52999980915 -3.20855736022 1.66174962911 11.6878677596 0.00753464155925 6.635e-05
pedestrian -1 -1 -10 297.36 182.39 324.752 245.81 0.673925986411 1.16187336711 1.14599955764 -4.97601634769 0.902281051538 12.0528794305 0.00753464155925 3.941e-05
pedestrian -1 -1 -10 1102.4 133.98 1145.98 229.651 1.54083082545 1.13487399043 0.305000211811 12.5567129587 0.669526414873 17.2648728238 0.00753464155925 3.7657e-05
pedestrian -1 -1 -10 761.95 102.29 798.866 237.03 1.71581159401 0.421953704205 0.374999885208 2.69526927088 1.08921029665 11.4959531305 0.00753464155925 2.3549e-05
pedestrian -1 -1 -10 770.83 84.928 808.094 213.428 0.53194160199 0.760916317393 0.240000174488 5.99980652824 -0.181815088901 23.3832506206 0.00753464155925 1.9832e-05
