pedestrian -1 -1 -10 467.91 170.36 518.503 326.69 1.71781136358 0.925899158228 0.601999813813 -1.37424440999 1.63602848645 8.00105044432 0.00753464155925 0.60643
pedestrian -1 -1 -10 487.9 165.99 513.738 233.505 1.66381727231 1.06888314267 0.601999813813 -1.37479971969 1.58097601972 7.92996028542 0.00753464155925 0.15908
pedestrian -1 -1 -10 486.65 162.75 517.472 286.25 1.71781136358 1.01388933917 0.601999813813 -1.37457589409 1.6353771782 7.95705660266 0.00753464155925 0.01579
pedestrian -1 -1 -10 451.38 264.97 486.263 330.316 1.71081215565 0.690923813759 0.583999812647 -1.38026051943 1.65410037307 7.46520224021 0.00753464155925 0.0090832
pedestrian -1 -1 -10 462.15 164.85 521.716 256.628 1.71781136358 1.09688043019 0.601999813813 -1.3748885452 1.63476287349 7.91556223501 0.00753464155925 0.0055103
pedestrian -1 -1 -10 479.17 198.56 507.816 319.9 1.71781136358 0.903901255403 0.601999813813 -1.37416153762 1.63619131616 8.01204908352 0.00753464155925 0.0025462
pedestrian -1 -1 -10 380.77 184.48 413.015 228.298 0.64992860258 1.04588494507 0.47800001771 -5.24166631003 0.91783740704 17.414212768 0.00753464155925 0.0017762
pedestrian -1 -1 -10 238.56 204.7 254.457 269.637 1.42784323388 1.19186886025 0.824999556723 -5.29456966103 1.51245531531 10.296584737 0.00753464155925 0.00090526
pedestrian -1 -1 -10 485.43 242.63 504.771 323.462 1.71781136358 0.865905788021 0.601999813813 -1.37401839786 1.63647256074 8.03104627796 0.00753464155925 0.0005973
pedestrian -1 -1 -10 444.8 247.94 475.315 329.686 0.731919601921 0.246972683513 0.61799984134 -2.71273408205 1.43458073582 12.2989124321 0.00753464155925 0.00058428
pedestrian -1 -1 -10 461.16 170.75 497.918 317.85 1.71781136358 0.952896150982 0.601999813813 -1.37434611536 1.6358286532 7.9875523311 0.00753464155925 0.00039579
pedestrian -1 -1 -10 471.9 212.9 495.611 285.204 1.72481056452 1.09787977139 0.590999779987 -1.38224331657 1.63811726475 7.66908577309 0.00753464155925 0.00028025
pedestrian -1 -1 -10 463.59 252.13 484.578 315.554 0.717921200034 0.260971088883 0.463999844612 -2.58348611654 1.42099168903 12.3320402706 0.00753464155925 0.00022602
pedestrian -1 -1 -10 455.44 230.72 494.117 342.12 1.74380853188 1.12987585408 0.601999813813 -1.37661705923 1.65734806449 7.68490130722 0.00753464155925 0.00018559
pedestrian -1 -1 -10 444.52 155.48 509.428 272.08 1.71781136358 1.09688043019 0.601999813813 -1.3748885452 1.63476287349 7.91556223501 0.00753464155925 0.00015252
pedestrian -1 -1 -10 476.31 261.36 491.23 329.631 1.72481056452 1.04088585514 0.590999779987 -1.38245802891 1.63769539259 7.64058962386 0.00753464155925 0.00013531
pedestrian -1 -1 -10 235.46 209.23 249.442 263.924 1.42784323388 1.18186972683 0.824999556723 -5.2949764825 1.5116559823 10.2425922841 0.00753464155925 0.00012982
pedestrian -1 -1 -10 347.43 174.92 384.082 246.015 2.08377116156 0.309967414817 1.09999909107 -11.2968834509 1.3927374957 34.0457072763 0.00753464155925 9.7974e-05
pedestrian -1 -1 -10 368.28 176.59 398.6 258.811 0.64992860258 1.04588494507 0.47800001771 -5.24166631003 0.91783740704 17.414212768 0.00753464155925 6.2165e-05
pedestrian -1 -1 -10 432.46 159.81 531.018 339.2 1.71781136358 0.93589781487 0.601999813813 -1.37428207778 1.63595447583 7.99605125791 0.00753464155925 3.5947e-05
pedestrian -1 -1 -10 774.9 192.08 821.855 254.983 1.11687732256 1.14287444146 0.137999969201 4.76693478005 1.74032219561 18.0636808328 0.00753464155925 1.7191e-05
pedestrian -1 -1 -10 462.43 226.08 488.713 301.509 0.910899969221 0.633931327864 0.682999878663 -2.61368639229 1.61642840567 12.4953258893 0.00753464155925 1.3476e-05
pedestrian -1 -1 -10 449.82 209.36 478.44 308.604 0.910899969221 0.641929871749 0.872999639304 -2.70871371652 1.6164383669 12.4920414903 0.00753464155925 7.4912e-06
pedestrian -1 -1 -10 365.26 156.35 395.458 216.322 1.37684879697 0.377956944985 1.18500005687 -10.5890178532 0.287046958102 34.0315087536 0.00753464155925 6.5724e-06
pedestrian -1 -1 -10 468.27 219.74 481.789 293.244 1.74380853188 1.10787890482 0.590999779987 -1.38219978925 1.65718924626 7.67394452577 0.00753464155925 3.8127e-06
pedestrian -1 -1 -10 417.13 167.97 437.936 198.68 0.569937418439 0.152983117867 1.02599970882 -6.10169287428 0.756837121026 24.4699568098 0.00753464155925 2.6419e-06
pedestrian -1 -1 -10 1123.3 54.83 1158.16 185.89 1.52983202577 1.19586908577 1.15299952498 5.02469987769 0.944717528034 6.76451364633 0.00753464155925 1.6476e-06
pedestrian -1 -1 -10 1145.2 91.328 1181.37 211.858 1.29185812092 1.19186933704 1.17999946713 5.25154924061 0.70742245553 6.82156366824 0.00753464155925 1.6112e-06
pedestrian -1 -1 -10 1134.9 60.205 1169.14 183.935 1.06588293034 1.19586908577 0.613999655645 4.86824783988 1.02169332841 6.07702421784 0.00753464155925 1.1226e-06
pedestrian -1 -1 -10 1166.4 78.891 1200.6 209.291 1.0458851378 1.15687332361 0.899999819866 5.7262673253 0.454605546181 7.32647850424 0.00753464155925 9.8646e-07
pedestrian -1 -1 -10 216.2 182.31 254.01 272.22 1.41484464973 1.18686929354 0.963999453138 -5.36483632538 1.49800487895 10.1957178544 0.00753464155925 3.825e-07
pedestrian -1 -1 -10 956.18 105.66 996.019 190.177 1.05288436854 0.796913579158 1.12600005968 13.9605259492 0.0134738533175 26.9107276109 0.00753464155925 3.2488e-07
pedestrian -1 -1 -10 426.5 169.94 444.299 205.361 0.454950054976 0.78591415096 1.14199961037 -3.32530933613 0.495520655769 14.0301167193 0.00753464155925 7.5374e-08
