pedestrian -1 -1 -10 940.91 222.31 953.582 265.278 1.56682799375 1.15387386966 0.866999837597 4.86854282736 1.35219926301 10.0293826573 0.00753464155925 0.012984
pedestrian -1 -1 -10 1011.0 244.51 1023.07 288.862 1.92778833055 1.05688437327 0.164999911345 6.03367730327 1.27709415473 9.66883816557 0.00753464155925 0.0030564
pedestrian -1 -1 -10 937.24 215.19 958.209 277.148 1.56682799375 1.15387386966 0.866999837597 4.86854282736 1.35219926301 10.0293826573 0.00753464155925 0.0030239
pedestrian -1 -1 -10 929.17 207.81 952.167 268.681 1.87379423928 1.1828700216 0.983999904779 4.97116696788 1.30639845752 10.9951926818 0.00753464155925 0.0022457
pedestrian -1 -1 -10 944.02 217.05 964.851 274.547 0.729919906849 1.17287184174 0.80599998597 4.95211926007 1.34982114617 9.86607118449 0.00753464155925 0.001948
pedestrian -1 -1 -10 866.87 129.82 901.887 235.22 2.01777848267 1.19086951905 1.16899955251 4.20714083899 1.3808655665 10.9279023089 0.00753464155925 0.00099136
pedestrian -1 -1 -10 1015.3 242.59 1027.64 287.36 1.9377872231 1.194868791 0.233999657526 6.06903812862 1.28875541042 9.78248867816 0.00753464155925 0.00063817
pedestrian -1 -1 -10 739.36 144.13 758.909 198.566 1.5048347348 1.17287184174 1.04299966356 3.96369477954 0.701505831211 20.2142777824 0.00753464155925 0.00043398
pedestrian -1 -1 -10 1145.0 243.83 1183.16 357.25 0.914899478562 1.16687245704 1.19299995143 4.90099824176 1.369548593 6.33504639699 0.00753464155925 0.00034877
pedestrian -1 -1 -10 1163.0 239.7 1202.59 360.51 0.680925261852 1.19386897301 0.936000060616 4.67706218238 1.40078559464 5.73195622152 0.00753464155925 0.00027762
pedestrian -1 -1 -10 726.32 136.34 760.446 211.277 1.51183399534 1.08288154804 1.12999976853 3.92173068769 0.704557217483 20.4186292306 0.00753464155925 0.00011975
pedestrian -1 -1 -10 844.57 100.37 870.975 184.348 0.316965203642 0.221975803515 0.276999865616 5.98395876447 -0.453982849029 18.0365697748 0.00753464155925 7.3144e-05
pedestrian -1 -1 -10 918.64 185.63 945.161 265.324 1.8887926377 1.17887074966 1.16099941954 5.00901252065 1.31302115553 11.1739450998 0.00753464155925 5.3187e-05
pedestrian -1 -1 -10 1095.5 229.06 1131.5 349.37 0.893901875731 1.17587081891 0.893999779741 4.71901262756 1.39660309982 6.53338890257 0.00753464155925 3.8697e-05
pedestrian -1 -1 -10 1114.6 231.88 1152.45 351.37 0.935897200588 1.19686890375 0.984999831994 4.76372435704 1.39205302263 6.43091588795 0.00753464155925 2.2622e-05
pedestrian -1 -1 -10 866.17 113.44 894.632 187.53 1.7098122704 1.1818706804 1.18299948719 4.25653437257 1.07775735976 11.2602835959 0.00753464155925 1.8028e-05
pedestrian -1 -1 -10 716.25 124.67 745.864 201.02 1.42784322643 0.17098079518 1.12399948999 4.16445874227 0.720892815471 24.0974434851 0.00753464155925 1.4852e-05
pedestrian -1 -1 -10 544.82 117.17 584.65 213.654 1.01788821483 0.740919957679 1.10499968082 -1.28938630188 0.889984653161 21.6436563021 0.00753464155925 7.3037e-06
pedestrian -1 -1 -10 575.46 107.14 610.439 220.31 1.59982433319 1.17587177248 1.18999958491 -0.382272345743 0.809361382016 20.4286551625 0.00753464155925 1.3225e-06
