pedestrian -1 -1 -10 544.16 177.1 558.073 214.423 1.26686088955 0.401956390921 0.466999864675 -2.88890498008 1.9937427651 38.0999824116 0.00753464155925 0.70449
pedestrian -1 -1 -10 119.11 159.13 146.277 231.269 0.0999890208244 0.0 0.0 -21.3257536648 0.094605086333 32.6686065422 0.0 0.021686
pedestrian -1 -1 -10 130.52 159.3 150.746 229.207 2.52472272814 0.383956806469 0.33300008117 -15.3523918592 1.53591952313 24.0990330071 0.00753464155925 0.0057794
pedestrian -1 -1 -10 287.65 219.62 310.799 262.051 2.59171546316 0.91389943526 1.17999946713 -6.62833958476 1.85975999576 15.7378568982 0.00753464155925 0.0036895
pedestrian -1 -1 -10 300.33 219.16 324.481 264.448 2.48272746288 0.935898291655 1.18399965282 -6.27979999485 1.85658908607 15.5374441807 0.00753464155925 0.0031589
pedestrian -1 -1 -10 296.28 211.92 316.174 260.729 2.59171546316 0.991891913134 1.16099941954 -6.60054639906 1.86031727833 15.7766451248 0.00753464155925 0.0011624
pedestrian -1 -1 -10 108.49 162.18 135.013 225.921 2.42673343814 0.35696124407 0.312999629529 -14.1996718027 1.49828487991 21.1322717392 0.00753464155925 0.00072777
pedestrian -1 -1 -10 307.42 206.94 328.112 261.112 2.56571829486 0.954895310169 1.0489999421 -6.21227210347 1.8306833899 15.547434075 0.00753464155925 0.00048557
pedestrian -1 -1 -10 297.99 210.26 336.373 269.702 2.48272746288 1.09288068147 1.1779996127 -6.27620866228 1.85774889427 15.6159105761 0.00753464155925 0.00041899
pedestrian -1 -1 -10 275.89 211.06 315.323 263.881 2.59171546316 0.991891913134 1.03699986185 -6.69954354376 1.86038935757 15.7773899799 0.00753464155925 0.00027517
pedestrian -1 -1 -10 541.38 164.46 564.201 213.768 1.26686088955 0.401956390921 0.466999864675 -2.88890498008 1.9937427651 38.0999824116 0.00753464155925 0.00017679
pedestrian -1 -1 -10 269.27 204.49 299.434 268.254 0.762916216494 0.373959580182 0.858000015828 -7.83183153563 1.76913319829 17.590985426 0.00753464155925 0.00010669
pedestrian -1 -1 -10 128.32 135.01 164.275 232.555 2.52472272814 0.383956806469 0.33300008117 -15.3523918592 1.53591952313 24.0990330071 0.00753464155925 0.00010145
