pedestrian -1 -1 -10 1053.5 94.615 1089.09 218.335 0.641929487053 1.17887074966 0.272000229543 5.67678855352 0.0076602373276 8.88169231425 0.00753464155925 0.00046013
pedestrian -1 -1 -10 1115.1 112.27 1152.41 232.46 1.60982322574 1.19186933704 0.885999646769 3.39208250915 1.37660449145 4.45769417829 0.00753464155925 0.00033997
pedestrian -1 -1 -10 1074.3 101.61 1108.72 215.45 0.627931021843 1.17987009086 0.219999722847 5.71521596548 -0.00242411840573 8.53990104196 0.00753464155925 0.00031358
pedestrian -1 -1 -10 1155.7 64.953 1190.57 191.593 1.12187682843 1.06088364521 0.849999644437 6.03278010929 0.507353306478 7.52497831131 0.00753464155925 0.00030733
pedestrian -1 -1 -10 1096.2 106.61 1129.98 222.77 1.13187569118 1.19686890375 0.503999555803 5.85359017346 0.507977377312 8.03246334427 0.00753464155925 0.00025834
pedestrian -1 -1 -10 1155.9 107.13 1192.07 232.29 1.12187682843 1.02788679097 0.830999596848 6.02317111582 0.507145588523 7.51055188469 0.00753464155925 0.00025044
pedestrian -1 -1 -10 1106.8 82.557 1139.67 201.047 1.13487538278 1.19286963181 0.518999417696 5.86088172288 0.513556772496 8.00434426674 0.00753464155925 0.00024613
pedestrian -1 -1 -10 1031.7 154.32 1068.17 276.55 1.78680383837 1.19786872174 0.663999831074 3.28385639809 1.56293373076 5.08314724629 0.00753464155925 0.00024412
pedestrian -1 -1 -10 1085.7 109.29 1118.96 218.47 0.618932040155 1.19286915503 0.240999624866 5.72398063093 -0.0078435211896 8.30931659439 0.00753464155925 0.00023085
pedestrian -1 -1 -10 1020.3 183.38 1056.78 298.82 1.77380520207 1.19886853972 0.523999769025 3.19147355375 1.5571782318 5.29836210561 0.00753464155925 0.0002121
pedestrian -1 -1 -10 1001.2 166.14 1036.47 281.34 1.72881014091 1.19686890375 0.523999769025 3.1924743482 1.55911735866 5.42901090948 0.00753464155925 0.00018806
pedestrian -1 -1 -10 1083.0 149.82 1122.25 276.87 1.79380303931 1.19886901651 0.661999738226 3.2802592241 1.56089528532 4.47267224038 0.00753464155925 0.0001548
pedestrian -1 -1 -10 971.24 136.8 1004.11 252.64 1.74680822348 1.19686890375 0.563999718634 3.21626720014 1.55757910092 5.93405743155 0.00753464155925 0.00014768
pedestrian -1 -1 -10 1053.2 151.73 1088.09 270.99 1.79480297624 1.19786872174 0.661999738226 3.28237274737 1.56604731984 4.75312608341 0.00753464155925 0.00013219
pedestrian -1 -1 -10 1062.0 119.01 1099.7 243.64 0.637929951638 1.19586908577 0.204999860953 5.70935737309 0.00380796034652 8.75795742946 0.00753464155925 0.00012745
pedestrian -1 -1 -10 1041.8 119.52 1078.75 247.14 1.67681590116 1.19886853972 0.711999675237 3.30877080731 1.45086191766 4.94428538077 0.00753464155925 0.00011324
pedestrian -1 -1 -10 989.73 155.37 1025.59 275.31 1.7168114639 1.19786872174 0.525999861873 3.19499611327 1.56209932793 5.63038644875 0.00753464155925 0.00010816
pedestrian -1 -1 -10 1124.4 87.337 1161.31 213.987 1.12887605917 1.19586860898 0.735999835737 5.97722175531 0.509229575606 7.71694733682 0.00753464155925 0.00010339
pedestrian -1 -1 -10 1135.3 118.65 1171.5 242.93 1.65981768847 1.19586908577 1.0109996085 3.45467900663 1.42671627579 4.46785215383 0.00753464155925 0.00010331
pedestrian -1 -1 -10 939.6 136.87 973.129 251.71 1.76280638004 1.19686890375 0.563999718634 3.21940616998 1.57973509183 6.34988148432 0.00753464155925 9.4806e-05
pedestrian -1 -1 -10 1145.0 143.38 1181.09 278.19 1.78080445516 1.19686890375 0.999999693888 3.44848950185 1.54627860419 4.37051082868 0.00753464155925 8.8876e-05
pedestrian -1 -1 -10 1134.0 63.015 1170.75 186.455 1.12487649023 1.13887516952 0.744999657505 5.98093549887 0.507679445337 7.61239869991 0.00753464155925 8.2035e-05
pedestrian -1 -1 -10 1102.7 152.47 1141.3 273.21 1.78880359304 1.19686890375 0.767999652372 3.33272124471 1.55480627642 4.40132043045 0.00753464155925 7.783e-05
pedestrian -1 -1 -10 867.56 284.71 885.146 336.542 1.49383595002 1.18987017785 0.558999844142 3.2059769726 1.60311512677 8.7364750994 0.00753464155925 6.8467e-05
pedestrian -1 -1 -10 1011.4 137.08 1047.95 255.24 1.74080883283 1.19586908577 0.523999769025 3.19148221282 1.5242188661 5.30110590415 0.00753464155925 6.7064e-05
pedestrian -1 -1 -10 1020.4 71.042 1056.66 215.962 0.667926685152 1.16187241354 0.272000229543 5.6817081532 0.0243328896485 9.5351906292 0.00753464155925 5.4453e-05
pedestrian -1 -1 -10 928.27 138.97 963.262 261.45 1.76680600858 1.19186933704 0.509999834346 3.24873074003 1.58828162793 6.65810598996 0.00753464155925 5.4253e-05
pedestrian -1 -1 -10 960.41 165.17 993.337 271.24 1.76080662537 1.19786872174 0.563999718634 3.21680264278 1.57262107332 6.00444371406 0.00753464155925 4.6518e-05
pedestrian -1 -1 -10 1022.7 121.26 1059.93 246.13 0.66092742461 1.17287184174 0.272000229543 5.68105864471 0.0230524788061 9.44865104203 0.00753464155925 4.5465e-05
pedestrian -1 -1 -10 1063.2 178.14 1101.05 297.71 1.79980242252 1.19886901651 0.661999738226 3.28145140556 1.56923346189 4.63060601761 0.00753464155925 4.1626e-05
pedestrian -1 -1 -10 1134.6 174.79 1170.41 306.59 1.78880359304 1.19886853972 0.897999727019 3.39713934285 1.55361915777 4.32384186278 0.00753464155925 3.6926e-05
pedestrian -1 -1 -10 1040.6 180.75 1077.73 294.5 1.79480297624 1.19686890375 0.661999738226 3.28321276012 1.56769779788 4.86461072955 0.00753464155925 3.5734e-05
pedestrian -1 -1 -10 1123.8 136.26 1161.85 265.83 1.78080445516 1.19586860898 0.869999619241 3.38335946434 1.54606688654 4.35350236544 0.00753464155925 3.3925e-05
pedestrian -1 -1 -10 1092.3 173.65 1130.7 304.43 1.79980242252 1.19686890375 0.661999738226 3.27941729278 1.56523678624 4.36064303809 0.00753464155925 1.7197e-05
pedestrian -1 -1 -10 1113.9 166.11 1150.21 294.16 1.78880359304 1.19586908577 0.768999818005 3.33273538612 1.55385115032 4.33682547066 0.00753464155925 1.6101e-05
pedestrian -1 -1 -10 909.55 151.14 943.683 259.38 1.65781797571 1.19386897301 0.430999862344 3.18723463105 1.59416077055 7.05172997273 0.00753464155925 1.4821e-05
pedestrian -1 -1 -10 1073.5 203.03 1110.59 317.05 1.80080224026 1.19386897301 0.640999836207 3.26992370293 1.56822038265 4.49419632046 0.00753464155925 1.3107e-05
