pedestrian -1 -1 -10 726.19 139.37 767.791 299.22 1.9559912622 0.48799958537 0.798997024528 1.66890550962 1.42623953472 9.12299064533 0.00692802392802 0.94517
pedestrian -1 -1 -10 723.57 133.83 753.938 255.69 1.95999119282 0.48799958537 0.798997024528 1.6689110252 1.43023946535 9.1229929331 0.00692802392802 0.65494
pedestrian -1 -1 -10 703.61 136.93 752.439 301.63 1.87599157691 0.48799958537 0.662997498019 1.73679332625 1.34605286053 9.12247357163 0.00692802392802 0.58582
pedestrian -1 -1 -10 702.03 187.41 735.001 291.53 1.87599157691 0.48799958537 0.662997498019 1.73679332625 1.34605286053 9.12247357163 0.00692802392802 0.26404
pedestrian -1 -1 -10 718.75 136.23 744.226 224.139 1.74799212813 0.48799958537 0.618997752885 1.75861616928 1.21799291549 9.12224787728 0.00692802392802 0.012504
pedestrian -1 -1 -10 730.14 136.14 748.486 216.041 1.74799212813 0.48799958537 0.618997752885 1.75861616928 1.21799291549 9.12224787728 0.00692802392802 0.0074813
pedestrian -1 -1 -10 718.24 138.95 732.628 192.199 1.63499271721 0.48799958537 0.556997949457 1.72746119499 1.10507874953 9.12239811253 0.00692802392802 0.0049628
pedestrian -1 -1 -10 362.42 223.71 389.104 277.172 0.466997896135 0.19999967373 0.372998744333 -4.15587233713 1.36310917085 13.6692492025 0.00692802392802 0.0047735
pedestrian -1 -1 -10 895.43 230.69 923.223 282.378 0.980995537341 1.16599862237 0.649997416181 4.2431947216 1.3957478329 10.343717587 0.00692802392802 0.0045644
pedestrian -1 -1 -10 310.12 236.39 332.687 277.661 0.963995712995 0.964999498629 1.17999587424 -4.07879324673 1.37965490611 10.3818638786 0.00692802392802 0.0027808
pedestrian -1 -1 -10 734.19 179.49 765.604 272.233 1.9559912622 0.48799958537 0.765997156073 1.6854050475 1.42619416244 9.12287628153 0.00692802392802 0.0023469
pedestrian -1 -1 -10 904.49 228.97 928.818 274.353 0.961995688081 0.901999815981 0.632997758489 4.23259138611 1.41513751398 10.0288168177 0.00692802392802 0.0021905
pedestrian -1 -1 -10 710.03 136.8 736.6 203.74 2.05899078697 0.430000013774 1.19399552222 2.46506053197 1.16201814624 14.3892375063 0.00692802392802 0.0021252
pedestrian -1 -1 -10 355.47 241.58 383.37 280.255 0.950995759666 0.8329996186 0.670997484191 -3.4985072978 1.36508891015 10.3518335337 0.00692802392802 0.0021216
pedestrian -1 -1 -10 697.45 209.51 722.167 279.679 1.89399150312 0.589000302752 1.17399561639 2.22185950155 1.16259432304 14.4725211184 0.00692802392802 0.0018567
pedestrian -1 -1 -10 911.68 233.61 935.901 276.998 2.15899036378 0.943000154407 1.19299583687 5.46186049096 1.39260599374 11.8961244423 0.00692802392802 0.0007419
pedestrian -1 -1 -10 846.82 216.18 862.15 268.385 1.15099491328 0.949999165472 0.694997323499 4.27075833058 1.38679293051 11.1114359511 0.00692802392802 0.00073434
pedestrian -1 -1 -10 883.91 226.42 908.504 281.459 0.942995719612 0.947999311785 0.649997416181 4.24122415287 1.39608742398 10.0517462328 0.00692802392802 0.00063707
pedestrian -1 -1 -10 1087.2 94.216 1123.06 204.466 1.76299216598 0.657999546459 1.19599560817 8.07383463807 0.863845837118 11.5081348526 0.00692802392802 0.00056908
pedestrian -1 -1 -10 702.77 134.22 736.334 252.22 0.751996618509 0.32399918534 0.704997276412 2.72639002186 0.736473275064 17.7357742728 0.00692802392802 0.00051777
pedestrian -1 -1 -10 480.29 93.683 528.083 220.093 1.52499319464 1.16499821869 0.319998970052 -2.27340332245 0.549673254094 16.4982157588 0.00692802392802 0.00044374
pedestrian -1 -1 -10 1067.5 87.997 1103.65 210.347 1.61899275631 0.825998700188 1.18999558874 7.92124421676 0.728169443072 11.5931196695 0.00692802392802 0.00037132
pedestrian -1 -1 -10 891.97 218.83 934.978 278.845 0.961995688081 0.945000008093 0.649997416181 4.24123996278 1.41508913652 10.050257484 0.00692802392802 0.00035173
pedestrian -1 -1 -10 326.49 249.54 351.932 288.073 0.906995926797 0.77599949701 1.17599570234 -4.29902245055 1.15621958376 11.2926859843 0.00692802392802 0.00022642
pedestrian -1 -1 -10 663.97 221.49 681.504 258.523 1.80499194413 1.14599913183 1.05599596936 1.34082490229 1.43782285096 12.9014576261 0.00692802392802 0.00017144
pedestrian -1 -1 -10 923.46 228.47 944.499 275.532 2.25998986363 1.0680000697 1.19599560817 5.60281438632 1.40328944779 11.8326000457 0.00692802392802 0.0001528
pedestrian -1 -1 -10 701.08 181.29 712.987 221.388 2.05899078697 0.589000302752 1.02099619377 2.0441369609 1.1630824188 14.4736570239 0.00692802392802 0.00011439
pedestrian -1 -1 -10 312.68 219.28 339.471 279.431 1.06199529469 1.19699969236 1.17699562611 -4.10213206192 1.37950479885 10.5689732999 0.00692802392802 0.00011021
pedestrian -1 -1 -10 841.55 195.98 869.709 268.723 0.552997536957 0.263000310052 0.611997690479 4.89816292799 1.27886937864 13.9048805889 0.00692802392802 9.5478e-05
pedestrian -1 -1 -10 746.99 205.49 762.944 265.677 2.39098931998 0.583999238026 1.15899556781 3.06146142079 1.4924671146 14.3072948238 0.00692802392802 7.7689e-05
pedestrian -1 -1 -10 369.42 238.99 397.152 279.856 0.9979955405 1.18699947025 0.670997484191 -3.49716572964 1.36485282473 10.5548017115 0.00692802392802 3.2002e-05
pedestrian -1 -1 -10 700.23 129.7 725.914 200.84 1.79999194145 0.48899998905 1.17799566908 2.28111383609 0.903457235659 14.4488635474 0.00692802392802 1.9666e-05
pedestrian -1 -1 -10 290.76 200.93 331.499 280.279 1.07999516129 0.717999925415 1.0129962076 -4.77302538632 1.3464898195 11.3250911482 0.00692802392802 3.7472e-06
pedestrian -1 -1 -10 984.25 228.78 1018.31 283.905 1.0639952898 1.15799920762 0.815996920639 5.88075628136 1.40780294246 10.718347298 0.00692802392802 1.7895e-06
pedestrian -1 -1 -10 254.03 187.53 316.394 276.46 1.2939941857 0.702999592257 0.848996789093 -6.33536279805 1.14606495306 13.7131164153 0.00692802392802 1.3758e-06
pedestrian -1 -1 -10 497.22 103.85 539.894 223.77 0.869996095449 1.13400000971 0.352998719298 -1.97532574792 -0.136395835618 17.5882612587 0.00692802392802 8.3561e-07
