pedestrian -1 -1 -10 421.02 153.48 515.141 370.0 1.74499223232 0.621999795922 0.644997618538 -1.10688614085 1.49705478436 5.48733660636 0.00692802392802 0.99984
pedestrian -1 -1 -10 845.63 216.16 859.815 260.551 0.554997502267 0.277999689535 0.633997443837 4.91119675309 1.28082836152 13.9092919043 0.00692802392802 0.041531
pedestrian -1 -1 -10 836.28 157.36 851.22 217.609 2.19499015659 1.07099937339 1.18399533089 4.24404041543 1.33548206408 12.3174841151 0.00692802392802 0.0051826
pedestrian -1 -1 -10 831.84 148.28 858.885 255.33 2.19099022597 1.03199888865 1.18999558874 4.2971686173 1.33131371345 12.3366142506 0.00692802392802 0.0041776
pedestrian -1 -1 -10 891.13 230.38 918.166 278.664 1.170994775 1.17899910184 0.639997463268 4.2616096762 1.38941684027 10.5879783501 0.00692802392802 0.0035599
pedestrian -1 -1 -10 706.37 164.43 724.617 206.632 1.00599555075 0.516999848005 1.1489956149 2.89845244797 0.989881616596 17.8382321359 0.00692802392802 0.003479
pedestrian -1 -1 -10 700.72 163.7 714.295 215.664 2.06099075228 0.608999793288 1.19599548896 2.17715103195 1.16479668999 14.4027344163 0.00692802392802 0.002821
pedestrian -1 -1 -10 941.31 227.09 959.517 270.33 0.979995673895 1.06499885866 0.286999101597 5.51226107181 1.40432963229 10.2724343435 0.00692802392802 0.0027049
pedestrian -1 -1 -10 748.2 125.06 763.722 177.023 1.63499271721 0.548999414332 0.855996732291 2.95104331043 0.736751266594 14.3251208813 0.00692802392802 0.0025956
pedestrian -1 -1 -10 842.3 156.74 856.508 222.666 0.690996901691 0.0739993547595 0.550998049235 6.41042093973 0.784361254147 17.6943427387 0.00692802392802 0.0022915
pedestrian -1 -1 -10 885.7 234.52 903.339 279.747 0.923995929956 0.940999347047 0.650997339947 4.25347856667 1.37492398682 10.1651511633 0.00692802392802 0.0017478
pedestrian -1 -1 -10 666.36 222.67 681.503 264.011 2.26098990589 1.19099917763 1.12299574925 1.28311911885 1.4430776243 12.8160964925 0.00692802392802 0.0016724
pedestrian -1 -1 -10 837.95 188.7 867.156 262.261 0.554997502267 0.277999689535 0.633997443837 4.91119675309 1.28082836152 13.9092919043 0.00692802392802 0.00094227
pedestrian -1 -1 -10 904.5 235.53 930.155 276.729 0.902995996177 0.74399897701 0.616997547727 4.23576771549 1.35408535416 10.0667591604 0.00692802392802 0.00082237
pedestrian -1 -1 -10 878.28 213.84 893.954 274.256 0.938995848596 1.01799895917 0.650997339947 4.25376597581 1.38987913085 10.2036586247 0.00692802392802 0.00072759
pedestrian -1 -1 -10 754.44 128.24 767.456 177.518 1.68599248826 0.767999128592 0.684997370586 3.09593194729 0.845636826202 12.3276647745 0.00692802392802 0.00071194
pedestrian -1 -1 -10 744.33 129.17 773.327 206.629 1.96799123287 0.56399974749 1.06599598188 3.11644590689 1.06930478198 14.3166677159 0.00692802392802 0.00068758
pedestrian -1 -1 -10 670.7 210.37 689.989 263.181 2.25998986363 1.17999950552 1.00299619508 1.34350750868 1.44184688289 12.8721790927 0.00692802392802 0.00064773
pedestrian -1 -1 -10 693.49 212.76 713.625 260.153 2.06099075228 0.608999793288 1.19299547924 2.05865420989 1.16512254588 14.4035557573 0.00692802392802 0.00049173
pedestrian -1 -1 -10 837.97 213.82 852.311 258.261 0.554997502267 0.277999689535 0.633997443837 4.91119675309 1.28082836152 13.9092919043 0.00692802392802 0.00041254
pedestrian -1 -1 -10 713.71 161.37 726.053 211.019 1.00599555075 0.526000620104 1.17799554987 2.99198104758 0.989619273002 17.8420843521 0.00692802392802 0.00035124
pedestrian -1 -1 -10 680.48 209.59 692.436 262.028 2.05899078697 0.719999779101 1.19399564143 1.7097767356 1.16414544368 14.3504714543 0.00692802392802 0.00029428
pedestrian -1 -1 -10 346.26 216.52 369.278 274.613 0.97099571079 1.09699937866 1.01399636978 -3.70214692997 1.38651279027 10.4722610339 0.00692802392802 0.00028768
pedestrian -1 -1 -10 692.24 162.39 717.753 221.537 2.06099075228 0.608999793288 1.19799557491 2.10615302405 1.1649919283 14.4032265271 0.00692802392802 0.00025701
pedestrian -1 -1 -10 327.09 215.95 348.557 281.294 1.06899526268 1.17099873342 1.15799564405 -4.0888280205 1.38700722456 10.9718956042 0.00692802392802 0.00022965
pedestrian -1 -1 -10 894.43 241.81 912.639 284.448 1.95699124485 0.982999135479 1.18099532117 4.85808979229 1.36075767745 11.471377385 0.00692802392802 0.00021455
pedestrian -1 -1 -10 929.47 217.24 958.275 271.193 0.979995673895 1.16499917236 0.5559981449 5.34707499099 1.4045676765 10.462583845 0.00692802392802 0.00016735
pedestrian -1 -1 -10 720.2 164.22 731.906 205.832 1.00999552608 0.526000620104 1.03499596096 3.20448351408 0.994034905454 17.8406149157 0.00692802392802 0.00015411
pedestrian -1 -1 -10 684.89 205.82 719.2 258.435 2.06099075228 0.608999793288 1.19499556519 2.03565496603 1.16518579178 14.4037151727 0.00692802392802 0.00014746
pedestrian -1 -1 -10 646.94 122.53 662.398 176.772 1.53699316531 0.355999705341 1.16499558725 1.08702222569 0.638616982362 14.5654839798 0.00692802392802 0.00013796
pedestrian -1 -1 -10 949.89 238.46 966.403 280.708 2.0059910804 1.06599926234 1.19699553193 5.86228450196 1.39980233463 11.6339406834 0.00692802392802 0.00012214
pedestrian -1 -1 -10 714.85 152.79 742.455 207.676 1.00999552608 0.526000620104 1.09699576439 3.23548267115 0.993949660486 17.8404000502 0.00692802392802 0.00010684
pedestrian -1 -1 -10 676.61 207.44 707.071 261.094 2.05899078697 0.719999779101 1.13099579503 1.85327277982 1.16375084212 14.3494768354 0.00692802392802 9.5253e-05
pedestrian -1 -1 -10 846.93 202.62 883.308 266.672 1.170994775 1.03999925707 0.605997671048 4.24818847842 1.38886290774 11.1045829533 0.00692802392802 9.5252e-05
pedestrian -1 -1 -10 725.79 165.28 737.442 206.728 1.00999552608 0.530999777482 1.18399533089 3.27899872651 0.993827135797 17.8425980646 0.00692802392802 8.1696e-05
pedestrian -1 -1 -10 339.92 220.64 382.512 280.237 1.06099531203 1.19499983867 1.11899599458 -3.64898269417 1.38623584408 10.585842704 0.00692802392802 6.1583e-05
pedestrian -1 -1 -10 686.9 211.27 698.676 261.967 2.05999082923 0.719999779101 1.15899556781 1.8672737089 1.16471238684 14.3493803718 0.00692802392802 6.1178e-05
pedestrian -1 -1 -10 757.5 180.92 785.403 240.941 0.763996574283 0.0830001268581 0.778996880284 4.07476974067 0.74986661375 17.6379389076 0.00692802392802 5.9929e-05
pedestrian -1 -1 -10 339.26 215.9 361.782 278.701 0.0999995529652 0.0 0.0 -5.19401645912 1.29596281038 13.6785763526 0.0 5.5125e-05
pedestrian -1 -1 -10 748.74 153.72 760.014 208.482 2.18399022818 0.611999096981 1.18499549307 3.09307817043 1.28539630954 14.2929550397 0.00692802392802 5.4606e-05
pedestrian -1 -1 -10 742.48 153.05 754.221 210.534 1.01199546158 0.523997905396 1.18899566497 3.68455467959 0.996702122278 17.8482908077 0.00692802392802 4.5901e-05
pedestrian -1 -1 -10 958.39 236.99 970.325 279.352 2.09699054509 0.88999974019 1.1939952838 6.12963552166 1.38889964254 11.7780268304 0.00692802392802 3.637e-05
pedestrian -1 -1 -10 879.86 203.88 909.984 268.871 0.902995996177 0.720999229107 0.616997547727 4.23568804472 1.35409872831 10.0552595624 0.00692802392802 3.3747e-05
pedestrian -1 -1 -10 474.21 163.67 524.139 278.03 1.74499223232 0.621999795922 0.629997689169 -1.09938635632 1.49703416061 5.48728462285 0.00692802392802 3.3538e-05
pedestrian -1 -1 -10 764.23 172.53 794.605 243.055 0.761996594071 0.0720004547469 0.597997565667 4.1653080846 0.749611357379 17.6428124873 0.00692802392802 3.0824e-05
pedestrian -1 -1 -10 667.54 169.99 685.071 221.105 1.47499336153 0.731999854892 1.00799617154 1.34412684746 1.44151184116 13.1666378181 0.00692802392802 2.6033e-05
pedestrian -1 -1 -10 358.97 203.92 380.871 272.832 0.98099565655 0.790999830168 0.621997643392 -3.51105998329 1.39613944478 10.337938883 0.00692802392802 2.3422e-05
pedestrian -1 -1 -10 472.1 152.6 489.209 220.153 1.64099267274 0.778999754377 0.637997615736 -2.8300828491 0.718688981459 15.2041697369 0.00692802392802 1.2947e-05
pedestrian -1 -1 -10 415.82 176.86 457.831 315.27 1.75499217808 0.889999263353 0.644997618538 -1.10594400579 1.50689889074 5.62133884375 0.00692802392802 1.1828e-05
pedestrian -1 -1 -10 907.71 219.21 944.581 275.976 2.15099038333 0.884998675463 1.18999558874 5.62410130087 1.29399365142 12.0398939394 0.00692802392802 7.7524e-06
pedestrian -1 -1 -10 470.3 153.94 501.458 249.948 1.69499239177 1.19099917763 0.31399895062 -2.51045067193 0.75237748624 15.5799721702 0.00692802392802 5.7835e-06
pedestrian -1 -1 -10 427.62 154.73 526.774 261.88 1.74499223232 0.621999795922 0.644997618538 -1.10688614085 1.49705478436 5.48733660636 0.00692802392802 2.3678e-06
pedestrian -1 -1 -10 319.11 215.75 339.778 274.946 1.07899520844 1.19899859237 1.17399561639 -4.11508598599 1.39745462468 10.6440756966 0.00692802392802 2.1642e-06
pedestrian -1 -1 -10 309.36 203.19 355.02 281.394 0.328998501599 0.136001494749 0.250998985009 -7.01720277369 1.58940097099 18.5655365527 0.00692802392802 4.5589e-07
pedestrian -1 -1 -10 328.45 201.14 372.312 285.342 1.0229954645 1.18999877395 1.15999573 -3.77454801214 1.38660130051 10.5692348041 0.00692802392802 9.7234e-08
