pedestrian -1 -1 -10 1093.0 153.08 1130.32 241.689 1.41584453824 1.19287010859 1.11399950259 7.42398568924 1.37511838363 10.5342433513 0.00753464155925 7.0742e-05
pedestrian -1 -1 -10 1076.1 151.01 1113.27 228.884 1.43284263173 1.17187154697 0.991999799333 7.36471426514 1.39554325691 10.7630448112 0.00753464155925 2.0417e-05
pedestrian -1 -1 -10 1114.1 154.29 1150.69 261.72 1.31685535229 1.19686938054 0.726000086753 7.33292846986 1.39517188444 9.7227880458 0.00753464155925 1.6787e-05
pedestrian -1 -1 -10 1044.9 150.07 1078.08 247.162 1.44184170654 1.19286915503 0.75099969763 7.22933054621 1.4127186536 11.30945231 0.00753464155925 1.2052e-05
pedestrian -1 -1 -10 1125.8 158.13 1161.6 273.14 1.46383923886 1.17787045488 0.72199942422 7.35662692731 1.39068931186 9.55724079318 0.00753464155925 1.0837e-05
pedestrian -1 -1 -10 1023.4 150.98 1055.72 252.23 1.2538623501 1.19286915503 0.76999974522 7.23104506385 1.41892199853 11.7270145218 0.00753464155925 7.1634e-06
pedestrian -1 -1 -10 1064.1 142.9 1099.11 248.36 1.02888701451 0.453949786888 0.251000327524 9.04559042627 0.27768496729 13.8193607976 0.00753464155925 4.2126e-06
pedestrian -1 -1 -10 1145.3 149.48 1183.35 278.34 1.5438304798 1.194868791 0.61999969577 7.29586531756 1.3863810669 9.06178599243 0.00753464155925 2.1167e-06
pedestrian -1 -1 -10 1166.0 147.66 1204.93 285.11 1.61382283937 1.17887074966 0.700999522201 7.33458467234 1.37890308627 8.82909063165 0.00753464155925 6.3378e-07
pedestrian -1 -1 -10 980.59 149.65 1014.68 244.102 1.11087808835 1.16487234429 0.647999565128 7.14114681088 1.41665209285 13.5949248677 0.00753464155925 4.7364e-07
pedestrian -1 -1 -10 1000.2 148.7 1032.88 247.933 1.26286130572 1.17187154697 0.786999461543 7.22698183001 1.43663840858 12.3154306934 0.00753464155925 2.0338e-07
