pedestrian -1 -1 -10 233.6 177.77 312.343 291.18 2.4977257421 1.0678828479 1.17399990384 -6.05097546702 1.97951047446 13.1096765289 0.00753464155925 0.041931
pedestrian -1 -1 -10 788.69 134.99 810.073 190.138 1.76680599368 0.837907546927 0.682999640245 3.95891894027 1.07498707499 14.5054364062 0.00753464155925 0.0034395
pedestrian -1 -1 -10 298.19 203.49 324.225 275.498 1.63082094776 1.17687111368 0.419000020512 -6.05777524175 1.81513836844 15.0375106305 0.00753464155925 0.0020848
pedestrian -1 -1 -10 287.39 215.42 316.896 287.61 1.78480402224 1.19186981382 0.529000120354 -6.14092778188 1.83917895592 14.0922901777 0.00753464155925 0.0015271
pedestrian -1 -1 -10 974.57 217.89 995.438 269.2 2.07077257741 1.19686890375 0.390999912735 3.22477043838 1.51373834888 6.35309776381 0.00753464155925 0.0013705
pedestrian -1 -1 -10 867.12 194.75 889.002 250.332 2.09476993144 1.19586908577 0.22099988848 3.43002937514 1.49447993564 9.18090424841 0.00753464155925 0.00070447
pedestrian -1 -1 -10 820.51 188.99 857.805 268.045 2.09676974571 1.18486965757 0.224999835757 3.50600705354 1.46298128884 11.0415694767 0.00753464155925 0.00058752
pedestrian -1 -1 -10 865.27 189.03 903.125 265.297 2.09277017677 1.19586908577 0.211000139497 3.41644693123 1.48938039437 8.97103826802 0.00753464155925 0.00058175
pedestrian -1 -1 -10 958.3 267.13 982.852 325.029 2.07777186775 1.19786872174 0.390999912735 3.22748172965 1.51507513876 6.71365919536 0.00753464155925 0.00057867
pedestrian -1 -1 -10 959.58 210.75 986.63 276.574 2.0677729454 1.19686890375 0.390999912735 3.22653179116 1.51320261828 6.58710223692 0.00753464155925 0.00056213
pedestrian -1 -1 -10 926.41 269.24 957.307 328.237 2.08077152955 1.19586908577 0.292999893143 3.28250076739 1.50692876448 7.38147936393 0.00753464155925 0.00047637
pedestrian -1 -1 -10 968.37 201.53 998.943 279.341 2.07077257741 1.19586860898 0.390999912735 3.22485707556 1.51390857577 6.36459605943 0.00753464155925 0.00045267
pedestrian -1 -1 -10 896.19 200.31 909.928 244.908 2.09277017677 1.19286963181 0.194999873551 3.37909417159 1.50185439719 8.2585368708 0.00753464155925 0.00036998
pedestrian -1 -1 -10 860.73 179.13 895.837 244.997 2.09277017677 1.1938694498 0.22099988848 3.42956166788 1.49156242956 9.11892780928 0.00753464155925 0.00035075
pedestrian -1 -1 -10 920.42 168.96 953.594 239.994 2.08577097583 1.19786872174 0.363999970591 3.24650036454 1.51396198344 7.31467434576 0.00753464155925 0.00025623
pedestrian -1 -1 -10 778.05 127.65 809.362 204.255 1.88479300917 0.811910372159 0.667999778351 3.95135766235 1.19278711843 14.4916209705 0.00753464155925 0.00023575
pedestrian -1 -1 -10 877.89 188.37 909.013 249.733 2.0907703625 1.19586908577 0.212999993926 3.39831270283 1.49218733137 8.68707896277 0.00753464155925 0.00020729
pedestrian -1 -1 -10 899.85 204.44 934.115 268.01 2.07477220595 1.19586860898 0.186999978997 3.36535406376 1.49646689047 7.89403611549 0.00753464155925 0.00020353
pedestrian -1 -1 -10 927.14 162.32 950.034 211.873 2.08577097583 1.19586908577 0.363999970591 3.24638735937 1.51373994806 7.29967654813 0.00753464155925 0.00018771
pedestrian -1 -1 -10 931.62 184.4 968.73 258.027 2.06977272987 1.19686890375 0.390999912735 3.22969041517 1.51142052748 7.00717765286 0.00753464155925 0.00018652
pedestrian -1 -1 -10 872.2 245.49 900.701 326.078 2.08477103889 1.18986922428 0.22099988848 3.42943865951 1.48332644783 9.10298897559 0.00753464155925 0.00016793
pedestrian -1 -1 -10 827.73 213.56 861.218 279.437 2.09676974571 1.17787140845 0.237999843222 3.48559977735 1.46121178489 10.921232723 0.00753464155925 0.00016336
pedestrian -1 -1 -10 883.71 193.38 900.862 246.877 2.09676974571 1.194868791 0.212999993926 3.39821284908 1.49798688486 8.67353666497 0.00753464155925 0.00015459
pedestrian -1 -1 -10 891.72 199.69 904.471 249.053 2.09476999104 1.19886806294 0.209999973863 3.3954057111 1.50041179309 8.49948331827 0.00753464155925 0.00012885
pedestrian -1 -1 -10 817.25 167.59 853.469 242.966 2.10576876092 1.17987104443 0.226000001391 3.50834425735 1.46463067123 11.1531092327 0.00753464155925 9.5032e-05
pedestrian -1 -1 -10 302.92 187.49 338.064 270.098 2.50572487998 1.18186972683 0.858999466206 -6.22325654596 1.77282499463 15.2863928782 0.00753464155925 8.3803e-05
pedestrian -1 -1 -10 783.98 104.77 823.282 199.243 1.58382605744 0.821910459155 0.682999640245 3.95911113471 0.892495620818 14.5397867381 0.00753464155925 7.3144e-05
pedestrian -1 -1 -10 911.47 145.09 947.007 218.485 2.01777848267 1.19686938054 0.30199995333 3.28757079836 1.44209474915 7.46044581085 0.00753464155925 4.6667e-05
pedestrian -1 -1 -10 806.1 111.67 837.866 195.559 1.74880796325 0.592935452955 0.126999816165 3.53656441537 1.11517910358 11.6639980116 0.00753464155925 4.5e-05
pedestrian -1 -1 -10 269.16 193.76 313.665 292.013 1.74580826979 1.19486974457 0.529000120354 -6.14027306903 1.8014932242 14.1810667417 0.00753464155925 4.1791e-05
pedestrian -1 -1 -10 805.66 172.77 833.52 233.979 2.19375909877 0.935897338085 0.682999640245 3.95815406947 1.50017868435 14.3832914494 0.00753464155925 2.9876e-05
pedestrian -1 -1 -10 984.74 194.73 1013.32 264.242 2.064773224 1.19486926778 0.23999993607 3.28987004957 1.51396665226 6.03351520251 0.00753464155925 1.6397e-05
