pedestrian -1 -1 -10 863.85 205.93 895.164 277.174 2.10276912892 1.194868791 0.415999762031 3.11399727105 1.51381625674 8.31243822646 0.00753464155925 0.013585
pedestrian -1 -1 -10 886.9 156.41 907.987 211.411 2.08977048517 1.19686890375 0.516999801686 3.09043519066 1.50577640046 8.03860083154 0.00753464155925 0.0069685
pedestrian -1 -1 -10 880.24 151.12 917.901 238.429 2.08677085316 1.19786872174 0.520999748963 3.09187476616 1.50467215403 7.96407352624 0.00753464155925 0.0060527
pedestrian -1 -1 -10 877.56 202.57 911.19 276.623 2.08677085316 1.19886853972 0.520999748963 3.09175046119 1.50442791653 7.9475760442 0.00753464155925 0.0054553
pedestrian -1 -1 -10 44.519 94.703 123.526 259.993 1.63282070243 0.87090487795 0.16900009704 -6.15564250608 1.00716256468 8.35530063531 0.00753464155925 0.0049011
pedestrian -1 -1 -10 881.79 197.67 903.54 249.731 2.08977048517 1.19186981382 0.516999801686 3.09022801332 1.50536933325 8.0111047103 0.00753464155925 0.0047185
pedestrian -1 -1 -10 893.57 153.06 921.432 214.524 2.08277128422 1.19586908577 0.537999942123 3.09923072651 1.50241598754 7.81200097232 0.00753464155925 0.0041014
pedestrian -1 -1 -10 987.32 250.56 1003.57 288.378 2.03777626776 1.19786872174 0.580999911794 3.15441992627 1.48214960164 6.1753266817 0.00753464155925 0.0035681
pedestrian -1 -1 -10 52.199 119.35 77.165 179.854 1.63282070243 1.18687024711 0.216000013988 -6.13333354439 1.00480666162 8.1971456263 0.00753464155925 0.0030116
pedestrian -1 -1 -10 868.32 190.8 901.216 255.326 2.09576986837 1.19386897301 0.433999882406 3.1225560437 1.50894412905 8.25388593357 0.00753464155925 0.0029636
pedestrian -1 -1 -10 993.4 249.85 1008.83 289.515 2.0357764833 1.19586908577 0.599999720965 3.16330994277 1.48094367844 6.09425124273 0.00753464155925 0.0026709
pedestrian -1 -1 -10 881.31 153.29 897.38 210.409 2.09377005411 1.19086999584 0.433999882406 3.12186732412 1.50758970407 8.16238394044 0.00753464155925 0.0026075
pedestrian -1 -1 -10 899.51 154.14 935.859 225.54 2.08277134382 1.19786919852 0.54399974383 3.10054730181 1.50609736955 7.58790590447 0.00753464155925 0.0022121
pedestrian -1 -1 -10 999.26 249.94 1014.41 294.386 2.03277682149 1.19786872174 0.615999748492 3.17061001721 1.47956122319 6.0011817329 0.00753464155925 0.0021143
pedestrian -1 -1 -10 856.75 159.15 893.924 244.797 2.09876950038 1.1958681322 0.5419998894 3.03790319136 1.50562671109 8.56663817866 0.00753464155925 0.001393
pedestrian -1 -1 -10 890.94 138.17 915.429 197.145 1.90979035973 1.1938694498 0.437999829683 3.1380025374 1.32703610324 7.92304011294 0.00753464155925 0.0011845
pedestrian -1 -1 -10 874.92 176.1 901.463 238.594 2.09377005411 1.19386897301 0.433999882406 3.12212723564 1.50810038473 8.19687882731 0.00753464155925 0.0010511
pedestrian -1 -1 -10 1144.1 120.33 1176.54 189.144 1.81780039334 1.19786872174 0.471999977585 3.28916796613 1.28508923923 4.48836739704 0.00753464155925 0.0010386
pedestrian -1 -1 -10 979.14 238.03 1006.65 297.171 2.03977602243 1.19586908577 0.578999818946 3.15369927107 1.48469777216 6.21231399774 0.00753464155925 0.0010091
pedestrian -1 -1 -10 1086.1 236.04 1119.07 313.051 1.9837821169 1.19686890375 0.473999832015 3.2733807917 1.44631047412 4.9078862484 0.00753464155925 0.00085204
pedestrian -1 -1 -10 909.04 135.26 930.43 188.396 1.85179658032 1.1938694498 0.285999925803 3.229554596 1.27419163348 7.59965881711 0.00753464155925 0.00081224
pedestrian -1 -1 -10 1019.7 121.33 1053.79 190.676 1.80480183899 1.19886853972 0.305999900608 3.32444971795 1.25536407943 5.72411598132 0.00753464155925 0.00064915
pedestrian -1 -1 -10 903.35 128.39 924.47 185.23 1.79880248559 1.19486926778 0.294999985991 3.22001187615 1.21912253919 7.72967173478 0.00753464155925 0.0006024
pedestrian -1 -1 -10 54.694 98.323 101.715 219.593 1.63282070243 0.958894582111 0.175000137165 -6.15297405324 1.00650907572 8.3112844605 0.00753464155925 0.00059586
pedestrian -1 -1 -10 861.77 147.13 896.583 214.669 2.07477220595 1.19686842697 0.5419998894 3.03747136907 1.48279283124 8.51029408875 0.00753464155925 0.0004944
pedestrian -1 -1 -10 1153.7 116.63 1186.7 177.675 1.77880473029 1.19886853972 0.419999709308 3.32261757873 1.24701022713 4.41688051826 0.00753464155925 0.00030443
pedestrian -1 -1 -10 883.39 137.33 903.782 204.328 1.93678734577 1.19086999584 0.417999854879 3.12981870821 1.35060117113 8.16348614229 0.00753464155925 0.00021781
pedestrian -1 -1 -10 1025.8 229.34 1047.81 292.423 2.02077814448 1.19686842697 0.62499980868 3.17225456401 1.47394040305 5.62161146067 0.00753464155925 0.00020062
pedestrian -1 -1 -10 1040.8 131.42 1063.84 178.764 1.79480291665 1.19686890375 0.276999865616 3.34530033725 1.24910626288 5.50494742463 0.00753464155925 0.00019782
pedestrian -1 -1 -10 986.77 242.23 1018.55 305.263 2.03377672863 1.19086951905 0.607999853938 3.16704306431 1.48041527695 6.05871118646 0.00753464155925 0.00019203
pedestrian -1 -1 -10 806.38 165.09 832.905 219.424 2.05777405286 1.19586908577 0.748999604783 2.80155486434 1.53260903643 10.3109561521 0.00753464155925 9.0724e-05
pedestrian -1 -1 -10 891.65 127.14 931.006 204.199 1.87779380822 1.19786872174 0.307999993455 3.21384152828 1.29871809406 7.7696300809 0.00753464155925 7.0128e-05
pedestrian -1 -1 -10 1041.4 74.32 1078.03 161.751 1.5338315947 1.19886901651 0.242999956132 3.36210633731 0.987900524817 5.49175386963 0.00753464155925 3.3179e-05
pedestrian -1 -1 -10 895.24 116.57 940.504 183.212 1.71981110335 1.19586908577 0.282999905741 3.22634562078 1.14286001645 7.6446565275 0.00753464155925 2.7453e-06
pedestrian -1 -1 -10 177.16 60.064 255.862 245.274 1.58182630277 0.936896679286 0.705999635112 -6.86410006446 0.893884760393 12.3594899999 0.00753464155925 5.8895e-07
