pedestrian -1 -1 -10 1053.1 147.53 1142.73 307.11 1.81599190235 0.567000004856 0.85999690419 5.95926026507 1.43831428605 8.33084331701 0.00692802392802 0.9634
pedestrian -1 -1 -10 1063.4 142.86 1193.5 332.26 2.07299072295 0.866999038614 1.19499520757 8.62147626946 1.16421550558 11.6130119887 0.00692802392802 0.51113
pedestrian -1 -1 -10 324.57 237.02 351.426 283.01 1.06699520797 1.16399876868 1.09899561192 -4.04373354895 1.38811594658 10.7680808209 0.00692802392802 0.028384
pedestrian -1 -1 -10 833.08 172.24 881.84 263.448 0.787996485829 0.0830001268581 0.586997688988 6.39318031333 0.784426027551 17.6789054025 0.00692802392802 0.026598
pedestrian -1 -1 -10 583.03 188.2 596.416 221.938 2.0809907034 0.45099990799 1.19199555548 -0.233811693297 1.1821017458 14.7034533156 0.00692802392802 0.01399
pedestrian -1 -1 -10 1097.3 132.67 1155.51 318.09 2.07299072295 0.919999452831 1.18399556931 8.61616017504 1.16419980996 11.63954968 0.00692802392802 0.010725
pedestrian -1 -1 -10 332.16 225.34 346.232 272.51 0.969995608926 0.77599949701 1.05399618144 -3.74328264187 1.38481284699 10.309040289 0.00692802392802 0.0060884
pedestrian -1 -1 -10 706.03 169.98 718.311 213.796 1.00499550849 0.517999298011 1.06399589593 2.84181065575 0.989060781302 17.8181234959 0.00692802392802 0.0058926
pedestrian -1 -1 -10 760.0 185.84 772.557 234.021 2.06899073273 0.454999615363 0.984996196394 3.19743508539 1.17018890879 14.2226632419 0.00692802392802 0.0056414
pedestrian -1 -1 -10 356.43 224.01 384.944 278.406 1.01699550897 1.05999970128 0.810996824973 -3.60157941622 1.38321258342 10.4920339133 0.00692802392802 0.0035864
pedestrian -1 -1 -10 313.07 241.3 344.001 281.782 0.972995616496 1.13099879867 1.10099593629 -4.04669284914 1.38846933576 10.4666491128 0.00692802392802 0.002775
pedestrian -1 -1 -10 701.43 168.33 714.692 214.917 1.00499550849 0.507999075906 0.973996319715 2.79677730796 0.98919033885 17.8134354058 0.00692802392802 0.0027437
pedestrian -1 -1 -10 343.88 222.26 355.328 271.927 1.01799543202 1.18699947025 1.11199581296 -3.75163399108 1.38455250769 10.5565759829 0.00692802392802 0.0027085
pedestrian -1 -1 -10 332.45 221.85 365.487 280.219 0.969995608926 1.01999976653 1.11199581296 -3.75243726069 1.3846984616 10.431106808 0.00692802392802 0.0020962
pedestrian -1 -1 -10 1053.9 164.06 1103.3 299.2 2.25598993301 0.824999250181 1.1939952838 7.81514945413 1.36545678278 11.5977255342 0.00692802392802 0.0017802
pedestrian -1 -1 -10 308.4 228.59 335.85 277.062 1.06699520797 1.1269990913 1.17499554016 -4.2735990133 1.38872689394 10.7881743782 0.00692802392802 0.0016116
pedestrian -1 -1 -10 534.37 209.11 551.494 257.97 1.60799277388 0.946998908106 0.882996760127 -1.24045674947 1.41592919764 12.9129302607 0.00692802392802 0.00090323
pedestrian -1 -1 -10 318.14 222.84 342.624 272.335 0.214999048412 0.135000137395 0.413998479751 -7.05654926599 1.46345253855 18.6152306492 0.00692802392802 0.0006565
pedestrian -1 -1 -10 309.17 219.55 324.813 273.51 0.978995631635 1.03599859602 1.11599598486 -4.14951088885 1.39480645112 10.4198640256 0.00692802392802 0.00059707
pedestrian -1 -1 -10 348.34 238.28 379.027 283.938 1.05899522752 1.18600002025 1.11499558426 -3.62792019192 1.38416696457 10.5951957981 0.00692802392802 0.00059027
pedestrian -1 -1 -10 879.38 227.06 901.552 277.486 0.924995853007 1.14599913183 0.640997625452 4.34605158387 1.37607969947 10.6800233558 0.00692802392802 0.00048395
pedestrian -1 -1 -10 1093.0 140.47 1139.82 267.95 1.81599190235 0.567000004856 0.85999690419 5.95926026507 1.43831428605 8.33084331701 0.00692802392802 0.00037686
pedestrian -1 -1 -10 821.67 160.41 855.831 265.67 2.19099016637 0.999999322323 1.1909955125 4.1715446806 1.33067970879 12.3194837598 0.00692802392802 0.00036323
pedestrian -1 -1 -10 928.23 225.3 953.116 275.744 1.06899520308 1.16899983341 0.867996771153 5.2954867643 1.38244595517 10.6928694678 0.00692802392802 0.00026834
pedestrian -1 -1 -10 950.71 236.17 981.881 276.993 2.09899062961 0.885999079143 1.19699553193 6.13517126116 1.38787761789 11.7839863164 0.00692802392802 0.00024176
pedestrian -1 -1 -10 291.28 210.42 313.676 262.135 1.96599126756 0.350000144282 1.19399576064 -6.52020476104 1.00859651076 15.4393885833 0.00692802392802 0.00017596
pedestrian -1 -1 -10 885.09 230.9 913.785 280.565 0.899995988607 0.749999491742 0.63899777792 4.23981718061 1.35223096798 9.92972722869 0.00692802392802 0.00017145
pedestrian -1 -1 -10 843.21 217.7 856.638 269.491 0.552997477353 0.265000163738 0.56499793563 4.87970933157 1.27791206654 13.9120079436 0.00692802392802 0.00013555
pedestrian -1 -1 -10 362.01 208.12 392.432 280.531 1.00799548626 1.05999970128 0.692997237549 -3.54259345005 1.37405032034 10.4916198283 0.00692802392802 7.9468e-05
pedestrian -1 -1 -10 488.94 86.108 529.514 222.998 0.95199573487 1.15299909657 0.308998854955 -2.20045056914 -0.0339022230514 16.8253729905 0.00692802392802 5.9364e-05
pedestrian -1 -1 -10 368.47 236.72 399.419 281.494 1.00799548626 1.19699969236 0.706997362361 -3.42379663664 1.37359151554 10.6062990775 0.00692802392802 3.3319e-05
pedestrian -1 -1 -10 295.82 206.22 325.99 272.2 0.214999048412 0.0810012268455 0.202999306394 -7.72205006573 1.49913633011 18.7478852935 0.00692802392802 3.1771e-05
pedestrian -1 -1 -10 1017.6 93.262 1053.33 211.832 1.80199202597 0.676999586989 1.1979954557 6.99041073802 0.924752579307 11.579190611 0.00692802392802 2.075e-05
pedestrian -1 -1 -10 1122.9 96.212 1162.79 258.332 2.07299072295 0.774999093331 1.18899566497 8.79115246069 1.16380153173 11.5658348288 0.00692802392802 1.7267e-06
