pedestrian -1 -1 -10 1145.1 135.92 1188.72 239.59 1.93178789949 1.18886988308 1.18599950725 6.12362281894 1.31630784657 7.86336068734 0.00753464155925 0.011487
pedestrian -1 -1 -10 1133.0 53.873 1198.98 259.323 1.70381288719 1.18087086241 0.671999725628 6.27036734722 1.08787054889 7.83994613327 0.00753464155925 0.0055386
pedestrian -1 -1 -10 49.334 73.266 83.903 195.466 1.5078344264 1.19386849623 0.465000010246 -6.83928463471 0.857257502191 9.21136322039 0.00753464155925 0.00017301
pedestrian -1 -1 -10 37.586 95.741 73.743 217.301 1.7358094387 1.19586908577 0.505999887069 -6.86097813783 1.08476043256 9.04182273122 0.00753464155925 7.9219e-05
pedestrian -1 -1 -10 5.2724 71.762 43.3544 202.862 1.54383048725 1.1938694498 0.447999817085 -6.90817039275 0.899669761608 8.49342181096 0.00753464155925 5e-05
pedestrian -1 -1 -10 17.29 93.369 55.527 219.729 1.53283171737 1.1938694498 0.410999649121 -6.91056113887 0.885834509449 8.77460214414 0.00753464155925 3.2789e-05
pedestrian -1 -1 -10 1128.5 188.01 1157.81 261.177 0.490946065071 0.990891618364 0.720000046628 7.22296981732 0.908437978146 9.86872827401 0.00753464155925 2.6007e-05
pedestrian -1 -1 -10 69.411 86.495 104.28 209.805 1.64181971765 1.19886806294 0.528000193139 -6.86755308004 0.983550923319 9.63525685966 0.00753464155925 1.6486e-05
pedestrian -1 -1 -10 78.3 101.15 114.671 223.81 1.79180328464 1.19686842697 0.528000193139 -6.8667534611 1.13501473794 9.73413240526 0.00753464155925 1.1514e-05
pedestrian -1 -1 -10 89.421 87.275 124.009 208.535 1.5798265481 1.18987017785 0.528000193139 -6.86648357022 0.923696710353 9.78019574214 0.00753464155925 7.8405e-06
pedestrian -1 -1 -10 108.36 109.7 147.43 218.88 1.80780156039 1.18387031637 0.489000170746 -6.91246855386 1.14442819074 10.5030618122 0.00753464155925 2.0779e-06
