pedestrian -1 -1 -10 775.1 154.08 851.453 302.73 1.65799257904 0.699999334891 0.95799634737 2.74412585237 1.4073856302 9.02669078959 0.00692802392802 0.99818
pedestrian -1 -1 -10 699.51 167.65 712.926 219.268 2.06099075228 0.620000419073 1.19899549868 2.14588401314 1.16484434965 14.436452115 0.00692802392802 0.067304
pedestrian -1 -1 -10 703.3 166.73 718.413 215.056 1.00299546868 0.495999953789 1.00999619789 2.82688048706 0.988090356131 17.8282274441 0.00692802392802 0.040395
pedestrian -1 -1 -10 814.75 153.08 866.257 294.07 2.1219904691 0.903998715993 1.1869953406 4.20937906719 1.2615871482 12.3091809307 0.00692802392802 0.029482
pedestrian -1 -1 -10 771.97 171.05 808.505 294.2 1.65799257904 0.662999657511 0.770997013321 2.65075659758 1.40762122493 9.04583824612 0.00692802392802 0.023007
pedestrian -1 -1 -10 693.92 170.95 718.331 244.388 2.05999082923 0.608999793288 1.18099544038 2.123921277 1.16389852643 14.4421042096 0.00692802392802 0.019513
pedestrian -1 -1 -10 837.69 156.9 853.263 217.249 2.13399038017 0.960998837583 1.17499577858 4.28419613109 1.27341396651 12.2801685813 0.00692802392802 0.0037705
pedestrian -1 -1 -10 700.42 166.0 723.751 230.282 1.00299546868 0.495999953789 1.04199590416 2.84287995587 0.988046358992 17.8281165465 0.00692802392802 0.0033913
pedestrian -1 -1 -10 897.42 227.97 920.94 277.166 0.925995895266 1.15099924288 0.573997726359 4.28194106625 1.3765219585 10.4479611651 0.00692802392802 0.0023113
pedestrian -1 -1 -10 698.04 179.02 712.124 241.461 2.05999082923 0.608999793288 1.17299557342 2.1199214396 1.16390952563 14.4421319338 0.00692802392802 0.0018467
pedestrian -1 -1 -10 667.79 220.56 680.401 261.576 2.25998998284 1.18099895552 1.02099613417 1.33721197426 1.43390945868 12.8327122665 0.00692802392802 0.0016456
pedestrian -1 -1 -10 711.8 168.13 728.556 209.397 1.0049955532 0.502999918527 1.19399552222 2.98190315893 0.989660145718 17.8306541598 0.00692802392802 0.0010987
pedestrian -1 -1 -10 905.13 234.53 927.77 276.233 0.925995895266 0.868999845974 0.601997737566 4.25006684237 1.37708434101 10.0331724464 0.00692802392802 0.00099045
pedestrian -1 -1 -10 751.72 166.65 763.234 211.185 1.01599543691 0.54499970696 1.16299573971 3.91362943389 1.00106017008 17.8572076562 0.00692802392802 0.00065599
pedestrian -1 -1 -10 941.31 225.71 973.504 275.473 0.887996017933 0.588999349078 0.217999116554 4.4424593254 1.34848555868 10.0928297371 0.00692802392802 0.00055189
pedestrian -1 -1 -10 673.49 215.08 687.233 263.156 2.25998998284 1.17099873342 1.00299619508 1.34632257361 1.43386610267 12.8486492854 0.00692802392802 0.00053566
pedestrian -1 -1 -10 1037.2 235.14 1048.94 262.464 2.2539899081 0.922998756523 1.1909955125 7.40337475764 1.37047355888 11.7015876869 0.00692802392802 0.00049987
pedestrian -1 -1 -10 661.13 222.07 675.217 266.082 1.46599341333 0.903999669667 1.09499585725 1.26193500853 1.43184997931 13.0691987833 0.00692802392802 0.00041775
pedestrian -1 -1 -10 750.91 156.69 782.545 223.674 2.06799080968 0.492999696423 0.960996357086 3.21047504752 1.16914625902 14.228572935 0.00692802392802 0.00028356
pedestrian -1 -1 -10 678.18 217.34 691.341 262.631 1.46599341333 1.18399921289 0.927996488631 1.38546164288 1.43167044202 12.9283394444 0.00692802392802 0.00021814
pedestrian -1 -1 -10 756.54 161.96 767.988 212.248 1.01799540222 0.54499970696 1.10499610819 4.00162968733 1.00281814998 17.8565988601 0.00692802392802 0.00021681
pedestrian -1 -1 -10 744.42 164.46 760.977 217.813 1.01499551386 0.52299845539 1.19599560817 3.80605475268 1.00036864815 17.8469518207 0.00692802392802 0.00020108
pedestrian -1 -1 -10 689.49 171.21 708.215 226.593 1.23399453908 0.540000549581 1.18699557902 2.44974539508 0.981176979353 17.786697162 0.00692802392802 0.00015738
pedestrian -1 -1 -10 894.04 220.43 910.792 274.625 0.925995895266 1.19199958131 0.616997547727 4.25868543329 1.37687589587 10.1946164552 0.00692802392802 0.00015631
pedestrian -1 -1 -10 339.7 220.28 383.363 282.495 1.05899522752 1.18699851658 1.16699543478 -3.7039539492 1.37904944769 10.8812237126 0.00692802392802 0.00015302
pedestrian -1 -1 -10 845.74 204.76 859.37 265.552 0.552997477353 0.249999830581 0.574997650125 4.87669899777 1.27792206129 13.9105281677 0.00692802392802 0.00013153
pedestrian -1 -1 -10 827.84 147.95 849.891 238.04 2.20299007744 1.1039993434 1.19699553193 4.12880025855 1.34292304185 12.2097838355 0.00692802392802 0.00012382
pedestrian -1 -1 -10 830.63 156.61 845.306 223.058 2.13399038017 0.937999089681 1.18899566497 4.15827937408 1.2737470715 12.2925415026 0.00692802392802 0.00010951
pedestrian -1 -1 -10 347.77 213.46 370.796 279.06 1.05299533159 1.19699873869 1.15999573 -3.63445958492 1.37819017624 10.5907376185 0.00692802392802 9.8883e-05
pedestrian -1 -1 -10 743.36 122.5 775.718 211.828 1.96699119061 0.578999126973 1.03199595124 3.12113609405 1.06834274255 14.272134189 0.00692802392802 8.158e-05
pedestrian -1 -1 -10 875.01 231.04 895.046 277.387 0.925995895266 1.12999934867 0.616997547727 4.25890020112 1.37683984327 10.2256158276 0.00692802392802 6.5859e-05
pedestrian -1 -1 -10 829.14 201.25 862.991 287.002 0.552997477353 0.249999830581 0.574997650125 4.87669899777 1.27792206129 13.9105281677 0.00692802392802 6.3616e-05
pedestrian -1 -1 -10 753.18 116.74 769.977 170.042 1.46999337375 0.778999754377 0.610997766713 3.07480954472 0.630831726594 12.2081842654 0.00692802392802 6.137e-05
pedestrian -1 -1 -10 248.84 202.37 277.548 271.217 0.416998167336 0.306998998497 0.431998538045 -6.02214125178 1.33902528206 12.1226413347 0.00692802392802 6.0935e-05
pedestrian -1 -1 -10 830.92 142.69 869.281 258.13 0.784996508062 0.121000207918 0.58399791769 6.38875786536 0.783425628252 17.6899356202 0.00692802392802 4.0883e-05
pedestrian -1 -1 -10 881.4 207.65 908.369 269.536 1.15799482167 1.16399972235 0.627997424406 4.2616644936 1.37640467568 10.5984706099 0.00692802392802 3.8996e-05
pedestrian -1 -1 -10 317.32 209.48 342.647 276.038 0.220998944342 0.112998885825 0.0990000821995 -6.89666468651 1.46311237014 18.5271160691 0.00692802392802 2.4834e-05
pedestrian -1 -1 -10 782.78 189.74 799.482 266.636 2.18299024552 0.918999049151 1.12199576588 3.3315988786 1.33106789537 12.2568063893 0.00692802392802 1.9839e-05
pedestrian -1 -1 -10 664.41 216.94 686.554 272.09 1.46599341333 1.16899887973 1.02099613417 1.33901489799 1.43178958683 12.936161729 0.00692802392802 1.5525e-05
pedestrian -1 -1 -10 741.23 162.48 752.839 209.984 1.01099553853 0.525998712756 1.1939952838 3.65904009501 0.995774646005 17.8464671746 0.00692802392802 1.2494e-05
pedestrian -1 -1 -10 326.04 211.49 350.625 277.979 0.964995695651 0.703999042264 1.07599593479 -3.75159703549 1.37888612095 10.2650931492 0.00692802392802 1.2432e-05
pedestrian -1 -1 -10 873.55 200.36 898.677 264.44 2.23498999923 1.17900005551 1.19899537947 4.88918256814 1.37293791349 12.1120300881 0.00692802392802 1.1037e-05
pedestrian -1 -1 -10 336.9 214.19 362.263 280.142 1.01299551874 1.18399921289 1.09099574496 -3.74402948454 1.37851279809 10.5730200613 0.00692802392802 5.4528e-06
pedestrian -1 -1 -10 356.4 206.36 382.275 279.16 0.950995700062 0.814999028076 0.642997472984 -3.5217381574 1.3641904923 10.3189931057 0.00692802392802 4.4569e-06
pedestrian -1 -1 -10 278.56 194.43 313.423 276.815 1.05899522752 1.18599906657 1.14199591012 -4.53884533552 1.39174858302 10.5345140629 0.00692802392802 1.2297e-06
pedestrian -1 -1 -10 323.63 204.43 365.51 286.489 0.964995695651 0.787998619128 0.98599612016 -3.7063072359 1.37871353309 10.3067800279 0.00692802392802 3.9599e-07
