pedestrian -1 -1 -10 979.53 91.19 1011.4 160.848 1.20486772001 1.19286915503 1.19599949465 2.87947701187 0.666228687388 5.35869838134 0.00753464155925 0.00037983
pedestrian -1 -1 -10 1011.1 163.64 1044.92 281.66 1.90579073119 1.19786872174 1.19599961386 2.31566593251 1.40175081015 4.01956128605 0.00753464155925 0.00033637
pedestrian -1 -1 -10 986.53 78.479 1023.0 183.269 1.67381617976 1.19686866536 1.18799971931 2.30409404938 1.16673946657 4.22093806554 0.00753464155925 7.3797e-05
pedestrian -1 -1 -10 1020.7 157.5 1055.97 264.92 2.0647732538 1.19786848335 1.13299966939 2.07913192213 1.56684851606 3.47600106285 0.00753464155925 6.2215e-05
pedestrian -1 -1 -10 967.35 200.15 991.87 305.87 1.70881233347 1.19686890375 1.16399955881 2.39700441151 1.18437085355 4.74030764573 0.00753464155925 2.2932e-05
pedestrian -1 -1 -10 568.4 175.84 586.909 237.898 2.34574242044 0.422953998976 0.662999844254 -0.706643545999 1.94972411231 24.758836845 0.00753464155925 2.1939e-05
pedestrian -1 -1 -10 1072.9 68.943 1108.64 194.023 1.68781461144 1.19886877812 1.19699966029 2.28782260255 1.18537547806 3.45278253101 0.00753464155925 2.0616e-05
pedestrian -1 -1 -10 1011.1 98.369 1045.25 202.609 1.75780697846 1.19886853972 1.19499968665 2.25838865481 1.25436470413 3.92356588577 0.00753464155925 1.8701e-05
pedestrian -1 -1 -10 1032.1 117.11 1067.56 236.42 1.89379202438 1.19786872174 1.19799970671 2.2685804159 1.39168390112 3.74293811157 0.00753464155925 5.3868e-06
pedestrian -1 -1 -10 1022.4 100.06 1055.86 201.08 1.72781030082 1.19586884737 1.19499956744 2.40337968211 1.22423956152 4.05621575568 0.00753464155925 3.9405e-06
pedestrian -1 -1 -10 972.78 79.616 1008.28 202.116 1.20486772001 1.18786958831 1.19099962016 2.88680942859 0.667859627916 5.46913409391 0.00753464155925 3.5595e-06
pedestrian -1 -1 -10 557.86 168.18 591.47 239.627 2.72070118893 1.03688705999 0.645999770303 -1.1597934639 1.92480773625 21.371926869 0.00753464155925 1.7724e-06
pedestrian -1 -1 -10 1166.2 170.71 1203.28 308.13 1.58682580864 1.19786872174 1.1979995875 2.59601376842 1.08266699333 3.28271006588 0.00753464155925 9.778e-07
pedestrian -1 -1 -10 1041.6 82.895 1077.17 202.655 1.7328097471 1.19786896013 1.19099962016 2.24002441827 1.23273768198 3.61029633186 0.00753464155925 8.3613e-07
pedestrian -1 -1 -10 1062.0 59.665 1098.65 184.845 1.64181965805 1.19886853972 1.18799971931 2.31818155697 1.14107613264 3.56888497094 0.00753464155925 5.3298e-07
