pedestrian -1 -1 -10 842.81 157.32 864.912 214.393 1.99278113211 1.13787582832 0.930000020491 4.62925157553 1.39923350742 13.1310693447 0.00753464155925 0.0035907
pedestrian -1 -1 -10 540.64 160.26 554.683 213.448 0.100988913059 0.608934447866 1.08599963323 -5.1227265855 0.780194616495 64.4432799822 0.00753464155925 0.0016436
pedestrian -1 -1 -10 977.66 201.48 997.161 264.776 2.0387760855 1.19286915503 1.13199962296 4.98742008271 1.40024371535 9.43268631692 0.00753464155925 0.001518
pedestrian -1 -1 -10 1112.4 175.27 1146.09 247.307 1.71381177974 1.19586908577 0.713999529666 4.75054816197 1.39922561197 6.24514093826 0.00753464155925 0.0012653
pedestrian -1 -1 -10 199.01 261.84 218.248 315.937 2.41473491012 1.18986922428 1.08899941487 -5.46434760434 1.788335597 9.94903660294 0.00753464155925 0.00083883
pedestrian -1 -1 -10 227.32 250.25 245.877 309.963 2.35474149525 1.1958681322 1.03299967616 -5.43285279652 1.79907807401 10.6752962458 0.00753464155925 0.00079778
pedestrian -1 -1 -10 1072.4 233.11 1106.91 316.639 1.65181866979 1.19786872174 0.699999594987 4.75505012483 1.38406540608 6.84195506571 0.00753464155925 0.00063495
pedestrian -1 -1 -10 929.03 163.15 967.447 266.99 1.57682680435 1.19686842697 0.698999667772 4.77215079332 1.42250108491 9.57257913589 0.00753464155925 0.0004396
pedestrian -1 -1 -10 838.45 160.1 857.309 219.112 1.99178125477 1.18487061114 0.875999659366 4.60413967211 1.40296119237 13.3817307367 0.00753464155925 0.00039109
pedestrian -1 -1 -10 1054.7 233.59 1088.04 311.507 1.41784435623 1.19686890375 0.680000097019 4.80307596022 1.38787315783 7.09934048467 0.00753464155925 0.00026353
pedestrian -1 -1 -10 849.12 147.73 880.739 227.358 1.85279651726 1.19287010859 0.991999799333 4.65731238307 1.4392922973 12.7296736401 0.00753464155925 0.00013655
pedestrian -1 -1 -10 1117.8 159.96 1155.64 228.979 1.71781134868 1.04188567313 0.664999758288 4.72535771494 1.40288106673 6.15329352927 0.00753464155925 0.00012661
pedestrian -1 -1 -10 836.92 140.21 869.045 238.598 2.09377005411 1.17387118294 0.986999686423 4.65937688932 1.40246930928 13.3515726227 0.00753464155925 6.7841e-05
pedestrian -1 -1 -10 831.48 161.82 850.168 219.889 1.35785089479 1.14987364415 0.675999434487 4.82727381446 1.42730714761 14.8276968063 0.00753464155925 6.6016e-05
pedestrian -1 -1 -10 138.68 252.88 180.208 333.927 2.40973540425 1.19686938054 0.972999274907 -5.37306021593 1.79811108781 8.78950699402 0.00753464155925 6.4909e-05
pedestrian -1 -1 -10 944.92 161.08 983.57 269.88 1.57682680435 1.19786872174 0.831999524062 4.8374773424 1.42015088179 9.41660031645 0.00753464155925 4.3351e-05
pedestrian -1 -1 -10 216.03 240.76 248.765 310.26 2.43773238682 1.1938694498 1.07299962577 -5.41417478039 1.79651748523 10.5037840753 0.00753464155925 1.9526e-05
pedestrian -1 -1 -10 818.79 143.46 860.947 238.241 0.310965842785 0.164982840835 0.297999767635 5.74092308198 0.133345312031 17.9091442785 0.00753464155925 1.3059e-05
pedestrian -1 -1 -10 824.55 162.65 845.014 224.551 2.15576328325 1.19186886025 1.17499983105 4.88103290962 1.42613890683 15.4322980267 0.00753464155925 9.3716e-06
