pedestrian -1 -1 -10 223.35 153.5 290.415 328.8 1.80499189943 0.727999193846 0.934996431829 -3.52699849806 1.45122595354 7.67506861568 0.00692802392802 0.97862
pedestrian -1 -1 -10 294.2 157.27 343.807 319.95 1.78499200791 0.948999715465 0.72199741094 -3.40476389349 1.430763447 7.78471265192 0.00692802392802 0.97567
pedestrian -1 -1 -10 242.09 158.96 342.51 317.85 1.80299193412 0.948999715465 0.949996480407 -3.5187358694 1.44907685442 7.78551309683 0.00692802392802 0.86326
pedestrian -1 -1 -10 369.74 165.8 385.634 229.947 1.5849929288 0.71000051067 0.644997558934 -6.2506279 1.1450410966 19.6480050736 0.00692802392802 0.18413
pedestrian -1 -1 -10 280.53 164.67 321.923 312.52 1.79699191898 0.948999715465 0.897996629892 -3.49274484222 1.44300534348 7.78532945528 0.00692802392802 0.13232
pedestrian -1 -1 -10 251.53 163.27 299.751 290.68 1.80499189943 0.790999830168 0.949996480407 -3.51928042072 1.4511686953 7.70651619396 0.00692802392802 0.11041
pedestrian -1 -1 -10 375.83 165.49 387.487 221.484 1.5849929288 0.71000051067 0.644997558934 -6.2506279 1.1450410966 19.6480050736 0.00692802392802 0.096666
pedestrian -1 -1 -10 243.15 156.73 284.6 267.43 1.80499189943 0.727999193846 0.949996480407 -3.51949865393 1.45120532963 7.67501663176 0.00692802392802 0.028899
pedestrian -1 -1 -10 367.54 177.73 380.265 230.338 1.5849929288 0.71000051067 0.644997558934 -6.2506279 1.1450410966 19.6480050736 0.00692802392802 0.022978
pedestrian -1 -1 -10 312.14 167.19 351.07 294.72 1.78199200034 0.849999805444 0.631997834723 -3.35942638896 1.42758212933 7.83389780209 0.00692802392802 0.018816
pedestrian -1 -1 -10 288.06 194.58 318.716 285.423 1.78499200791 0.948999715465 0.888996839163 -3.48826160187 1.43099305839 7.78529140238 0.00692802392802 0.0059216
pedestrian -1 -1 -10 365.09 166.77 377.296 224.746 1.5849929288 0.71000051067 0.644997558934 -6.2506279 1.1450410966 19.6480050736 0.00692802392802 0.0058603
pedestrian -1 -1 -10 292.78 202.75 308.362 279.797 1.79699191898 0.948999715465 0.897996629892 -3.49274484222 1.44300534348 7.78532945528 0.00692802392802 0.0051507
pedestrian -1 -1 -10 1118.7 0.0 1224.03 370.0 1.83799178898 1.19599905026 0.693997399733 3.17421424701 1.28035849701 3.64132555135 0.00692802392802 0.0018318
pedestrian -1 -1 -10 511.37 163.83 521.856 189.32 0.314998595417 0.259998145338 0.305998606822 -5.25023679347 -0.234750260373 45.0278345104 0.00692802392802 0.0010377
pedestrian -1 -1 -10 1025.6 194.75 1058.19 295.69 2.00999101102 1.194998885 0.840996683712 3.1752415381 1.41096838439 4.85390020988 0.00692802392802 0.00055768
pedestrian -1 -1 -10 224.38 234.61 256.779 328.444 1.80299193412 0.643999616981 0.808996977441 -3.59029044295 1.44944807283 7.63350535294 0.00692802392802 0.0003921
pedestrian -1 -1 -10 361.47 173.9 372.777 220.991 1.5849929288 0.71000051067 0.644997558934 -6.2506279 1.1450410966 19.6480050736 0.00692802392802 9.2855e-05
pedestrian -1 -1 -10 298.98 151.47 326.923 235.746 1.78499200791 0.948999715465 0.782997052184 -3.43526298149 1.43084731682 7.78492405127 0.00692802392802 2.6207e-05
pedestrian -1 -1 -10 783.74 146.47 819.856 234.906 2.02099096924 1.18899932394 0.671997407957 2.90865034467 1.2745362173 9.37069386806 0.00692802392802 1.181e-05
pedestrian -1 -1 -10 304.47 241.87 328.601 324.98 1.7989920035 0.948999715465 0.718997401224 -3.40324461978 1.44475931781 7.78471026246 0.00692802392802 6.9111e-06
pedestrian -1 -1 -10 1172.5 0.0 1223.98 216.28 1.5599930346 1.19699921552 0.746997174013 3.19959925849 1.00240956672 3.53548537555 0.00692802392802 3.0592e-06
