pedestrian -1 -1 -10 767.88 154.94 846.844 318.77 1.81599184275 0.52499926275 0.702997309671 2.22378834502 1.44542264044 7.62571297904 0.00692802392802 0.98498
pedestrian -1 -1 -10 834.29 158.55 875.69 266.8 0.785996505618 0.0890006415905 0.612997614245 6.37521532144 0.783469728357 17.6840292014 0.00692802392802 0.13386
pedestrian -1 -1 -10 772.98 193.67 816.365 314.61 1.81599184275 0.52499926275 0.702997309671 2.22378834502 1.44542264044 7.62571297904 0.00692802392802 0.10163
pedestrian -1 -1 -10 325.48 237.55 351.026 282.313 1.02399541736 1.18399921289 1.18399556931 -4.01805113294 1.34500533113 10.8028784672 0.00692802392802 0.0481
pedestrian -1 -1 -10 807.11 158.69 858.137 278.38 1.81599184275 0.52499926275 0.702997309671 2.22378834502 1.44542264044 7.62571297904 0.00692802392802 0.0095156
pedestrian -1 -1 -10 335.9 225.91 351.36 277.489 0.973995658755 0.752000299102 1.04499615229 -3.70888200005 1.38873547205 10.2938039561 0.00692802392802 0.0072453
pedestrian -1 -1 -10 362.1 228.79 386.56 278.12 0.965995678306 0.854999916496 0.652997664315 -3.51245857027 1.38012267451 10.3559392375 0.00692802392802 0.0071476
pedestrian -1 -1 -10 331.63 227.37 363.399 278.843 0.197999045253 0.194000112671 0.11399989236 -4.25993208778 1.17629963731 13.7539114885 0.00692802392802 0.0038951
pedestrian -1 -1 -10 332.54 224.0 345.946 273.961 1.02399541736 1.00099877233 1.18799526437 -4.12266600594 1.34506479861 11.0031083287 0.00692802392802 0.0033308
pedestrian -1 -1 -10 311.4 217.55 344.858 279.57 1.06399526 1.18799892026 1.15599579652 -4.12837464563 1.38953865632 10.6026661629 0.00692802392802 0.0021793
pedestrian -1 -1 -10 892.64 224.0 918.877 280.852 0.944995744527 1.15799920762 0.592997708419 4.30979107862 1.39555682778 10.3502770525 0.00692802392802 0.0019427
pedestrian -1 -1 -10 355.91 246.92 381.555 282.957 0.938995848596 0.598000121177 0.652997664315 -3.51338604413 1.35327228797 10.2274269811 0.00692802392802 0.0015945
pedestrian -1 -1 -10 344.89 248.38 374.528 283.367 1.05599527955 1.18799892026 1.07699585856 -3.69079378782 1.38031817713 10.6146291854 0.00692802392802 0.00097228
pedestrian -1 -1 -10 901.85 223.97 924.194 274.342 0.922995887697 0.279999543222 1.0099964363 5.48555237936 1.2994222139 12.0040729173 0.00692802392802 0.00086431
pedestrian -1 -1 -10 349.85 217.84 378.169 277.239 0.938995848596 0.63199954119 0.652997664315 -3.51326827068 1.3532525176 10.2444262831 0.00692802392802 0.00083455
pedestrian -1 -1 -10 305.91 213.81 327.45 277.051 0.973995658755 1.0589992976 1.12899570908 -4.15507623961 1.38983148703 10.4113993958 0.00692802392802 0.00057251
pedestrian -1 -1 -10 911.54 232.99 937.436 276.915 2.08499075323 1.0599987476 1.19699553193 5.40129590704 1.37787631483 11.8060678314 0.00692802392802 0.00046352
pedestrian -1 -1 -10 1068.0 86.033 1104.84 209.633 1.50499324352 0.99499921127 1.18399556931 8.00871547741 0.607822000984 11.685942427 0.00692802392802 0.00031885
pedestrian -1 -1 -10 927.31 226.89 952.978 276.291 1.02799537778 1.194998885 0.780997204652 5.24686787667 1.40078234682 10.51624706 0.00692802392802 0.00027527
pedestrian -1 -1 -10 373.0 240.38 394.69 281.648 0.994995592534 1.18799892026 0.684997370586 -3.4947702947 1.3597793178 10.6132826929 0.00692802392802 0.00024801
pedestrian -1 -1 -10 249.35 214.43 279.737 281.098 0.935995781422 0.960999791257 0.71799723904 -4.74689392656 1.37451499822 10.3665028773 0.00692802392802 0.00017545
pedestrian -1 -1 -10 794.37 277.82 807.932 320.435 1.81599184275 0.52499926275 0.702997309671 2.22378834502 1.44542264044 7.62571297904 0.00692802392802 0.0001465
pedestrian -1 -1 -10 297.6 209.64 319.383 269.562 0.219999021292 0.0720004547469 0.190999267531 -7.68121549775 1.50105088193 18.7241016365 0.00692802392802 0.00011794
pedestrian -1 -1 -10 488.98 94.566 527.031 222.576 0.951995746046 1.1589996113 0.317998884102 -2.19130842214 -0.0328678772934 16.7733095266 0.00692802392802 7.3297e-05
pedestrian -1 -1 -10 258.85 195.28 296.592 281.5 1.40999367684 0.825999653861 1.0209965514 -6.34707694769 1.26107593112 13.7317641849 0.00692802392802 6.753e-05
pedestrian -1 -1 -10 696.17 172.36 708.012 218.258 2.06999071538 0.638000055923 1.1909955125 2.05582551421 1.16509997599 14.430070974 0.00692802392802 4.6663e-05
pedestrian -1 -1 -10 690.54 173.36 704.58 219.82 1.23299449682 0.576999273287 1.15099558164 2.43267864959 0.980234733274 17.7773141504 0.00692802392802 4.1218e-05
pedestrian -1 -1 -10 762.07 165.63 775.11 230.3 0.764996556938 0.0919989916094 0.844996855612 4.04674072822 0.750948824569 17.6336342271 0.00692802392802 2.7419e-05
pedestrian -1 -1 -10 934.34 221.46 973.772 278.226 2.25498989075 1.16099851131 1.18799574121 5.80631463166 1.3899717485 11.6196722009 0.00692802392802 2.1967e-05
pedestrian -1 -1 -10 981.42 225.17 1017.04 292.782 2.00799098611 0.999999322323 1.1979954557 6.66868206539 1.39042911856 11.7643457767 0.00692802392802 1.1593e-05
pedestrian -1 -1 -10 498.32 85.714 558.495 221.214 0.869996095449 0.820998589135 0.278998996216 -1.9343189433 -0.136675041772 17.7334796528 0.00692802392802 4.8167e-08
