pedestrian -1 -1 -10 667.89 168.87 686.294 221.81 0.493945756674 0.619932922494 0.0599999244128 1.92881534466 -0.290268705127 20.6173623904 0.00753464155925 0.050123
pedestrian -1 -1 -10 673.27 175.02 693.642 226.403 2.28974863409 1.06688446027 0.221000007689 2.01326999681 1.52365760367 18.9274336173 0.00753464155925 0.011764
pedestrian -1 -1 -10 9.2986 229.54 26.6396 280.448 2.38073860395 1.19686842697 0.477000090496 -6.92303237172 1.73736698497 8.40481573029 0.00753464155925 0.005367
pedestrian -1 -1 -10 39.302 200.65 100.765 292.999 1.64981879592 1.19386849623 0.477000090496 -7.20602866103 0.97877428361 9.90647402726 0.00753464155925 0.0034941
pedestrian -1 -1 -10 650.54 166.41 681.69 210.982 0.586935540797 0.386956737211 0.158999990429 2.27260981038 1.82677172024 26.9674988974 0.00753464155925 0.0026311
pedestrian -1 -1 -10 0.086056 221.25 28.5381 296.326 2.38073860395 1.19886806294 0.477000090496 -6.92334879122 1.73674527603 8.36282122946 0.00753464155925 0.0017088
pedestrian -1 -1 -10 0.56103 226.72 16.421 278.195 2.38573805022 1.19586908577 0.477000090496 -6.92263085655 1.7381589208 8.45834554559 0.00753464155925 0.0011096
pedestrian -1 -1 -10 26.155 229.35 38.751 271.185 2.34074303376 1.17687111368 0.477000090496 -6.92005552049 1.68826447068 8.80327934014 0.00753464155925 0.00077689
pedestrian -1 -1 -10 21.143 194.78 121.063 328.17 0.808911199687 0.373958626612 0.511999927194 -6.15430475886 0.982311536331 8.56208908407 0.00753464155925 0.00041702
pedestrian -1 -1 -10 651.92 170.12 669.25 215.419 0.101988894691 0.0269974695388 0.103999821299 2.38673906625 1.82842480071 32.0777297979 0.00753464155925 0.0003529
pedestrian -1 -1 -10 672.87 191.12 686.051 237.371 0.553939171553 0.549940895645 0.196000039184 2.31826578298 1.61201402937 24.0831923329 0.00753464155925 0.00029406
pedestrian -1 -1 -10 663.93 179.33 696.295 245.583 0.553939171553 0.549940895645 0.196000039184 2.31826578298 1.61201402937 24.0831923329 0.00753464155925 0.00023772
pedestrian -1 -1 -10 0.0 161.78 35.894 227.983 2.10576882052 1.19186981382 0.477000090496 -6.92309832329 1.46243420155 8.4093510039 0.00753464155925 0.00019414
pedestrian -1 -1 -10 55.573 196.56 114.352 277.106 0.808911199687 0.373958626612 0.511999927194 -6.15430475886 0.982311536331 8.56208908407 0.00753464155925 0.00017083
pedestrian -1 -1 -10 21.752 182.8 196.592 360.53 0.480947202324 0.824909913112 0.8979994886 -4.60105103113 0.773226345661 6.99933921967 0.00753464155925 9.7603e-05
pedestrian -1 -1 -10 645.54 180.35 657.179 212.353 0.524942371248 0.237972891287 0.73899973659 2.27139754238 1.52896779714 38.3955356741 0.00753464155925 7.2498e-05
pedestrian -1 -1 -10 43.355 212.19 78.675 286.981 1.86179553247 1.17987009086 0.655000009305 -7.00705728928 1.21359307116 9.09195577189 0.00753464155925 6.2309e-05
pedestrian -1 -1 -10 827.63 197.86 856.888 265.993 1.46483917951 0.854906836608 1.01599972141 2.92704268629 1.60736120194 8.94382778777 0.00753464155925 1.1718e-06
pedestrian -1 -1 -10 802.9 202.92 834.834 269.828 1.47183838046 1.01588849836 0.778999805408 2.80915470424 1.61563827484 9.02515607677 0.00753464155925 6.6343e-07
