pedestrian -1 -1 -10 601.0 168.59 620.831 226.253 0.104988467098 0.176982563804 0.643999781764 0.650495596559 2.46495665901 58.3070290028 0.00753464155925 0.0021617
pedestrian -1 -1 -10 462.84 174.68 483.622 225.125 2.61771257186 1.1818706804 0.858999704625 -3.03713808037 1.90774054062 15.5482575447 0.00753464155925 0.0015869
pedestrian -1 -1 -10 446.34 175.23 485.94 267.849 2.78969367862 1.18886892951 0.752999790478 -3.01658266297 2.08778159848 15.21416443 0.00753464155925 0.0015513
pedestrian -1 -1 -10 430.7 172.31 470.009 255.927 2.75769712711 1.18986922428 0.328999895474 -3.13995168099 2.06733733826 14.3685430864 0.00753464155925 0.00090774
pedestrian -1 -1 -10 602.72 189.83 614.879 227.239 0.103988589763 0.265973516306 0.644999813286 0.516892176482 1.4072735989 58.2631792355 0.00753464155925 0.00081632
pedestrian -1 -1 -10 936.07 243.89 949.589 284.346 2.27575011301 1.19786872174 0.28499976017 5.25136677831 1.69425384192 11.3348624042 0.00753464155925 0.00074454
pedestrian -1 -1 -10 597.54 148.51 626.511 221.574 0.371959157348 0.269970881109 0.543999833237 0.394275770138 0.660500911329 57.4030211839 0.00753464155925 0.00067128
pedestrian -1 -1 -10 940.62 243.47 953.922 282.378 2.34974198937 1.19686842697 0.292999654724 5.19308167863 1.68984645986 11.0353726694 0.00753464155925 0.00061904
pedestrian -1 -1 -10 723.52 189.29 757.33 249.595 0.112987604974 0.159982320552 0.517999490482 10.8990964131 3.71308693932 60.3541847899 0.00753464155925 0.00058298
pedestrian -1 -1 -10 592.48 143.74 614.272 194.812 0.60093406188 0.237972891287 0.506999814284 -0.45978896557 -0.638052580764 44.4425857717 0.00753464155925 0.00037069
pedestrian -1 -1 -10 594.99 193.96 607.582 237.627 1.91378992867 0.662925572664 0.795999730347 -0.477893211519 3.12062581471 43.92922963 0.00753464155925 0.00026082
pedestrian -1 -1 -10 590.25 195.58 603.62 244.649 2.87168469286 1.07588234535 0.724999831713 -0.594692875309 2.47563261501 26.9859091935 0.00753464155925 0.00024463
pedestrian -1 -1 -10 588.34 140.09 609.35 183.481 0.60093406188 0.237972891287 0.78899979281 -0.600784963952 -0.637949922406 44.4436466263 0.00753464155925 0.00019163
pedestrian -1 -1 -10 590.85 117.69 624.296 205.44 0.102988712428 0.162984158434 0.526999833791 0.348701037328 -0.305054540978 55.6129196965 0.00753464155925 1.1236e-05
pedestrian -1 -1 -10 1166.8 66.052 1204.21 172.862 1.5538293798 1.19886853972 1.02299945034 4.48554281277 0.986985221039 5.67947750318 0.00753464155925 2.5332e-06
pedestrian -1 -1 -10 1144.9 78.841 1184.94 190.131 1.61682251608 1.19886853972 1.18799936168 4.56987117396 1.04648646332 5.91946094075 0.00753464155925 2.0493e-07
