pedestrian -1 -1 -10 811.7 215.89 832.947 271.082 1.51299322397 0.8329996186 0.682997761471 4.36624071172 1.58398143475 13.3383486649 0.00692802392802 0.010049
pedestrian -1 -1 -10 301.31 178.1 344.932 279.03 1.22599456608 0.617999611713 0.579997984208 -4.20042247122 1.36969837435 10.6360488486 0.00692802392802 0.0013392
pedestrian -1 -1 -10 973.68 204.38 999.452 243.501 0.413998135552 0.658999950139 0.250998508174 10.8475776248 0.179605041559 20.7696355769 0.00692802392802 0.000844
pedestrian -1 -1 -10 816.77 214.93 844.353 271.014 0.830996231735 0.919999452831 0.140999502966 3.36084342069 1.57426914014 10.268123205 0.00692802392802 0.00056375
pedestrian -1 -1 -10 20.033 98.67 52.23 208.04 0.32999842465 0.174999118468 0.492998179289 -21.1356904082 -1.17266980057 26.4288295016 0.00692802392803 0.00013866
pedestrian -1 -1 -10 968.63 191.07 1004.75 248.177 1.40099367648 1.07899926497 1.03899589444 4.22219347885 1.55166829607 7.8402381976 0.00692802392802 0.00012612
pedestrian -1 -1 -10 1139.3 126.63 1176.76 224.918 1.9649911657 1.19499912342 0.960996357086 2.81346605437 1.39758198568 3.44138224361 0.00692802392802 6.2114e-05
pedestrian -1 -1 -10 1121.6 133.33 1157.76 233.124 1.98399113417 1.19699921552 0.94299653721 2.80519093965 1.41348807066 3.54344965915 0.00692802392802 5.2187e-05
pedestrian -1 -1 -10 165.89 133.29 196.128 202.787 2.02099096924 1.16499821869 0.679997751756 -15.7348127757 0.580654920676 27.1114858617 0.00692802392802 1.828e-05
pedestrian -1 -1 -10 39.208 95.394 72.523 206.544 1.0799952209 0.929000224929 0.370998896801 -16.334045705 -0.205610432985 21.7951382728 0.00692802392802 1.7132e-05
pedestrian -1 -1 -10 424.75 159.95 454.655 195.567 0.372998394072 0.31000116321 0.204999153926 -11.0716832695 -0.830949504089 51.3665943748 0.00692802392802 8.6808e-06
pedestrian -1 -1 -10 1160.1 116.5 1195.19 238.27 1.95099128932 1.19099893921 1.00899627412 2.83714822935 1.38356612131 3.39820896687 0.00692802392802 7.9512e-06
pedestrian -1 -1 -10 1164.6 161.8 1201.46 266.5 1.51699321419 1.16499917236 1.05999643929 8.72910272452 0.794177683347 10.5131322017 0.00692802392802 6.7252e-06
pedestrian -1 -1 -10 1151.0 70.192 1184.66 182.902 1.66799259186 1.19299903131 1.19299536004 3.05172435031 1.08948091185 3.82955554787 0.00692802392802 1.5374e-06
pedestrian -1 -1 -10 899.73 201.5 935.714 282.171 1.35999394059 0.952999899675 0.877996724066 3.53985873329 1.54769243764 7.71598182965 0.00692802392802 1.2283e-06
pedestrian -1 -1 -10 1137.5 36.913 1175.04 160.903 1.49299336225 1.17499939446 1.18699557902 3.15592816938 0.913955385643 4.03773650213 0.00692802392802 6.6424e-08
