pedestrian -1 -1 -10 906.85 245.19 920.786 290.354 1.24386341286 1.1878700651 0.750999936049 3.18156663939 1.63251621679 7.07214412365 0.00753464155925 0.0040325
pedestrian -1 -1 -10 0.0 281.44 22.912 348.736 1.56682796395 1.19686842697 0.770999672435 -6.54033063881 1.68825324886 7.66453312369 0.00753464155925 0.0023544
pedestrian -1 -1 -10 904.19 240.78 930.824 311.847 1.24386341286 1.19886853972 0.77499985813 3.19297485976 1.63134548043 6.99356439476 0.00753464155925 0.00077196
pedestrian -1 -1 -10 1165.3 169.2 1203.31 298.8 1.80980133741 1.13687553355 1.1979995875 3.55143909216 1.58005120704 4.49446726726 0.00753464155925 0.00036817
pedestrian -1 -1 -10 916.49 242.95 945.862 317.378 1.23986390352 1.16587216227 0.847999790008 3.22835379855 1.62512122712 6.84483990753 0.00753464155925 0.00031253
pedestrian -1 -1 -10 1157.7 149.66 1191.99 259.13 0.988891444322 1.16487234429 0.842999677098 5.20335684831 0.574148176887 6.46210743597 0.00753464155925 0.0002887
pedestrian -1 -1 -10 1146.8 148.07 1180.75 256.06 0.847906922338 1.14187462347 0.62499980868 5.09519074645 0.575774397914 6.56636923866 0.00753464155925 0.00017207
pedestrian -1 -1 -10 1135.4 145.84 1170.5 250.2 0.886902630089 1.17387118294 0.62499980868 5.09483970542 0.575108288248 6.52166435454 0.00753464155925 0.00013842
pedestrian -1 -1 -10 1147.5 214.2 1181.02 321.61 1.82579949397 0.97089335151 1.03699962343 3.38132357886 1.59494416261 4.41263535456 0.00753464155925 0.00013492
pedestrian -1 -1 -10 1126.9 208.67 1160.13 322.99 1.81880029303 1.19586908577 1.1539994522 3.44149593644 1.59119592127 4.63471619865 0.00753464155925 8.43e-05
pedestrian -1 -1 -10 1113.3 221.84 1152.27 343.3 1.8267994309 1.08788063797 0.926999523592 3.32676611844 1.59685009007 4.47153374227 0.00753464155925 8.0291e-05
pedestrian -1 -1 -10 1138.0 178.99 1170.98 297.53 1.81880029303 1.19686890375 1.18199955997 3.45499460042 1.59020136336 4.56812008866 0.00753464155925 7.3234e-05
pedestrian -1 -1 -10 1106.0 163.44 1138.26 273.04 0.740918661831 0.865904834451 0.611999801215 5.08976357179 0.577821874234 6.70360691711 0.00753464155925 5.5287e-05
pedestrian -1 -1 -10 1106.3 200.47 1139.34 315.75 1.81580060142 1.19786872174 1.07499948019 3.40253104018 1.58927596685 4.7060259063 0.00753464155925 5.5249e-05
pedestrian -1 -1 -10 1177.4 204.66 1212.26 321.68 1.81980022996 1.04088585514 1.19299971301 3.54658065196 1.58934285497 4.44643361002 0.00753464155925 5.0518e-05
pedestrian -1 -1 -10 1096.0 207.06 1129.51 327.57 1.8267994309 1.19686890375 0.879999606644 3.30367741499 1.59767393702 4.52620313713 0.00753464155925 3.2794e-05
pedestrian -1 -1 -10 1134.3 225.26 1171.77 342.44 1.82579949397 0.961894512853 0.956999724217 3.34129086022 1.59490667561 4.40843701427 0.00753464155925 3.0964e-05
pedestrian -1 -1 -10 1176.7 142.6 1210.52 268.22 0.82890898478 1.19786872174 0.693000104484 5.13626758573 0.454175255807 6.05564883063 0.00753464155925 3.0506e-05
pedestrian -1 -1 -10 1154.2 235.78 1192.71 349.65 1.82579949397 0.854906359824 0.991999560915 3.35838722837 1.59410200208 4.35481279044 0.00753464155925 2.3979e-05
pedestrian -1 -1 -10 1114.7 179.63 1148.47 294.34 1.81880029303 1.1938694498 1.06299963836 3.39578637342 1.59081458063 4.60706251445 0.00753464155925 2.1525e-05
pedestrian -1 -1 -10 5.7153 156.46 97.5383 352.9 1.60382391703 1.194868791 0.685999660307 -6.49452346179 1.70273454022 8.10430821177 0.00753464155925 1.6356e-05
pedestrian -1 -1 -10 24.517 162.55 186.057 349.55 1.59882447076 1.18886988308 0.716999788147 -6.47286277237 1.70983225056 8.92211610516 0.00753464155925 7.5554e-06
pedestrian -1 -1 -10 1115.9 139.37 1149.9 235.346 1.34585227179 1.19586956255 0.907999714421 5.79537421218 0.718411046104 8.12688369864 0.00753464155925 4.36e-06
