pedestrian -1 -1 -10 430.58 198.57 443.01 239.263 0.881903228514 0.805911464244 0.421999802156 -4.22462940973 1.58738471852 17.7604048344 0.00753464155925 0.48335
pedestrian -1 -1 -10 425.68 197.12 438.987 239.033 0.881903228514 0.740918050539 0.421999802156 -4.22487425845 1.58690363363 17.72790905 0.00753464155925 0.14467
pedestrian -1 -1 -10 433.68 196.13 448.31 242.722 0.881903228514 1.11987624386 0.421999802156 -4.22249736716 1.59157380907 18.0433648404 0.00753464155925 0.031137
pedestrian -1 -1 -10 360.7 197.24 375.196 248.755 1.50883426649 0.716920511742 1.18499958004 -5.08652209367 1.59510464527 15.4816083251 0.00753464155925 0.017938
pedestrian -1 -1 -10 440.79 190.29 460.469 239.641 1.01888818156 0.890903144804 0.480999799354 -4.28688204576 1.55082153107 18.7340626887 0.00753464155925 0.0047624
pedestrian -1 -1 -10 446.76 185.95 462.964 230.45 0.765915908097 0.52794203925 0.701999687834 -4.11325732846 1.65511640396 20.9871500068 0.00753464155925 0.0026648
pedestrian -1 -1 -10 417.0 200.79 429.663 242.522 0.263971049305 0.169981453979 0.161999652864 -5.25674621261 1.55871495165 21.0444842769 0.00753464155925 0.0023701
pedestrian -1 -1 -10 158.4 191.2 200.968 283.61 1.26686086721 0.747918206794 0.876999586581 -4.88357300782 1.3318238647 8.17767828046 0.00753464155925 0.0019334
pedestrian -1 -1 -10 416.11 195.38 437.588 244.855 0.263971049305 0.169981453979 0.161999652864 -5.25674621261 1.55871495165 21.0444842769 0.00753464155925 0.0016208
pedestrian -1 -1 -10 429.31 185.45 452.926 244.869 0.850906613941 1.0798816173 0.400999900137 -4.21012731579 1.59522238973 18.2900229505 0.00753464155925 0.0015607
pedestrian -1 -1 -10 402.95 209.19 417.85 250.427 1.43484250187 1.06688255313 0.756999737755 -4.46725327606 1.63009359456 15.6408992958 0.00753464155925 0.0014725
pedestrian -1 -1 -10 308.21 164.61 327.043 207.251 0.46494894147 0.166981523237 0.440000399368 -11.448698022 0.203072625008 28.7912548259 0.00753464155925 0.0010759
pedestrian -1 -1 -10 1081.7 187.44 1120.53 229.896 1.07988144398 0.779913335906 0.778999090152 18.1729067381 2.09978941767 26.1467044141 0.00753464155925 0.0006635
pedestrian -1 -1 -10 362.05 176.88 376.372 234.218 1.50383481649 0.663926821005 1.19299947459 -5.00779755929 1.59450683675 15.4444819823 0.00753464155925 0.00054018
pedestrian -1 -1 -10 353.3 193.44 367.124 246.942 1.4948358646 0.98489175688 1.19599973307 -5.29686009298 1.58353981147 15.6372818236 0.00753464155925 0.00046722
pedestrian -1 -1 -10 408.79 202.51 431.655 250.132 1.42784327113 0.775915017533 0.377999666852 -4.22657703713 1.63420528068 15.9285138302 0.00753464155925 0.00028438
pedestrian -1 -1 -10 710.46 195.06 728.043 242.414 1.22986498117 0.931897112573 0.732999815674 2.7665146516 1.69904468147 17.6926477478 0.00753464155925 0.00022269
pedestrian -1 -1 -10 697.66 191.98 726.101 278.365 1.22986498117 0.850906611096 0.658000029367 2.73085029208 1.70267640105 17.9363970139 0.00753464155925 0.00017896
pedestrian -1 -1 -10 453.07 182.1 489.174 233.453 0.767915722365 0.550940236846 0.888999428413 -4.01984736198 1.65487809523 20.9749625686 0.00753464155925 0.00016799
pedestrian -1 -1 -10 349.43 176.83 382.302 248.399 1.50883426649 0.809910736187 1.18799983852 -5.12367060473 1.5958202668 15.528384259 0.00753464155925 0.00015422
pedestrian -1 -1 -10 438.27 181.46 456.196 223.622 1.01888818156 0.890903144804 0.480999799354 -4.28688204576 1.55082153107 18.7340626887 0.00753464155925 7.1366e-05
pedestrian -1 -1 -10 707.94 194.87 722.023 230.685 1.22986498117 0.931897112573 0.732999815674 2.7665146516 1.69904468147 17.6926477478 0.00753464155925 6.4321e-05
pedestrian -1 -1 -10 442.91 184.32 471.163 236.127 0.225975203989 0.473949007312 0.323999782564 -5.53491037302 0.760718487748 24.8206311164 0.00753464155925 5.4474e-05
pedestrian -1 -1 -10 704.8 192.34 733.28 258.095 1.22986498117 0.931897112573 0.732999815674 2.7665146516 1.69904468147 17.6926477478 0.00753464155925 3.8325e-05
pedestrian -1 -1 -10 305.35 163.03 319.566 205.945 0.46494894147 0.166981523237 0.440000399368 -11.448698022 0.203072625008 28.7912548259 0.00753464155925 2.3496e-05
pedestrian -1 -1 -10 368.79 159.13 427.06 244.105 1.35685099697 0.649928415635 0.817999589383 -4.57434531155 1.54909258367 15.4337994012 0.00753464155925 4.5415e-06
