pedestrian -1 -1 -10 166.14 144.89 263.173 322.38 1.82599180341 0.608999793288 1.04299630476 -4.53159092062 1.43024993415 8.32750807132 0.00692802392802 0.99787
pedestrian -1 -1 -10 891.35 225.38 918.843 280.899 0.94099587351 1.13399905604 0.63699769197 4.25354760177 1.37774473839 10.3216473274 0.00692802392802 0.041491
pedestrian -1 -1 -10 839.06 175.25 869.206 265.374 0.688996936381 0.077001519473 0.547997801101 6.4069037286 0.783373803952 17.6918665253 0.00692802392802 0.017511
pedestrian -1 -1 -10 157.74 170.6 227.268 315.26 2.27298987657 1.13899916709 1.08599636454 -7.73836581842 1.36037764062 13.3225066018 0.00692802392802 0.0055792
pedestrian -1 -1 -10 637.84 210.25 661.593 271.317 2.26798984408 1.19799914237 0.734997313964 1.08922646559 1.44259186034 12.8339360518 0.00692802392802 0.0045832
pedestrian -1 -1 -10 767.45 167.77 784.776 229.24 0.762996576726 0.0869998342306 0.697997094797 4.11726984559 0.749749744883 17.6376458604 0.00692802392802 0.0040455
pedestrian -1 -1 -10 364.63 224.17 387.953 278.176 0.468997980654 0.263000310052 0.0979996815981 -3.64211053284 1.37831817232 13.1221924825 0.00692802392802 0.0034649
pedestrian -1 -1 -10 899.41 233.64 928.259 280.298 0.925995895266 1.12899894499 0.644997558934 4.24881676405 1.37788192114 10.2131863044 0.00692802392802 0.0026112
pedestrian -1 -1 -10 351.19 220.72 379.703 279.421 0.967995643616 0.782999461749 0.631997596305 -3.49871127698 1.37720723374 10.2488364497 0.00692802392802 0.0022821
pedestrian -1 -1 -10 1088.3 91.697 1124.12 205.807 1.59599291682 0.667999768564 1.19399576064 8.20469775376 0.69647007764 11.5211309508 0.00692802392802 0.00068192
pedestrian -1 -1 -10 846.72 216.34 863.387 266.654 0.550997512043 0.282999800588 0.615997862378 4.90421154046 1.2778446952 13.9118392737 0.00692802392802 0.00050973
pedestrian -1 -1 -10 303.01 220.94 334.206 282.938 1.0729951933 1.15999906131 1.18299540712 -4.31001024204 1.39189509332 10.7289251502 0.00692802392802 0.00034841
pedestrian -1 -1 -10 658.8 203.27 674.232 256.369 2.26798984408 1.18499961657 1.02799619657 1.23513004529 1.44228844462 12.7474225092 0.00692802392802 0.00034249
pedestrian -1 -1 -10 905.16 229.97 943.841 278.514 2.23999003172 1.1369993134 1.19699553193 5.31416509523 1.39027262206 11.6690920907 0.00692802392802 0.00033558
pedestrian -1 -1 -10 659.71 196.53 671.506 241.084 1.47499336153 1.05299878287 1.05899609829 1.25357286744 1.44193530627 13.0147617654 0.00692802392802 0.00033442
pedestrian -1 -1 -10 765.77 162.03 792.736 246.116 2.17899019569 0.858000173862 0.967996300283 3.23648747421 1.33518585654 12.3829752712 0.00692802392802 0.00031607
pedestrian -1 -1 -10 1110.7 95.033 1143.87 204.733 1.82899185568 0.909999230726 1.19199495943 8.87035399872 0.918411730186 11.7156466165 0.00692802392802 0.00030631
pedestrian -1 -1 -10 650.23 203.94 677.363 268.432 2.26798984408 1.19299903131 0.970996369604 1.20674859316 1.44234704408 12.7646198257 0.00692802392802 0.00029695
pedestrian -1 -1 -10 882.7 204.89 912.308 279.282 1.15799488127 1.19399943499 0.649997416181 4.25018949193 1.37751521172 10.529549932 0.00692802392802 0.00029528
pedestrian -1 -1 -10 648.24 191.74 662.097 238.51 2.26798984408 1.19799914237 0.838996895785 1.14122500743 1.4424488689 12.8335756326 0.00692802392802 0.00026038
pedestrian -1 -1 -10 484.1 101.06 523.378 229.56 1.52799320221 1.18699947025 0.319998731634 -2.27214700049 0.553628626711 16.5342110505 0.00692802392802 0.00020343
pedestrian -1 -1 -10 1076.2 110.54 1114.09 243.61 2.01799096167 0.678999440675 1.18899566497 7.92683368725 1.12222756341 11.5288057726 0.00692802392802 0.00018977
pedestrian -1 -1 -10 366.9 209.17 399.636 277.806 0.358998338878 0.212999199527 0.658997445328 -4.10760032155 1.33894525547 13.6964498211 0.00692802392802 0.00014022
pedestrian -1 -1 -10 651.75 196.28 667.336 243.317 2.26598987877 0.6879992591 0.585997765222 1.03207179526 1.44118718366 12.4513217324 0.00692802392802 0.00010996
pedestrian -1 -1 -10 267.9 225.9 295.663 285.939 0.981995698809 0.70599889595 1.07299592508 -4.53651187917 1.40212238428 10.2025462895 0.00692802392802 7.0132e-05
pedestrian -1 -1 -10 318.48 218.32 351.413 282.147 1.06899520308 1.16599862237 1.14599560519 -4.05653268437 1.39120149894 10.7241706861 0.00692802392802 5.6849e-05
pedestrian -1 -1 -10 213.73 167.88 277.374 309.14 2.1969901219 0.970999059688 1.18599541684 -6.79720072063 1.2874131836 13.6449535324 0.00692802392802 5.3393e-05
pedestrian -1 -1 -10 698.66 173.55 709.315 222.123 2.06199079454 0.547999010652 1.16999568291 2.08121395004 1.16605083109 14.4119002673 0.00692802392802 1.3726e-05
pedestrian -1 -1 -10 233.17 214.2 275.875 304.901 0.893996033072 0.761999567533 0.710997295843 -4.75119049155 1.40268103489 10.2320864796 0.00692802392802 3.7543e-06
