pedestrian -1 -1 -10 469.12 165.93 538.189 317.89 1.76299209148 0.683999551727 0.759997136642 -1.33068989087 1.45756306548 8.20489808613 0.00692802392802 0.39633
pedestrian -1 -1 -10 494.13 221.04 531.634 305.457 1.70999235511 0.490998889063 0.701997385905 -1.30243234579 1.40459581213 8.10816875439 0.00692802392802 0.015867
pedestrian -1 -1 -10 892.95 227.82 918.484 279.357 1.17799477279 1.14699858184 0.634997367603 4.29807948166 1.3973234297 10.5817306173 0.00692802392802 0.0068049
pedestrian -1 -1 -10 472.72 138.78 520.293 280.56 1.76299209148 0.683999551727 0.814996996873 -1.35818916042 1.45763868607 8.20508869274 0.00692802392802 0.0034106
pedestrian -1 -1 -10 321.25 208.27 346.407 254.17 1.03399539292 0.685999405414 1.0099964363 -4.44880111133 1.36166026049 11.268887561 0.00692802392802 0.0027514
pedestrian -1 -1 -10 902.52 232.17 932.029 277.777 0.952995784581 0.90799937704 0.594997555951 4.24243180256 1.39813106585 10.0107335267 0.00692802392802 0.0024006
pedestrian -1 -1 -10 488.25 212.11 508.804 270.841 1.76299209148 0.683999551727 0.814996996873 -1.35818916042 1.45763868607 8.20508869274 0.00692802392802 0.0020904
pedestrian -1 -1 -10 327.58 209.09 341.502 266.204 1.03399539292 0.685999405414 1.0099964363 -4.44880111133 1.36166026049 11.268887561 0.00692802392802 0.0017521
pedestrian -1 -1 -10 1086.9 93.514 1122.59 206.994 1.79399198592 0.591000156438 1.19799593254 8.20977999585 0.894487380077 11.493710068 0.00692802392802 0.0016551
pedestrian -1 -1 -10 665.42 220.6 679.784 259.021 2.0629908368 0.405999862192 1.19199549587 1.43611306841 1.16867956852 14.5433755548 0.00692802392802 0.0012013
pedestrian -1 -1 -10 479.25 211.5 522.933 296.873 1.76299209148 0.683999551727 0.783997095159 -1.34268958188 1.45759606358 8.20498125999 0.00692802392802 0.0011769
pedestrian -1 -1 -10 887.16 227.71 904.422 275.553 0.888996060192 0.598999571183 0.562998088098 4.22548342689 1.41035465445 9.85639855992 0.00692802392802 0.001023
pedestrian -1 -1 -10 333.86 246.05 356.291 288.416 0.249998858571 0.108999178453 0.132999397585 -4.48195836579 1.3478798258 12.0340761549 0.00692802392803 0.00067055
pedestrian -1 -1 -10 925.52 223.07 946.137 269.762 0.973995599151 1.18899837027 0.68399744682 5.20479781875 1.39300115338 10.4265585054 0.00692802392802 0.00050967
pedestrian -1 -1 -10 497.47 220.78 514.974 283.851 1.76299209148 0.683999551727 0.728997234928 -1.31519031234 1.457520443 8.20479065338 0.00692802392802 0.00042129
pedestrian -1 -1 -10 921.45 226.63 938.05 276.264 2.16099026948 1.09899923234 1.19599560817 5.57086170336 1.38521919345 11.9713611252 0.00692802392802 0.00041957
pedestrian -1 -1 -10 483.53 210.16 500.381 266.947 1.76299209148 0.683999551727 0.886996634004 -1.39418811424 1.45773768004 8.2053382135 0.00692802392802 0.00034017
pedestrian -1 -1 -10 476.33 207.64 506.425 274.655 1.76299209148 0.683999551727 0.886996634004 -1.39418811424 1.45773768004 8.2053382135 0.00692802392802 0.00026519
pedestrian -1 -1 -10 306.82 226.9 328.383 280.728 0.98799559474 1.18399921289 1.13499572851 -4.16210043513 1.39185244639 10.409942103 0.00692802392802 0.00022923
pedestrian -1 -1 -10 1201.6 242.28 1223.96 305.724 1.13199494481 0.518999701691 1.08799573524 5.59491075585 1.48153354553 6.39776747592 0.00692802392802 0.0002107
pedestrian -1 -1 -10 367.93 207.43 396.843 280.608 1.00099554807 1.18699947025 0.642997472984 -3.49461711971 1.36675541432 10.6337869448 0.00692802392802 0.00020292
pedestrian -1 -1 -10 310.87 207.1 340.333 273.435 0.998995523155 1.17899910184 1.15899580623 -4.10923496293 1.38355770482 10.5400633371 0.00692802392802 0.000202
pedestrian -1 -1 -10 762.8 172.93 774.176 219.462 2.06899073273 0.398999897453 0.90499657309 3.21630991014 1.17015759503 14.204532345 0.00692802392802 0.0001638
pedestrian -1 -1 -10 992.85 227.12 1017.88 282.84 1.07699512392 1.17899910184 1.00999595947 5.96389690459 1.40871318196 10.5962617745 0.00692802392802 0.00013649
pedestrian -1 -1 -10 925.94 215.8 959.672 274.58 0.9729956761 1.19799914237 0.725997106004 5.22423816669 1.3920398533 10.3459216481 0.00692802392802 7.3469e-05
pedestrian -1 -1 -10 904.98 222.57 947.21 278.929 2.19999012947 0.970999059688 1.19599560817 5.61313737236 1.34402944323 12.0349993598 0.00692802392802 7.005e-05
pedestrian -1 -1 -10 881.8 208.06 912.347 273.482 1.17799477279 1.14699858184 0.687997141884 4.27158023107 1.39739630032 10.5819142924 0.00692802392802 3.2636e-05
pedestrian -1 -1 -10 321.47 225.15 348.579 291.273 1.06099522263 1.19199862763 1.16399542506 -4.07055007407 1.3832411786 10.7232632424 0.00692802392802 1.3746e-05
pedestrian -1 -1 -10 437.68 194.42 495.217 311.28 2.3039896965 0.84999885177 1.02799601776 -2.96171479867 1.55905732427 15.2001735465 0.00692802392802 1.2131e-05
pedestrian -1 -1 -10 319.53 224.51 336.493 278.523 1.05599524975 1.19599928868 1.18099555959 -4.11960998822 1.38346991064 10.6416040308 0.00692802392802 5.7086e-06
pedestrian -1 -1 -10 474.35 94.299 542.261 233.969 0.954995708913 1.1399986171 0.300998749574 -2.20147345693 -0.0318954112806 16.8218805956 0.00692802392802 3.3409e-06
pedestrian -1 -1 -10 510.42 188.89 552.708 292.65 1.58399290517 0.977999024427 1.06799600823 -1.33438837942 1.3912533143 12.8560649851 0.00692802392802 3.0669e-06
pedestrian -1 -1 -10 464.01 198.48 511.337 297.677 1.76299209148 0.683999551727 0.886996634004 -1.39418811424 1.45773768004 8.2053382135 0.00692802392802 2.2979e-06
pedestrian -1 -1 -10 494.72 113.16 534.37 241.52 0.971995667368 1.16500012603 0.386998511518 -2.05069589437 -0.0267705171702 17.2233421469 0.00692802392802 7.0727e-07
pedestrian -1 -1 -10 262.45 221.16 307.09 282.96 0.964995695651 0.802999905959 1.02499624646 -4.574376974 1.39320417653 10.2223088744 0.00692802392802 3.1464e-07
pedestrian -1 -1 -10 480.94 114.39 510.369 234.48 1.04299531132 1.1719991371 0.31399895062 -2.37578595514 0.0804098599771 16.1011502362 0.00692802392802 1.619e-07
pedestrian -1 -1 -10 286.43 183.74 333.047 278.967 1.86099171787 0.273999982163 1.19699553193 -6.35910329158 0.908197028276 15.4002156982 0.00692802392802 1.5023e-07
pedestrian -1 -1 -10 485.87 129.93 502.684 244.54 1.65499265343 0.490998889063 0.669997441216 -1.30450810472 1.34960161005 8.1081511593 0.00692802392802 1.0052e-07
