pedestrian -1 -1 -10 619.51 223.07 632.646 261.989 1.57482705713 1.17887074966 0.685999779517 0.639615922853 1.86802719885 16.1860146695 0.00753464155925 0.0083259
pedestrian -1 -1 -10 367.61 192.93 391.093 246.916 0.702922801615 0.877903127065 0.500999774159 -4.74141215837 1.31416252568 14.6855928131 0.00753464155925 0.0046946
pedestrian -1 -1 -10 370.64 164.69 387.859 239.782 1.74480845391 0.27097022231 0.119999848826 -10.0919410368 1.50294015774 32.0127083137 0.00753464155925 0.0019343
pedestrian -1 -1 -10 362.03 168.14 395.263 247.022 0.868904592216 0.18597854175 0.138999896415 -10.0524198899 0.454970099748 31.4098583521 0.00753464155925 0.0016172
pedestrian -1 -1 -10 630.51 221.14 644.56 266.484 1.48983639598 0.854905883039 0.833999706317 0.830845052765 1.8584701103 15.5479982499 0.00753464155925 0.0010509
pedestrian -1 -1 -10 607.73 211.75 621.78 248.921 1.47683784163 1.10787842804 0.629999802381 0.102069655745 1.93372076126 17.9651133676 0.00753464155925 0.00020453
pedestrian -1 -1 -10 374.39 169.81 407.09 241.958 1.50883433354 0.969894963879 0.61299972843 -6.59801977478 2.00272038557 23.2235302856 0.00753464155925 0.00014736
pedestrian -1 -1 -10 1062.2 117.68 1086.19 185.363 1.64981885552 0.954894356599 0.751999624845 10.7451806299 0.832819212141 16.0607437459 0.00753464155925 0.00010199
pedestrian -1 -1 -10 617.89 207.61 640.932 262.171 1.48983639598 0.983891462109 0.708999804186 0.706446843424 1.86268471337 15.8274121539 0.00753464155925 8.2417e-05
pedestrian -1 -1 -10 381.27 166.49 415.722 224.348 0.253972126959 0.211978577228 0.445999485819 -6.80849491096 0.907343520098 24.3361963131 0.00753464155925 4.1297e-05
pedestrian -1 -1 -10 693.65 213.98 739.919 301.254 1.42284372056 1.1828700216 0.71299984087 1.81262879168 1.85454475689 10.5284722966 0.00753464155925 3.7487e-05
pedestrian -1 -1 -10 0.0 141.53 27.816 205.841 1.95778506779 1.1958681322 0.496999588463 -7.25609361841 1.30369199964 8.81817083367 0.00753464155925 8.8674e-06
