pedestrian -1 -1 -10 728.51 143.96 795.707 324.3 1.85099177212 0.620999392242 0.605997790256 1.75581289765 1.44361568579 7.71093476257 0.00692802392802 0.9995
pedestrian -1 -1 -10 738.76 148.49 811.441 264.4 1.85099177212 0.620999392242 0.605997790256 1.75581289765 1.44361568579 7.71093476257 0.00692802392802 0.048427
pedestrian -1 -1 -10 891.78 224.67 917.912 280.594 1.18799468875 1.194998885 0.724997182238 4.28271371067 1.40459213581 10.3838348723 0.00692802392802 0.039089
pedestrian -1 -1 -10 835.32 170.36 868.296 266.904 0.942995809019 0.540999999587 0.530998143409 6.39517877767 1.03617024199 17.8980994715 0.00692802392802 0.018872
pedestrian -1 -1 -10 275.95 243.15 288.07 280.286 0.97399571836 0.778999754377 1.06799582941 -4.54622576803 1.40218630446 10.1701177229 0.00692802392802 0.0050294
pedestrian -1 -1 -10 364.73 224.1 387.742 279.085 0.97899569124 0.8329996186 0.62699750064 -3.49342597119 1.39106692713 10.3588124024 0.00692802392802 0.0026883
pedestrian -1 -1 -10 639.41 206.33 667.871 268.333 2.28898977786 1.1729985871 0.846996822352 1.0896642868 1.47169194934 12.7454519673 0.00692802392802 0.0017835
pedestrian -1 -1 -10 300.31 221.37 337.751 282.292 1.07499524802 1.17999950552 1.19399552222 -4.25804386459 1.40084378808 10.6485724669 0.00692802392802 0.0012244
pedestrian -1 -1 -10 657.27 188.57 686.931 256.342 1.47499343604 0.979998878113 1.0479961024 1.34897851907 1.44052259129 13.1456026279 0.00692802392802 0.0011983
pedestrian -1 -1 -10 657.84 195.56 674.7 245.384 2.28898977786 1.18899837027 1.0899959404 1.21192300425 1.47122991604 12.8546072526 0.00692802392802 0.0011198
pedestrian -1 -1 -10 353.43 221.22 379.382 280.404 0.97899569124 0.719000329095 0.62699750064 -3.49382086293 1.39113321674 10.3018141256 0.00692802392802 0.0011122
pedestrian -1 -1 -10 899.17 231.35 928.503 279.333 0.952995724976 0.946998908106 0.671997407957 4.24245343645 1.4050480624 10.0832434392 0.00692802392802 0.00098915
pedestrian -1 -1 -10 1076.7 89.532 1113.61 210.452 1.65899259895 0.663999107518 1.19699600877 7.93428912868 0.764215907505 11.5210461516 0.00692802392802 0.00080828
pedestrian -1 -1 -10 885.11 223.14 908.349 278.007 0.956995655597 0.700998784897 0.606997594814 4.20910768559 1.40928040972 9.96047387944 0.00692802392802 0.00063938
pedestrian -1 -1 -10 1099.5 93.434 1133.36 204.234 1.76499213129 0.663999107518 1.19499616124 8.2704121375 0.864291522141 11.5187721956 0.00692802392802 0.00062541
pedestrian -1 -1 -10 309.92 235.8 344.431 283.829 1.0139955014 1.14299887446 1.11599598486 -4.08519708233 1.39456940496 10.4718988891 0.00692802392802 0.00061534
pedestrian -1 -1 -10 910.44 233.8 938.52 276.739 2.1719902575 0.81399957807 1.19699553193 5.487087358 1.3966629379 11.7854442405 0.00692802392802 0.00050537
pedestrian -1 -1 -10 324.63 219.15 342.879 274.515 0.0999995529652 0.0 0.0 -6.89026742345 1.45713704796 18.4906352364 0.0 0.00041739
pedestrian -1 -1 -10 653.96 194.08 665.609 241.195 2.28898977786 0.806998659658 0.924996598125 1.12713908729 1.47184056142 12.5251872911 0.00692802392802 0.00029055
pedestrian -1 -1 -10 650.39 200.11 678.291 264.701 2.28898977786 1.17599884447 1.05999608166 1.19669827782 1.47130896021 12.8222122314 0.00692802392802 0.00028128
pedestrian -1 -1 -10 886.07 243.49 905.712 283.404 0.952995724976 0.808999467018 0.631997596305 4.22197598315 1.40518330455 10.0143839972 0.00692802392802 0.00024584
pedestrian -1 -1 -10 481.11 91.826 527.442 223.076 1.33999398947 1.18500057024 0.346998580658 -2.24226409397 0.362439025674 16.6278931667 0.00692802392802 0.00017537
pedestrian -1 -1 -10 369.39 239.67 396.089 281.348 0.585997441411 0.372999892185 0.332998694263 -3.31164293671 1.26414966642 11.5976647532 0.00692802392802 0.00014813
pedestrian -1 -1 -10 318.07 218.25 353.806 282.011 1.06899523288 1.18299880921 1.18799574121 -4.0777514077 1.39413233087 10.8358236384 0.00692802392802 0.00014099
pedestrian -1 -1 -10 759.44 140.79 792.232 237.132 1.85099177212 0.620999392242 0.605997790256 1.75581289765 1.44361568579 7.71093476257 0.00692802392802 0.00013047
pedestrian -1 -1 -10 367.96 206.14 400.026 277.408 0.29799862206 0.126999768977 0.265999272005 -4.29576210029 1.28139527362 13.7567239197 0.00692802392803 5.0707e-05
pedestrian -1 -1 -10 737.73 259.33 760.069 318.062 1.85099177212 0.620999392242 0.605997790256 1.75581289765 1.44361568579 7.71093476257 0.00692802392802 3.9932e-05
pedestrian -1 -1 -10 726.45 168.67 758.931 271.66 1.85099177212 0.620999392242 0.605997790256 1.75581289765 1.44361568579 7.71093476257 0.00692802392802 3.6854e-05
pedestrian -1 -1 -10 736.36 134.46 780.089 237.82 1.79399198592 0.620999392242 0.605997790256 1.75573429947 1.38661589959 7.71090216142 0.00692802392802 3.0416e-05
pedestrian -1 -1 -10 896.28 211.23 938.91 275.583 0.952995724976 1.03599859602 0.688997542485 4.25126159306 1.40497293597 10.1276832998 0.00692802392802 2.8824e-05
pedestrian -1 -1 -10 745.8 248.33 772.149 318.796 1.85099177212 0.620999392242 0.605997790256 1.75581289765 1.44361568579 7.71093476257 0.00692802392802 4.5108e-06
pedestrian -1 -1 -10 767.95 136.23 784.74 202.16 1.93299136311 0.81399957807 0.936996517778 3.21418886365 1.08832285994 12.3169840911 0.00692802392802 2.7435e-07
