pedestrian -1 -1 -10 19.703 142.36 119.004 336.5 1.79899192899 0.655999692773 0.991996378009 -5.63216360949 1.45229867968 7.44165243385 0.00692802392802 0.99
pedestrian -1 -1 -10 892.06 221.94 917.985 276.438 0.943995761871 1.14799898552 0.685997532769 4.25809135705 1.39689809482 10.1766332969 0.00692802392802 0.042392
pedestrian -1 -1 -10 1.4956 180.89 70.7826 333.11 0.27599876523 0.426999756408 0.625997100038 -10.2039568829 1.29069360678 12.8786574757 0.00692802392802 0.01228
pedestrian -1 -1 -10 644.06 191.22 655.957 236.729 1.75399214327 0.734998204911 1.15899562742 1.22308033242 0.733430148046 17.8971076408 0.00692802392802 0.0058674
pedestrian -1 -1 -10 638.07 208.16 663.255 271.057 2.26398991346 1.18099895552 0.762997146358 1.09421314167 1.43957996752 12.8324001598 0.00692802392802 0.0038804
pedestrian -1 -1 -10 364.8 224.32 387.495 278.621 0.97599568367 0.865999588607 0.710997295843 -3.52042577725 1.3831382846 10.361492103 0.00692802392802 0.0029685
pedestrian -1 -1 -10 886.22 222.54 907.658 277.273 0.827996224165 0.597999167503 0.594997794369 4.21071772614 1.35034319218 9.9019679376 0.00692802392802 0.002416
pedestrian -1 -1 -10 275.32 241.27 289.118 280.725 0.971995693445 0.718999375421 1.04399622852 -4.54873933854 1.39911197518 10.241134099 0.00692802392802 0.0023868
pedestrian -1 -1 -10 767.0 167.42 779.965 234.7 0.761996594071 0.0810012268455 0.688997304067 4.08876224743 0.748829296228 17.6368424468 0.00692802392802 0.0018291
pedestrian -1 -1 -10 356.29 242.4 383.298 281.093 1.06299527735 1.18999972762 1.06799582941 -3.59052886592 1.38291548478 10.7249362865 0.00692802392802 0.0017065
pedestrian -1 -1 -10 902.04 225.52 924.248 272.641 0.740996719897 0.590999202764 0.825997111969 5.64980989976 1.28479792192 12.1545277075 0.00692802392802 0.001465
pedestrian -1 -1 -10 764.14 166.73 790.169 240.653 0.761996594071 0.0810012268455 0.628997348172 4.11876150475 0.748746800897 17.636634512 0.00692802392802 0.0012789
pedestrian -1 -1 -10 65.195 147.94 116.248 294.03 1.76899209172 0.577999676967 0.991996378009 -5.63193478606 1.42225348606 7.48063434734 0.00692802392802 0.0012569
pedestrian -1 -1 -10 648.56 192.27 660.578 237.332 2.26398991346 1.1719991371 0.83899683618 1.13199384058 1.43951210811 12.8006372144 0.00692802392802 0.0012529
pedestrian -1 -1 -10 908.81 228.52 938.455 273.2 2.16399033666 1.04099870707 1.1939952838 5.45960019 1.39657325781 11.9301425672 0.00692802392802 0.001117
pedestrian -1 -1 -10 1058.0 84.984 1092.51 193.774 1.64999263585 0.648000278028 1.19299583687 7.60123476976 0.755139797843 11.516348133 0.00692802392802 0.0010496
pedestrian -1 -1 -10 646.46 194.13 672.251 262.846 2.26198982894 0.765999274906 0.773997142246 1.09730277987 1.43796889546 12.4848691453 0.00692802392802 0.00096804
pedestrian -1 -1 -10 347.74 248.67 373.879 282.714 1.01999545693 1.19599928868 1.16899575915 -3.64150870935 1.38314506515 10.6473122833 0.00692802392802 0.00076205
pedestrian -1 -1 -10 266.77 244.33 287.192 279.839 1.13199497461 1.16699997972 0.961996280852 -4.76652216535 1.39930873217 10.5935590859 0.00692802392802 0.00071237
pedestrian -1 -1 -10 318.8 217.39 354.239 283.588 1.0729952231 1.18899932394 1.11999591835 -4.06163250863 1.3940673987 10.8537106099 0.00692802392802 0.00060221
pedestrian -1 -1 -10 268.33 249.99 296.685 287.367 0.700996817649 0.603000232229 0.342999124011 -4.87086216657 1.34565443608 11.418490408 0.00692802392802 0.00039947
pedestrian -1 -1 -10 922.65 228.57 946.225 276.019 2.17099027485 1.15399854657 1.19599513133 5.59119541106 1.39627598797 11.8727250893 0.00692802392802 0.00038178
pedestrian -1 -1 -10 1076.2 87.245 1113.04 209.185 1.66499255449 0.674000283296 1.19599560817 7.94583577475 0.769177279655 11.526968626 0.00692802392802 0.00031669
pedestrian -1 -1 -10 477.31 88.303 532.118 227.913 1.52899318486 1.17099873342 0.344998733126 -2.28398489768 0.554717219788 16.4852918005 0.00692802392802 0.00029539
pedestrian -1 -1 -10 293.68 210.61 326.714 277.937 0.224998994172 0.217998356906 0.507998466285 -7.83867396193 1.50247704672 18.7311909944 0.00692802392802 0.00024103
pedestrian -1 -1 -10 304.04 251.09 323.122 286.481 1.04699531645 1.04199911075 1.12499577559 -4.52486360065 1.37913249333 11.0394215989 0.00692802392802 0.00011464
pedestrian -1 -1 -10 651.41 212.07 678.305 271.643 2.26398991346 1.18699947025 0.996996235256 1.21118909001 1.43926172599 12.8285890311 0.00692802392802 7.832e-05
pedestrian -1 -1 -10 895.76 210.38 939.171 274.726 2.23599004149 1.16099851131 1.19899537947 5.2331864567 1.38549073466 11.673650172 0.00692802392802 6.32e-05
pedestrian -1 -1 -10 366.56 207.71 399.513 279.53 1.01999545693 1.17099968709 0.816996844405 -3.46571092385 1.3826942382 10.6175935016 0.00692802392802 3.85e-05
pedestrian -1 -1 -10 301.03 208.67 317.377 273.77 1.07899511904 0.924999563883 1.13599589069 -4.67500429209 1.34529858332 11.2559095088 0.00692802392802 1.9731e-05
pedestrian -1 -1 -10 496.43 93.532 555.187 215.282 0.985995562375 0.883998271784 0.754997160186 -1.69719945366 -0.0223220360204 17.7274028499 0.00692802392802 7.747e-08
