pedestrian -1 -1 -10 95.128 65.799 194.285 325.049 1.91079011787 1.17887074966 0.785000083951 -4.56816373561 1.33811836633 6.93230300963 0.00753464155925 0.53309
pedestrian -1 -1 -10 110.23 85.229 182.264 263.029 1.72681042349 1.18686977033 0.785000083951 -4.56825059755 1.15407946275 6.92966590668 0.00753464155925 0.049159
pedestrian -1 -1 -10 124.14 55.491 171.425 235.291 1.60382390213 1.18187020361 0.740000021432 -4.59042054213 1.02284303096 6.98037228604 0.00753464155925 0.0052509
pedestrian -1 -1 -10 795.86 172.16 828.685 281.8 1.60182414001 1.0308871985 0.76999974522 2.19330972198 1.58094487965 7.13051008523 0.00753464155925 0.0034856
pedestrian -1 -1 -10 801.7 191.39 840.732 289.769 1.60182414001 0.963894148825 0.831999762481 2.22399620208 1.58030800465 7.08878247996 0.00753464155925 0.0017367
pedestrian -1 -1 -10 839.85 126.25 854.526 169.825 0.975892863897 0.806910805445 0.543000055033 5.54730788491 0.220823553699 16.7220661068 0.00753464155925 0.00091372
pedestrian -1 -1 -10 848.05 136.23 861.921 171.695 0.975892863897 1.10187856655 0.543000055033 5.54619665724 0.218640185806 16.5745864126 0.00753464155925 0.00086157
pedestrian -1 -1 -10 310.88 196.16 366.254 279.93 2.08577091623 1.18287097517 0.910999496065 -4.73878605268 1.42765594982 12.4323170849 0.00753464155925 0.00080696
pedestrian -1 -1 -10 362.36 190.1 393.912 301.86 2.12976611495 1.18387031637 0.450000148352 -4.59095600733 1.43590321973 13.8060967181 0.00753464155925 0.00078641
pedestrian -1 -1 -10 354.51 207.33 384.981 290.895 2.08877066743 1.18087038563 0.372000103564 -4.48513137614 1.42760034772 13.2495421327 0.00753464155925 0.00073558
pedestrian -1 -1 -10 308.56 202.68 341.0 265.337 2.08577091623 1.19086951905 0.910999496065 -4.73889152465 1.42744871586 12.4183190769 0.00753464155925 0.00026916
pedestrian -1 -1 -10 124.37 153.6 171.71 319.3 2.03677633083 1.19786872174 0.842999677098 -4.53930295665 1.46373560729 6.90765522075 0.00753464155925 0.00024424
pedestrian -1 -1 -10 718.15 194.75 746.0 275.16 1.40884527397 1.01188922642 0.615999748492 2.63833495219 1.58703871742 13.5020181376 0.00753464155925 0.00022989
pedestrian -1 -1 -10 395.19 161.5 416.703 216.927 0.91289978349 1.06988343744 0.0760001903584 -4.45304561076 0.204015365495 15.9805863089 0.00753464155925 0.0001712
pedestrian -1 -1 -10 866.67 128.37 881.221 178.696 0.903900745929 1.1688725698 0.117000067182 5.62301083391 0.17358953794 15.0884363725 0.00753464155925 9.8337e-05
pedestrian -1 -1 -10 116.57 63.655 153.178 203.195 1.52983202577 1.17887074966 0.713999529666 -4.60088576901 0.956976702669 6.92137036275 0.00753464155925 5.7831e-05
