pedestrian -1 -1 -10 346.99 122.38 371.047 188.392 1.41184498048 0.582936319528 0.953999704154 -7.40834768554 0.554748417979 22.1887075155 0.00753464155925 0.0096044
pedestrian -1 -1 -10 966.76 209.99 1010.27 281.257 1.52083295096 1.19586908577 0.619999934188 2.27670773828 1.62523430952 4.38374763969 0.00753464155925 0.0069099
pedestrian -1 -1 -10 992.17 210.46 1026.77 282.937 1.52283273542 1.19286915503 0.699999714196 2.31711450022 1.62404246611 4.30496500535 0.00753464155925 0.0053729
pedestrian -1 -1 -10 298.37 114.96 326.742 191.506 1.49783550406 1.17987104443 0.606999688305 -7.66386231983 0.684536964706 18.9894072198 0.00753464155925 0.0014283
pedestrian -1 -1 -10 341.93 122.66 359.683 178.444 0.381958005196 0.0499937599951 0.0339994326466 -8.34646210373 -0.502423357385 23.6915098357 0.00753464155925 0.00099522
pedestrian -1 -1 -10 318.84 128.7 332.061 199.018 1.50883436334 1.17887170323 1.01499955578 -7.4576648515 0.693717635483 19.2803389697 0.00753464155925 0.00036659
pedestrian -1 -1 -10 309.78 127.04 324.187 189.154 1.49783550406 1.18887083665 0.606999688305 -7.66389622462 0.684470347739 18.9849074514 0.00753464155925 0.00019759
pedestrian -1 -1 -10 296.42 123.88 313.694 184.276 1.50283498013 1.17687111368 0.606999688305 -7.66306596656 0.691098106786 19.0948558708 0.00753464155925 0.00014243
pedestrian -1 -1 -10 352.56 120.91 388.02 201.668 0.88490284562 0.474948348512 0.79399990572 -6.5060457946 0.0674113775954 20.7850312536 0.00753464155925 1.2972e-05
pedestrian -1 -1 -10 207.76 104.81 240.561 185.872 1.43684224164 1.1818706804 0.33300008117 -7.45801338091 0.72319385866 14.0441505783 0.00753464155925 1.5808e-07
