pedestrian -1 -1 -10 526.07 158.17 577.747 303.63 1.71399231553 0.513999590639 0.60999775354 -0.685792613428 1.40946367313 8.48540958355 0.00692802392802 0.97695
pedestrian -1 -1 -10 538.8 159.91 587.945 270.38 1.98599115908 0.613000454334 0.677997516795 -0.699110616882 0.976894354782 17.7545690963 0.00692802392802 0.099467
pedestrian -1 -1 -10 845.3 215.62 859.137 261.335 0.551997494698 0.277999689535 0.630997672539 4.90865081874 1.27784220785 13.9033071476 0.00692802392802 0.068232
pedestrian -1 -1 -10 700.63 160.98 714.652 215.883 2.06099075228 0.584999641706 1.19399540301 2.17319264672 1.16480071102 14.408762512 0.00692802392802 0.019557
pedestrian -1 -1 -10 704.28 165.83 724.817 211.567 1.00599555075 0.523999812744 1.1179958324 2.88390087117 0.989930211289 17.8308331278 0.00692802392802 0.0088696
pedestrian -1 -1 -10 693.84 166.46 720.168 228.571 2.06099075228 0.584999641706 1.19199555548 2.1391936712 1.16489420523 14.4089981703 0.00692802392802 0.004421
pedestrian -1 -1 -10 555.02 155.4 576.285 263.48 1.98599115908 0.613000454334 0.677997516795 -0.699110616882 0.976894354782 17.7545690963 0.00692802392802 0.0042299
pedestrian -1 -1 -10 884.18 230.69 907.361 278.289 0.921995905042 0.819999139129 0.630997434121 4.25588199216 1.37501633539 10.0786334804 0.00692802392802 0.0032154
pedestrian -1 -1 -10 891.15 230.31 917.27 278.77 0.933995816112 1.02299907022 0.645997244282 4.26410145258 1.38687758016 10.1800858903 0.00692802392802 0.0027381
pedestrian -1 -1 -10 517.48 166.96 553.962 299.09 1.5939928975 0.937999089681 0.723997258472 -1.42644546354 1.40251908016 12.8457096284 0.00692802392802 0.0025105
pedestrian -1 -1 -10 942.7 229.76 964.109 271.26 0.981995639205 0.79499953754 0.139999340782 5.4898775383 1.40653758081 10.1445878837 0.00692802392802 0.0023112
pedestrian -1 -1 -10 697.59 169.18 710.607 228.002 2.05999082923 0.584999641706 1.16899552073 2.07969390642 1.16405789753 14.4094100015 0.00692802392802 0.0018541
pedestrian -1 -1 -10 885.0 217.21 897.395 272.959 0.895995998383 0.715999118055 0.606997833231 4.24348637372 1.34910990145 10.0267030197 0.00692802392802 0.0016106
pedestrian -1 -1 -10 836.27 157.0 851.457 216.167 2.1969901219 1.06499981233 1.18899542655 4.25447355788 1.33746478577 12.3074129771 0.00692802392802 0.0011896
pedestrian -1 -1 -10 840.93 209.39 870.05 263.766 0.551997494698 0.277999689535 0.630997672539 4.90865081874 1.27784220785 13.9033071476 0.00692802392802 0.0009961
pedestrian -1 -1 -10 840.24 212.42 854.096 260.692 0.551997494698 0.277999689535 0.630997672539 4.90865081874 1.27784220785 13.9033071476 0.00692802392802 0.00091574
pedestrian -1 -1 -10 750.4 135.21 763.904 188.777 1.8079919219 0.538999192227 1.10599579353 3.0882848336 0.90937258072 14.3252706429 0.00692802392802 0.00077237
pedestrian -1 -1 -10 874.02 230.37 896.688 275.927 0.933995816112 1.11299916182 0.645997244282 4.26441321148 1.38682524588 10.2250848562 0.00692802392802 0.00056522
pedestrian -1 -1 -10 889.68 213.29 902.443 269.698 1.16899477988 1.18299880921 0.644997320516 4.26762356268 1.38631448528 10.6629358998 0.00692802392802 0.00032143
pedestrian -1 -1 -10 691.22 190.73 703.617 226.677 0.9899955526 0.126001272644 1.15399559136 2.43255147971 0.737448559935 17.5906697764 0.00692802392802 0.00029161
pedestrian -1 -1 -10 929.82 217.31 958.17 270.569 0.981995639205 1.07299922708 0.192999115063 5.51733977544 1.40630305577 10.2834007175 0.00692802392802 0.00021009
pedestrian -1 -1 -10 549.33 161.9 603.731 235.094 1.98599115908 0.613000454334 1.04199614257 -0.517115675767 0.976393884627 17.7533076286 0.00692802392802 0.00018424
pedestrian -1 -1 -10 745.5 124.51 759.104 180.363 1.53099315017 0.538999192227 0.919996621668 2.91590772038 0.632846780608 14.3263043687 0.00692802392802 0.00015606
pedestrian -1 -1 -10 346.51 214.49 368.63 275.127 1.02599541247 1.15699975761 1.0589962771 -3.6914626713 1.39044198064 10.5081602622 0.00692802392802 0.00014469
pedestrian -1 -1 -10 893.7 214.74 909.703 269.402 0.933995816112 1.16999928341 0.645997244282 4.26494319699 1.38673627839 10.3015824306 0.00692802392802 0.00013138
pedestrian -1 -1 -10 646.47 125.56 663.296 178.733 1.53699316531 0.37999890325 1.16399566348 1.08631443545 0.638653246883 14.5354879756 0.00692802392802 0.00011984
pedestrian -1 -1 -10 340.74 221.23 381.676 281.909 1.02599541247 1.18899932394 1.12799602373 -3.65637474951 1.39024825778 10.5929190784 0.00692802392802 0.00011091
pedestrian -1 -1 -10 671.68 172.42 688.198 225.536 1.46599345803 0.964999498629 0.973996379319 1.35932077314 1.43260110168 13.0520245517 0.00692802392802 9.7533e-05
pedestrian -1 -1 -10 895.79 224.61 932.986 277.586 0.921995905042 0.872999553346 0.630997434121 4.25606558476 1.3749855161 10.1051330515 0.00692802392802 7.4104e-05
pedestrian -1 -1 -10 949.84 237.66 966.617 279.787 2.17499026507 1.18299880921 1.1949956844 5.76041312182 1.39935232015 11.3980425198 0.00692802392802 5.1885e-05
pedestrian -1 -1 -10 354.22 210.84 374.734 270.63 0.952995784581 0.798999244913 0.829997045451 -3.57802736296 1.3683121815 10.3483872364 0.00692802392802 4.7968e-05
pedestrian -1 -1 -10 959.04 236.86 970.64 279.694 2.11199058294 0.886999482823 1.19199543627 6.13655552742 1.40389729447 11.7634875854 0.00692802392802 4.6561e-05
pedestrian -1 -1 -10 360.86 198.43 380.142 272.875 1.0549953267 1.17399899078 1.1669956732 -3.63377065875 1.38066266853 11.0502457318 0.00692802392802 3.8244e-05
pedestrian -1 -1 -10 685.74 207.45 700.579 262.367 2.05999082923 0.665999914878 1.15799552484 1.86891910804 1.16468383916 14.3703698425 0.00692802392802 3.0819e-05
pedestrian -1 -1 -10 907.26 219.76 946.71 276.068 2.21399006546 0.858999623869 1.18699581744 5.63062564715 1.35698592623 12.0308853173 0.00692802392802 7.5435e-06
pedestrian -1 -1 -10 327.5 213.88 349.893 278.255 0.96599573791 0.72699974384 1.13999582417 -3.73339307079 1.3818034866 10.2934701476 0.00692802392802 6.9185e-06
pedestrian -1 -1 -10 354.16 186.31 396.208 280.023 1.05199531913 1.12099857657 1.14599560519 -3.58753807089 1.37741368523 11.1564261687 0.00692802392802 3.8634e-06
pedestrian -1 -1 -10 333.7 206.76 361.749 289.713 0.97499564141 0.841999437025 1.10499610819 -3.71548286588 1.39068839685 10.3508524673 0.00692802392802 1.7938e-06
pedestrian -1 -1 -10 319.37 212.55 340.374 276.262 0.332998432219 0.179000733187 0.22799883105 -7.02787927402 1.58645716782 18.542103749 0.00692802392802 1.7859e-06
