pedestrian -1 -1 -10 310.81 147.68 365.029 307.67 1.84299173206 0.584999641706 0.663997540994 -3.47474163786 1.37592364673 8.68712169037 0.00692802392802 0.99002
pedestrian -1 -1 -10 291.21 147.99 344.358 294.66 1.84299173206 0.584999641706 0.663997540994 -3.47474163786 1.37592364673 8.68712169037 0.00692802392802 0.085422
pedestrian -1 -1 -10 760.68 175.14 788.996 239.86 0.763996574283 0.100000313702 0.712997381793 4.10675840464 0.749780363769 17.6362170188 0.00692802392802 0.043186
pedestrian -1 -1 -10 301.06 153.38 384.161 253.42 1.84299173206 0.584999641706 0.663997540994 -3.47474163786 1.37592364673 8.68712169037 0.00692802392802 0.015635
pedestrian -1 -1 -10 658.43 222.85 670.802 273.394 2.10999058783 1.17699924815 0.922996571779 1.26278532725 1.43305401663 12.8863149392 0.00692802392802 0.006781
pedestrian -1 -1 -10 652.54 220.58 666.776 270.41 2.15099044293 0.787000122795 0.622997626762 1.10962636397 1.33494261657 12.4782285642 0.00692802392802 0.0034895
pedestrian -1 -1 -10 761.64 185.26 776.749 237.934 0.763996574283 0.111999435819 0.750997107495 4.08771743341 0.749839587859 17.6303492929 0.00692802392802 0.002754
pedestrian -1 -1 -10 664.51 221.16 675.464 265.556 2.24998997748 1.16999928341 1.02899612034 1.31481138975 1.43303910998 12.7733710549 0.00692802392802 0.0025356
pedestrian -1 -1 -10 639.38 218.72 668.555 271.863 1.46999343336 0.917000149138 0.756997186531 1.18153613241 1.43313687974 13.0122536639 0.00692802392802 0.0011751
pedestrian -1 -1 -10 328.93 196.54 372.094 295.437 1.84299173206 0.584999641706 0.645997721117 -3.46574194411 1.37589889836 8.68705931049 0.00692802392802 0.0011014
pedestrian -1 -1 -10 1086.9 91.757 1123.95 207.197 1.78499202281 0.805999209652 1.19599560817 8.19415942727 0.885465706007 11.5503143827 0.00692802392802 0.0007018
pedestrian -1 -1 -10 1049.6 88.441 1085.01 207.451 1.5599930644 0.736999012271 1.18799526437 7.50963969385 0.666387750069 11.5204319028 0.00692802392802 0.00059263
pedestrian -1 -1 -10 1067.4 82.159 1106.58 211.149 1.80999188721 0.68899966278 1.19699553193 7.83630926198 0.91551666212 11.4943127726 0.00692802392802 0.0002405
pedestrian -1 -1 -10 1058.9 101.43 1094.35 228.05 1.8079919219 0.712998860689 1.1969950551 7.61439591959 0.914113204771 11.5078496522 0.00692802392802 0.00019595
pedestrian -1 -1 -10 906.81 230.83 927.499 279.192 0.946995709837 0.827999507548 0.598997966268 4.2478447544 1.39904978546 10.0687025783 0.00692802392802 0.00018419
pedestrian -1 -1 -10 321.23 156.59 350.959 299.06 1.84299173206 0.584999641706 0.663997540994 -3.47474163786 1.37592364673 8.68712169037 0.00692802392802 0.00017741
pedestrian -1 -1 -10 752.18 200.08 770.784 238.891 2.06999077499 0.459999726415 1.01899622703 3.16238550898 1.17129391779 14.215406417 0.00692802392802 0.00012429
pedestrian -1 -1 -10 350.1 215.43 380.175 290.429 0.934995858371 0.70699929963 0.53499807689 -3.4570903399 1.34706652892 10.2715335144 0.00692802392802 0.0001195
pedestrian -1 -1 -10 1016.1 100.22 1050.24 220.97 1.80599195659 0.754999602794 1.19699553193 6.97985547982 0.921788423487 11.5732577759 0.00692802392802 7.5845e-05
pedestrian -1 -1 -10 883.67 215.06 913.908 278.151 0.926995818317 0.666999364884 0.570997716643 4.23325968566 1.37918201233 9.98829003707 0.00692802392802 7.3934e-05
pedestrian -1 -1 -10 984.09 214.89 1020.58 275.547 2.2949897334 1.12199898025 1.19599560817 6.60444561982 1.41175347905 11.6346454026 0.00692802392802 3.7581e-05
pedestrian -1 -1 -10 277.06 176.91 319.472 291.23 1.85999167562 0.242999865842 1.1919959131 -6.5864799984 0.901799939739 15.4212853501 0.00692802392802 1.0805e-05
pedestrian -1 -1 -10 489.24 87.608 530.718 217.548 0.95499574244 1.15599935393 0.312998788437 -2.17491158042 -0.0340622627322 16.9036958532 0.00692802392802 9.1641e-06
