pedestrian -1 -1 -10 539.23 157.62 589.645 315.98 1.68299250305 0.572999565915 0.650997548563 -0.610831102529 1.4285271617 8.2494242912 0.00692802392802 0.98038
pedestrian -1 -1 -10 547.4 159.74 593.32 253.627 1.68299250305 0.721999632787 0.650997548563 -0.610314968643 1.42844051945 8.32392253674 0.00692802392802 0.14121
pedestrian -1 -1 -10 845.28 215.93 859.697 261.16 0.552997536957 0.291999619013 0.660997769696 4.89667347121 1.27887175847 13.9063910775 0.00692802392802 0.028648
pedestrian -1 -1 -10 550.44 202.92 592.921 306.57 1.68299250305 0.572999565915 0.650997548563 -0.610831102529 1.4285271617 8.2494242912 0.00692802392802 0.026086
pedestrian -1 -1 -10 748.46 129.89 775.308 208.463 2.06799080968 0.556999782751 1.02099631298 3.13781646716 1.16929001194 14.2780770092 0.00692802392802 0.0043366
pedestrian -1 -1 -10 755.59 131.6 768.254 179.688 1.69299242646 0.949999165472 0.70099734293 3.06438176391 0.853651533158 12.3908903658 0.00692802392802 0.0028615
pedestrian -1 -1 -10 760.64 132.09 777.257 203.126 2.02699098438 0.883999225457 0.857996579823 3.14356591903 1.18639580853 12.4235353371 0.00692802392802 0.0027827
pedestrian -1 -1 -10 890.92 230.51 918.236 278.363 1.15299484879 1.15299909657 0.63899777792 4.26473153549 1.37146660156 10.5369449355 0.00692802392802 0.0025705
pedestrian -1 -1 -10 940.66 226.11 960.503 271.346 0.986995612085 0.961999241263 0.167999590407 5.50548614912 1.41239574999 10.2309859529 0.00692802392802 0.0025362
pedestrian -1 -1 -10 555.91 155.12 607.67 279.06 0.981995605677 0.297998226398 1.09299588678 -0.436391555159 -0.0280934240714 17.9846697732 0.00692802392802 0.0023477
pedestrian -1 -1 -10 833.44 156.02 848.232 215.032 2.1969901219 1.03199984232 1.18099555959 4.19739554854 1.33763490037 12.2963084536 0.00692802392802 0.0016557
pedestrian -1 -1 -10 766.72 135.04 779.94 186.628 1.76299210638 0.949999165472 0.882996581314 3.15547296326 0.922400935846 12.3902985247 0.00692802392802 0.0016539
pedestrian -1 -1 -10 702.77 162.05 719.944 211.26 1.00299546868 0.500999111168 1.17099560668 2.79039872156 0.988187818445 17.8309799501 0.00692802392802 0.0016525
pedestrian -1 -1 -10 539.93 163.94 574.617 261.078 1.68299250305 0.721999632787 0.650997548563 -0.610314968643 1.42844051945 8.32392253674 0.00692802392802 0.0016007
pedestrian -1 -1 -10 885.87 233.42 903.304 279.597 0.919995880127 1.07399867708 0.63899777792 4.26208418887 1.37196493954 10.1085885981 0.00692802392802 0.0013832
pedestrian -1 -1 -10 670.94 209.71 690.766 263.794 2.26698992103 1.1499988392 0.993996285145 1.34881483714 1.44086207324 12.8461364425 0.00692802392802 0.0011089
pedestrian -1 -1 -10 904.61 235.95 929.54 276.865 0.919995880127 0.881999371771 0.607997756997 4.24591946816 1.37211920813 10.0126986825 0.00692802392802 0.0010523
pedestrian -1 -1 -10 756.35 149.36 789.535 231.084 0.762996576726 0.0860003842243 0.723997496889 4.07330232929 0.749865504661 17.6424501544 0.00692802392802 0.0010015
pedestrian -1 -1 -10 949.0 228.39 968.737 273.169 2.2699899286 1.11199971182 1.1979954557 5.92257797365 1.40461151962 11.6543759419 0.00692802392802 0.00083819
pedestrian -1 -1 -10 742.74 132.14 764.979 189.548 1.63199270964 0.605000085915 0.895996543943 2.92888729628 0.733837341035 14.3032723579 0.00692802392802 0.00081082
pedestrian -1 -1 -10 346.98 216.94 369.121 275.381 1.07499515861 1.16099946499 1.17599570234 -3.67887499641 1.3922172674 10.6740510862 0.00692802392802 0.00079019
pedestrian -1 -1 -10 931.77 225.97 953.648 272.976 0.986995612085 1.19399943499 0.21399942149 5.51765658519 1.41216895845 10.3999052126 0.00692802392802 0.0007858
pedestrian -1 -1 -10 838.42 191.67 867.505 261.799 0.552997536957 0.291999619013 0.660997769696 4.89667347121 1.27887175847 13.9063910775 0.00692802392802 0.00063628
pedestrian -1 -1 -10 711.25 142.28 742.206 206.941 2.0629908368 0.559999086443 1.19699553193 2.5313702862 1.16586789514 14.3607796858 0.00692802392802 0.00054618
pedestrian -1 -1 -10 745.0 128.09 758.526 178.129 1.6259927541 0.605000085915 0.933996508063 2.90987949715 0.727889632532 14.3034006183 0.00692802392802 0.00051675
pedestrian -1 -1 -10 878.42 213.14 894.11 274.255 1.15299484879 1.10999985813 0.63899777792 4.26570491488 1.37130320252 10.6774415372 0.00692802392802 0.00047489
pedestrian -1 -1 -10 399.38 175.61 417.355 232.67 2.35498940796 0.564999197496 1.18799550279 -4.09354790503 1.43124061868 15.1453351885 0.00692802392802 0.00040347
pedestrian -1 -1 -10 658.67 196.91 690.058 260.732 2.06899073273 0.483999877998 1.19399552222 1.481829187 1.16959951881 14.5030549826 0.00692802392802 0.00029735
pedestrian -1 -1 -10 713.66 156.45 725.454 211.28 1.0049955532 0.510999333272 1.18999558874 2.98493068723 0.989647244889 17.8346329784 0.00692802392802 0.00029397
pedestrian -1 -1 -10 559.24 151.96 583.13 240.266 1.68299250305 0.721999632787 0.650997548563 -0.610314968643 1.42844051945 8.32392253674 0.00692802392802 0.00028624
pedestrian -1 -1 -10 693.25 213.24 712.802 260.468 2.05999082923 0.635999248563 1.18599565526 2.04028853116 1.1641508161 14.4231831852 0.00692802392802 0.00026675
pedestrian -1 -1 -10 679.33 209.17 693.086 258.274 2.05999082923 0.66899921857 1.19499556519 1.71068335235 1.16507607634 14.4089674073 0.00692802392802 0.00026085
pedestrian -1 -1 -10 690.02 166.91 717.212 234.575 2.05999082923 0.635999248563 1.18199548336 2.08628725729 1.16402432363 14.4228643527 0.00692802392802 0.00024632
pedestrian -1 -1 -10 554.59 155.5 573.137 236.93 1.68299250305 0.721999632787 0.650997548563 -0.610314968643 1.42844051945 8.32392253674 0.00692802392802 0.00017948
pedestrian -1 -1 -10 340.16 221.56 382.147 280.101 1.06999518573 1.19499983867 1.16899552073 -3.64084694684 1.38718934556 10.6067826405 0.00692802392802 0.0001745
pedestrian -1 -1 -10 646.08 128.92 662.87 188.78 1.72899227887 0.445000346932 1.12099578251 1.10709591238 0.830593081352 14.5379556972 0.00692802392802 0.00015088
pedestrian -1 -1 -10 684.85 205.22 719.102 260.071 2.05999082923 0.635999248563 1.19299547924 2.03478866533 1.16416594025 14.4232213066 0.00692802392802 0.00013499
pedestrian -1 -1 -10 566.35 239.6 586.104 307.12 1.68299250305 0.721999632787 0.638997628909 -0.60431515294 1.42842402048 8.32388095001 0.00692802392802 0.00013161
pedestrian -1 -1 -10 829.43 146.25 858.001 252.81 2.1969901219 1.01799991285 1.18299564554 4.24644282706 1.33749201717 12.3029686234 0.00692802392802 0.00012764
pedestrian -1 -1 -10 838.0 209.68 852.239 261.1 0.552997536957 0.291999619013 0.660997769696 4.89667347121 1.27887175847 13.9063910775 0.00692802392802 0.00011544
pedestrian -1 -1 -10 894.91 242.42 912.421 284.29 1.94299133867 1.03499914602 0.964996528985 4.95163544575 1.3455713798 11.4087179628 0.00692802392802 8.0384e-05
pedestrian -1 -1 -10 676.12 205.0 706.044 259.963 2.05999082923 0.66899921857 1.13099567582 1.85567930579 1.16467735016 14.407962392 0.00692802392802 7.4364e-05
pedestrian -1 -1 -10 686.58 211.42 698.954 260.793 2.05999082923 0.66899921857 1.15799552484 1.86917890602 1.16464022744 14.4078688218 0.00692802392802 4.4908e-05
pedestrian -1 -1 -10 893.38 215.19 909.761 271.096 0.919995880127 1.1049987934 0.610997766713 4.27733435586 1.37171652339 10.2889871382 0.00692802392802 4.3414e-05
pedestrian -1 -1 -10 341.07 213.98 361.466 280.114 1.0229954049 1.19299903131 1.16499582566 -3.74420897665 1.38754468433 10.545524686 0.00692802392802 3.4101e-05
pedestrian -1 -1 -10 723.78 135.06 752.035 204.501 1.9649912253 0.605000085915 1.1909955125 2.76285100791 1.06729370466 14.3046168527 0.00692802392802 2.7741e-05
pedestrian -1 -1 -10 878.88 203.76 909.943 269.266 0.919995880127 0.881999371771 0.607997756997 4.24591946816 1.37211920813 10.0126986825 0.00692802392802 1.8257e-05
pedestrian -1 -1 -10 322.09 214.1 347.057 278.829 1.07099522799 1.17299954078 1.1909955125 -4.17126752583 1.389224747 10.9804687435 0.00692802392802 1.7815e-05
pedestrian -1 -1 -10 765.24 170.47 795.098 243.491 2.17999029756 0.949999165472 1.02399608428 3.2265405131 1.33720529823 12.3900460944 0.00692802392802 1.1778e-05
pedestrian -1 -1 -10 358.76 200.45 380.529 274.62 0.97399571836 0.889998786516 0.711997458027 -3.51940659411 1.38121443999 10.2924824977 0.00692802392802 1.1386e-05
pedestrian -1 -1 -10 908.44 219.61 943.404 276.751 2.19199020863 1.19499983867 1.19599560817 5.16062259345 1.34518791932 11.2391209417 0.00692802392802 8.1822e-06
pedestrian -1 -1 -10 544.6 163.77 565.857 219.517 0.981995605677 0.235999901103 0.457998284489 -0.753667968501 -0.0272564026281 18.0178688292 0.00692802392802 6.2389e-06
pedestrian -1 -1 -10 357.49 181.01 393.857 280.639 1.05499526709 1.1589996113 1.14999577709 -3.59529540782 1.37139147627 11.1944717317 0.00692802392802 3.7336e-06
pedestrian -1 -1 -10 328.44 203.43 371.76 286.747 1.0229954049 1.19299903131 1.16499582566 -3.74420897665 1.38754468433 10.545524686 0.00692802392802 2.6456e-07
