pedestrian -1 -1 -10 513.4 135.86 572.826 367.78 1.7659920916 0.662999180674 0.49699811277 -0.548677036109 1.47630393515 5.67193749171 0.00692802392802 0.99573
pedestrian -1 -1 -10 566.37 133.42 638.271 358.46 1.86999162138 0.795999464383 0.45999825123 -0.0114198458035 1.47401451193 6.3776695045 0.00692802392802 0.99169
pedestrian -1 -1 -10 570.16 147.31 623.819 264.7 1.86999162138 0.795999464383 0.45999825123 -0.0114198458035 1.47401451193 6.3776695045 0.00692802392802 0.89613
pedestrian -1 -1 -10 492.6 141.35 513.774 207.268 1.63999263048 0.722999082793 0.544997791386 -2.89814473091 0.665178238498 21.0597241127 0.00692802392802 0.89373
pedestrian -1 -1 -10 523.51 137.04 537.113 196.326 1.62399278879 0.671000979604 0.591997784653 -2.55592900974 0.375863125283 24.8801203066 0.00692802392802 0.66705
pedestrian -1 -1 -10 490.22 140.5 595.99 318.74 1.7659920916 0.662999180674 0.49699811277 -0.548677036109 1.47630393515 5.67193749171 0.00692802392802 0.48534
pedestrian -1 -1 -10 571.46 148.05 584.027 194.519 1.40699372143 0.533000584842 0.564997876025 -0.883580359 0.346310613834 23.9546037554 0.00692802392802 0.4254
pedestrian -1 -1 -10 489.49 145.49 503.02 201.159 1.63999263048 0.722999082793 0.544997791386 -2.89814473091 0.665178238498 21.0597241127 0.00692802392802 0.30286
pedestrian -1 -1 -10 515.7 135.77 539.024 209.926 1.62399278879 0.671000979604 0.591997784653 -2.55592900974 0.375863125283 24.8801203066 0.00692802392802 0.21543
pedestrian -1 -1 -10 519.78 140.39 569.833 238.516 1.68599252552 0.662999180674 0.49699811277 -0.54878734916 1.39630436907 5.67189173579 0.00692802392802 0.16613
pedestrian -1 -1 -10 504.12 142.14 517.453 190.27 1.53999311328 0.722999082793 0.544997791386 -2.8982826223 0.565178721295 21.0596669178 0.00692802392802 0.12856
pedestrian -1 -1 -10 502.3 137.41 542.53 311.14 1.76499216855 0.618999538556 0.49699811277 -0.548830828991 1.47532959751 5.64993762671 0.00692802392802 0.095344
pedestrian -1 -1 -10 334.12 136.55 346.323 184.251 0.2879986763 0.0649985826609 0.0329998684547 -13.5916797363 -1.18798216989 37.3628413199 0.00692802392802 0.081177
pedestrian -1 -1 -10 573.73 144.36 594.208 257.96 1.86999162138 0.618999538556 0.45999825123 -0.0120329707594 1.47411743586 6.28917166547 0.00692802392802 0.077499
pedestrian -1 -1 -10 587.5 141.4 637.351 255.68 1.86999162138 0.8329996186 0.45999825123 -0.0112916778519 1.47399299666 6.39616913763 0.00692802392802 0.063797
pedestrian -1 -1 -10 349.07 145.91 377.137 203.965 1.24999443665 0.56500015117 0.811997225575 -10.3297357751 -0.018131127156 30.503875638 0.00692802392802 0.052307
pedestrian -1 -1 -10 318.14 139.11 345.036 202.258 1.16699477732 0.535998934861 0.45599861577 -7.82936992656 0.0445249768284 20.4059245693 0.00692802392802 0.041042
pedestrian -1 -1 -10 562.94 140.4 609.636 325.97 1.86999162138 0.618999538556 0.45999825123 -0.0120329707594 1.47411743586 6.28917166547 0.00692802392802 0.034083
pedestrian -1 -1 -10 570.7 148.51 589.588 224.893 1.82899179608 0.577999676967 0.45999825123 -0.0122315291389 1.43314145163 6.26864877671 0.00692802392802 0.032082
pedestrian -1 -1 -10 326.97 137.71 342.354 183.934 1.16699477732 0.535998934861 0.45599861577 -7.82936992656 0.0445249768284 20.4059245693 0.00692802392802 0.030825
pedestrian -1 -1 -10 321.97 138.53 337.775 188.441 1.16699477732 0.535998934861 0.45599861577 -7.82936992656 0.0445249768284 20.4059245693 0.00692802392802 0.02808
pedestrian -1 -1 -10 302.06 132.73 339.115 252.25 1.16699477732 0.535998934861 0.45599861577 -7.82936992656 0.0445249768284 20.4059245693 0.00692802392802 0.025119
pedestrian -1 -1 -10 521.08 138.03 554.393 211.413 1.58399286419 0.662999180674 0.491998136314 -0.54642807042 1.29429783316 5.67181606904 0.00692802392802 0.023674
pedestrian -1 -1 -10 241.98 211.96 278.971 321.43 1.65799260139 0.908998827046 0.677997427388 -3.65389287972 1.30427705265 7.93636871669 0.00692802392802 0.020524
pedestrian -1 -1 -10 527.62 140.54 577.343 292.91 1.7659920916 0.758999310167 0.49699811277 -0.548344493172 1.4762481119 5.71993640452 0.00692802392802 0.018651
pedestrian -1 -1 -10 500.79 141.83 522.455 209.998 1.53999311328 0.722999082793 0.544997791386 -2.8982826223 0.565178721295 21.0596669178 0.00692802392802 0.017943
pedestrian -1 -1 -10 328.75 134.49 352.469 199.873 0.2879986763 0.0649985826609 0.0329998684547 -13.5916797363 -1.18798216989 37.3628413199 0.00692802392802 0.014485
pedestrian -1 -1 -10 316.93 139.32 331.442 189.5 1.16699477732 0.535998934861 0.45599861577 -7.82936992656 0.0445249768284 20.4059245693 0.00692802392802 0.011932
pedestrian -1 -1 -10 353.61 136.91 367.731 197.013 1.24999443665 0.56500015117 0.811997225575 -10.3297357751 -0.018131127156 30.503875638 0.00692802392802 0.010268
pedestrian -1 -1 -10 331.46 133.13 367.117 220.439 0.546997566521 0.440999685885 0.593997632185 -5.84653932628 0.322830550377 17.1102901948 0.00692802392802 0.0097438
pedestrian -1 -1 -10 498.07 138.43 527.266 270.41 1.76199216098 0.662999180674 0.49699811277 -0.548682551696 1.47230400453 5.67193520394 0.00692802392802 0.0094286
pedestrian -1 -1 -10 493.71 136.88 519.471 238.88 1.63999263048 0.671998522263 0.544997791386 -2.89832139605 0.665207894884 21.0342244444 0.00692802392802 0.0085731
pedestrian -1 -1 -10 511.09 141.37 521.219 187.806 0.785996475816 0.294997969032 0.321998817584 -4.74004682464 -0.237685340843 40.242404702 0.00692802392802 0.0085309
pedestrian -1 -1 -10 283.47 141.63 315.859 247.03 0.601997298002 0.721999632787 0.713997543976 -6.22178870667 0.581991306469 15.2526141093 0.00692802392802 0.0071074
pedestrian -1 -1 -10 238.59 182.77 281.372 270.385 1.57199293077 1.15299909657 0.508998151633 -2.93159757751 1.45672240623 5.80653942946 0.00692802392802 0.006191
pedestrian -1 -1 -10 538.54 142.07 566.153 228.946 1.6499926731 0.662999180674 0.49699811277 -0.548836990099 1.36030451665 5.6718711456 0.00692802392802 0.0041992
pedestrian -1 -1 -10 567.14 148.17 576.531 192.36 1.40699372143 0.533000584842 0.564997876025 -0.883580359 0.346310613834 23.9546037554 0.00692802392802 0.0032146
pedestrian -1 -1 -10 313.62 141.02 326.769 181.532 0.934995813668 0.311000613216 0.527997895275 -8.70140438677 -0.0842290422605 21.4194758624 0.00692802392802 0.0026532
pedestrian -1 -1 -10 340.86 129.0 354.213 187.944 0.956995655597 0.357002016368 0.624997653108 -12.0343810729 -0.64009691549 33.7082113029 0.00692802392802 0.0026195
pedestrian -1 -1 -10 547.18 144.12 565.884 207.391 1.64399265796 0.662999180674 0.49699811277 -0.548845263644 1.35430450151 5.67186771388 0.00692802392802 0.0024337
pedestrian -1 -1 -10 347.11 134.14 363.451 197.999 1.25299442187 0.56500015117 0.923996316732 -10.3857298388 -0.0149771517893 30.504265496 0.00692802392802 0.0020088
pedestrian -1 -1 -10 248.9 182.61 272.715 249.131 1.57199293077 1.14099902078 0.508998151633 -2.93155600944 1.45671542829 5.81253932336 0.00692802392802 0.0013294
pedestrian -1 -1 -10 255.12 169.96 282.093 255.353 1.38199385703 0.374000295865 0.684997370586 -7.91737512869 0.358410561746 17.2216962575 0.00692802392802 0.0010229
pedestrian -1 -1 -10 561.71 146.18 580.838 219.676 1.40699372143 0.533000584842 0.564997876025 -0.883580359 0.346310613834 23.9546037554 0.00692802392802 0.00085607
pedestrian -1 -1 -10 237.02 182.99 310.975 302.78 1.75999212861 0.948998761792 0.766997079839 -3.60967333082 1.30417794458 7.91600245472 0.00692802392802 0.00080657
pedestrian -1 -1 -10 599.21 139.76 623.824 216.452 1.77999199033 0.795999464383 0.45999825123 -0.0115439481507 1.38401488089 6.37761802902 0.00692802392802 0.00074562
pedestrian -1 -1 -10 610.88 138.1 625.523 212.4 0.73699669987 0.792001187521 0.55599787668 0.919887149679 0.252987293323 26.0109407628 0.00692802392802 0.00070937
pedestrian -1 -1 -10 275.52 150.06 305.763 240.14 1.72199234068 0.435998621159 0.565997859396 -7.69519753058 0.697763904787 17.2513538902 0.00692802392802 0.00066465
pedestrian -1 -1 -10 511.89 231.11 561.256 366.63 1.86699171066 1.17999950552 1.19399551477 -0.538628055922 1.57753883553 5.44242115846 0.00692802392802 0.00031867
pedestrian -1 -1 -10 541.15 141.72 556.167 211.153 1.60999277085 0.662999180674 0.49699811277 -0.548892146789 1.32030461441 5.67184826758 0.00692802392802 0.00023469
pedestrian -1 -1 -10 260.21 149.78 293.365 243.451 1.72199234068 0.435998621159 0.846996941561 -7.83569369674 0.698150256944 17.252327716 0.00692802392802 0.00017372
pedestrian -1 -1 -10 411.61 220.83 439.992 275.579 1.15999485031 1.1819993592 1.1179958324 -3.01263712079 1.04567996142 12.1585196435 0.00692802392802 0.00015263
pedestrian -1 -1 -10 577.15 142.65 609.254 237.125 1.84399171472 0.795999464383 0.45999825123 -0.0114556976109 1.44801460527 6.3776546338 0.00692802392802 0.00011604
pedestrian -1 -1 -10 363.01 184.4 409.958 289.98 1.03999537826 0.597999167503 0.738997068632 -2.75709919087 1.3140818 8.57004230063 0.00692802392802 9.9032e-05
pedestrian -1 -1 -10 370.97 203.35 407.605 267.684 1.02699542493 0.685999405414 0.738997068632 -2.75681228534 1.30103067529 8.61403392829 0.00692802392802 6.4474e-05
pedestrian -1 -1 -10 560.44 146.63 570.026 192.62 1.44599348828 0.263000310052 0.454998334378 -1.88895952271 -0.0467949272891 31.7142808515 0.00692802392802 3.6977e-05
pedestrian -1 -1 -10 579.04 143.58 597.527 215.798 1.76399214864 0.795999464383 0.45999825123 -0.0115660106624 1.3680150392 6.37760887788 0.00692802392802 3.0957e-05
