pedestrian -1 -1 -10 396.7 174.64 419.536 237.865 1.56082858074 0.68492442906 0.579999746161 -5.65488979952 1.79526959541 20.6680286586 0.00753464155925 0.37679
pedestrian -1 -1 -10 480.65 155.04 493.41 193.806 0.356960893025 0.99888730154 0.976999937439 -8.11037900999 -0.681369263885 49.4362464463 0.00753464155925 0.024397
pedestrian -1 -1 -10 469.21 156.91 481.415 196.113 0.353961201422 1.15087489249 1.03499953059 -8.71728030069 -0.678613163709 48.7866648318 0.00753464155925 0.0073524
pedestrian -1 -1 -10 82.409 204.76 114.935 283.624 0.921898739103 0.437951745547 0.348999870279 -8.41950950169 1.56491696702 11.8818247471 0.00753464155925 0.0066348
pedestrian -1 -1 -10 503.06 157.3 514.621 191.818 0.357960710762 0.852907200637 0.773999930916 -6.94583476146 -0.690341104472 50.6347793604 0.00753464155925 0.0058222
pedestrian -1 -1 -10 485.89 155.67 497.379 193.475 0.351961446752 0.814909349331 0.746000061557 -7.99419078528 -0.685090987495 49.5274008326 0.00753464155925 0.0048736
pedestrian -1 -1 -10 394.69 174.0 410.297 226.83 1.56082858074 0.92789784063 0.579999746161 -5.65580514964 1.79347109261 20.5465454013 0.00753464155925 0.0017232
pedestrian -1 -1 -10 402.58 177.71 428.941 239.27 1.56082858074 0.900900371091 0.579999746161 -5.65590685681 1.79327125583 20.5330470496 0.00753464155925 0.00089137
pedestrian -1 -1 -10 463.66 154.6 476.103 196.239 0.331963542462 0.502947066392 0.777999639774 -9.13882780687 0.514145195318 48.0009156559 0.00753464155925 0.00062256
pedestrian -1 -1 -10 404.6 192.84 417.678 241.982 1.53483141244 0.606931951185 0.576999964517 -5.65552248713 1.76509702478 20.3862482253 0.00753464155925 0.00058127
pedestrian -1 -1 -10 498.23 158.1 509.7 195.953 0.360960283169 1.08288154804 0.951999849725 -7.13807736415 -0.686660025354 50.4701703948 0.00753464155925 0.0005221
pedestrian -1 -1 -10 464.66 148.83 492.49 200.655 0.354961019159 1.14287253432 1.03899923944 -8.61935030677 -0.678848024642 48.9099554877 0.00753464155925 7.1326e-05
pedestrian -1 -1 -10 690.91 164.65 731.517 234.242 1.88679276384 0.283969286479 0.399999972922 5.12348526946 1.07007474182 32.5921180073 0.00753464155925 1.831e-07
