pedestrian -1 -1 -10 562.33 157.75 614.225 316.48 1.6909924835 0.955999680204 0.52799801821 -0.178169285567 1.43531050804 8.26993053415 0.00692802392802 0.99796
pedestrian -1 -1 -10 574.95 164.42 627.228 288.98 1.6909924835 0.955999680204 0.52799801821 -0.178169285567 1.43531050804 8.26993053415 0.00692802392802 0.030809
pedestrian -1 -1 -10 901.72 230.92 920.203 277.35 0.949995777011 1.00899914075 0.411998632219 4.42952890869 1.42036326898 10.2309707555 0.00692802392802 0.0055013
pedestrian -1 -1 -10 776.15 171.7 788.523 219.813 2.19399023354 0.882998821777 1.04699623824 3.23380956499 1.34222244419 12.3574928353 0.00692802392802 0.0017585
pedestrian -1 -1 -10 696.56 211.98 709.126 262.153 2.47598897815 0.732999304898 1.18999546953 2.03712898803 1.58011518978 14.461947723 0.00692802392802 0.0013505
pedestrian -1 -1 -10 757.16 176.41 790.84 238.768 0.764996601641 0.0819987695045 0.75599720316 4.1233037699 0.751728037576 17.6421047407 0.00692802392802 0.0011635
pedestrian -1 -1 -10 591.95 168.81 624.465 259.618 1.6909924835 0.955999680204 0.52799801821 -0.178169285567 1.43531050804 8.26993053415 0.00692802392802 0.00093005
pedestrian -1 -1 -10 691.26 212.82 703.355 260.657 2.05999082923 0.594999863811 1.19799533649 1.9410799418 1.16445852085 14.3933701859 0.00692802392802 0.00051123
pedestrian -1 -1 -10 945.48 226.03 965.608 276.243 0.730996714532 0.593999460131 0.271999291436 4.94591554841 1.39007950324 10.1089821312 0.00692802392802 0.00042831
pedestrian -1 -1 -10 685.49 215.82 697.418 258.245 2.05999082923 0.594999863811 1.12399573262 1.85208242719 1.16470325622 14.3939870574 0.00692802392802 0.00036385
pedestrian -1 -1 -10 937.08 228.21 959.13 277.874 0.965995678306 1.06799911602 0.473998197229 5.04831595039 1.42052602309 10.3451772801 0.00692802392802 0.00025942
pedestrian -1 -1 -10 565.47 163.92 596.945 285.41 1.6909924835 0.955999680204 0.52799801821 -0.178169285567 1.43531050804 8.26993053415 0.00692802392802 0.00023598
pedestrian -1 -1 -10 886.83 209.93 915.71 274.455 0.949995777011 0.966999352315 0.411998632219 4.4296743953 1.42033884646 10.2519701457 0.00692802392802 9.5611e-05
pedestrian -1 -1 -10 325.94 213.64 349.581 274.783 0.96299573034 0.933999382308 1.18699557902 -3.80062172183 1.37394085599 10.3354301094 0.00692802392802 6.3174e-05
pedestrian -1 -1 -10 246.08 198.83 282.782 275.226 1.90899148136 1.11199875814 1.19699553193 -6.49941235934 1.17856252453 13.6714320759 0.00692802392802 2.7334e-05
pedestrian -1 -1 -10 562.71 181.41 576.402 260.684 1.6909924835 0.955999680204 0.52799801821 -0.178169285567 1.43531050804 8.26993053415 0.00692802392802 2.5895e-05
pedestrian -1 -1 -10 559.12 175.61 585.074 240.34 1.6909924835 0.955999680204 0.52799801821 -0.178169285567 1.43531050804 8.26993053415 0.00692802392802 2.5608e-05
pedestrian -1 -1 -10 346.37 214.16 369.619 277.975 1.00599552095 1.18999877395 1.05299601925 -3.67879742743 1.37345926391 10.4625634703 0.00692802392802 2.4497e-05
pedestrian -1 -1 -10 1109.5 136.32 1144.8 259.82 2.41398915947 1.18499961657 1.19599513133 8.46839309584 1.50597594779 11.3172644888 0.00692802392802 5.2858e-06
pedestrian -1 -1 -10 338.82 213.16 358.764 278.012 1.02999534309 1.00899914075 1.18899566497 -4.00476486099 1.34867417091 11.0602937212 0.00692802392802 4.853e-06
pedestrian -1 -1 -10 310.34 211.63 354.989 276.552 0.112999506295 0.145999809506 0.1849992481 -6.93483274206 1.35422029197 18.5248160664 0.00692802392802 3.1239e-06
pedestrian -1 -1 -10 255.22 218.73 302.363 279.887 0.948995794356 0.842999840705 1.04299582792 -4.58545248247 1.38108026145 10.3573838938 0.00692802392802 6.9601e-07
pedestrian -1 -1 -10 584.33 156.9 614.198 267.71 1.6909924835 0.955999680204 0.52799801821 -0.178169285567 1.43531050804 8.26993053415 0.00692802392802 3.0571e-07
pedestrian -1 -1 -10 284.57 186.49 317.301 278.758 1.96699119061 0.237999754789 1.18599589367 -6.56322295309 1.00971816541 15.4366874856 0.00692802392802 3.7687e-08
pedestrian -1 -1 -10 392.14 164.55 430.679 258.218 2.34198951423 0.556000332745 1.19499544598 -4.04171479832 1.41904036099 15.1954706143 0.00692802392802 1.3024e-08
