pedestrian -1 -1 -10 987.02 144.27 1036.67 274.9 1.85099175721 0.594999863811 0.824996711368 4.96233791249 1.42561973304 8.71872397946 0.00692802392802 0.42949
pedestrian -1 -1 -10 0.0 156.2 68.976 314.09 1.76299210638 0.556999305914 0.62299732874 -4.92107928166 1.5112602515 5.76127395645 0.00692802392802 0.15798
pedestrian -1 -1 -10 952.48 161.0 1032.03 292.9 1.85099175721 0.81399957807 0.824996711368 4.96309652405 1.4254923866 8.82822120874 0.00692802392802 0.044269
pedestrian -1 -1 -10 993.25 137.93 1068.94 280.1 2.23599004149 0.785999719115 1.1979954557 6.97939945087 1.36071907303 11.6350224833 0.00692802392802 0.042833
pedestrian -1 -1 -10 666.02 220.05 681.078 262.341 2.2609899655 1.18999972762 1.03699610651 1.35032442221 1.44385911948 12.8451325295 0.00692802392802 0.019257
pedestrian -1 -1 -10 762.76 150.0 779.068 219.503 0.762996576726 0.111999435819 0.78199689 4.07439228934 0.7498476368 17.6554424375 0.00692802392802 0.013922
pedestrian -1 -1 -10 846.81 213.82 864.362 262.788 2.21399012506 0.27000027479 0.716997076857 4.30293083035 1.37993164565 11.7826039276 0.00692802392802 0.011152
pedestrian -1 -1 -10 1007.8 199.08 1026.33 267.159 1.85099175721 0.594999863811 0.824996711368 4.96233791249 1.42561973304 8.71872397946 0.00692802392802 0.0091914
pedestrian -1 -1 -10 757.12 153.91 787.768 228.467 0.762996576726 0.111999435819 0.749996945311 4.09039187735 0.749803639334 17.6553315391 0.00692802392802 0.0084308
pedestrian -1 -1 -10 1015.1 204.4 1029.34 260.278 1.85099175721 0.594999863811 0.824996711368 4.96233791249 1.42561973304 8.71872397946 0.00692802392802 0.0070721
pedestrian -1 -1 -10 664.14 225.15 675.661 264.207 1.47399339378 0.8689988923 1.13599571188 1.26258114641 1.43982590633 13.0886996675 0.00692802392802 0.0057082
pedestrian -1 -1 -10 1000.9 173.7 1032.86 268.414 1.85099175721 0.594999863811 0.824996711368 4.96233791249 1.42561973304 8.71872397946 0.00692802392802 0.0044116
pedestrian -1 -1 -10 671.03 217.41 685.77 261.494 2.25698991567 1.16999928341 1.03699610651 1.35000714756 1.43991140393 12.8001312758 0.00692802392802 0.003686
pedestrian -1 -1 -10 900.66 232.39 924.952 277.842 0.947995811701 0.914999341778 0.65799775998 4.27292523889 1.39788422049 10.1530283242 0.00692802392802 0.0025095
pedestrian -1 -1 -10 750.83 153.9 776.168 212.973 2.30198973119 0.50800002958 1.00099616874 3.16600325876 1.40323461594 14.2585174759 0.00692802392802 0.0018735
pedestrian -1 -1 -10 997.86 205.51 1028.49 278.153 1.85099175721 0.81399957807 0.824996711368 4.96309652405 1.4254923866 8.82822120874 0.00692802392802 0.0018583
pedestrian -1 -1 -10 668.6 212.58 702.244 262.298 2.05999082923 0.655999692773 1.19299547924 1.68581916765 1.16512214373 14.4286404601 0.00692802392802 0.0018404
pedestrian -1 -1 -10 886.1 233.06 902.763 281.008 0.95799575746 0.695999627519 0.574997888543 4.23068147761 1.40812563115 10.0438244574 0.00692802392802 0.0017466
pedestrian -1 -1 -10 831.3 146.2 859.613 255.82 2.18899026066 0.990000053891 1.18999558874 4.28906226617 1.32935319112 12.3216690588 0.00692802392802 0.0015164
pedestrian -1 -1 -10 690.02 199.66 715.609 254.796 2.06199073494 0.603999682236 1.18199560256 2.0624888477 1.16505651591 14.4520302667 0.00692802392802 0.0014521
pedestrian -1 -1 -10 842.24 154.91 856.558 223.844 2.18899026066 0.971000013361 1.17299545421 4.35462604527 1.3291620291 12.3307148629 0.00692802392802 0.0013526
pedestrian -1 -1 -10 833.46 156.52 848.132 213.99 2.19499015659 1.03299929233 1.19299536004 4.19942388797 1.33562420159 12.3007937257 0.00692802392802 0.0013514
pedestrian -1 -1 -10 704.86 150.6 731.385 209.827 0.756996591389 0.324998635346 1.17299569263 2.96138694134 0.740827617599 17.7336486013 0.00692802392802 0.00078012
pedestrian -1 -1 -10 1204.6 238.55 1223.97 288.145 0.972995616496 0.251999684267 0.832997055167 4.48584138414 1.47286914615 5.28200604918 0.00692802392802 0.00070164
pedestrian -1 -1 -10 695.1 205.12 708.097 260.381 2.06199073494 0.603999682236 1.19299547924 2.03498957815 1.1651321365 14.4522208733 0.00692802392802 0.00068197
pedestrian -1 -1 -10 884.38 216.98 896.856 270.945 0.947995811701 0.762999971213 0.603998061933 4.245399515 1.39804685225 10.0772176033 0.00692802392802 0.00056976
pedestrian -1 -1 -10 748.71 156.68 759.973 206.855 0.764996571839 0.119998850564 1.16999592133 3.82236896611 0.750545246683 17.6531883288 0.00692802392802 0.00038332
pedestrian -1 -1 -10 1022.4 217.47 1038.84 259.079 1.85099175721 0.81399957807 0.713997543976 5.0185947746 1.42533977127 8.82783653185 0.00692802392802 0.00035981
pedestrian -1 -1 -10 690.43 211.22 702.246 260.625 2.05999082923 0.655999692773 1.18999558874 1.92031264517 1.1644773072 14.4270151076 0.00692802392802 0.00031667
pedestrian -1 -1 -10 704.56 160.62 718.405 214.633 0.753996643424 0.324998635346 1.04099598039 2.84938580778 0.73813565157 17.734423174 0.00692802392802 0.00027227
pedestrian -1 -1 -10 712.96 148.21 740.827 206.24 2.06399081945 0.537000292215 1.18499549307 2.57119802375 1.16578639474 14.3360025799 0.00692802392802 0.00025942
pedestrian -1 -1 -10 719.48 165.56 732.804 205.418 0.758996601403 0.0989989563481 1.05299601925 3.1976028842 0.743307331243 17.6190110819 0.00692802392802 0.00023247
pedestrian -1 -1 -10 844.14 196.4 878.853 261.425 1.10399504304 0.912000038086 0.674997417673 4.25975505168 1.32680710248 11.1254705111 0.00692802392802 0.000218
pedestrian -1 -1 -10 655.53 219.19 674.478 274.977 1.47799344361 1.17499939446 1.05099599291 1.21902784264 1.4441207609 12.9359999497 0.00692802392802 0.00020994
pedestrian -1 -1 -10 932.56 224.52 950.62 269.922 0.823996353149 0.967999755995 0.213998944655 5.52109684237 1.24904980401 10.49578854 0.00692802392802 0.00017403
pedestrian -1 -1 -10 891.83 242.81 907.446 283.562 1.98499108702 1.10699960076 1.17999539741 4.80320468828 1.3879783146 11.4107716369 0.00692802392802 0.00016415
pedestrian -1 -1 -10 686.38 214.21 697.571 261.526 2.05999082923 0.655999692773 1.12599569936 1.86231416843 1.16463679793 14.4274171143 0.00692802392802 0.00015572
pedestrian -1 -1 -10 888.99 211.63 902.829 269.528 0.947995811701 1.04999947917 0.676997265205 4.3548373878 1.39726030913 10.5009689509 0.00692802392802 0.00013923
pedestrian -1 -1 -10 893.49 216.05 910.359 271.507 0.947995811701 1.07699988812 0.684997609003 4.28698600647 1.39775289585 10.2339330833 0.00692802392802 0.0001059
pedestrian -1 -1 -10 741.67 156.66 767.231 213.6 0.764996571839 0.119998850564 1.16999592133 3.82236896611 0.750545246683 17.6531883288 0.00692802392802 0.00010214
pedestrian -1 -1 -10 728.04 163.44 743.24 208.428 0.759996628761 0.111999435819 1.19199567469 3.3951466784 0.744756703565 17.6241439804 0.00692802392802 9.9253e-05
pedestrian -1 -1 -10 975.91 213.38 1034.49 293.299 1.85099175721 0.81399957807 0.824996711368 4.96309652405 1.4254923866 8.82822120874 0.00692802392802 9.6261e-05
pedestrian -1 -1 -10 944.89 208.88 1010.88 288.903 0.8499961406 1.09599897498 0.213998944655 5.52052303444 1.27515193366 10.4078057615 0.00692802392802 8.837e-05
pedestrian -1 -1 -10 881.44 209.97 909.319 275.269 0.95799575746 0.733999708578 0.603998061933 4.24531284768 1.40806366142 10.0627235395 0.00692802392802 8.7673e-05
pedestrian -1 -1 -10 347.84 216.19 369.409 274.774 1.0639952004 1.18999877395 1.07599593479 -3.69250154368 1.38935942059 10.5826460256 0.00692802392802 8.3474e-05
pedestrian -1 -1 -10 762.01 166.3 795.344 242.976 0.762996576726 0.111999435819 0.623997490924 4.15339009124 0.749630399761 17.6548948774 0.00692802392802 7.6669e-05
pedestrian -1 -1 -10 326.81 214.97 348.496 283.558 1.06699517816 1.14299982814 1.14199591012 -4.04321088235 1.39011162988 10.7705796397 0.00692802392802 7.1037e-05
pedestrian -1 -1 -10 0.0 156.7 15.865 242.812 1.73799224198 0.556999305914 0.62299732874 -4.92111375449 1.4862603871 5.76125965772 0.00692802392802 5.9751e-05
pedestrian -1 -1 -10 7.0186 152.3 151.499 343.31 1.06499527246 0.401000704813 0.646997883301 -15.2255528901 1.53671841517 20.5904645653 0.00692802392802 4.7683e-05
pedestrian -1 -1 -10 741.64 155.16 753.122 209.437 0.76199657917 0.0960006063292 1.18199572177 3.66020023882 0.747018641829 17.6303087387 0.00692802392802 4.6714e-05
pedestrian -1 -1 -10 712.15 163.58 726.557 210.146 0.756996591389 0.324998635346 1.17299569263 2.96138694134 0.740827617599 17.7336486013 0.00692802392802 4.2289e-05
pedestrian -1 -1 -10 340.06 220.66 382.584 281.539 1.0639952004 1.19599928868 1.07599593479 -3.69235605708 1.38933499807 10.6036454159 0.00692802392802 4.1754e-05
pedestrian -1 -1 -10 907.78 219.46 940.487 275.14 2.23598998189 1.02599932759 1.1949956844 5.16906771806 1.38701760092 11.3675886504 0.00692802392802 4.9222e-06
pedestrian -1 -1 -10 318.77 214.58 340.223 276.999 1.07099525779 1.18799892026 1.18499549307 -4.09262737991 1.39740147495 10.6364248107 0.00692802392802 2.2862e-06
pedestrian -1 -1 -10 414.25 197.14 446.103 259.982 2.34598956406 0.638999505929 1.19899561788 -3.63814108059 1.42900326439 15.1291823676 0.00692802392802 1.8774e-06
pedestrian -1 -1 -10 339.51 215.12 360.732 281.673 1.07099522799 1.19099917763 1.18299588396 -3.8052385155 1.39354423013 10.6929309891 0.00692802392802 1.4723e-06
pedestrian -1 -1 -10 361.12 181.31 395.912 275.056 2.16599024236 0.45099990799 1.19599513133 -4.78125590735 1.23403919341 15.2309821291 0.00692802392802 1.3639e-07
pedestrian -1 -1 -10 326.06 202.16 372.091 288.152 0.973995599151 0.957998580217 1.10599603195 -3.70873501124 1.389628613 10.3868062063 0.00692802392802 4.9879e-08
pedestrian -1 -1 -10 303.2 196.98 350.972 285.091 0.98099565655 1.16099851131 1.12399585183 -4.06328932791 1.39753333845 10.4507693193 0.00692802392802 4.7579e-08
