pedestrian -1 -1 -10 722.21 150.66 753.584 231.041 2.08977054477 0.533940947164 0.802999727489 2.77348483366 1.41767238405 14.4346750049 0.00753464155925 0.096127
pedestrian -1 -1 -10 730.36 149.09 747.327 215.659 2.08977054477 0.533940947164 0.802999727489 2.77348483366 1.41767238405 14.4346750049 0.00753464155925 0.01829
pedestrian -1 -1 -10 446.91 165.31 473.494 248.252 1.66781682635 0.915900024801 0.623999643047 -3.34744310775 1.66588519455 16.3502555753 0.00753464155925 0.011377
pedestrian -1 -1 -10 717.74 148.88 742.841 218.674 2.08977054477 0.533940947164 0.594999608055 2.66948771757 1.41774810374 14.4354574798 0.00753464155925 0.0090314
pedestrian -1 -1 -10 935.6 103.26 997.088 220.91 1.16387221289 1.15087393892 0.939999769475 7.00726296831 0.428278627255 13.8419901553 0.00753464155925 0.0054139
pedestrian -1 -1 -10 736.01 149.76 753.648 221.248 1.61282291734 0.674925295633 0.390999674317 4.32014546985 1.32594595683 22.0784055379 0.00753464155925 0.0034421
pedestrian -1 -1 -10 433.34 168.01 461.766 218.851 1.66781682635 0.844906749612 0.623999643047 -3.34717565584 1.66641069075 16.3857512053 0.00753464155925 0.0029462
pedestrian -1 -1 -10 434.03 165.11 467.004 250.904 1.69481393158 1.15387291609 0.623999643047 -3.348738124 1.69032146398 16.1770791982 0.00753464155925 0.0027607
pedestrian -1 -1 -10 1114.8 139.34 1148.57 222.829 1.53283165777 0.763916248135 0.215000086774 12.4160505081 0.665318676961 17.177424486 0.00753464155925 0.0018823
pedestrian -1 -1 -10 1003.0 126.98 1047.48 218.392 1.28685865975 1.01388886239 0.36400020901 12.1790318347 0.372770140907 20.9802431477 0.00753464155925 0.0017017
pedestrian -1 -1 -10 995.97 137.87 1034.08 229.95 0.243973212063 0.532940652393 0.572000328444 11.2110885932 0.331241731978 19.7487618866 0.00753464155925 0.0014484
pedestrian -1 -1 -10 699.85 138.58 746.034 250.1 0.0999890208244 0.0 0.0 6.10249894992 1.0830971236 37.6860281357 0.0 0.00062285
pedestrian -1 -1 -10 423.38 162.64 453.866 218.426 0.748917755009 0.47194841777 0.0600004012498 -8.2250312239 1.41718728482 35.4095126562 0.00753464155925 0.00037446
pedestrian -1 -1 -10 830.44 124.93 856.586 183.129 1.56682790435 1.04188567313 1.13599980866 6.31799379683 0.895530811498 19.2324922488 0.00753464155925 0.00026666
pedestrian -1 -1 -10 396.32 151.8 423.823 224.53 2.59071546663 1.1718705934 0.562999553001 -8.3214301302 1.58562154947 30.1796555365 0.00753464155925 0.00021534
pedestrian -1 -1 -10 1103.3 148.53 1136.95 224.479 1.68581491637 1.17787045488 0.232999730312 12.4266499461 0.810360665778 17.383358107 0.00753464155925 0.00019961
pedestrian -1 -1 -10 931.37 111.6 972.885 201.66 0.576936618451 0.644928848922 0.707000039163 6.88869850313 -0.131320566041 13.5937882938 0.00753464155925 0.00010581
pedestrian -1 -1 -10 1134.5 137.25 1170.73 222.509 1.44484134972 1.1818706804 0.172999329062 11.9749500853 0.598803016107 15.7058771033 0.00753464155925 9.5665e-05
pedestrian -1 -1 -10 744.25 150.43 755.979 211.432 1.14887384427 0.644927895352 0.4729999048 4.98876950881 1.04436868331 24.0243708229 0.00753464155925 2.4859e-05
pedestrian -1 -1 -10 1176.8 155.94 1210.87 232.429 1.39984630346 1.19786872174 0.343000306991 12.0352527364 0.566596877617 14.8164433838 0.00753464155925 2.1946e-05
pedestrian -1 -1 -10 1089.8 149.39 1123.79 220.207 1.72381073189 1.17586986534 0.886998858728 12.3860258962 0.847006084933 17.830464166 0.00753464155925 1.9926e-05
pedestrian -1 -1 -10 453.36 192.45 474.411 249.087 1.66781682635 1.03588581165 0.623999643047 -3.34789512842 1.66499705303 16.2902643848 0.00753464155925 1.1018e-05
