pedestrian -1 -1 -10 619.04 179.29 632.857 224.94 0.0999890208244 0.0 0.0 1.96235844861 2.88867829456 77.2489515029 0.0 0.030334
pedestrian -1 -1 -10 625.99 176.17 641.935 219.711 0.0999890208244 0.012999064169 0.118999921611 2.63251052685 0.604883287364 76.0920478838 0.00753464155925 0.00012611
pedestrian -1 -1 -10 36.049 143.55 73.441 257.44 1.09687955981 0.310965802448 0.471999977585 -8.26863896048 1.08054659632 10.9225209332 0.00753464155925 7.3902e-05
pedestrian -1 -1 -10 1153.6 74.939 1197.87 197.429 0.970893354301 1.19286915503 1.14999974334 7.07743522134 0.308792077194 8.94912666847 0.00753464155925 2.7001e-05
pedestrian -1 -1 -10 1075.7 110.4 1114.25 219.95 1.63682027137 1.19686842697 1.16099989637 6.53447537666 0.973584992935 9.6554025081 0.00753464155925 1.4975e-05
pedestrian -1 -1 -10 1094.2 94.185 1132.14 218.325 1.0488848294 1.17887170323 1.16399967802 6.71198651565 0.38993504893 9.55133897064 0.00753464155925 6.4265e-06
pedestrian -1 -1 -10 105.72 151.16 145.347 228.067 1.41584451962 1.19086951905 1.19099962016 -6.59319643019 0.758181933028 9.89188882646 0.00753464155925 2.5671e-06
pedestrian -1 -1 -10 1172.7 63.966 1214.7 214.986 1.08188122844 1.18786958831 1.17599975827 7.13387188239 0.424591270687 8.73527922248 0.00753464155925 6.7241e-07
pedestrian -1 -1 -10 65.806 161.35 106.422 281.87 2.11076820719 1.19786872174 1.1979995875 -7.11169696015 1.45303164445 9.86014808158 0.00753464155925 8.5969e-08
pedestrian -1 -1 -10 171.09 118.04 208.969 257.04 2.1137678988 1.19186886025 1.18999921611 -6.47644501744 1.43980043382 11.2217683431 0.00753464155925 3.8785e-08
pedestrian -1 -1 -10 129.89 138.62 170.82 249.87 2.02477768361 1.1938694498 1.1979995875 -6.60730793489 1.37538095296 10.4449421085 0.00753464155925 1.3966e-08
pedestrian -1 -1 -10 151.82 130.58 189.727 256.01 1.69081431794 1.18786958831 1.1889992889 -6.52595358037 1.43566140811 10.8020144852 0.00753464155925 9.4444e-09
pedestrian -1 -1 -10 117.3 144.98 158.592 239.203 1.87879368556 1.19386849623 1.19699966029 -6.56264942868 1.22387065034 10.0747170378 0.00753464155925 9.3305e-09
