pedestrian -1 -1 -10 136.93 202.68 159.626 255.693 2.373739403 1.16687198026 1.19299947459 -5.74721184627 1.73406336992 9.04104225526 0.00753464155925 0.0086711
pedestrian -1 -1 -10 6.238 190.89 29.435 239.291 2.32774439001 1.19686842697 0.269999898276 -6.40107406788 1.70205988785 7.93294832628 0.00753464155925 0.0071339
pedestrian -1 -1 -10 101.28 123.0 127.506 179.249 1.62082205522 1.19586908577 0.950999445673 -6.16930124783 0.978682323079 9.20035296266 0.00753464155925 0.0043144
pedestrian -1 -1 -10 17.186 212.61 40.811 259.395 2.33774322296 1.19586908577 0.309999847885 -6.4195108377 1.70914548217 8.14058544797 0.00753464155925 0.0034486
pedestrian -1 -1 -10 3.7351 206.84 38.1781 273.554 2.33474359096 1.194868791 0.268999971062 -6.39994097474 1.70730244401 8.01692568632 0.00753464155925 0.0033272
pedestrian -1 -1 -10 21.334 191.91 46.097 238.515 2.33774322296 1.19686842697 0.309999847885 -6.41959747847 1.70897524822 8.12908667558 0.00753464155925 0.002986
pedestrian -1 -1 -10 0.0 199.88 25.104 259.37 2.32374488067 1.19286915503 0.269999898276 -6.40149595576 1.69923119733 7.87695629419 0.00753464155925 0.0029334
pedestrian -1 -1 -10 200.02 99.387 230.559 201.307 1.32385461283 0.78491385619 0.915999608975 -5.47469471054 0.691433303572 10.0227875243 0.00753464155925 0.0025892
pedestrian -1 -1 -10 0.0 168.8 28.41 228.603 2.19675884997 1.19686890375 0.269999898276 -6.40155017817 1.57221556027 7.87589675585 0.00753464155925 0.0024453
pedestrian -1 -1 -10 176.13 89.078 212.009 198.728 1.31985504389 1.17587177248 1.17899953991 -5.60801158587 0.683954676322 9.78233992601 0.00753464155925 0.0021847
pedestrian -1 -1 -10 172.54 134.15 205.719 209.291 1.31985504389 1.1828700216 1.1979995875 -5.68518905077 0.684640208028 9.82541717598 0.00753464155925 0.0013016
pedestrian -1 -1 -10 9.3198 177.38 40.2038 243.907 2.30874654185 1.19786919852 0.268999971062 -6.39982468198 1.68154963947 8.03361614256 0.00753464155925 0.0012573
pedestrian -1 -1 -10 353.12 214.58 369.258 263.646 2.43373281788 1.19686938054 0.501999701373 -5.32336769282 1.70805873656 15.2045283871 0.00753464155925 0.00021589
pedestrian -1 -1 -10 661.58 154.08 679.719 199.776 0.0999890208244 0.138984712497 0.0799998992171 5.26835888923 0.386551257588 57.5418644283 0.00753464155925 4.4274e-05
pedestrian -1 -1 -10 649.72 153.03 679.109 214.522 0.0999890208244 0.0 0.0 3.9876812426 0.523875298112 49.2028285495 0.0 2.6047e-05
pedestrian -1 -1 -10 354.17 193.05 381.555 264.723 2.40373608064 1.17787140845 0.501999701373 -5.31984094377 1.6710281165 15.6753933816 0.00753464155925 1.8725e-05
pedestrian -1 -1 -10 664.34 143.41 704.915 219.484 1.15087365853 0.221975803515 0.728999868397 4.11133369806 0.301310028313 35.6050943537 0.00753464155925 8.0957e-06
