pedestrian -1 -1 -10 141.93 184.64 183.422 296.31 0.833908423604 0.337963271987 0.537999942123 -6.13628286712 0.930043864647 10.1661330027 0.00753464155925 0.38647
pedestrian -1 -1 -10 129.87 182.8 179.123 348.9 0.980892298996 0.358960880041 0.537999942123 -6.13631665084 1.07687231457 10.1545461417 0.00753464155925 0.13852
pedestrian -1 -1 -10 170.76 188.74 189.909 244.622 0.833908423604 0.337963271987 0.537999942123 -6.13628286712 0.930043864647 10.1661330027 0.00753464155925 0.063817
pedestrian -1 -1 -10 156.59 188.83 193.678 257.329 0.833908423604 0.337963271987 0.537999942123 -6.13628286712 0.930043864647 10.1661330027 0.00753464155925 0.016533
pedestrian -1 -1 -10 94.593 148.36 107.735 197.276 1.63981996298 1.1938694498 0.380999925333 -7.01432734268 0.970997341341 10.1321018011 0.00753464155925 0.014498
pedestrian -1 -1 -10 175.23 192.89 197.646 239.314 0.833908423604 0.337963271987 0.537999942123 -6.13628286712 0.930043864647 10.1661330027 0.00753464155925 0.0093317
pedestrian -1 -1 -10 86.73 142.24 114.312 203.812 1.63282070243 1.16487234429 0.832000000899 -7.24022942964 0.970354784698 10.0792540039 0.00753464155925 0.0072241
pedestrian -1 -1 -10 650.41 165.08 662.946 215.636 0.0999890208244 0.0 0.0 2.35048800544 1.23077634667 31.9693195241 0.0 0.0065581
pedestrian -1 -1 -10 88.738 158.42 102.234 202.174 1.63282070243 1.19086951905 0.846999862793 -7.24828664454 0.969264862663 10.0053207565 0.00753464155925 0.0060804
pedestrian -1 -1 -10 790.03 222.67 826.695 297.623 0.829908832316 1.1588724828 0.30199995333 2.35327565943 1.59899084344 8.28248353606 0.00753464155925 0.0057849
pedestrian -1 -1 -10 134.04 191.33 166.164 277.969 1.92378870202 1.0308871985 0.374999885208 -7.01147942073 1.25530080212 10.8955790708 0.00753464155925 0.0056287
pedestrian -1 -1 -10 141.02 204.9 153.497 262.627 1.92378870202 0.915899071231 0.374999885208 -7.01104622767 1.25615195068 10.9530715024 0.00753464155925 0.0042818
pedestrian -1 -1 -10 387.14 191.85 399.431 229.721 2.49572598743 0.65792886666 0.231999803097 -7.05185054782 1.62044717605 23.3989367473 0.00753464155925 0.0031758
pedestrian -1 -1 -10 229.75 149.46 263.887 237.017 1.18287012064 1.18987017785 0.406999463425 -7.2408061677 0.452627394755 14.2176633392 0.00753464155925 0.0018328
pedestrian -1 -1 -10 798.16 214.91 839.926 311.378 0.837907970193 1.18087038563 0.307000066241 2.34609214918 1.59778464932 7.66052868768 0.00753464155925 0.001821
pedestrian -1 -1 -10 658.66 165.44 671.092 220.081 0.269970372913 0.24197216323 0.0169999547418 2.22051780756 1.15938020551 26.7388931373 0.00753464155925 0.0017
pedestrian -1 -1 -10 1114.7 244.51 1149.9 341.444 1.13287565791 1.16187289033 1.19399964022 3.41531054283 1.50651287433 4.71810193304 0.00753464155925 0.0016158
pedestrian -1 -1 -10 148.09 185.5 206.727 273.287 0.833908423604 0.337963271987 0.537999942123 -6.13628286712 0.930043864647 10.1661330027 0.00753464155925 0.0010054
pedestrian -1 -1 -10 98.313 155.76 111.891 203.596 1.63981996298 1.19886806294 0.380999925333 -7.01422563551 0.971197178123 10.1456001527 0.00753464155925 0.00094661
pedestrian -1 -1 -10 102.62 156.69 117.463 208.376 1.8367983011 1.18886892951 0.380999925333 -7.01343535924 1.16761160495 10.2411579673 0.00753464155925 0.00075954
pedestrian -1 -1 -10 662.8 164.76 675.954 218.785 0.596934492941 0.343962179901 0.182999793301 2.338441068 1.45308729388 26.1840004777 0.00753464155925 0.00067493
pedestrian -1 -1 -10 77.963 143.6 106.242 209.087 1.63282070243 1.17187154697 0.856000161399 -7.25321985234 0.968417004659 9.94786313657 0.00753464155925 0.00054275
pedestrian -1 -1 -10 648.09 158.91 672.297 208.594 0.329963787792 0.126984989529 0.0479998441629 2.30385849136 1.55277194611 33.992386946 0.00753464155925 0.00052553
pedestrian -1 -1 -10 794.19 220.15 812.314 277.099 1.38384801281 0.630930443552 0.996999673825 2.94203044456 1.47399177222 10.8783561456 0.00753464155925 0.00023112
pedestrian -1 -1 -10 218.72 153.87 246.952 227.234 1.28085935104 1.1588724828 0.406999463425 -7.24192745182 0.556343579571 14.0633404 0.00753464155925 0.00021559
pedestrian -1 -1 -10 789.39 226.01 807.829 286.449 1.38684770441 0.67192631846 0.953999704154 2.92068643632 1.47731057116 10.8989930511 0.00753464155925 0.00021453
pedestrian -1 -1 -10 990.47 165.71 1017.71 239.786 1.21386670542 0.790913717674 0.597999389699 6.08348194559 0.546810667096 11.3402195355 0.00753464155925 0.0001752
pedestrian -1 -1 -10 631.27 162.06 657.497 202.156 0.0999890208244 0.0 0.0 4.00861333517 0.576755656923 73.7772809136 0.0 0.00013961
pedestrian -1 -1 -10 103.27 150.49 127.856 209.939 1.91478968681 1.17887074966 0.380999925333 -7.01228878611 1.24780855714 10.3895596134 0.00753464155925 0.00011304
pedestrian -1 -1 -10 757.02 203.3 776.601 274.17 1.54583028662 1.19186886025 0.641999763422 2.72390202091 1.58975116334 11.1910280231 0.00753464155925 6.5161e-05
pedestrian -1 -1 -10 20.179 65.468 209.149 337.688 1.91478968681 1.18287097517 0.380999925333 -7.01275587677 1.24689080573 10.3275683669 0.00753464155925 5.6766e-05
pedestrian -1 -1 -10 912.62 248.95 954.078 339.631 1.53583134937 1.17587081891 0.702999853468 2.48807605944 1.61769268767 5.03146741667 0.00753464155925 3.9718e-05
pedestrian -1 -1 -10 785.89 208.79 816.923 276.243 1.38684770441 0.641929871749 0.984999831994 2.93607305636 1.47707725059 10.8838786343 0.00753464155925 4.5338e-06
pedestrian -1 -1 -10 0.0 0.0 129.75 288.77 1.01488855302 1.19086951905 0.671999725628 -7.36064437503 0.354186987701 9.52263193678 0.00753464155925 5.5034e-07
