pedestrian -1 -1 -10 446.59 152.45 504.181 311.16 1.75899208635 0.556999782751 0.622997686367 -1.5310474021 1.45492583962 8.37078926755 0.00692802392802 0.9963
pedestrian -1 -1 -10 845.51 216.7 859.549 261.357 0.552997536957 0.315000320589 0.653997349663 4.91716938442 1.27881596815 13.9057492765 0.00692802392802 0.051093
pedestrian -1 -1 -10 700.56 160.4 714.676 215.503 2.37798930705 0.643999616981 1.19699553193 2.16146343634 1.47577495268 14.4595222657 0.00692802392802 0.022358
pedestrian -1 -1 -10 704.94 161.94 724.717 209.122 0.755996608734 0.320998927974 1.11699567021 2.87344337389 0.74006031639 17.7422581466 0.00692802392802 0.0086283
pedestrian -1 -1 -10 884.3 230.59 906.411 277.911 0.946995709837 0.781999058069 0.610998005131 4.24869916423 1.3990714589 10.0476957806 0.00692802392802 0.0030353
pedestrian -1 -1 -10 664.48 230.38 675.809 265.209 1.47099341601 1.01299980179 1.0269961536 1.33484084798 1.43466494876 13.0551939782 0.00692802392802 0.0029459
pedestrian -1 -1 -10 694.04 160.57 720.577 222.019 2.40498925596 0.653998885413 1.19399552222 2.16303527327 1.50276496233 14.4645268259 0.00692802392802 0.0028572
pedestrian -1 -1 -10 697.28 167.09 710.35 228.024 2.41498920172 0.788999022808 1.19399564143 2.07656765998 1.51291750144 14.5396337998 0.00692802392802 0.0024713
pedestrian -1 -1 -10 836.48 156.76 851.37 217.363 2.19999018908 1.04099870707 1.18799550279 4.26701344754 1.33842347701 12.3133256594 0.00692802392802 0.0018456
pedestrian -1 -1 -10 943.04 227.65 965.127 271.288 0.946995769441 0.645000020661 0.258998851972 4.45626742669 1.41441323596 10.1227773887 0.00692802392802 0.0017812
pedestrian -1 -1 -10 845.25 208.05 868.71 260.118 1.15299484879 1.16099946499 0.662997617228 4.27081202644 1.37077610532 11.1259167641 0.00692802392802 0.0011612
pedestrian -1 -1 -10 463.9 157.22 519.682 273.31 1.70199238956 1.16300027235 0.292998882611 -2.42284420058 0.748785391409 15.8863651846 0.00692802392802 0.0010589
pedestrian -1 -1 -10 874.44 230.41 896.292 275.228 1.1799946785 1.13299960603 0.652997425897 4.26059788234 1.39867122529 10.3679851941 0.00692802392802 0.00058347
pedestrian -1 -1 -10 891.62 244.7 908.363 282.046 1.97699122578 0.83199921492 1.1949956844 4.8953272074 1.37928982928 11.7906366982 0.00692802392802 0.00048736
pedestrian -1 -1 -10 840.59 212.04 854.335 261.1 0.552997536957 0.315000320589 0.653997349663 4.91716938442 1.27881596815 13.9057492765 0.00692802392802 0.0004596
pedestrian -1 -1 -10 889.31 211.85 902.603 269.525 1.1799946785 1.162998365 0.652997425897 4.26195576393 1.39844328071 10.5639804567 0.00692802392802 0.00032391
pedestrian -1 -1 -10 666.45 175.01 683.467 224.352 2.25998986363 1.13099975235 1.0269961536 1.33113411239 1.43510455624 12.6767517783 0.00692802392802 0.00018764
pedestrian -1 -1 -10 893.56 214.19 909.971 269.56 0.946995709837 1.11999912656 0.641997549218 4.26561879932 1.39879042514 10.252583691 0.00692802392802 0.00015439
pedestrian -1 -1 -10 749.08 123.03 763.193 183.169 1.53299317509 0.475000059573 0.839996998364 2.95501751753 0.633720971695 14.3420334532 0.00692802392802 0.00010742
pedestrian -1 -1 -10 685.65 208.28 699.877 261.679 2.40098920614 0.70699929963 1.13999558575 1.86926998216 1.49953440426 14.5000616616 0.00692802392802 5.5352e-05
pedestrian -1 -1 -10 340.74 220.11 382.204 281.551 1.01499542445 1.19499983867 1.19199519785 -3.64907826446 1.37917668639 10.6378632342 0.00692802392802 4.8724e-05
pedestrian -1 -1 -10 361.5 196.99 379.707 272.369 1.05799521506 1.1910001313 1.17599570234 -3.61126345857 1.37859780475 11.0525857719 0.00692802392802 3.9865e-05
pedestrian -1 -1 -10 899.92 224.1 932.513 279.218 0.946995709837 0.88899933651 0.641997549218 4.26456921124 1.39896661717 10.1010872044 0.00692802392802 2.9072e-05
pedestrian -1 -1 -10 354.8 209.63 374.832 270.142 0.964995636046 0.971000013361 0.867997009571 -3.6039990197 1.37938122031 10.3505729714 0.00692802392802 1.5114e-05
pedestrian -1 -1 -10 346.8 197.92 392.47 278.368 1.06499527246 1.17099873342 1.16999544449 -3.61673862106 1.38569302025 10.9826259869 0.00692802392802 1.0833e-05
pedestrian -1 -1 -10 321.47 213.46 346.995 275.803 1.05799521506 1.14199847078 1.09599607904 -4.07746655249 1.38008058218 10.8803131681 0.00692802392802 7.2225e-06
pedestrian -1 -1 -10 1099.3 132.28 1133.81 259.23 2.29698975831 0.697999481205 1.1929948832 8.31730913079 1.39313363528 11.5437532119 0.00692802392802 5.1223e-06
pedestrian -1 -1 -10 1092.8 159.34 1124.54 264.5 2.29298982769 0.695000177512 1.1979954557 8.18380810413 1.39350248208 11.5431811902 0.00692802392802 5.8975e-07
pedestrian -1 -1 -10 368.0 169.32 413.014 270.89 2.25698991567 0.538999192227 1.19199543627 -4.50549838947 1.32934268569 15.1751283327 0.00692802392802 2.2934e-07
pedestrian -1 -1 -10 321.49 197.68 364.047 288.484 0.964995636046 0.808999467018 1.07699585856 -3.70905710138 1.3797627796 10.2702989451 0.00692802392802 1.1441e-07
