pedestrian -1 -1 -10 921.56 165.7 1003.38 321.17 1.50299330801 0.692999846989 0.604997747282 3.81388329088 1.45810738958 7.56589259188 0.00692802392802 0.99249
pedestrian -1 -1 -10 193.93 137.28 259.588 327.65 1.8489917621 0.541999449593 0.746997412431 -3.95128339058 1.45709384258 7.06497431581 0.00692802392802 0.93979
pedestrian -1 -1 -10 838.53 163.63 870.628 265.99 0.688996936381 0.0760001621194 0.580997669556 6.35837107836 0.782512422386 17.6877012641 0.00692802392802 0.072765
pedestrian -1 -1 -10 930.34 187.83 974.949 316.99 1.50299330801 0.692999846989 0.604997747282 3.81388329088 1.45810738958 7.56589259188 0.00692802392802 0.060641
pedestrian -1 -1 -10 766.99 169.86 780.801 237.194 0.762996576726 0.101999213714 0.716997315274 4.08379518692 0.749837793524 17.6413779509 0.00692802392802 0.054981
pedestrian -1 -1 -10 226.43 180.58 260.237 317.2 2.00499106795 0.954999276524 1.1919959131 -6.95200626884 1.08559428029 13.8599084824 0.00692802392802 0.014624
pedestrian -1 -1 -10 234.14 210.75 261.305 283.131 0.954995749891 0.819999139129 0.688997542485 -4.79339530906 1.39381278768 10.2183323335 0.00692802392802 0.011963
pedestrian -1 -1 -10 325.47 236.23 351.167 283.456 1.06699520797 1.14599913183 1.11499582268 -4.03774776698 1.3881017739 10.7660394297 0.00692802392802 0.0088141
pedestrian -1 -1 -10 904.34 227.1 922.373 272.526 0.925995895266 1.10999890446 0.635997529787 4.25906367862 1.37789549592 10.1766149273 0.00692802392802 0.0038243
pedestrian -1 -1 -10 193.79 169.69 236.164 298.34 1.8489917621 0.541999449593 0.781997128418 -3.96878282822 1.4571419645 7.06509561025 0.00692802392802 0.0033935
pedestrian -1 -1 -10 306.86 226.26 337.574 277.377 1.06699520797 1.16299931867 1.19299559845 -4.25003621361 1.38873416617 10.7250093837 0.00692802392802 0.0027844
pedestrian -1 -1 -10 210.41 158.48 249.668 300.46 1.8489917621 0.541999449593 0.746997412431 -3.95128339058 1.45709384258 7.06497431581 0.00692802392802 0.0027779
pedestrian -1 -1 -10 362.4 224.33 385.687 274.099 1.81099195927 0.695999627519 1.19199543627 -5.00892880522 1.18550698343 15.3722130509 0.00692802392802 0.0027707
pedestrian -1 -1 -10 324.67 219.95 343.534 274.512 0.217999055981 0.0650004900082 0.261999100106 -6.97470532923 1.46425268128 18.5926610001 0.00692802392802 0.0027156
pedestrian -1 -1 -10 890.4 219.82 919.578 287.783 0.925995895266 1.10999890446 0.635997529787 4.25906367862 1.37789549592 10.1766149273 0.00692802392802 0.0023311
pedestrian -1 -1 -10 638.52 175.32 651.763 223.472 2.52398874164 0.960999791257 1.18799551769 0.904681535482 1.63098904114 14.6798299467 0.00692802392802 0.0019019
pedestrian -1 -1 -10 341.96 224.66 357.28 278.432 0.96599573791 0.972999867048 1.05299625767 -3.72814640758 1.37866433974 10.4024330426 0.00692802392802 0.0015087
pedestrian -1 -1 -10 643.4 175.27 655.838 228.1 2.26498983651 1.14099902078 0.695997366474 1.11175104683 1.4406906735 12.6932755196 0.00692802392802 0.0014188
pedestrian -1 -1 -10 312.2 240.33 344.516 281.962 0.221998986602 0.417999937983 0.33799855151 -5.15987393117 1.25061173112 12.154178827 0.00692802392802 0.0013476
pedestrian -1 -1 -10 912.66 227.18 925.184 277.229 2.1219905287 0.965998948635 1.19199543627 5.36596502754 1.35692748114 11.846267678 0.00692802392802 0.0011288
pedestrian -1 -1 -10 648.91 171.95 661.093 222.995 2.26498983651 1.15399950025 0.78799702864 1.15844603406 1.44044730122 12.793454314 0.00692802392802 0.00084504
pedestrian -1 -1 -10 763.37 169.57 790.408 244.013 0.762996576726 0.101999213714 0.626997739057 4.12879389409 0.749714051019 17.6410660498 0.00692802392802 0.00084417
pedestrian -1 -1 -10 159.49 156.98 237.588 336.75 1.92999135554 1.10499974708 0.962996681453 -7.55267634072 1.32106148013 13.1523695316 0.00692802392802 0.00080037
pedestrian -1 -1 -10 921.54 207.49 962.268 294.248 1.50299330801 0.692999846989 0.604997747282 3.81388329088 1.45810738958 7.56589259188 0.00692802392802 0.00062859
pedestrian -1 -1 -10 634.22 173.62 646.663 218.072 1.11599499881 0.497998853801 1.17299554362 0.99172288121 0.976219944413 17.7678603937 0.00692802392802 0.00053779
pedestrian -1 -1 -10 1058.2 87.088 1093.63 207.318 1.71499234289 0.636000202236 1.19599560817 7.62475553858 0.823087685042 11.5052259766 0.00692802392802 0.0005176
pedestrian -1 -1 -10 352.22 214.92 375.179 276.802 1.01099549383 1.19899859237 1.1139956605 -3.6082844771 1.37809890974 10.6075807318 0.00692802392802 0.00049972
pedestrian -1 -1 -10 349.25 246.2 378.739 284.236 0.178999195993 0.0199994905361 0.0859996427355 -3.60763658243 1.31667895429 12.7245412218 0.00692802392802 0.00040622
pedestrian -1 -1 -10 950.0 172.72 996.031 257.763 1.50299330801 0.692999846989 0.604997747282 3.81388329088 1.45810738958 7.56589259188 0.00692802392802 0.00032926
pedestrian -1 -1 -10 366.08 240.67 391.303 280.156 0.959995722771 0.955999680204 0.611997690479 -3.50760180572 1.37204809997 10.4094011829 0.00692802392802 0.00032885
pedestrian -1 -1 -10 350.23 210.1 362.796 269.607 1.01099549383 1.11199971182 1.00299625469 -3.70272756442 1.37851476636 10.4717322802 0.00692802392802 0.0003235
pedestrian -1 -1 -10 1077.6 85.027 1115.06 210.607 1.57499298304 0.710999960676 1.19399576064 7.97080735694 0.680093244752 11.5402444189 0.00692802392802 0.0002983
pedestrian -1 -1 -10 290.28 210.88 316.902 265.513 1.02799534798 1.00900009442 0.910996830939 -4.63065557504 1.35821919918 11.2186458461 0.00692802392802 0.00027297
pedestrian -1 -1 -10 903.91 222.15 934.651 280.825 2.20899015218 0.965998948635 1.19599513133 5.35984518666 1.35694398027 11.8462595055 0.00692802392802 0.00027122
pedestrian -1 -1 -10 933.29 209.3 947.629 280.958 1.50299330801 0.692999846989 0.604997747282 3.81388329088 1.45810738958 7.56589259188 0.00692802392802 0.00025625
pedestrian -1 -1 -10 365.87 210.03 394.621 277.017 0.959995722771 1.05199933286 0.611997690479 -3.50726926444 1.371992277 10.4573998573 0.00692802392802 0.00025013
pedestrian -1 -1 -10 943.69 195.6 991.208 318.42 1.50299330801 0.692999846989 0.604997747282 3.81388329088 1.45810738958 7.56589259188 0.00692802392802 0.00024925
pedestrian -1 -1 -10 193.67 146.65 240.611 245.125 1.77499209195 0.541999449593 0.781997128418 -3.96888486789 1.38314229435 7.06505328598 0.00692802392802 0.0002029
pedestrian -1 -1 -10 762.64 166.91 773.818 231.255 0.763996574283 0.101999213714 0.834996902699 4.02479543151 0.750000033894 17.6417863163 0.00692802392802 0.00017588
pedestrian -1 -1 -10 332.29 220.26 345.13 267.379 1.05599533915 1.08399889919 1.13999558575 -4.11211761633 1.37711762544 10.931552329 0.00692802392802 0.00014826
pedestrian -1 -1 -10 915.15 217.37 944.767 280.79 1.50299330801 0.692999846989 0.604997747282 3.81388329088 1.45810738958 7.56589259188 0.00692802392802 0.00014417
pedestrian -1 -1 -10 298.12 206.97 333.045 276.809 1.02999534309 0.879999518085 0.939996527494 -4.53971387427 1.35789532597 11.2825161733 0.00692802392802 0.00014213
pedestrian -1 -1 -10 884.92 247.81 905.061 298.62 1.42699364275 0.204999784782 0.697997333214 4.85973473313 0.831609397803 11.5970613396 0.00692802392802 0.00013993
pedestrian -1 -1 -10 336.79 215.27 366.726 277.83 0.96599573791 1.07099937339 1.05299625767 -3.72780693883 1.37860735387 10.4514316198 0.00692802392802 0.00011819
pedestrian -1 -1 -10 489.06 93.426 527.338 224.486 0.947995744646 1.1399986171 0.342998647176 -2.19271210412 -0.0338794468463 16.7868209478 0.00692802392802 9.1019e-05
pedestrian -1 -1 -10 928.73 212.23 942.33 276.601 1.50299330801 0.692999846989 0.604997747282 3.81388329088 1.45810738958 7.56589259188 0.00692802392802 8.4964e-05
pedestrian -1 -1 -10 249.81 192.62 282.305 287.429 1.39599377066 0.866999038614 1.14299583389 -6.47278318288 1.15732928264 13.8130246894 0.00692802392802 7.4776e-05
pedestrian -1 -1 -10 924.01 216.31 937.774 275.652 1.50299330801 0.692999846989 0.604997747282 3.81388329088 1.45810738958 7.56589259188 0.00692802392802 4.8321e-05
pedestrian -1 -1 -10 842.89 221.21 864.23 268.563 2.21999008059 1.1399986171 1.19699553193 4.1033625686 1.37573664779 11.5599726916 0.00692802392802 3.5911e-05
pedestrian -1 -1 -10 986.72 204.32 1020.69 276.903 0.80399646163 1.07599948444 0.497997798119 6.06149227762 1.40073590237 10.3422293303 0.00692802392802 1.5504e-05
pedestrian -1 -1 -10 264.08 195.89 296.526 282.34 1.21799450368 0.684999001734 0.944996623159 -6.32241504164 1.06902022305 13.7209813962 0.00692802392802 1.1618e-05
pedestrian -1 -1 -10 497.86 89.226 559.111 222.806 0.830996262468 0.135999587402 0.108999677486 -1.45613327287 -0.0676808357677 14.8376983438 0.00692802392802 7.96e-08
