pedestrian -1 -1 -10 271.83 147.37 324.241 310.96 1.8649917081 0.750999895422 0.510997999165 -3.72118129269 1.39876268765 8.54783955355 0.00692802392802 0.9996
pedestrian -1 -1 -10 765.96 176.87 783.235 240.198 0.762996576726 0.0939997989693 0.714997229325 4.10576682118 0.749781948844 17.6372258547 0.00692802392802 0.10006
pedestrian -1 -1 -10 761.02 184.8 778.192 238.536 2.06999077499 0.424999902722 0.901996563374 3.22072113199 1.17116038172 14.191502036 0.00692802392802 0.01197
pedestrian -1 -1 -10 658.37 222.82 670.599 272.905 1.46999343336 0.868999845974 1.05899597908 1.19756337066 1.43308823084 13.0161423772 0.00692802392802 0.0054846
pedestrian -1 -1 -10 323.07 215.81 343.32 272.136 0.108999575674 0.138999844768 0.0819999476715 -6.92743874746 1.35021659996 18.5102624874 0.00692802392802 0.0051794
pedestrian -1 -1 -10 763.63 182.54 795.816 243.153 0.762996576726 0.0939997989693 0.605997671048 4.16026529119 0.749632082823 17.6368481076 0.00692802392802 0.0033016
pedestrian -1 -1 -10 652.07 220.23 666.99 270.011 2.15099044293 0.431000417454 0.126999556967 1.01840956756 1.33539478671 12.3028565915 0.00692802392802 0.0028883
pedestrian -1 -1 -10 664.27 221.06 675.318 265.411 1.46999343336 0.856000320176 1.16299568011 1.24951694194 1.43295279835 13.0092823506 0.00692802392802 0.0019213
pedestrian -1 -1 -10 335.69 224.41 351.332 277.172 0.951995742321 0.840999987019 1.12699562313 -3.71512902969 1.3647875007 10.2633314899 0.00692802392802 0.0017941
pedestrian -1 -1 -10 244.48 209.88 268.917 291.168 0.918995837868 0.786999169122 0.588998013355 -4.78902610459 1.36773617338 10.274794022 0.00692802392802 0.001311
pedestrian -1 -1 -10 706.03 169.84 718.145 216.729 0.752996645868 0.253999537953 1.03899613286 2.84600274684 0.73820844667 17.6789458785 0.00692802392802 0.0008675
pedestrian -1 -1 -10 255.53 158.45 337.698 257.563 1.8649917081 0.750999895422 0.510997999165 -3.72118129269 1.39876268765 8.54783955355 0.00692802392802 0.00065793
pedestrian -1 -1 -10 352.01 218.24 378.284 279.079 0.951995742321 0.751999345428 0.639997701686 -3.51394286516 1.36428516168 10.2174356118 0.00692802392802 0.00040757
pedestrian -1 -1 -10 896.38 217.64 927.481 278.374 0.944995744527 0.79499953754 0.609997604529 4.24135925332 1.39706478724 10.071246484 0.00692802392802 0.00012933
pedestrian -1 -1 -10 984.73 214.96 1019.06 276.415 2.29598971605 1.16299931867 1.19699553193 6.59682327716 1.41179445473 11.6171973218 0.00692802392802 0.00012567
pedestrian -1 -1 -10 701.49 167.43 714.183 218.539 2.40098926574 0.754999602794 1.19399564143 2.16792370135 1.49676806126 14.4499878108 0.00692802392802 0.00011739
pedestrian -1 -1 -10 1067.3 83.556 1106.33 212.166 1.58299296349 0.908999780719 1.1979954557 8.07226162925 0.683738745204 11.605542731 0.00692802392802 0.00010848
pedestrian -1 -1 -10 266.54 206.0 297.491 301.494 0.918995837868 0.827999507548 0.588998013355 -4.78888408006 1.36771233204 10.2952936992 0.00692802392802 7.5599e-05
pedestrian -1 -1 -10 332.4 215.21 345.712 268.227 1.00999551117 0.860999477555 0.941996375026 -4.09245417516 1.32277469696 11.1838854563 0.00692802392802 7.2263e-05
pedestrian -1 -1 -10 307.6 200.59 326.081 277.007 0.948995734751 0.97699957442 0.952996251705 -4.01264549338 1.36552786921 10.3333968475 0.00692802392802 5.0964e-05
pedestrian -1 -1 -10 309.39 203.46 342.775 280.975 1.05199525952 1.17799869816 1.04399599011 -4.04591124504 1.36539188613 10.5320723184 0.00692802392802 5.0537e-05
pedestrian -1 -1 -10 278.06 190.27 313.76 304.89 1.8649917081 0.750999895422 0.510997999165 -3.72118129269 1.39876268765 8.54783955355 0.00692802392802 4.7899e-05
pedestrian -1 -1 -10 883.17 213.94 914.185 277.596 1.17699473053 1.1499988392 0.682997523054 4.26981920118 1.39644399478 10.5444246603 0.00692802392802 4.3057e-05
pedestrian -1 -1 -10 293.95 177.12 336.048 286.58 1.00999551117 0.966999352315 0.60799751858 -4.26059963315 1.32342697461 11.0190471642 0.00692802392802 3.0742e-05
pedestrian -1 -1 -10 490.72 91.352 530.03 220.082 0.955995725095 1.16999928341 0.313998712203 -2.17743373279 -0.0340518987371 16.9007124242 0.00692802392802 1.008e-05
pedestrian -1 -1 -10 246.73 181.2 287.495 292.67 2.1059905678 1.02499987758 1.11499558426 -6.57376704128 1.19762382061 13.7963576974 0.00692802392802 2.102e-06
