pedestrian -1 -1 -10 617.56 170.51 651.972 278.08 1.62282178009 0.998890162249 0.963999676655 0.409937672407 1.49264872204 10.8189166959 0.00753464155925 0.96521
pedestrian -1 -1 -10 615.73 171.34 674.475 233.254 1.62282178009 0.878903421835 0.869999738451 0.399390026343 1.49354487941 10.8789911248 0.00753464155925 0.034634
pedestrian -1 -1 -10 627.74 168.72 654.46 239.11 1.62282178009 0.998890162249 0.963999676655 0.409937672407 1.49264872204 10.8189166959 0.00753464155925 0.029677
pedestrian -1 -1 -10 2.2646 137.41 121.835 356.37 2.13876515996 1.19686890375 0.706999800745 -2.81497588873 1.63990888329 3.34382011549 0.00753464155925 0.0014128
pedestrian -1 -1 -10 621.68 199.0 642.345 277.274 1.62282178009 0.998890162249 0.963999676655 0.409937672407 1.49264872204 10.8189166959 0.00753464155925 0.00051071
pedestrian -1 -1 -10 1145.4 51.377 1181.93 166.147 1.36684990442 1.1938694498 1.19599997149 4.16799839345 0.803304624779 5.4176689002 0.00753464155925 0.00012146
pedestrian -1 -1 -10 590.02 174.35 636.381 277.82 1.62282178009 0.518943200593 0.731999754349 0.295749091585 1.49628577283 11.0597561247 0.00753464155925 6.3144e-05
pedestrian -1 -1 -10 0.0 294.6 77.672 374.827 1.97978263735 1.19686866536 0.967999638833 -2.95501015502 1.47697512407 3.68015641001 0.00753464155925 7.8345e-06
pedestrian -1 -1 -10 1106.2 65.63 1141.0 184.59 1.53183178044 1.19786872174 1.18799983852 3.87116934781 0.978708894909 5.43253177559 0.00753464155925 5.0265e-06
pedestrian -1 -1 -10 968.8 80.044 1003.73 198.664 1.5278322413 1.19086951905 0.975999771806 3.53554186487 0.975414531891 6.54673297761 0.00753464155925 1.0653e-06
pedestrian -1 -1 -10 1070.3 59.515 1108.93 201.865 1.59982436299 1.19786872174 1.00699966123 3.53161350853 1.05583066611 5.15641356573 0.00753464155925 4.4757e-07
pedestrian -1 -1 -10 0.0 0.0 83.657 193.49 1.54283063971 1.19886877812 0.672999652843 -2.55962337726 1.05197498302 2.88612527914 0.00753464155925 2.1387e-08
