pedestrian -1 -1 -10 1176.2 248.69 1198.86 294.475 0.339962680339 0.162982251294 0.264000334988 7.59972404732 0.531979902221 10.3954177148 0.00753464155925 0.0097795
pedestrian -1 -1 -10 1148.4 92.443 1181.91 224.073 1.76080661047 1.18586995234 1.13399947739 8.73622340705 1.04019548764 11.274470081 0.00753464155925 0.0090762
pedestrian -1 -1 -10 1128.4 207.07 1144.81 258.842 2.05177466965 1.11387828952 1.1979995875 8.27892665366 1.33071174491 11.2227612931 0.00753464155925 0.0076548
pedestrian -1 -1 -10 1134.6 206.51 1148.57 256.031 2.06977270007 1.18986922428 1.19699918345 8.15658657923 1.35215529931 10.9774651065 0.00753464155925 0.0046611
pedestrian -1 -1 -10 1145.7 99.556 1167.48 177.459 1.63382057977 1.12487676415 1.18900024257 8.56693175007 0.911844492623 11.1761923518 0.00753464155925 0.0027867
pedestrian -1 -1 -10 1121.3 204.66 1150.47 276.025 2.05177466965 1.11387828952 1.1979995875 8.27892665366 1.33071174491 11.2227612931 0.00753464155925 0.0026707
pedestrian -1 -1 -10 1111.2 208.69 1140.55 278.476 2.03777620817 1.19186981382 1.19399940181 8.04164370722 1.33030700082 11.185446125 0.00753464155925 0.002274
pedestrian -1 -1 -10 32.583 157.01 55.593 201.287 2.10876845252 1.07588234535 1.09999909107 -13.2410004906 1.23212625878 17.0415711417 0.00753464155925 0.0014095
pedestrian -1 -1 -10 876.21 128.3 909.891 223.612 1.97578309822 1.19386849623 1.18299972561 4.39014998394 1.32677455784 11.0645325644 0.00753464155925 0.0009557
pedestrian -1 -1 -10 483.71 181.02 497.0 213.056 0.368959480644 0.125985648328 1.15399992903 -8.84752661385 0.644477007191 56.0036686329 0.00753464155925 0.00083254
pedestrian -1 -1 -10 1185.0 241.97 1217.2 319.823 0.0999890208244 0.0 0.0 7.73103248581 0.290703733125 10.3147126666 0.0 0.00071725
pedestrian -1 -1 -10 21.727 163.05 56.393 221.87 0.655927970887 0.630929489982 0.404000158618 -14.0273137952 -0.236123043278 18.0051086995 0.00753464155925 0.00052521
pedestrian -1 -1 -10 1125.6 119.5 1161.84 236.08 2.06077368486 1.12587705892 1.19899999155 8.09280792088 1.35066170738 10.8738867219 0.00753464155925 0.0001123
pedestrian -1 -1 -10 1115.4 122.26 1147.77 218.801 2.06577313114 1.18586995234 1.19599973307 7.93353868079 1.35422159752 10.9050749585 0.00753464155925 0.00010923
pedestrian -1 -1 -10 586.28 132.46 611.697 184.078 0.386957570665 0.0709913680498 0.863999698326 -0.650572904068 -0.771392277344 60.8891794618 0.00753464155925 6.6044e-05
pedestrian -1 -1 -10 1096.8 130.21 1131.09 221.394 2.07077263701 0.994890890307 1.19399987864 7.56084104092 1.37407652526 10.8121130498 0.00753464155925 4.5553e-05
pedestrian -1 -1 -10 979.54 116.7 1015.69 227.52 2.05577423859 1.01288856762 1.19699966029 5.68237014911 1.39142906628 10.5548617025 0.00753464155925 2.5607e-05
