pedestrian -1 -1 -10 979.54 214.97 1002.41 262.297 1.37384915006 1.19586908577 0.186999740578 4.50179542722 1.24934497547 8.4700244432 0.00753464155925 0.072757
pedestrian -1 -1 -10 1101.1 208.2 1130.52 257.722 1.60382393193 1.19286915503 0.212999755507 4.47389049446 1.2392143976 6.36829687503 0.00753464155925 0.02433
pedestrian -1 -1 -10 932.42 223.46 945.021 255.408 1.62082199562 1.19086951905 0.678999692968 4.79561238527 1.20364687076 9.92301558122 0.00753464155925 0.015051
pedestrian -1 -1 -10 985.12 227.14 1006.38 271.313 1.36385025751 1.18686929354 0.175000137165 4.50769780573 1.23915668632 8.45755525439 0.00753464155925 0.014822
pedestrian -1 -1 -10 1094.7 189.02 1117.2 249.062 1.54683017885 1.19686890375 0.212999755507 4.47508778126 1.23653893974 6.52492706965 0.00753464155925 0.0071045
pedestrian -1 -1 -10 1082.0 179.18 1104.17 221.008 1.55182962513 1.19586908577 0.212999755507 4.47585399992 1.24304084283 6.62637632412 0.00753464155925 0.0064624
pedestrian -1 -1 -10 1099.3 179.66 1135.69 253.826 1.602823995 1.19286963181 0.212999755507 4.47382238196 1.23808123732 6.35930545754 0.00753464155925 0.0049526
pedestrian -1 -1 -10 987.45 207.97 1009.98 260.903 1.3678497892 1.1958681322 0.175000137165 4.5067899888 1.2393727396 8.33707178681 0.00753464155925 0.0039594
pedestrian -1 -1 -10 970.85 214.67 991.632 261.397 1.36485009015 1.18786958831 0.186999740578 4.50367040534 1.24703141343 8.71901238389 0.00753464155925 0.0033657
pedestrian -1 -1 -10 831.32 152.91 849.996 213.454 1.77280531729 0.768915814848 0.183999958934 4.52938468753 1.08671529537 13.7003979985 0.00753464155925 0.0027648
pedestrian -1 -1 -10 1085.9 181.47 1110.68 234.717 1.55182962513 1.19586908577 0.212999755507 4.47562798599 1.24259676501 6.5963802521 0.00753464155925 0.0022769
pedestrian -1 -1 -10 1112.2 196.96 1136.84 249.356 1.602823995 1.19486926778 0.212999755507 4.47340802729 1.23726710289 6.30431321507 0.00753464155925 0.0021323
pedestrian -1 -1 -10 824.95 146.66 857.037 220.146 1.77280531729 0.768915814848 0.183999958934 4.52938468753 1.08671529537 13.7003979985 0.00753464155925 0.0015962
pedestrian -1 -1 -10 886.48 206.79 898.173 243.455 1.52383267236 1.19686842697 0.438999995316 4.36279766302 1.18788131857 11.5410152997 0.00753464155925 0.00079966
pedestrian -1 -1 -10 895.35 210.51 907.732 248.256 1.57882664096 1.18886988308 0.15899987122 4.50313968907 1.1825963269 11.1903944987 0.00753464155925 0.0007704
pedestrian -1 -1 -10 890.54 210.35 902.555 246.824 1.52383267236 1.19686938054 0.324000259401 4.41915077464 1.18558947664 11.3886036969 0.00753464155925 0.00063345
pedestrian -1 -1 -10 1070.3 175.51 1103.08 242.524 1.54683017885 1.19586860898 0.210999901078 4.4776358657 1.23958012536 6.73039132866 0.00753464155925 0.00052428
pedestrian -1 -1 -10 999.74 235.25 1012.1 271.453 1.42484353483 1.18987017785 0.175000137165 4.50581563113 1.23749282547 8.21051146345 0.00753464155925 0.00044408
pedestrian -1 -1 -10 1092.5 161.37 1124.13 231.735 1.60382393193 1.194868791 0.212999755507 4.47424457995 1.23991011363 6.41529032389 0.00753464155925 0.0002681
pedestrian -1 -1 -10 1115.1 212.6 1144.32 284.471 1.59882448565 1.19586908577 0.212999755507 4.47294346645 1.23235723579 6.24285100133 0.00753464155925 0.0002339
pedestrian -1 -1 -10 1106.2 159.53 1142.1 242.916 1.602823995 1.19886853972 0.212999755507 4.47279025828 1.2360532949 6.22232426938 0.00753464155925 0.00017388
pedestrian -1 -1 -10 785.71 172.98 813.238 230.102 1.55982870341 1.19086951905 0.160000275271 4.63906438015 1.14787563806 17.4956145018 0.00753464155925 0.0001502
pedestrian -1 -1 -10 1165.9 166.52 1206.02 241.298 1.70181307293 1.19786872174 0.209000046649 4.46565124224 1.24299455423 5.54341441699 0.00753464155925 0.00012583
