pedestrian -1 -1 -10 1094.0 84.567 1242.01 374.997 2.05177469945 0.937897450842 1.12699974847 3.35590908344 1.51535604658 4.50919064064 0.00753464155925 0.74115
pedestrian -1 -1 -10 1059.9 48.736 1189.0 350.046 1.64181974745 1.19286963181 0.741999875861 3.64811035245 1.09265892819 5.41983782245 0.00753464155925 0.00072746
pedestrian -1 -1 -10 715.95 186.36 753.391 274.328 1.51383376491 1.11187865355 0.427999842281 2.27243678 1.73863554007 12.3111430684 0.00753464155925 0.00053971
pedestrian -1 -1 -10 715.56 179.65 739.105 240.29 1.23686418212 1.13187596683 0.223000100537 2.16340605844 1.59043714947 13.3052459221 0.00753464155925 0.00038205
pedestrian -1 -1 -10 703.85 182.14 737.305 263.545 1.23686418212 1.18986922428 0.229000021453 2.16062466003 1.590868603 13.3342642988 0.00753464155925 9.5019e-05
pedestrian -1 -1 -10 728.88 196.06 746.426 276.461 1.51383376491 0.873904808692 0.423999895004 2.2735401817 1.73687258821 12.1921444761 0.00753464155925 2.7642e-05
pedestrian -1 -1 -10 1136.7 175.95 1211.02 375.0 2.04677525318 0.903901255403 1.12799967569 3.35528260213 1.51510476884 4.4921597682 0.00753464155925 6.5909e-06
pedestrian -1 -1 -10 1133.1 120.33 1231.24 327.54 2.03977605223 0.885903101305 1.08799972608 3.37521204858 1.5079577831 4.48306229714 0.00753464155925 6.5063e-06
pedestrian -1 -1 -10 1187.9 90.519 1241.98 284.949 1.97478313148 1.01388933917 0.779999732622 3.52966672453 1.43880065406 4.54645021911 0.00753464155925 3.5011e-06
pedestrian -1 -1 -10 46.231 255.62 83.476 366.02 1.03288655365 0.660927367048 1.18799983852 -5.40186680749 1.69814330352 7.36281657765 0.00753464155925 1.3546e-06
