pedestrian -1 -1 -10 548.19 126.2 581.978 181.211 0.565937937966 0.755917704249 1.08899965329 -2.30068320441 -0.599657063763 40.2050406955 0.00753464155925 0.0037576
pedestrian -1 -1 -10 580.62 131.43 592.895 176.609 0.383957879062 0.740919957679 0.858999704625 -0.955854797365 -0.801997445919 41.251202277 0.00753464155925 0.0012914
pedestrian -1 -1 -10 789.22 149.28 839.901 217.736 0.546939933361 0.540941103419 1.06700006248 11.1913851953 0.603180495342 38.4507067586 0.00753464155925 0.00090119
pedestrian -1 -1 -10 586.71 134.8 598.713 176.26 0.564937881837 0.612931812669 1.16499963503 -0.682310062447 -0.622269301627 41.4468469113 0.00753464155925 0.00063795
pedestrian -1 -1 -10 544.09 132.57 557.69 180.804 0.776914677979 0.800910943961 0.804999820337 -3.1247273422 0.371780600151 39.5868455548 0.00753464155925 0.00062626
pedestrian -1 -1 -10 871.07 205.27 931.406 359.58 1.15887270701 1.15387339287 0.843999842731 2.5989682228 1.57299701203 5.99963715738 0.00753464155925 0.00048206
pedestrian -1 -1 -10 548.62 132.43 561.874 182.382 0.560938491693 0.569937255359 0.670999798413 -2.51037631617 -0.600881534152 40.1135885638 0.00753464155925 0.00025981
pedestrian -1 -1 -10 796.43 150.23 866.375 205.856 0.555938970922 0.858907062121 1.11099972094 12.0900026667 0.611753736902 38.6619079604 0.00753464155925 6.2216e-05
pedestrian -1 -1 -10 790.78 188.31 807.975 231.414 0.107988158701 0.293968419906 0.505999887069 5.71970359446 1.03674758772 21.3714074347 0.00753464155925 3.409e-05
pedestrian -1 -1 -10 813.59 140.5 898.455 220.928 0.185979577929 0.828909185055 0.627999828742 2.67906634276 0.149238143454 6.90053237311 0.00753464155925 3.179e-05
