pedestrian -1 -1 -10 426.09 163.35 437.837 198.943 0.29296784961 0.251975110936 0.22699921335 -8.78752865379 -0.117771113195 35.9371694822 0.00753464155925 0.0010525
pedestrian -1 -1 -10 27.862 114.13 58.625 226.03 0.756916877986 1.15687284683 0.720999497006 -9.34420577834 0.325612705013 12.3034730982 0.00753464155925 0.00037131
pedestrian -1 -1 -10 18.402 130.97 52.993 249.18 1.18386999798 1.18786958831 1.09499897816 -9.37670703005 0.47879972033 11.8440472415 0.00753464155925 0.0003022
pedestrian -1 -1 -10 7.0139 136.93 41.1219 253.25 1.4008461808 1.194868791 1.14199984878 -9.07553724849 0.686931019322 11.2577219878 0.00753464155925 0.00018305
pedestrian -1 -1 -10 6.5513 211.52 40.4213 323.68 0.934897323253 1.19686842697 1.14099944473 -8.10267830001 1.45796698953 10.0083587378 0.00753464155925 7.4465e-05
pedestrian -1 -1 -10 1167.1 170.36 1204.32 301.34 1.5888255391 1.19586908577 0.908999641635 5.84872118938 1.50640230728 7.11147590329 0.00753464155925 6.3939e-05
pedestrian -1 -1 -10 1157.2 213.34 1193.96 331.91 1.5178332817 1.19386897301 1.11699976107 6.00392204746 1.44460419282 7.67177292762 0.00753464155925 4.6363e-05
pedestrian -1 -1 -10 40.255 177.75 73.836 290.03 1.21686637188 1.19586908577 1.11699976107 -8.43144952414 1.20791739915 11.0082617461 0.00753464155925 4.3597e-05
pedestrian -1 -1 -10 18.247 208.73 52.506 326.19 0.835908215523 1.1818706804 1.06899944007 -7.96689528604 1.50832208073 9.9693524015 0.00753464155925 4.1338e-05
pedestrian -1 -1 -10 37.512 119.52 70.111 226.2 0.756916877986 1.11787756146 0.740999948647 -9.33273298562 0.328499316513 12.498871268 0.00753464155925 2.6101e-05
pedestrian -1 -1 -10 1176.0 188.05 1211.05 333.16 1.67781579339 1.18686929354 1.04899946527 5.91922691091 1.47744264286 7.18554194287 0.00753464155925 1.5395e-05
pedestrian -1 -1 -10 51.889 144.87 84.504 250.72 1.14787396693 1.169871911 1.01199977414 -9.15957233803 0.606648080711 12.1792985161 0.00753464155925 9.7041e-06
pedestrian -1 -1 -10 28.692 164.13 60.889 264.061 1.4298429811 1.1938694498 1.16799986371 -9.00388239938 0.721080665667 11.6084401691 0.00753464155925 6.8753e-06
pedestrian -1 -1 -10 68.885 142.25 104.375 247.64 1.03888593686 1.17887074966 0.930999470869 -9.11591699245 0.61275422232 12.5926293796 0.00753464155925 4.359e-06
