pedestrian -1 -1 -10 425.8 163.56 443.757 215.541 1.3288540591 0.567936665818 0.706999562326 -5.86723100233 1.236398315 24.5872244521 0.00753464155925 0.44804
pedestrian -1 -1 -10 686.71 154.02 706.778 202.125 0.102988712428 0.255972475739 0.898999415815 6.29102190375 -0.0486751397758 51.0892319485 0.00753464155925 0.11389
pedestrian -1 -1 -10 426.2 156.72 457.541 217.814 1.3288540591 0.52794203925 0.572999778821 -5.80038367811 1.23605349168 24.5667236132 0.00753464155925 0.046405
pedestrian -1 -1 -10 497.95 140.04 511.023 176.933 0.360960283169 0.804912123043 1.08199992437 -7.19782823919 -0.697338864775 51.4349124184 0.00753464155925 0.030618
pedestrian -1 -1 -10 422.15 160.19 435.907 208.609 1.3288540591 0.567936665818 0.706999562326 -5.86723100233 1.236398315 24.5872244521 0.00753464155925 0.02863
pedestrian -1 -1 -10 502.59 142.48 515.005 181.197 0.354961019159 0.459948694802 0.796999687364 -7.05403442821 -0.700888440727 51.6063615174 0.00753464155925 0.015572
pedestrian -1 -1 -10 696.28 153.33 711.105 198.658 0.630930709721 0.244972093972 0.200999913676 4.05148813927 0.602185009845 30.3880217039 0.00753464155925 0.0072683
pedestrian -1 -1 -10 493.89 142.11 507.471 180.77 0.356960773829 0.676923978034 0.98200005035 -7.35331309185 -0.6981578792 51.2380392079 0.00753464155925 0.0062425
pedestrian -1 -1 -10 508.83 142.54 520.586 182.871 0.362960157036 0.617932332953 0.708999893593 -6.29113001056 -0.703804053129 52.5218421832 0.00753464155925 0.0016402
pedestrian -1 -1 -10 519.42 144.36 530.326 181.938 0.357960710762 0.623932194437 0.907999714421 -5.9351204274 -0.707071412042 52.7212005369 0.00753464155925 0.0016231
pedestrian -1 -1 -10 672.62 151.08 715.367 219.778 0.102988712428 0.255972475739 0.898999415815 6.29102190375 -0.0486751397758 51.0892319485 0.00753464155925 0.0013761
pedestrian -1 -1 -10 514.2 144.34 525.573 183.249 0.362960157036 0.684926336199 1.00899999249 -6.14088182122 -0.703417370828 52.5542096648 0.00753464155925 0.0012255
pedestrian -1 -1 -10 488.86 140.39 500.847 181.528 0.376958618521 1.10387915609 1.0599996183 -7.82491982394 -0.0388628606293 50.9634456242 0.00753464155925 0.00047716
pedestrian -1 -1 -10 173.34 189.11 200.106 252.053 0.897901444669 0.222976098286 0.237999843222 -8.25933182933 1.37486880088 14.1150618422 0.00753464155925 0.00044647
pedestrian -1 -1 -10 0.0 164.1 88.872 318.15 0.831908646584 0.700922470401 1.17899953991 -12.309983976 1.24494819942 16.1132884294 0.00753464155925 9.3204e-06
pedestrian -1 -1 -10 687.27 154.36 723.537 214.34 0.101988805294 0.160981661753 0.578999818946 4.95486078493 0.705023867171 33.8542576858 0.00753464155925 5.997e-06
pedestrian -1 -1 -10 636.5 162.82 675.487 233.7 0.867904707431 0.743919888421 0.786999819171 1.35549903686 1.32920079555 17.8470947349 0.00753464155925 8.8789e-08
