pedestrian -1 -1 -10 539.17 176.48 551.958 208.635 1.60482377946 0.778913994705 0.521999914596 -3.22670137336 1.88525684387 40.0824061949 0.00753464155925 0.67651
pedestrian -1 -1 -10 543.66 176.06 556.702 208.125 1.60482377946 0.778913994705 0.521999914596 -3.22670137336 1.88525684387 40.0824061949 0.00753464155925 0.50563
pedestrian -1 -1 -10 615.99 173.51 626.793 193.822 0.0999890208244 0.108989219356 0.381999852548 1.25431292754 0.710031175617 60.4437167233 0.00753464155925 0.12941
pedestrian -1 -1 -10 0.0 206.62 34.718 305.249 2.35374149871 0.969894010309 0.183999958934 -7.45297172699 1.69473950918 9.01582330819 0.00753464155925 0.0040276
pedestrian -1 -1 -10 312.42 217.5 348.03 289.173 1.47983756303 1.17887074966 0.450999598729 -3.73913845487 1.76115129951 9.52896405686 0.00753464155925 0.0021985
pedestrian -1 -1 -10 321.38 221.71 352.011 270.762 1.47983756303 1.04488560387 0.450999598729 -3.73794811964 1.76349009993 9.68694273383 0.00753464155925 0.0011627
pedestrian -1 -1 -10 0.0 213.52 21.702 287.454 2.35374149871 1.05888400924 0.183999958934 -7.45330697769 1.69408080022 8.97132957173 0.00753464155925 0.00068574
pedestrian -1 -1 -10 669.01 163.5 689.829 219.441 0.0999890208244 0.0 0.0 5.02409390864 0.855391819041 49.8862066396 0.0 7.1997e-05
pedestrian -1 -1 -10 0.0 268.32 42.194 358.997 1.75380744678 0.74291864008 1.1869999113 -5.26277900589 1.80569303088 6.66741629988 0.00753464155925 2.7078e-05
pedestrian -1 -1 -10 663.19 159.85 700.125 224.634 0.455949926258 0.303965646193 0.180000011657 1.90182201694 0.773619096521 19.3173565974 0.00753464155925 5.4458e-06
pedestrian -1 -1 -10 767.46 160.69 797.475 219.704 1.24686311564 0.836908205726 0.721999901057 5.71504639281 1.37844150978 22.3694505934 0.00753464155925 2.1675e-06
pedestrian -1 -1 -10 676.13 179.5 702.167 240.684 1.49883545217 0.806910805445 0.729999795612 2.22554280344 1.62580374621 17.3862564337 0.00753464155925 1.7861e-06
