pedestrian -1 -1 -10 503.72 169.54 516.279 210.804 1.39684667146 0.550938329706 0.531999901998 -4.51402121567 1.57920734535 34.0832681888 0.00753464155925 0.94778
pedestrian -1 -1 -10 500.86 170.15 511.665 209.943 1.39684667146 0.550938329706 0.531999901998 -4.51402121567 1.57920734535 34.0832681888 0.00753464155925 0.36181
pedestrian -1 -1 -10 490.9 173.6 500.757 210.882 1.50683459377 0.609933789067 0.562000102623 -5.12881736638 1.65746414201 32.116785214 0.00753464155925 0.24276
pedestrian -1 -1 -10 478.31 170.39 490.794 210.004 1.50683459377 0.558936873592 0.562000102623 -5.1290094863 1.65708665999 32.0912874801 0.00753464155925 0.16545
pedestrian -1 -1 -10 235.2 217.03 246.856 248.034 1.42784321153 0.161982910093 1.18599950725 -10.6549707813 1.70042271735 21.0776742373 0.00753464155925 0.1337
pedestrian -1 -1 -10 774.53 181.41 792.46 243.579 1.83479857623 1.1828700216 0.658999956582 2.44979385284 1.55546962427 9.0019372012 0.00753464155925 0.023411
pedestrian -1 -1 -10 767.28 175.62 800.932 267.396 1.83479857623 1.1828700216 0.658999956582 2.44979385284 1.55546962427 9.0019372012 0.00753464155925 0.0010609
pedestrian -1 -1 -10 839.36 196.77 861.49 265.691 1.39784656369 1.18487061114 1.12299980119 2.73848308912 1.51161621292 8.27807771159 0.00753464155925 0.00079286
pedestrian -1 -1 -10 736.25 130.82 771.326 189.205 1.03188675081 1.15687475397 0.251999777901 5.11524732153 0.129156680212 25.0342390066 0.00753464155925 0.00039311
pedestrian -1 -1 -10 843.4 169.18 876.082 272.29 1.71281187261 1.19086951905 0.9909996337 2.94794137112 1.42958109112 8.76011168799 0.00753464155925 1.4145e-05
pedestrian -1 -1 -10 762.41 175.95 786.51 231.825 1.83579846847 1.1958681322 0.633999868867 2.44062000427 1.56201402748 9.44347794567 0.00753464155925 1.3333e-05
pedestrian -1 -1 -10 636.0 161.58 655.962 217.908 0.84090768787 0.469947828229 0.77699971256 1.44778341052 1.14898552649 30.1285615995 0.00753464155925 2.6643e-06
pedestrian -1 -1 -10 727.47 173.66 760.735 271.808 1.70181311763 1.17887074966 0.327999729841 2.28717601186 1.50972066125 11.510201285 0.00753464155925 1.1217e-06
