pedestrian -1 -1 -10 308.54 151.85 364.691 292.16 1.88899156004 0.690999516466 0.906996659039 -3.431038212 1.41728298887 9.14185188661 0.00692802392802 0.93369
pedestrian -1 -1 -10 838.52 171.7 868.532 265.549 0.690996901691 0.085000934218 0.558997916198 6.40838279253 0.7843731514 17.6888559439 0.00692802392802 0.030465
pedestrian -1 -1 -10 663.94 229.68 674.663 263.071 1.78999196589 0.402000154819 1.19199555548 1.42258968098 1.16970170751 14.5576294701 0.00692802392802 0.0056102
pedestrian -1 -1 -10 360.97 185.07 393.161 284.252 1.06899526268 1.1849986629 0.978996176962 -3.54120937495 1.39064661105 10.8411028721 0.00692802392802 0.0055297
pedestrian -1 -1 -10 337.49 160.62 390.599 292.8 1.98899104744 0.301999841118 1.18199524494 -5.09821460274 1.0538634422 15.274572557 0.00692802392802 0.0027391
pedestrian -1 -1 -10 835.93 161.7 851.653 211.415 2.1969901219 0.996999064956 1.18399556931 4.25377974507 1.33749872362 12.2794172546 0.00692802392802 0.0023946
pedestrian -1 -1 -10 767.1 163.71 779.641 226.12 0.762996576726 0.0839995768644 0.688997542485 4.09178793095 0.749816958571 17.6403221228 0.00692802392802 0.0023508
pedestrian -1 -1 -10 841.82 207.08 856.643 261.914 0.552997536957 0.296999730065 0.613998014846 4.87917749896 1.27891929866 13.9070125618 0.00692802392802 0.0020361
pedestrian -1 -1 -10 655.99 228.58 667.998 273.668 2.25998998284 0.784999315435 0.876996681091 1.16986105685 1.43475859565 12.4938641421 0.00692802392802 0.0019218
pedestrian -1 -1 -10 764.13 157.51 793.266 243.664 2.18699023575 0.903999669667 1.00199633092 3.21761142597 1.33621604878 12.4021031153 0.00692802392802 0.00076725
pedestrian -1 -1 -10 659.92 217.24 682.117 265.13 2.26498995572 1.19199958131 1.11099576999 1.28925136942 1.43903619039 12.8375476223 0.00692802392802 0.0007579
pedestrian -1 -1 -10 885.44 233.96 904.431 278.366 0.918995837868 1.05099892918 0.748997259963 4.22144993252 1.37118130357 10.0173677248 0.00692802392802 0.00058644
pedestrian -1 -1 -10 762.14 164.96 773.566 215.333 2.40598923862 0.721999632787 0.93899636531 3.22386562918 1.50695643293 14.3621789317 0.00692802392802 0.00035841
pedestrian -1 -1 -10 368.09 200.84 391.735 267.903 0.988995636999 1.17099873342 0.670997484191 -3.38897484365 1.35251987931 10.5850439427 0.00692802392802 0.000356
pedestrian -1 -1 -10 360.52 201.7 380.009 270.229 1.05399534404 1.18499961657 0.718997162806 -3.38386956449 1.37498861046 11.0370082002 0.00692802392802 0.00033843
pedestrian -1 -1 -10 695.58 210.45 711.289 264.526 2.06199079454 0.638000055923 1.19099539329 2.05687390338 1.16609145341 14.4350697535 0.00692802392802 0.00031911
pedestrian -1 -1 -10 756.98 161.58 768.101 210.016 0.763996574283 0.0890006415905 0.991996378009 3.9402734498 0.750236466775 17.6388711462 0.00692802392802 0.00024863
pedestrian -1 -1 -10 962.37 237.49 980.089 277.282 0.984995527566 1.1729985871 1.05899603868 5.5497731058 1.40997816699 10.4891834788 0.00692802392802 0.00018014
pedestrian -1 -1 -10 647.69 118.12 663.506 166.434 1.35699390322 0.378000003237 1.12699580194 1.12282290584 0.46151175568 14.5711348331 0.00692802392802 0.00017561
pedestrian -1 -1 -10 663.26 176.85 679.124 223.521 2.26498995572 1.09599897498 1.11099576999 1.28794198336 1.43925599414 12.6485521564 0.00692802392802 0.00015847
pedestrian -1 -1 -10 653.14 210.54 675.93 270.814 2.26498995572 1.18299880921 0.972996395949 1.22008360546 1.43925442187 12.8135265821 0.00692802392802 0.00012967
pedestrian -1 -1 -10 689.66 208.71 706.12 265.888 2.05999082923 0.683999551727 1.19399552222 1.94221499821 1.1644330926 14.4128630293 0.00692802392802 9.4355e-05
pedestrian -1 -1 -10 935.4 218.04 965.559 271.841 0.884996069968 0.729999047532 0.2799991584 4.4570289877 1.35135344852 10.1732359886 0.00692802392802 8.0444e-05
pedestrian -1 -1 -10 882.9 207.98 906.298 269.456 0.903995919228 0.935999235994 0.680997675522 4.18703191618 1.35634175046 9.96009633709 0.00692802392802 3.3917e-05
pedestrian -1 -1 -10 260.16 203.7 286.492 269.698 1.56699301004 1.11099930814 1.06199580998 -6.43559583457 1.32831727901 13.7338645289 0.00692802392802 2.5338e-05
pedestrian -1 -1 -10 281.62 204.51 325.886 293.695 0.548997546732 0.404999458512 0.250998985009 -6.03213009278 0.504400104259 13.5636985946 0.00692802392802 9.8034e-06
pedestrian -1 -1 -10 266.21 150.88 341.267 285.04 1.85999173522 0.40099975114 1.1949956844 -6.46245545386 0.904373119384 15.4954302668 0.00692802392802 7.7044e-06
