pedestrian -1 -1 -10 232.78 143.64 247.547 196.138 1.7098122108 0.994889936737 1.19099962016 -11.8721523874 0.773723785673 23.4874805617 0.00753464155925 0.00094594
pedestrian -1 -1 -10 1125.3 172.8 1161.51 296.18 1.73380959463 1.19686890375 0.751999624845 3.95874569788 1.47934031245 5.07140641666 0.00753464155925 0.00016603
pedestrian -1 -1 -10 1167.5 173.64 1202.56 291.53 1.97478319108 1.19886853972 0.711999675237 3.90241056024 1.49693723149 4.63829416027 0.00753464155925 0.00014246
pedestrian -1 -1 -10 1157.2 159.51 1193.67 273.62 1.92378870202 1.19586860898 0.748999604783 3.95797716774 1.47699444488 4.77931276764 0.00753464155925 0.00010546
pedestrian -1 -1 -10 232.21 133.03 257.917 194.622 0.54693997061 0.401956390921 0.353000532811 -11.3660948151 -0.192802847068 22.9988014335 0.00753464155925 9.8735e-05
pedestrian -1 -1 -10 652.06 145.22 668.234 198.608 1.67481608689 0.758915727851 0.687999753155 2.45463921407 0.872465387237 31.9669947525 0.00753464155925 8.3601e-05
pedestrian -1 -1 -10 1145.5 172.2 1181.21 293.29 1.78580387164 1.19686890375 0.675999672905 3.92192876993 1.48581209324 4.83194000078 0.00753464155925 5.0957e-05
pedestrian -1 -1 -10 1115.4 159.17 1151.48 277.61 1.69481387198 1.19786872174 0.678999692968 3.92297826316 1.48078052836 5.16687934646 0.00753464155925 3.0983e-05
pedestrian -1 -1 -10 1176.1 155.15 1212.81 278.22 1.91079023706 1.19586908577 0.861999486269 4.01423042289 1.46348116669 4.74698850925 0.00753464155925 1.2975e-05
pedestrian -1 -1 -10 1156.5 238.39 1194.08 352.16 1.72281088435 1.19786872174 0.892999614108 4.03143789778 1.46671162486 4.96444963739 0.00753464155925 9.9673e-06
pedestrian -1 -1 -10 666.01 148.31 693.364 212.917 2.46472937286 1.12887603609 0.961999837127 2.85188564074 1.54635541913 27.4522511996 0.00753464155925 4.7858e-06
pedestrian -1 -1 -10 1167.3 228.04 1205.46 355.35 1.97978263735 1.19686890375 0.711999675237 3.90228402659 1.50168503249 4.62125928782 0.00753464155925 1.9316e-06
pedestrian -1 -1 -10 657.43 140.32 683.507 215.11 2.11876734507 1.10187856655 0.664999996707 2.70397810054 1.38162893881 27.5307535298 0.00753464155925 1.1224e-06
