pedestrian -1 -1 -10 1011.9 155.32 1050.64 223.599 1.77099205703 0.721000182781 0.916996373535 12.0348204198 1.27247327012 19.7698670598 0.00692802392802 0.99154
pedestrian -1 -1 -10 1006.7 157.61 1031.0 224.429 1.34899401218 0.614999354347 0.957995632117 9.33440587085 1.33130967859 15.934795487 0.00692802392802 0.80855
pedestrian -1 -1 -10 1004.7 164.31 1020.26 230.752 1.24499438554 0.855998412829 0.58999698345 9.38009610694 1.22704617025 16.0549207397 0.00692802392802 0.031473
pedestrian -1 -1 -10 1030.3 163.97 1052.47 222.447 1.9899910897 0.6879992591 1.13099627186 17.9630102035 0.750763125076 28.8247864996 0.00692802392802 0.028293
pedestrian -1 -1 -10 993.76 150.86 1027.93 230.289 1.24499438554 0.855998412829 0.58999698345 9.38009610694 1.22704617025 16.0549207397 0.00692802392802 0.0086049
pedestrian -1 -1 -10 1013.9 163.7 1028.03 232.918 1.34899401218 0.648999728034 0.957995632117 9.33452364761 1.33128990767 15.9517952658 0.00692802392802 0.0008425
pedestrian -1 -1 -10 1010.7 155.88 1024.21 202.988 1.77099205703 0.721000182781 0.605997671048 11.8793248038 1.27290086946 19.7709448518 0.00692802392802 0.00046259
pedestrian -1 -1 -10 1040.2 181.17 1057.7 224.723 0.330998526514 0.752999749108 0.813996119436 18.0721433662 0.958167196498 28.2157213664 0.00692802392803 7.3525e-06
pedestrian -1 -1 -10 1198.7 137.24 1223.99 255.28 1.9899910897 0.440999685885 0.275998748083 2.77945477208 1.45494560498 3.20566429038 0.00692802392802 4.4317e-06
pedestrian -1 -1 -10 851.71 101.27 882.271 185.344 1.24999440312 0.921000810184 1.18799526437 11.2848191322 -0.28302882639 29.8808067995 0.00692802392802 3.9762e-06
pedestrian -1 -1 -10 1190.9 150.78 1223.97 311.59 2.14499036819 0.440999685885 0.275998748083 2.77966850378 1.60994488347 3.20575294254 0.00692802392802 2.5671e-06
pedestrian -1 -1 -10 1195.9 198.92 1224.02 369.1 2.14499036819 0.440999685885 0.275998748083 2.77966850378 1.60994488347 3.20575294254 0.00692802392802 1.5697e-06
