pedestrian -1 -1 -10 846.87 160.25 891.075 268.26 1.61099283546 0.648999728034 1.17299569263 3.98123869469 1.3755544808 10.2676408431 0.00692802392802 0.033144
pedestrian -1 -1 -10 863.44 160.89 912.177 240.146 1.61099283546 0.753999199114 1.11399589891 4.0103395258 1.37554023194 10.2099379077 0.00692802392802 0.021219
pedestrian -1 -1 -10 428.08 137.64 442.6 177.599 1.63399273455 0.520999555377 1.1949956844 -3.52130911894 0.715712209368 15.1019567403 0.00692802392802 0.0021692
pedestrian -1 -1 -10 806.37 154.46 899.044 277.79 1.86699167341 0.476001416926 1.18999558874 6.05217477177 0.836212640035 16.9351817628 0.00692802392802 0.0014024
pedestrian -1 -1 -10 420.47 137.45 456.869 184.144 1.63399273455 0.511999736952 1.19799521728 -3.45277968519 0.715518611837 15.1059817572 0.00692802392802 0.0011426
pedestrian -1 -1 -10 853.95 156.46 922.062 275.97 1.61099283546 0.815999431756 1.10899580325 4.03505350632 1.37543680865 10.2407674679 0.00692802392802 0.00092415
pedestrian -1 -1 -10 874.3 156.93 891.262 242.467 1.60699278563 0.690999516466 1.1949956844 3.96461688468 1.37170193386 10.1787519025 0.00692802392802 0.00058279
pedestrian -1 -1 -10 457.37 157.58 474.642 209.113 1.74399219751 0.511999736952 1.19499544598 -2.85914459066 0.823886047369 15.1019310401 0.00692802392802 5.6957e-05
pedestrian -1 -1 -10 446.86 189.9 468.18 248.31 1.65599256158 1.00499943338 1.17499554016 -2.36373494836 1.15558773856 11.5473477695 0.00692802392802 4.0107e-05
pedestrian -1 -1 -10 818.38 155.63 868.627 266.99 1.86699167341 0.513999590639 1.09799544973 5.75287821719 0.837086013023 16.8932546343 0.00692802392802 9.5325e-06
pedestrian -1 -1 -10 838.49 159.96 878.954 245.225 1.59799288213 0.753999199114 1.19499544598 3.7428288678 1.36327586021 10.2117845537 0.00692802392802 8.8856e-06
