pedestrian -1 -1 -10 0.0 74.624 99.927 333.304 1.97678300535 1.19786872174 0.841999749883 -4.65225819286 1.4071774335 5.91976323512 0.00753464155925 0.28849
pedestrian -1 -1 -10 0.0 138.05 217.86 366.71 2.10676863826 1.19886853972 0.559999771357 -4.50542339737 1.52648295791 6.68945911927 0.00753464155925 0.010206
pedestrian -1 -1 -10 809.72 202.82 847.52 308.26 1.61682244903 1.09487984065 0.747999796777 2.05793840693 1.61149704226 6.14905317721 0.00753464155925 0.0026386
pedestrian -1 -1 -10 31.479 42.207 79.797 229.597 1.57082750309 1.19386897301 0.722999828272 -4.71183643881 1.00135406362 5.92921580976 0.00753464155925 0.0018479
pedestrian -1 -1 -10 20.217 213.87 67.629 346.32 2.09776968264 1.18786958831 0.872999877722 -4.64529733117 1.53301820968 5.84173258252 0.00753464155925 0.0012232
pedestrian -1 -1 -10 324.77 214.43 344.214 285.08 2.1917593441 1.19686938054 0.249999923472 -4.57586191033 1.54538550914 12.0830831078 0.00753464155925 0.0012214
pedestrian -1 -1 -10 312.51 197.99 347.216 303.06 2.1917593441 1.17587177248 0.249999923472 -4.57573007037 1.54564455159 12.1005806178 0.00753464155925 0.0011121
pedestrian -1 -1 -10 57.184 268.94 90.781 341.878 2.10376903605 1.19286963181 0.80099987306 -4.60861085961 1.53434642755 5.93299357243 0.00753464155925 0.0010271
pedestrian -1 -1 -10 5.5185 29.655 69.0385 217.715 1.50383485747 1.19386897301 0.722999828272 -4.71200407011 0.940064721883 5.90962579479 0.00753464155925 0.00051495
pedestrian -1 -1 -10 844.86 131.13 859.881 177.106 1.13687515235 0.811912279298 0.60099964818 5.26222943688 0.405873701134 16.0380714971 0.00753464155925 0.00047258
pedestrian -1 -1 -10 66.569 256.52 98.524 336.925 2.11276805126 1.19586908577 0.855999684562 -4.63360025667 1.53930308222 6.26672125882 0.00753464155925 0.00046833
pedestrian -1 -1 -10 318.24 244.0 339.942 320.986 1.92578857588 0.686925018601 0.486999839479 -4.69973833658 1.52275613592 11.3582828436 0.00753464155925 0.00040867
pedestrian -1 -1 -10 328.55 227.84 359.688 309.497 1.47783769662 1.06088364521 0.677999765753 -2.96048601026 1.53841253101 8.77027593688 0.00753464155925 0.00020806
pedestrian -1 -1 -10 268.78 211.06 314.543 290.02 2.17076168167 1.18886988308 0.9219996491 -4.91738740836 1.52775110841 11.3506605158 0.00753464155925 0.00018955
pedestrian -1 -1 -10 28.83 117.01 81.901 292.16 2.07277242148 1.19786872174 0.864999983168 -4.64069867204 1.50321768237 5.92296510696 0.00753464155925 9.6133e-05
pedestrian -1 -1 -10 323.73 195.79 356.408 288.568 2.13276580656 1.18786958831 0.398000118493 -4.74536075367 1.49342329428 12.5512574872 0.00753464155925 7.9371e-05
pedestrian -1 -1 -10 31.113 184.38 76.4 325.51 2.09776968264 1.19786872174 0.872999877722 -4.6452144588 1.53318103939 5.85273122173 0.00753464155925 6.2285e-05
pedestrian -1 -1 -10 848.55 135.49 872.116 178.215 1.13587526012 1.12487676415 0.626999663109 5.24539857545 0.397356198986 15.5297462693 0.00753464155925 4.8762e-05
pedestrian -1 -1 -10 741.75 224.79 764.039 282.628 1.26686088955 0.692923926515 0.586999951919 2.42920532948 1.681176173 11.5423790675 0.00753464155925 4.0973e-05
pedestrian -1 -1 -10 41.203 227.52 84.196 353.59 2.09776968264 1.19786872174 0.858999943043 -4.63791334008 1.53376804195 5.89267300028 0.00753464155925 3.4313e-05
pedestrian -1 -1 -10 337.64 224.28 368.773 321.54 1.31085609573 0.786913492161 0.83399961691 -2.83563345113 1.36919282497 8.62558391041 0.00753464155925 3.0649e-05
pedestrian -1 -1 -10 562.38 144.01 575.199 194.161 0.0999890208244 0.0119997229682 0.216000013988 -3.51032804531 0.517347894562 68.2370377862 0.00753464155925 1.3736e-05
