pedestrian -1 -1 -10 1020.0 95.763 1242.0 374.383 0.83990779936 1.19486926778 0.277999792831 5.04905975913 0.242871532586 7.0461517371 0.00753464155925 0.0073475
pedestrian -1 -1 -10 407.21 166.67 419.861 196.369 0.441951479673 0.200978195461 0.380999925333 -4.4140990662 0.340242656907 16.6683847701 0.00753464155925 0.0041974
pedestrian -1 -1 -10 404.6 166.25 418.589 223.497 1.40284602486 1.16387300308 1.12999976853 -2.62904898056 1.51381325833 9.75622374124 0.00753464155925 0.00074633
pedestrian -1 -1 -10 393.28 163.39 441.193 223.306 0.441951479673 0.200978195461 0.380999925333 -4.4140990662 0.340242656907 16.6683847701 0.00753464155925 0.00018562
pedestrian -1 -1 -10 539.21 135.71 553.539 183.936 0.102988712428 0.0889871382228 0.410999649121 -5.39288788562 -1.50268054096 63.6470117503 0.00753464155925 8.8856e-05
pedestrian -1 -1 -10 1021.7 143.52 1034.34 170.95 0.788913377344 1.18987017785 0.32600011383 4.98182684174 0.170172810659 8.48205503573 0.00753464155925 3.2172e-05
pedestrian -1 -1 -10 35.789 281.56 67.284 361.875 2.0127789768 1.19186886025 0.675999911324 -5.32051973141 1.42079649864 7.21704136163 0.00753464155925 3.1234e-05
pedestrian -1 -1 -10 45.927 271.58 77.115 360.713 2.01377891373 1.19686938054 0.770999672435 -5.27281432448 1.42116898598 7.24418774615 0.00753464155925 2.6246e-05
pedestrian -1 -1 -10 367.27 264.18 401.958 354.252 1.01388864589 1.16287270831 0.140999989263 -1.85501689355 1.5550063853 5.81386005873 0.00753464155925 4.4583e-06
pedestrian -1 -1 -10 196.6 177.63 235.463 265.949 0.947895877604 1.17687111368 0.675999911324 -5.28539250972 0.326346750976 9.28188115148 0.00753464155925 1.2808e-06
