pedestrian -1 -1 -10 182.96 237.27 196.372 273.202 1.60782341147 1.19386849623 0.58899956793 -5.5731655508 1.95022304891 9.25439181286 0.00753464155925 0.0042404
pedestrian -1 -1 -10 232.04 252.49 261.303 339.2 1.56482814968 1.194868791 0.509999595927 -5.53631519939 1.94255285201 10.6285989014 0.00753464155925 0.0010459
pedestrian -1 -1 -10 727.47 195.12 747.058 253.255 0.800912091609 0.930897771372 1.18199955997 2.53216596539 1.62619766003 14.1113230573 0.00753464155925 0.00060207
pedestrian -1 -1 -10 237.37 236.3 273.568 339.42 1.40984519601 0.847906680354 0.78199982547 -3.6676197662 1.68255242402 8.07336973484 0.00753464155925 0.00047591
pedestrian -1 -1 -10 717.72 179.67 751.74 251.119 0.277969451192 0.0679933444475 0.0250000877146 5.31092900161 1.69766972341 29.7871220152 0.00753464155925 0.00027051
pedestrian -1 -1 -10 698.76 193.38 713.392 244.25 0.753917201282 0.764917496475 0.924999669162 2.90519630672 1.69498826402 22.0132365686 0.00753464155925 0.00026892
pedestrian -1 -1 -10 694.71 188.91 708.09 245.388 0.753917201282 0.976894166564 1.05799976387 2.83949671815 1.69660574413 22.1197222277 0.00753464155925 0.00019768
pedestrian -1 -1 -10 721.82 199.79 741.024 262.696 0.876903722643 0.831909592582 1.17499971184 2.39116239431 1.70124800417 14.0413268121 0.00753464155925 0.00017348
pedestrian -1 -1 -10 704.96 197.16 726.717 261.671 0.977892585043 1.13087662563 1.13699961666 2.14623640781 1.80445131224 14.1799107285 0.00753464155925 0.00016317
pedestrian -1 -1 -10 678.1 171.32 708.055 256.358 1.9347875911 0.647929733233 1.16999959893 2.67283578767 1.09879684521 22.6791436443 0.00753464155925 0.00014906
pedestrian -1 -1 -10 232.76 215.94 280.094 279.928 1.31085605848 1.194868791 0.689999846003 -5.52723581737 1.7576977076 11.0434448516 0.00753464155925 0.00012489
pedestrian -1 -1 -10 688.35 174.53 717.634 255.35 0.753917201282 0.690924290544 1.03699986185 2.8489190419 1.69448133435 21.9766623489 0.00753464155925 9.8094e-05
pedestrian -1 -1 -10 138.87 225.32 166.248 276.076 1.56982759595 1.194868791 0.454999784425 -5.50988264524 1.95283852533 8.75802655505 0.00753464155925 8.8777e-05
pedestrian -1 -1 -10 1153.7 174.84 1191.46 248.377 1.504834705 1.18287097517 1.13699973587 6.56350575081 1.06873819249 8.31461363685 0.00753464155925 1.8068e-05
pedestrian -1 -1 -10 730.19 173.26 760.328 252.11 1.53283164287 0.608934447866 0.592999753626 5.43335572816 1.62354144196 28.8479552556 0.00753464155925 7.0686e-06
