pedestrian -1 -1 -10 0.0 179.63 39.704 284.45 1.06588298715 1.19286915503 1.12600005968 -8.66853217426 1.05210891288 10.673690977 0.00753464155925 0.0002129
pedestrian -1 -1 -10 27.204 191.52 60.9 299.58 1.09487976045 1.18287097517 1.13799966309 -8.46025208085 1.18732675362 10.831356427 0.00753464155925 0.00015855
pedestrian -1 -1 -10 6.9053 114.78 39.2693 233.37 0.906900430082 1.19886901651 0.976999937439 -9.46423314359 0.466702980307 11.6293056569 0.00753464155925 0.0001494
pedestrian -1 -1 -10 37.138 220.66 73.703 325.33 0.853906245946 1.1938694498 1.07499948019 -8.09190449863 1.43037441854 10.5086558003 0.00753464155925 0.00010804
pedestrian -1 -1 -10 39.991 166.84 73.555 276.87 1.17787070417 1.19586908577 1.13199962296 -8.81886385235 0.926568115773 11.5781348273 0.00753464155925 4.5967e-05
pedestrian -1 -1 -10 1114.0 161.07 1150.35 286.2 1.65981774807 1.17687111368 1.18199979839 6.12693089921 1.41848401282 8.41288617488 0.00753464155925 4.2703e-05
pedestrian -1 -1 -10 17.079 147.39 52.952 276.65 1.26186144328 1.17887074966 1.12199939714 -8.88496308746 0.899599051865 11.1730979037 0.00753464155925 3.7442e-05
pedestrian -1 -1 -10 49.431 150.41 86.264 270.35 1.08988030672 1.19286915503 1.09199967335 -9.13615468373 0.65235910456 12.2275228732 0.00753464155925 2.7609e-05
pedestrian -1 -1 -10 69.815 148.89 103.241 260.66 1.44684113419 1.19786872174 1.17599928143 -9.03367992382 0.705306509358 12.5681560011 0.00753464155925 2.7445e-05
pedestrian -1 -1 -10 1054.6 205.22 1088.39 316.93 1.50383485188 1.18987017785 1.02999941768 5.95734870289 1.48404779948 9.25265452581 0.00753464155925 2.7316e-05
pedestrian -1 -1 -10 90.831 116.18 122.339 224.38 1.34685208953 1.18886988308 0.942000100741 -9.16958236547 0.613523760655 13.1173743315 0.00753464155925 2.2338e-05
pedestrian -1 -1 -10 1155.5 166.57 1191.39 283.36 1.61882224095 1.194868791 1.19899951472 6.52651787747 1.37545021798 8.29219269604 0.00753464155925 2.1009e-05
pedestrian -1 -1 -10 19.561 109.52 51.101 218.44 0.568937521548 1.11387828952 0.738999140543 -9.47370356757 0.131861873568 12.2474173911 0.00753464155925 1.5837e-05
pedestrian -1 -1 -10 122.99 198.67 155.072 303.27 0.877903599978 1.17587177248 1.15699971068 -7.83019375744 1.51914379612 12.0567609666 0.00753464155925 1.5436e-05
pedestrian -1 -1 -10 1095.2 164.25 1132.0 287.35 1.68581491637 1.1938694498 1.19399940181 6.11522563111 1.44898393269 8.71625732612 0.00753464155925 1.4366e-05
pedestrian -1 -1 -10 1065.6 194.24 1098.77 311.05 1.47383812209 1.18987017785 0.930999947706 6.11663047342 1.46145895108 9.48959950179 0.00753464155925 1.3992e-05
pedestrian -1 -1 -10 112.67 209.2 145.022 309.05 0.810910924558 1.18987017785 0.993000203385 -7.82098926598 1.52858246411 11.6810042362 0.00753464155925 1.3538e-05
pedestrian -1 -1 -10 19.532 209.74 53.223 325.9 0.800912032011 1.194868791 1.12099946993 -7.99701236538 1.51205409301 10.0847809359 0.00753464155925 1.0139e-05
pedestrian -1 -1 -10 1105.2 191.49 1141.26 310.39 1.67881571543 1.1938694498 1.1869999113 6.13979615087 1.44014545738 8.59313411509 0.00753464155925 9.6525e-06
pedestrian -1 -1 -10 1144.9 191.8 1181.8 307.68 1.36784976685 1.19386897301 0.886999812402 6.06790745084 1.43445508668 7.66332991109 0.00753464155925 9.0599e-06
pedestrian -1 -1 -10 7.9875 210.9 40.8285 325.4 0.825909263378 1.19586908577 1.18199932156 -8.05616044259 1.45291148221 10.005775985 0.00753464155925 8.6791e-06
pedestrian -1 -1 -10 1123.8 188.58 1160.84 308.76 1.61882224095 1.17787045488 1.19299947459 6.41421447249 1.38082583785 8.6505087 0.00753464155925 6.3004e-06
pedestrian -1 -1 -10 47.699 201.91 83.164 309.68 0.860905506488 1.1938694498 1.15900004194 -8.17809591009 1.36005772575 10.8894500559 0.00753464155925 6.102e-06
pedestrian -1 -1 -10 61.668 124.58 93.638 227.33 1.25486218274 1.1578731416 0.999999693888 -9.29232518386 0.51431546918 12.6255191197 0.00753464155925 5.6942e-06
pedestrian -1 -1 -10 1134.8 165.98 1170.45 286.54 1.6318208251 1.1938694498 1.19899951472 6.19381165582 1.38727688494 8.19910752656 0.00753464155925 5.5857e-06
pedestrian -1 -1 -10 50.3 119.18 83.072 228.81 0.965893937827 1.19086951905 0.95799988985 -9.34593994076 0.524984217459 12.3960943 0.00753464155925 5.4329e-06
pedestrian -1 -1 -10 101.75 126.55 133.966 238.04 1.19786845946 1.18886988308 0.95299977694 -9.26138129314 0.471966495456 13.6161272076 0.00753464155925 4.9466e-06
pedestrian -1 -1 -10 1084.3 192.32 1119.58 309.56 1.68581491637 1.19686842697 1.16999971814 6.07723270309 1.45098845428 8.85003196179 0.00753464155925 4.5568e-06
pedestrian -1 -1 -10 1166.0 192.16 1201.74 310.79 1.58582587171 1.18686977033 1.18399917598 6.58337310681 1.34116857025 8.20801564021 0.00753464155925 2.9268e-06
pedestrian -1 -1 -10 58.862 171.48 93.794 291.31 0.812910738826 1.18586995234 1.08499970602 -8.36457749346 1.24922537178 11.3662065637 0.00753464155925 2.3634e-06
pedestrian -1 -1 -10 38.921 108.7 71.673 220.43 0.773915031074 1.194868791 0.874999732152 -9.38660151985 0.334797028606 12.5168120844 0.00753464155925 1.9134e-06
pedestrian -1 -1 -10 112.98 133.05 146.427 237.82 1.3778487041 1.18387031637 1.10199989918 -9.02868546459 0.65206611534 13.6325428123 0.00753464155925 7.9719e-07
