pedestrian -1 -1 -10 554.81 133.42 591.546 238.38 1.82099187523 0.856999770182 0.450998341291 -0.625930251292 0.963398664877 13.6410409444 0.00692802392802 0.99964
pedestrian -1 -1 -10 607.05 144.71 642.996 231.456 1.65699251443 0.566999051182 0.824996916025 0.484229634723 0.94818159689 13.7774308819 0.00692802392802 0.99959
pedestrian -1 -1 -10 701.38 141.25 748.493 280.32 1.75999212861 0.758999310167 0.49499814603 1.67492649011 1.27453515396 9.72440087084 0.00692802392802 0.99862
pedestrian -1 -1 -10 669.86 149.0 696.356 230.687 1.53399315774 0.540000549581 0.628997586589 1.65026009163 0.920321821291 14.3409055144 0.00692802392802 0.99713
pedestrian -1 -1 -10 517.75 146.4 530.81 178.845 1.12099497169 0.369998681145 0.540997857904 -3.66010013174 -0.243210908509 34.6000819255 0.00692802392802 0.97026
pedestrian -1 -1 -10 424.89 138.56 443.71 193.383 1.68599251807 0.563998793816 0.540997857904 -6.48492604352 0.32842581202 27.7408195291 0.00692802392802 0.94789
pedestrian -1 -1 -10 398.43 145.15 412.302 188.589 1.07899517864 0.577998723293 0.881996657548 -6.88403140636 0.0974647740164 25.1736058399 0.00692802392802 0.81369
pedestrian -1 -1 -10 493.79 141.23 505.893 181.041 1.19199464917 0.288001818988 0.628997825007 -4.92992308275 -0.406000050275 34.853655703 0.00692802392802 0.81009
pedestrian -1 -1 -10 522.94 147.16 535.337 182.337 0.568997438252 0.557998279083 1.12999563284 -3.99133978833 -1.23927209581 40.695689585 0.00692802392802 0.65531
pedestrian -1 -1 -10 392.14 142.59 420.406 194.928 1.07899517864 0.577998723293 0.881996657548 -6.88403140636 0.0974647740164 25.1736058399 0.00692802392802 0.28192
pedestrian -1 -1 -10 285.58 138.5 317.275 240.86 0.598997290433 0.946000411773 0.75599720316 -6.20232221735 0.57885996928 15.3204788632 0.00692802392802 0.22491
pedestrian -1 -1 -10 678.37 142.49 722.135 256.11 1.96899115592 1.12199898025 1.15699572028 3.54374792355 0.686102435163 24.8265204701 0.00692802392802 0.20399
pedestrian -1 -1 -10 575.86 136.59 636.903 234.138 1.65699251443 0.473999655893 0.646997551519 0.395554238757 0.948372253999 13.8245463352 0.00692802392802 0.18107
pedestrian -1 -1 -10 711.86 143.86 755.8 238.398 1.70599234998 0.494000100103 0.49499814603 1.67393407561 1.22068947008 9.59187356034 0.00692802392802 0.17985
pedestrian -1 -1 -10 425.75 137.0 453.241 207.787 1.68599251807 0.563998793816 0.540997857904 -6.48492604352 0.32842581202 27.7408195291 0.00692802392802 0.14315
pedestrian -1 -1 -10 406.77 146.28 417.945 192.13 1.07899517864 0.577998723293 0.75999737506 -6.82303323038 0.0972970343726 25.1731830412 0.00692802392802 0.10488
pedestrian -1 -1 -10 695.12 144.59 735.094 234.019 1.75999212861 0.758999310167 0.49499814603 1.67492649011 1.27453515396 9.72440087084 0.00692802392802 0.082153
pedestrian -1 -1 -10 392.56 144.59 405.942 181.461 1.0069955036 0.681998744368 0.713997543976 -8.10808395704 -0.37182067025 28.3726610456 0.00692802392802 0.072185
pedestrian -1 -1 -10 308.61 135.24 343.351 230.072 1.16899475008 0.808999467018 0.546998354171 -7.75462848317 0.0451140993805 20.5849103278 0.00692802392802 0.061789
pedestrian -1 -1 -10 681.22 148.11 696.609 211.367 1.53399315774 0.540000549581 0.628997586589 1.65026009163 0.920321821291 14.3409055144 0.00692802392802 0.059648
pedestrian -1 -1 -10 598.78 145.72 632.514 211.244 1.65699251443 0.56399974749 0.794996997682 0.469240425404 0.948221100404 13.7790344649 0.00692802392802 0.055811
pedestrian -1 -1 -10 324.71 135.78 355.821 214.511 1.02899537906 0.525001170097 0.546998354171 -7.75574987713 -0.0947294322624 20.4508337369 0.00692802392802 0.052166
pedestrian -1 -1 -10 554.83 132.89 575.222 226.426 1.82099187523 0.856999770182 0.450998341291 -0.625930251292 0.963398664877 13.6410409444 0.00692802392802 0.041626
pedestrian -1 -1 -10 328.6 140.78 342.268 198.381 1.16899475008 0.838000683326 0.546998354171 -7.75452802342 0.0450972354234 20.5994105879 0.00692802392802 0.033577
pedestrian -1 -1 -10 511.18 145.43 528.296 180.995 0.558997492492 0.610999646974 1.16399566348 -4.52441090203 -1.23562372144 40.5398887744 0.00692802392802 0.029851
pedestrian -1 -1 -10 296.44 145.84 309.634 188.598 1.07299520075 0.420999241676 0.458997910233 -8.67191588041 0.0587252490112 21.3883576235 0.00692802392802 0.028239
pedestrian -1 -1 -10 625.54 144.72 641.057 219.542 1.65699251443 0.566999051182 0.824996916025 0.484229634723 0.94818159689 13.7774308819 0.00692802392802 0.023585
pedestrian -1 -1 -10 334.85 141.4 366.841 220.166 0.226998989284 0.115999143192 0.133999798186 -6.61660143702 0.0167491978687 19.0380034407 0.00692802392802 0.01731
pedestrian -1 -1 -10 573.4 131.02 591.812 215.911 1.23099447936 0.697999481205 0.302998895128 -0.71321736238 -0.252538906213 31.2785096183 0.00692802392802 0.014877
pedestrian -1 -1 -10 728.51 143.91 744.208 239.655 1.70599234998 0.494000100103 0.49499814603 1.67393407561 1.22068947008 9.59187356034 0.00692802392802 0.014736
pedestrian -1 -1 -10 322.29 141.67 335.814 201.69 1.16899475008 0.533000584842 0.546998354171 -7.75558453895 0.0452745903503 20.4469141985 0.00692802392802 0.014663
pedestrian -1 -1 -10 568.26 124.73 587.197 242.89 1.82099187523 0.856999770182 0.450998341291 -0.625930251292 0.963398664877 13.6410409444 0.00692802392802 0.007278
pedestrian -1 -1 -10 317.37 123.36 358.667 252.68 0.646997120976 1.15299909657 0.586997688988 -5.93428396914 0.523171398591 16.1500497493 0.00692802392802 0.0066885
pedestrian -1 -1 -10 501.15 144.34 518.952 181.25 0.786996458471 0.399001804801 0.984996434811 -4.97092950993 -0.236986377625 40.1880033823 0.00692802392802 0.0066596
pedestrian -1 -1 -10 694.14 170.65 734.246 273.62 1.76199209392 0.802999905959 0.673997493907 1.76457918935 1.27626342294 9.74578144745 0.00692802392802 0.0058238
pedestrian -1 -1 -10 683.81 147.22 713.637 222.687 1.97099124044 1.09299776394 1.15199562462 3.48852033284 0.686209113086 24.8664032664 0.00692802392802 0.0053255
pedestrian -1 -1 -10 253.35 171.98 271.566 229.635 1.38199385703 0.336000214805 0.272999215202 -7.81519115076 0.358098679226 17.2479880901 0.00692802392802 0.0044644
pedestrian -1 -1 -10 644.42 145.84 690.006 231.345 1.8649917081 1.16299931867 1.16399554427 2.48599525293 0.550863171491 25.8372766605 0.00692802392802 0.0041152
pedestrian -1 -1 -10 345.85 155.95 369.229 207.422 0.658997039497 0.494998596435 0.616997786144 -5.66331988176 0.428559955981 16.905074109 0.00692802392802 0.0038451
pedestrian -1 -1 -10 336.61 135.36 359.653 192.795 0.655997091532 0.291000169007 0.426998442379 -10.7070034116 -0.222416937665 30.7906036758 0.00692802392802 0.0035299
pedestrian -1 -1 -10 287.28 146.66 312.319 203.113 1.26099437624 0.381000260603 0.351998914741 -12.4256298266 -0.0105520193914 29.8053808035 0.00692802392802 0.0031026
pedestrian -1 -1 -10 345.88 142.6 375.817 226.078 0.377998292446 0.758999310167 0.331999008915 -4.8080519256 0.340248464914 15.1161649288 0.00692802392802 0.0014342
pedestrian -1 -1 -10 414.58 142.82 425.216 197.592 0.786996458471 0.210998392167 0.488998484225 -9.84280823974 -0.222596205779 39.3537517059 0.00692802392802 0.0014143
pedestrian -1 -1 -10 549.84 135.73 570.429 194.732 1.82099187523 0.856999770182 0.450998341291 -0.625930251292 0.963398664877 13.6410409444 0.00692802392802 0.0013547
pedestrian -1 -1 -10 301.79 146.88 317.986 189.303 1.07299520075 0.420999241676 0.458997910233 -8.67191588041 0.0587252490112 21.3883576235 0.00692802392802 0.0013353
pedestrian -1 -1 -10 671.5 145.22 687.937 210.706 1.53399315774 0.540000549581 0.628997586589 1.65026009163 0.920321821291 14.3409055144 0.00692802392802 0.0012967
pedestrian -1 -1 -10 359.0 150.64 374.362 194.241 0.0999995529652 0.0669974826735 0.10499914796 -11.9349539062 -0.398102596668 36.1003614668 0.00692802392802 0.0010062
pedestrian -1 -1 -10 668.26 145.53 683.272 230.5 1.53399315774 0.540000549581 0.628997586589 1.65026009163 0.920321821291 14.3409055144 0.00692802392802 0.00084007
pedestrian -1 -1 -10 307.72 144.84 326.121 192.265 1.07299520075 0.420999241676 0.458997910233 -8.67191588041 0.0587252490112 21.3883576235 0.00692802392802 0.00082507
pedestrian -1 -1 -10 241.9 136.17 274.736 260.86 1.60999283988 0.929999674936 0.398998431172 -2.87452364902 1.45070664769 5.68261200246 0.00692802392802 0.0008197
pedestrian -1 -1 -10 250.58 155.42 268.762 215.996 0.596997325122 0.45099990799 0.41799865165 -12.5095444512 0.143510256259 25.5854226486 0.00692802392802 0.0007991
pedestrian -1 -1 -10 382.55 142.32 413.085 213.181 1.07899517864 0.577998723293 0.701997028278 -6.97402905912 0.0977122596825 25.1742296436 0.00692802392802 0.00077902
pedestrian -1 -1 -10 280.64 128.85 386.34 280.65 0.597997292876 1.04799867181 0.684997370586 -6.09011977099 0.578270019436 15.5657072877 0.00692802392802 0.00061406
pedestrian -1 -1 -10 433.1 144.27 448.359 197.881 1.68599251807 0.563998793816 0.540997857904 -6.48492604352 0.32842581202 27.7408195291 0.00692802392802 0.00060738
pedestrian -1 -1 -10 252.95 163.78 281.48 242.056 0.26099884659 0.489999439056 0.105999548561 -12.379530616 0.51024059193 26.3846639838 0.00692802392802 0.00056757
pedestrian -1 -1 -10 581.15 132.95 593.456 198.473 1.41899362877 1.17999950552 0.476998206944 -0.52157864239 -0.0564654282513 30.7522871062 0.00692802392802 0.00053638
pedestrian -1 -1 -10 677.34 167.57 692.823 231.473 1.53399315774 0.540000549581 0.628997586589 1.65026009163 0.920321821291 14.3409055144 0.00692802392802 0.00044639
pedestrian -1 -1 -10 262.82 140.44 296.97 236.97 1.85899169296 0.513000140632 0.558998393034 -7.67106269216 0.834623624497 17.3157676308 0.00692802392802 0.00028512
pedestrian -1 -1 -10 601.55 153.42 614.526 198.358 1.33799400553 1.08199809183 0.655997525019 0.409127958274 -0.0719048269039 28.8928227821 0.00692802392802 0.00018843
pedestrian -1 -1 -10 701.48 144.01 724.143 213.563 1.75999212861 0.494000100103 0.49499814603 1.67400853702 1.27468924871 9.59190444562 0.00692802392802 0.00014384
pedestrian -1 -1 -10 411.75 220.95 439.87 275.616 1.13699495122 1.18399921289 1.13699557604 -3.02020332387 1.02270650184 12.1535580047 0.00692802392802 0.00012324
pedestrian -1 -1 -10 239.47 146.92 265.295 216.61 0.596997325122 0.45099990799 0.41799865165 -12.5095444512 0.143510256259 25.5854226486 0.00692802392802 0.00011938
pedestrian -1 -1 -10 351.3 131.63 367.903 191.754 0.0999995529652 0.0 0.0 -23.4689573763 -2.31893760629 69.8753650467 0.0 5.859e-05
pedestrian -1 -1 -10 275.43 180.26 314.086 257.527 0.963995677605 0.466999691154 0.841996845896 -5.88254303094 0.814524845472 13.9677913159 0.00692802392802 5.2549e-05
pedestrian -1 -1 -10 278.6 116.71 306.629 217.32 1.72699231356 0.409999569564 0.558998393034 -7.67160150118 0.702684139045 17.2641930838 0.00692802392802 3.6054e-05
pedestrian -1 -1 -10 345.35 126.72 362.759 194.491 0.0999995529652 0.0 0.0 -15.6870391103 -1.38252414289 45.5109430611 0.0 3.1221e-05
pedestrian -1 -1 -10 379.96 198.66 410.09 271.101 0.999995595216 0.903000219661 0.788997071615 -2.78504164724 1.27397510367 8.7307165151 0.00692802392802 2.2651e-05
pedestrian -1 -1 -10 636.84 150.01 647.244 206.244 1.65699251443 0.566999051182 0.712997337089 0.54022807903 0.94802760607 13.777042738 0.00692802392802 2.1984e-05
pedestrian -1 -1 -10 694.71 153.32 707.831 211.083 1.96699119061 1.09500047865 1.12499553718 3.60135068175 0.686009816087 24.7686211413 0.00692802392802 1.2963e-05
