pedestrian -1 -1 -10 61.964 264.07 76.091 303.571 2.07177245474 1.18986922428 0.324999709779 -6.87013941305 1.44815668753 9.06800301989 0.00753464155925 0.026596
pedestrian -1 -1 -10 317.46 182.86 330.592 235.383 2.2147567612 0.617932332953 0.620999622984 -7.15491043699 1.41556788658 18.9450519723 0.00753464155925 0.013733
pedestrian -1 -1 -10 321.68 178.93 334.815 239.14 2.2147567612 0.617932332953 0.620999622984 -7.15491043699 1.41556788658 18.9450519723 0.00753464155925 0.012482
pedestrian -1 -1 -10 465.96 185.72 479.638 219.085 2.19275922144 0.495944049427 0.425999987852 -4.04839777406 1.36070044702 22.5277914984 0.00753464155925 0.010739
pedestrian -1 -1 -10 313.08 182.42 325.71 236.611 2.2147567612 0.617932332953 0.620999622984 -7.15491043699 1.41556788658 18.9450519723 0.00753464155925 0.0076067
pedestrian -1 -1 -10 349.04 180.94 361.652 220.691 2.15176377391 1.09187943312 0.366999990654 -7.12580829935 1.47834104923 20.1456025969 0.00753464155925 0.0061358
pedestrian -1 -1 -10 274.68 208.2 286.853 250.473 1.44884095591 1.17687111368 0.543999982248 -7.02919325085 1.43434654179 15.0801248504 0.00753464155925 0.0058974
pedestrian -1 -1 -10 313.63 172.08 338.063 237.48 2.2147567612 0.617932332953 0.620999622984 -7.15491043699 1.41556788658 18.9450519723 0.00753464155925 0.0051304
pedestrian -1 -1 -10 308.27 176.73 331.148 228.123 2.2147567612 0.617932332953 0.620999622984 -7.15491043699 1.41556788658 18.9450519723 0.00753464155925 0.0030128
pedestrian -1 -1 -10 326.63 177.69 339.223 239.941 2.22775534535 0.617932332953 0.620999622984 -7.15490642908 1.42856647073 18.9449557231 0.00753464155925 0.0028408
pedestrian -1 -1 -10 269.79 207.92 282.649 250.701 2.1397650671 1.18787054188 0.445999485819 -6.95217398393 1.43281758864 14.8501488001 0.00753464155925 0.0027215
pedestrian -1 -1 -10 279.85 206.52 291.769 249.2 1.44884095591 1.17987104443 0.543999982248 -7.02699716352 1.43866146908 15.3715847367 0.00753464155925 0.0017908
pedestrian -1 -1 -10 251.18 160.22 264.824 208.309 2.15076389658 1.17987104443 0.658999718163 -7.0321531126 1.43309444423 14.1227281267 0.00753464155925 0.0013675
pedestrian -1 -1 -10 909.7 182.22 925.684 224.04 1.92378876162 0.866905606007 1.11699928423 8.89780855658 1.05906342817 20.7279838372 0.00753464155925 0.0011526
pedestrian -1 -1 -10 343.5 168.2 356.266 220.082 2.05577423859 1.0548847373 0.366999990654 -7.1256985267 1.38262535072 20.1648101828 0.00753464155925 0.00079577
pedestrian -1 -1 -10 321.17 162.61 343.342 225.551 2.22775534535 0.617932332953 0.620999622984 -7.15490642908 1.42856647073 18.9449557231 0.00753464155925 0.00063241
pedestrian -1 -1 -10 226.25 150.73 270.429 214.511 2.1397650671 1.18586995234 0.868999692027 -7.13767334556 1.42115069407 14.0546093161 0.00753464155925 0.00058039
pedestrian -1 -1 -10 306.44 155.84 329.727 209.906 2.12676642335 0.654928935918 0.678999692968 -7.13832183277 1.36420846839 17.0302715982 0.00753464155925 0.00047221
pedestrian -1 -1 -10 336.56 161.4 365.392 221.996 2.05577423859 1.0548847373 0.366999990654 -7.1256985267 1.38262535072 20.1648101828 0.00753464155925 0.00040411
pedestrian -1 -1 -10 239.53 156.59 281.477 219.255 2.15076389658 1.19286915503 0.658999718163 -7.03134323085 1.43468572013 14.2302138528 0.00753464155925 0.00029158
pedestrian -1 -1 -10 300.73 158.2 337.25 224.816 2.22775534535 0.696924152028 0.620999622984 -7.15460884437 1.4291511726 18.9844505116 0.00753464155925 0.00027833
pedestrian -1 -1 -10 300.48 188.04 318.454 233.954 2.20075829971 1.17987104443 0.654999532468 -7.12194454086 1.43798287467 16.6780546984 0.00753464155925 0.00024868
pedestrian -1 -1 -10 221.66 179.21 239.535 217.551 1.97378328395 1.19086951905 0.342999830154 -6.87820913118 1.43705489688 12.9095327091 0.00753464155925 0.00023875
pedestrian -1 -1 -10 225.1 163.34 244.374 210.202 2.14576439071 1.17787140845 0.888999666831 -7.15097419889 1.42765826375 13.6155968976 0.00753464155925 0.00023733
pedestrian -1 -1 -10 215.39 161.3 250.829 218.798 2.14576439071 1.19786872174 0.888999666831 -7.15155429831 1.42651846991 13.5386073767 0.00753464155925 1.8519e-05
pedestrian -1 -1 -10 753.3 165.76 789.244 254.039 0.755917075149 0.641929871749 0.34000004851 4.89895182952 1.68828799189 21.5087604597 0.00753464155925 7.2461e-07
