pedestrian -1 -1 -10 699.98 157.41 717.409 199.181 1.305856642 0.562938052674 0.638999504941 4.09288027809 0.901421012853 28.4500086172 0.00753464155925 0.89955
pedestrian -1 -1 -10 692.15 156.11 711.0 199.412 1.47683787143 0.562938052674 0.638999504941 4.09293299756 1.07240224228 28.4487425716 0.00753464155925 0.03714
pedestrian -1 -1 -10 697.66 157.01 737.123 202.537 1.47683787143 0.562938052674 0.638999504941 4.09293299756 1.07240224228 28.4487425716 0.00753464155925 0.016601
pedestrian -1 -1 -10 494.27 158.89 507.135 199.733 1.99578082371 0.821908552016 0.45399985721 -4.87586583506 0.953044431361 33.7961570268 0.00753464155925 0.0015512
pedestrian -1 -1 -10 0.0 105.34 40.539 191.664 1.34385241282 0.412954865549 1.18099939434 -15.9795449841 0.387895169293 19.748911171 0.00753464155925 0.00047523
pedestrian -1 -1 -10 745.92 148.91 768.97 207.415 0.612932709097 0.0739893916522 0.181000654127 9.49652552087 -0.673205658421 44.982259466 0.00753464155925 0.00045721
pedestrian -1 -1 -10 513.81 147.1 528.488 192.657 1.41084504354 1.08388088924 0.340999498887 -4.28704197988 0.313266858812 35.9971664502 0.00753464155925 0.00028657
pedestrian -1 -1 -10 1181.7 206.48 1213.26 311.46 1.46083954353 1.13587571556 0.60799961552 6.49465462833 1.47159794016 7.96129456703 0.00753464155925 0.00015879
pedestrian -1 -1 -10 511.08 149.55 538.252 195.847 0.531941512593 1.02088806507 0.347000015849 -4.11463914338 -0.573512235745 36.4920574916 0.00753464155925 0.00013417
pedestrian -1 -1 -10 1147.1 184.23 1180.84 304.15 1.42384366494 1.15587350563 0.57699948768 6.51320154968 1.44060059304 8.3673962651 0.00753464155925 5.9518e-05
pedestrian -1 -1 -10 15.676 32.962 172.186 329.982 2.06377343606 0.308966166476 1.19399892497 -14.1422492448 1.1435986461 20.0752571692 0.00753464155925 4.1497e-05
pedestrian -1 -1 -10 1169.6 202.04 1201.14 310.37 1.46083954353 1.17387165973 0.660999572593 6.46760543682 1.47053665298 7.88850406167 0.00753464155925 2.6133e-05
pedestrian -1 -1 -10 527.82 150.28 541.352 187.155 0.101988835093 0.112988491299 0.78199982547 -2.57044575631 -0.294869443366 28.4230031558 0.00753464155925 1.8903e-06
