pedestrian -1 -1 -10 1021.4 118.1 1127.64 361.73 2.01977820754 0.847907157139 1.14199961037 3.42005026438 1.47139030997 5.52726198974 0.00753464155925 0.93599
pedestrian -1 -1 -10 124.41 278.84 137.985 324.455 1.00288987601 0.616932038182 1.1979995875 -5.41559872928 1.65546332657 8.46448184922 0.00753464155925 0.0022405
pedestrian -1 -1 -10 713.36 183.49 739.546 260.285 1.17387107563 1.15187423369 0.209999973863 2.29687687692 1.69804537874 13.5532149519 0.00753464155925 0.00063426
pedestrian -1 -1 -10 1033.6 192.35 1079.11 320.34 2.02377777648 1.0428859679 1.16399967802 3.40978384946 1.47284156289 5.62486100499 0.00753464155925 0.00017095
pedestrian -1 -1 -10 1052.4 116.94 1131.22 267.21 2.01177906967 0.84990679311 1.00899975408 3.48655337708 1.46335755668 5.52782067802 0.00753464155925 0.00017063
pedestrian -1 -1 -10 724.51 189.86 740.933 268.334 1.17387107563 0.910900458088 0.209999973863 2.29511021785 1.69457420282 13.3187478408 0.00753464155925 6.0573e-05
pedestrian -1 -1 -10 993.84 89.183 1087.41 301.793 1.49783553386 1.18586995234 0.672999891261 3.69336920999 0.930993103118 6.59248599966 0.00753464155925 4.3551e-05
pedestrian -1 -1 -10 488.48 205.05 517.342 282.399 0.990891169193 1.19786872174 0.578999818946 -2.05868252452 1.76501008974 12.0844808725 0.00753464155925 3.6049e-05
pedestrian -1 -1 -10 404.16 199.43 438.539 242.61 0.365959848639 0.286968263651 0.22799985582 -3.59463057431 0.958339317664 14.2051603916 0.00753464155925 1.9039e-05
pedestrian -1 -1 -10 704.58 180.7 730.039 256.574 1.19386886073 0.97189364628 0.206999953801 2.27624367417 1.5078696182 14.3524442262 0.00753464155925 8.8614e-06
pedestrian -1 -1 -10 722.16 191.95 752.425 278.152 1.17387107563 0.729919575911 0.193999946336 2.30242819859 1.69322874759 13.2281997779 0.00753464155925 5.6346e-06
pedestrian -1 -1 -10 480.53 196.08 508.856 285.24 0.990891169193 1.14787400817 0.706999681536 -2.12497646967 1.76251138012 11.9129932339 0.00753464155925 1.9175e-06
pedestrian -1 -1 -10 122.71 254.58 164.917 331.016 1.00288987601 0.724920009198 1.19299995143 -5.36569309704 1.65622661979 8.51810187278 0.00753464155925 5.639e-07
pedestrian -1 -1 -10 694.81 179.26 719.247 254.442 0.723920523642 0.390956009154 0.986999686423 3.37841143173 1.53255644037 25.1112812673 0.00753464155925 1.019e-07
