pedestrian -1 -1 -10 0.0 243.57 32.695 317.66 0.597934370276 1.15087393892 0.549999783955 -4.02192419882 1.5387187651 4.55317340548 0.00753464155925 0.0012114
pedestrian -1 -1 -10 1092.4 307.88 1109.07 351.058 0.283968834399 0.167981341223 0.367999917868 4.49498011234 1.54112854394 6.48641657148 0.00753464155925 0.00084033
pedestrian -1 -1 -10 105.66 276.71 127.715 356.101 0.887902492525 0.713922011355 0.313999795162 -3.83784406935 1.53973578394 5.37453111698 0.00753464155925 0.00047091
pedestrian -1 -1 -10 593.47 147.73 613.646 191.146 0.337962866071 0.319964641104 0.511999837787 -0.401690217129 -0.0651497720047 45.7829042119 0.00753464155925 0.00013091
pedestrian -1 -1 -10 655.4 153.37 668.453 199.222 0.360960342767 0.074988732853 0.480999799354 3.74627751485 -0.0481449146756 50.4807214771 0.00753464155925 0.00010725
pedestrian -1 -1 -10 104.07 207.84 153.185 363.68 0.956894863017 0.707922149871 0.695999647709 -4.06727799659 1.54378531821 6.51686776861 0.00753464155925 0.00010199
pedestrian -1 -1 -10 1137.3 199.45 1173.44 311.85 2.04477549851 1.19886853972 1.05399981659 4.31460322938 1.48787007777 5.59697328213 0.00753464155925 9.9105e-05
pedestrian -1 -1 -10 87.369 255.95 134.927 359.69 0.887902492525 0.966894079567 0.504999721436 -3.93429434736 1.53793280151 5.24876719511 0.00753464155925 8.0176e-05
pedestrian -1 -1 -10 1176.5 227.39 1210.75 340.21 2.04977494478 1.19286915503 1.11299957537 4.39656997764 1.4848043806 5.39341023284 0.00753464155925 6.1018e-05
pedestrian -1 -1 -10 1125.9 225.32 1165.65 336.1 2.06077374446 1.19786919852 1.12199963556 4.35015296243 1.49090203839 5.80330750615 0.00753464155925 2.6147e-05
pedestrian -1 -1 -10 603.14 112.86 638.557 213.63 0.353961082226 0.267968384428 0.508999847527 1.28706590968 -0.717854617572 53.9820930296 0.00753464155925 2.3741e-05
pedestrian -1 -1 -10 1155.4 178.09 1192.93 287.84 2.04777513051 1.16887161623 0.90299960151 4.29095259324 1.49065141984 5.31109303544 0.00753464155925 2.1416e-05
pedestrian -1 -1 -10 591.14 119.75 627.382 205.05 0.361960220102 0.0639959796443 0.525999848951 0.678747813852 -0.729418175117 55.4721124965 0.00753464155925 2.1015e-05
pedestrian -1 -1 -10 1156.4 232.62 1191.82 337.63 2.06077374446 1.19686890375 1.19799982592 4.38677707447 1.48817291873 5.62054688709 0.00753464155925 1.9756e-05
pedestrian -1 -1 -10 580.21 127.69 617.721 186.757 0.101988656298 0.0289961519404 1.13899964991 -0.530802533356 -1.34404812991 55.5169046624 0.00753464155925 1.9161e-05
pedestrian -1 -1 -10 966.0 177.19 1004.07 234.719 0.972893144357 1.09288068147 0.812000026095 10.9053667684 1.07729020289 20.4145091332 0.00753464155925 1.3271e-05
