pedestrian -1 -1 -10 663.33 146.98 718.776 330.17 1.82099181563 0.516999848005 0.747997157384 0.748359323198 1.45464122691 7.49493949177 0.00692802392802 0.98153
pedestrian -1 -1 -10 656.59 159.32 702.038 294.51 1.82099181563 0.516999848005 0.747997157384 0.748359323198 1.45464122691 7.49493949177 0.00692802392802 0.18776
pedestrian -1 -1 -10 892.65 221.7 917.549 276.109 0.953995707631 1.15999906131 0.702997190462 4.26668097954 1.40686187437 10.1875799876 0.00692802392802 0.03115
pedestrian -1 -1 -10 670.13 151.68 728.518 231.882 1.82099181563 0.516999848005 0.722997245299 0.760858978981 1.45460685395 7.49485285249 0.00692802392802 0.016432
pedestrian -1 -1 -10 660.28 173.82 686.855 276.48 1.82099181563 0.516999848005 0.747997157384 0.748359323198 1.45464122691 7.49493949177 0.00692802392802 0.014818
pedestrian -1 -1 -10 686.99 142.52 720.05 287.16 2.39798925817 0.585999091712 1.18699557902 2.09040563189 1.50198754278 14.4450327058 0.00692802392802 0.0038476
pedestrian -1 -1 -10 365.46 223.39 387.091 278.939 0.354998408258 0.46999994852 0.0519998505147 -3.60651069418 1.34546243482 12.9104690122 0.00692802392802 0.0032574
pedestrian -1 -1 -10 763.55 166.16 792.267 242.871 0.761996594071 0.0830001268581 0.614997938612 4.15278150437 0.748649816788 17.6393990375 0.00692802392802 0.0026482
pedestrian -1 -1 -10 885.99 222.44 907.322 276.858 0.884996010363 0.625999026458 0.62499741469 4.22592740586 1.40727963449 9.92089615711 0.00692802392802 0.001872
pedestrian -1 -1 -10 352.22 220.4 378.585 280.221 0.942995779216 0.758999310167 0.61799770991 -3.51173995037 1.35924538122 10.2469204574 0.00692802392802 0.0015471
pedestrian -1 -1 -10 671.26 218.05 711.365 327.07 1.82099181563 0.516999848005 0.747997157384 0.748359323198 1.45464122691 7.49493949177 0.00692802392802 0.0015333
pedestrian -1 -1 -10 356.36 248.41 381.805 283.455 1.01299551874 1.15199964656 0.851997037227 -3.62299713952 1.37825661354 10.5051791926 0.00692802392802 0.0013934
pedestrian -1 -1 -10 306.08 220.85 341.908 280.378 0.974995701015 1.11499901551 1.14999577709 -4.08744676217 1.39262494806 10.4289336101 0.00692802392802 0.0010922
pedestrian -1 -1 -10 660.53 184.98 671.262 256.679 2.25898994058 1.16099946499 0.830996850008 1.08235056504 1.44159199711 12.8504881629 0.00692802392802 0.0010188
pedestrian -1 -1 -10 903.51 231.62 931.608 276.162 0.953995707631 0.939998943367 0.657997283145 4.24341948941 1.40705167396 10.0777385195 0.00692802392802 0.0010035
pedestrian -1 -1 -10 699.96 146.82 721.344 226.362 0.753996628523 0.077999062132 1.00799635035 2.83905410502 0.739301896288 17.6139935257 0.00692802392802 0.00094633
pedestrian -1 -1 -10 1056.9 83.993 1092.85 207.633 1.66599253714 0.611999096981 1.1909955125 7.58933022513 0.775162221649 11.5254446382 0.00692802392802 0.00080677
pedestrian -1 -1 -10 266.95 245.31 287.042 280.044 0.96099576503 1.16099946499 0.830996730799 -4.69776586482 1.4021180494 10.5951853416 0.00692802392802 0.00047686
pedestrian -1 -1 -10 651.78 183.84 675.567 265.557 2.25098996013 0.802999905959 0.61799770991 0.97348008234 1.43428145161 12.5102296113 0.00692802392802 0.000301
pedestrian -1 -1 -10 918.19 229.8 942.2 275.227 2.15399033129 0.696999077525 1.19299536004 5.61137414838 1.37826911703 11.830073164 0.00692802392802 0.00024964
pedestrian -1 -1 -10 656.01 190.75 666.598 240.081 2.25098996013 0.808999467018 0.61799770991 0.973500864725 1.43427796292 12.5132293198 0.00692802392802 0.00022789
pedestrian -1 -1 -10 484.27 100.54 524.549 231.08 1.53099315017 1.18699756291 0.347998742841 -2.26873147179 0.552549393464 16.595185763 0.00692802392802 0.00019287
pedestrian -1 -1 -10 694.3 148.57 736.912 245.437 0.755996593833 0.0929984416157 1.13899566199 2.90460690289 0.741113025595 17.6210401903 0.00692802392802 0.00017249
pedestrian -1 -1 -10 1076.3 87.624 1113.45 210.634 1.65899259895 0.67100002593 1.19199543627 7.93275762701 0.764225266588 11.5165567497 0.00692802392802 0.00015956
pedestrian -1 -1 -10 269.29 234.77 298.677 280.248 0.97599568367 0.912999488092 1.1179958324 -4.54487529911 1.40212424261 10.2211085081 0.00692802392802 0.0001266
pedestrian -1 -1 -10 304.13 250.5 323.508 286.409 1.05799533427 1.14899843552 1.18499525465 -4.51761490342 1.37806854602 11.077865004 0.00692802392802 8.1843e-05
pedestrian -1 -1 -10 895.25 209.73 938.305 274.924 0.953995707631 0.912998534418 0.657997283145 4.24332596041 1.40706737446 10.064238639 0.00692802392802 5.0964e-05
pedestrian -1 -1 -10 366.57 207.81 398.947 280.218 1.01299551874 1.17499844079 0.689997466251 -3.54094278417 1.37785652164 10.657114159 0.00692802392802 4.8585e-05
pedestrian -1 -1 -10 295.67 209.55 331.107 282.273 0.219999021292 0.156999481618 0.168999514173 -7.70469311737 1.50303032117 18.7987675632 0.00692802392802 4.4753e-05
pedestrian -1 -1 -10 497.74 99.928 537.92 221.328 0.867996115237 1.18399921289 0.368998572433 -1.98796281828 -0.137255839616 17.4963457415 0.00692802392802 1.8178e-06
