pedestrian -1 -1 -10 814.49 169.18 825.754 191.934 0.331963542462 0.560939370273 0.319000146491 13.9948434279 0.481249864965 46.7429462234 0.00753464155925 0.3206
pedestrian -1 -1 -10 83.081 197.1 101.386 245.59 1.39784650782 0.747919160363 0.57199937477 -13.8508906516 1.49549444843 18.99227474 0.00753464155925 0.0039264
pedestrian -1 -1 -10 89.285 194.54 112.006 240.026 0.427953077786 0.106988629815 0.612001231726 -16.2689222558 1.54026292688 23.7308041832 0.00753464155925 0.00093072
pedestrian -1 -1 -10 456.86 154.34 478.029 208.066 0.100988898159 0.276970083794 0.268999971062 -12.1594487585 0.489588726309 65.6647645281 0.00753464155925 0.0008895
pedestrian -1 -1 -10 72.171 192.37 98.521 251.622 1.24086373615 1.15687284683 0.318000696113 -17.7125095831 0.530716241576 24.5927589966 0.00753464155925 0.00065781
pedestrian -1 -1 -10 925.72 111.01 978.245 212.89 1.9377872231 0.917898707203 0.660999095756 10.8756555928 1.02007779921 22.4324992332 0.00753464155925 0.00051212
pedestrian -1 -1 -10 336.98 171.69 353.899 211.972 1.06688284493 1.16987000386 0.31599988801 -13.8406235032 0.632264179351 38.6332358242 0.00753464155925 0.00026317
pedestrian -1 -1 -10 1159.0 86.392 1189.98 201.152 1.71081217754 1.18287097517 0.510999523142 16.3211007266 0.719029508977 20.4954842761 0.00753464155925 0.00018281
pedestrian -1 -1 -10 912.46 135.61 932.755 182.932 0.819909984468 0.611932471468 0.389999270265 17.0382481427 0.353362420323 38.9129397291 0.00753464155925 0.0001717
pedestrian -1 -1 -10 1150.2 92.302 1179.83 199.852 1.72881017816 1.19286820146 0.527000265925 16.332370517 0.734447010172 20.929364238 0.00753464155925 0.00015678
pedestrian -1 -1 -10 332.98 177.01 360.957 223.3 0.234974189402 0.191980310374 0.01200008025 -9.09063856286 0.807492960212 25.2648547989 0.00753464155925 2.5609e-05
