pedestrian -1 -1 -10 1094.1 137.32 1130.81 253.39 2.02277789915 0.925898681443 1.19899951472 3.54521250164 1.48269218384 5.21513102158 0.00753464155925 0.00030439
pedestrian -1 -1 -10 1124.5 77.069 1160.83 200.729 1.67481608689 0.937896974057 1.19899951472 3.79403357422 1.12743142862 5.20793873205 0.00753464155925 0.00025825
pedestrian -1 -1 -10 1021.7 242.99 1061.66 353.84 2.04077592957 1.01788861112 1.19499956744 3.12317942643 1.50286330197 5.34416286555 0.00753464155925 0.00015172
pedestrian -1 -1 -10 1144.1 86.058 1179.43 211.558 1.72681042349 0.937896974057 1.1979995875 3.92554584936 1.17933002357 5.20656435698 0.00753464155925 0.00013063
pedestrian -1 -1 -10 1134.0 66.776 1170.63 182.476 1.54982981086 1.0188884291 1.19799934908 3.94779572373 1.00293289665 5.24820388051 0.00753464155925 0.00012298
pedestrian -1 -1 -10 1167.0 106.06 1204.17 233.77 1.9117900548 0.811910848943 1.1979995875 3.96012710543 1.36335161607 5.14194005302 0.00753464155925 0.00010919
pedestrian -1 -1 -10 1085.1 153.04 1120.88 264.88 2.03177685476 0.854906359824 1.19799934908 3.44169186091 1.49171468656 5.21234359834 0.00753464155925 0.00010805
pedestrian -1 -1 -10 50.227 176.54 83.324 308.04 1.38384807241 1.0928797279 0.741999399024 -8.34905558888 1.47929986772 11.3744104238 0.00753464155925 7.18e-05
pedestrian -1 -1 -10 1176.8 72.544 1210.79 205.304 1.71981110335 0.777914653505 1.1979995875 4.00993859848 1.17108461908 5.12598777192 0.00753464155925 7.1259e-05
pedestrian -1 -1 -10 1155.6 87.733 1191.48 210.483 1.75180765486 0.839907659683 1.19799982592 3.91018484665 1.20361285363 5.15749885306 0.00753464155925 6.1789e-05
pedestrian -1 -1 -10 895.25 68.272 931.006 189.402 1.54683011926 1.19686890375 0.813999880524 2.76953466287 1.00195598757 6.28121530662 0.00753464155925 5.7595e-05
pedestrian -1 -1 -10 1112.0 121.32 1150.62 245.58 1.98778168583 0.980892484937 1.19899951472 3.71129424032 1.44077571296 5.22774297188 0.00753464155925 5.6462e-05
pedestrian -1 -1 -10 1133.6 117.8 1171.19 242.9 1.93678728617 1.0188884291 1.19799934908 3.94791503621 1.38989037196 5.2453386198 0.00753464155925 5.3442e-05
pedestrian -1 -1 -10 1062.7 205.41 1098.52 323.85 2.02877719295 0.972892987481 1.19899975313 3.65430535242 1.48573683412 5.49284663441 0.00753464155925 5.0244e-05
pedestrian -1 -1 -10 101.1 146.96 142.84 242.785 0.81391063851 0.784914809759 0.644999783484 -6.67612581099 0.180870459709 9.52955408919 0.00753464155925 4.6062e-05
pedestrian -1 -1 -10 1154.3 182.18 1191.99 309.95 2.03377663923 0.74291864008 1.1979995875 3.81390907347 1.48493381494 5.10764014001 0.00753464155925 4.4157e-05
pedestrian -1 -1 -10 38.294 176.48 73.077 304.81 1.2018680284 0.576936458044 0.730999722826 -8.35724595314 1.5398196837 11.002177688 0.00753464155925 4.3561e-05
pedestrian -1 -1 -10 1072.7 184.7 1110.91 296.26 2.03377672863 0.858905631766 1.1979995875 3.36970969638 1.49379658447 5.2148700815 0.00753464155925 4.1513e-05
pedestrian -1 -1 -10 1166.0 168.96 1203.0 304.4 2.03377663923 0.823909618342 1.19899951472 3.96670974069 1.48542228358 5.14698710234 0.00753464155925 3.8545e-05
pedestrian -1 -1 -10 1101.6 151.71 1141.84 273.79 2.02677746808 0.923898568687 1.19899975313 3.60220214366 1.48263587869 5.21373175241 0.00753464155925 3.4187e-05
pedestrian -1 -1 -10 875.58 74.796 913.518 201.536 1.5598287332 1.19686890375 0.777999878193 2.75274087752 1.01133674963 6.4413211104 0.00753464155925 3.2584e-05
pedestrian -1 -1 -10 1091.3 182.09 1129.91 306.04 2.02277789915 0.869904583179 1.19699966029 3.5062437177 1.48277978793 5.21942384646 0.00753464155925 2.5628e-05
pedestrian -1 -1 -10 1133.2 180.42 1172.35 306.1 2.04077595937 0.763916248135 1.19899975313 3.68649404537 1.49218138985 5.11904610171 0.00753464155925 2.4844e-05
pedestrian -1 -1 -10 1097.7 103.88 1130.38 216.11 1.84479746878 0.858905631766 1.19799982592 3.53564668677 1.30469646445 5.21502044587 0.00753464155925 2.4087e-05
pedestrian -1 -1 -10 857.41 78.766 893.36 207.516 1.58482596457 1.19686890375 0.630999848805 2.68012456643 1.03810458589 6.55767319118 0.00753464155925 2.2874e-05
pedestrian -1 -1 -10 5.3236 164.43 40.5536 286.57 2.18875971209 1.19586956255 1.13900006714 -6.50711402453 1.70894355175 7.98712446527 0.00753464155925 2.0186e-05
pedestrian -1 -1 -10 1144.3 150.21 1182.21 274.98 2.03377663923 0.861905562508 1.1979995875 3.84135650907 1.48579490486 5.16692877053 0.00753464155925 1.9205e-05
pedestrian -1 -1 -10 1166.1 42.171 1202.2 173.061 1.49983528853 1.11987719743 1.19699942187 4.17828499485 0.952792752032 5.24833928191 0.00753464155925 1.9115e-05
pedestrian -1 -1 -10 57.833 203.26 93.305 319.39 1.33485342741 0.800912851101 0.616999437289 -8.2994699255 1.50044056209 11.1153256603 0.00753464155925 1.8654e-05
pedestrian -1 -1 -10 815.33 118.84 850.362 226.02 1.85779602313 1.18087038563 0.684999971511 2.71793970159 1.28919764714 7.98388832014 0.00753464155925 1.5612e-05
pedestrian -1 -1 -10 1043.6 211.69 1078.61 325.16 2.02777734542 1.02188788306 1.19899951472 3.25282514212 1.48908915368 5.29728736279 0.00753464155925 1.4062e-05
pedestrian -1 -1 -10 864.95 98.198 904.274 228.188 1.78080442536 1.19386897301 0.738999855799 2.7348050023 1.23526493589 6.6383043687 0.00753464155925 1.3263e-05
pedestrian -1 -1 -10 27.476 168.02 63.021 295.1 1.33485342741 0.914899730031 0.706999562326 -8.36803877445 1.50133453659 11.1728366253 0.00753464155925 1.1215e-05
pedestrian -1 -1 -10 1123.5 139.65 1160.91 267.97 2.02977712989 0.814910779685 1.1979995875 3.65618358324 1.48158223103 5.14485356154 0.00753464155925 1.0641e-05
pedestrian -1 -1 -10 1112.9 177.14 1151.65 306.93 2.02977718949 0.754917409478 1.19899975313 3.55357291561 1.49241884758 5.12946404005 0.00753464155925 1.0187e-05
pedestrian -1 -1 -10 346.44 193.62 364.072 245.678 0.0999890208244 0.0 0.0 -15.3692016877 2.17624887206 43.6824386672 0.0 9.8866e-06
pedestrian -1 -1 -10 59.646 74.558 95.098 192.828 0.332963419797 1.00089075179 0.650999823609 -5.41845189644 -0.261716882361 6.97571860988 0.00753464155925 9.8717e-06
pedestrian -1 -1 -10 79.392 82.965 111.443 189.195 0.329963728194 1.03888574239 1.19099962016 -5.20766418782 -0.260376169521 7.3451393219 0.00753464155925 9.6408e-06
pedestrian -1 -1 -10 51.57 118.43 86.259 216.666 0.854906138181 1.18087038563 1.03399960337 -6.85320730713 0.216886152093 9.18561122963 0.00753464155925 8.7608e-06
pedestrian -1 -1 -10 1122.5 196.36 1161.84 331.15 2.02977712989 0.856905995795 1.19899975313 3.68684097294 1.48187087569 5.16562109757 0.00753464155925 8.5595e-06
pedestrian -1 -1 -10 1150.5 221.67 1193.97 361.96 2.03377663923 0.822909800356 1.19899975313 3.86370911453 1.48548987428 5.14726215645 0.00753464155925 8.4167e-06
pedestrian -1 -1 -10 1050.8 221.43 1089.83 344.56 2.03777623797 0.92089911473 1.19899951472 3.25244777164 1.49834052171 5.24672037424 0.00753464155925 6.853e-06
pedestrian -1 -1 -10 808.26 126.45 837.706 218.875 1.78980352997 0.87090487795 0.618999768555 2.71807347304 1.22544012608 8.27036762907 0.00753464155925 6.6152e-06
pedestrian -1 -1 -10 1105.6 72.445 1141.5 175.345 1.57382722449 1.10887824602 1.19899951472 3.7556476525 1.02773657405 5.29446815035 0.00753464155925 6.1591e-06
pedestrian -1 -1 -10 823.06 90.57 861.849 217.39 1.70081325519 1.19886853972 0.649999896394 2.69828354096 1.13008273791 7.70519141156 0.00753464155925 5.2382e-06
pedestrian -1 -1 -10 18.463 152.5 53.771 278.87 1.13387547565 1.0788822761 0.93399972935 -11.2987520136 0.791936930941 14.4043753581 0.00753464155925 2.9715e-06
pedestrian -1 -1 -10 1175.2 186.55 1213.3 335.93 2.04977491498 0.905900891374 1.19899975313 4.04665239504 1.50124389134 5.13826770438 0.00753464155925 2.7533e-06
pedestrian -1 -1 -10 883.89 113.94 923.719 232.25 1.90579079079 1.19386897301 0.777999878193 2.75251353219 1.35863988273 6.39423605225 0.00753464155925 2.2063e-06
pedestrian -1 -1 -10 89.835 216.11 123.638 322.84 0.583935878992 0.278969719765 0.29199972751 -11.0498221249 1.0715771302 15.8024837355 0.00753464155925 1.3937e-06
pedestrian -1 -1 -10 1101.1 207.21 1140.18 345.04 2.02677746808 0.915899548016 1.19899975313 3.58217260035 1.48259123094 5.20988283126 0.00753464155925 6.7809e-07
pedestrian -1 -1 -10 1132.3 217.72 1174.41 357.31 2.02977712989 0.839907659683 1.19899975313 3.74577526262 1.48170209672 5.15667826704 0.00753464155925 3.9363e-07
pedestrian -1 -1 -10 1111.6 221.39 1153.33 360.43 2.02977712989 0.918899001973 1.1979995875 3.66257520683 1.4823475892 5.19680105376 0.00753464155925 2.4077e-07
pedestrian -1 -1 -10 1080.3 215.48 1120.87 359.04 2.02277789915 1.09487984065 1.19899951472 3.56484861166 1.48392915842 5.29947625048 0.00753464155925 1.6167e-07
