pedestrian -1 -1 -10 446.95 184.9 480.2 263.691 2.13476562082 0.67192631846 0.815999734954 -2.84295621594 1.4464607216 14.8619538975 0.00753464155925 0.00012967
pedestrian -1 -1 -10 1094.8 211.11 1131.86 308.757 0.329963787792 0.440951676289 0.886999812402 5.24097691328 0.852352150877 7.41596091696 0.00753464155925 6.3146e-05
pedestrian -1 -1 -10 1112.3 226.26 1150.09 339.66 0.559938524961 1.19286915503 1.14599979606 3.4988584877 0.897992249699 4.82175391681 0.00753464155925 5.3908e-05
pedestrian -1 -1 -10 1172.8 97.774 1210.55 190.815 1.45484027207 1.19886806294 0.864999506331 5.75250054695 0.837803971739 7.27362811281 0.00753464155925 3.5398e-05
pedestrian -1 -1 -10 1167.0 205.65 1203.09 306.09 1.45484027207 1.19786872174 0.907999714421 5.73117056099 0.838152681993 7.29628680995 0.00753464155925 1.4519e-05
pedestrian -1 -1 -10 1136.8 213.18 1174.72 332.31 0.56193830943 1.1878700651 1.12599982126 3.53440739298 0.872147959609 4.63135717205 0.00753464155925 1.3436e-05
pedestrian -1 -1 -10 1125.5 242.58 1162.23 350.42 0.626931170582 1.17887074966 1.10199966076 3.28465683431 0.952803700048 4.39499328923 0.00753464155925 9.8674e-06
pedestrian -1 -1 -10 1154.1 232.23 1193.37 348.15 0.60293381655 1.19286915503 1.06799975127 3.49474652751 0.863941837551 4.41355090712 0.00753464155925 9.8576e-06
pedestrian -1 -1 -10 1080.6 221.84 1123.81 350.31 0.565937878368 1.19386897301 1.14099968315 3.40541414767 0.943076856176 4.95835390715 0.00753464155925 7.6922e-06
pedestrian -1 -1 -10 1175.0 215.51 1211.25 345.86 0.646928955675 1.1938694498 1.16499960523 3.54293050371 0.833354696823 4.37646126413 0.00753464155925 7.0808e-06
pedestrian -1 -1 -10 1062.8 209.77 1102.58 333.99 0.570937265043 1.19886853972 1.19299971301 3.56008663752 1.00811752185 5.43982931264 0.00753464155925 2.248e-06
pedestrian -1 -1 -10 1052.0 218.69 1089.92 339.88 0.347961758617 0.666927228532 0.860999559054 3.82898844254 0.844760506809 5.69660659239 0.00753464155925 1.4146e-06
pedestrian -1 -1 -10 1033.3 226.71 1067.12 341.75 0.519942924975 1.17587081891 1.18599950725 3.40571942916 1.04936544985 5.58452426233 0.00753464155925 7.5038e-07
