pedestrian -1 -1 -10 1116.0 152.12 1131.2 194.483 0.102988712428 0.0609941417626 0.34000004851 37.4550312303 -0.510219084514 51.8808922067 0.00753464155931 0.00054901
pedestrian -1 -1 -10 1200.0 150.18 1228.14 222.531 1.94178673244 0.821910459155 0.726999060294 14.079636789 1.05131389474 16.3010826192 0.00753464155925 0.00044941
pedestrian -1 -1 -10 138.14 190.91 151.844 234.436 0.334963234065 0.236973550086 1.10099949512 -15.6598186716 -0.347644837178 24.5185818712 0.00753464155925 0.0004493
pedestrian -1 -1 -10 528.72 130.37 544.909 183.768 1.59882445586 1.16087402591 0.998999528255 -2.43042081926 0.68519114053 26.3432316561 0.00753464155925 0.00040222
pedestrian -1 -1 -10 342.93 142.04 355.383 185.409 1.75480734646 1.03188844684 1.19099914332 -8.22835944582 1.03657592483 23.2899439654 0.00753464155925 0.0003265
pedestrian -1 -1 -10 346.1 140.07 359.736 190.868 1.75480734646 1.06988439101 1.17900001675 -8.18821748682 1.03682805003 23.3086404469 0.00753464155925 0.00020491
pedestrian -1 -1 -10 709.41 162.78 738.389 241.669 1.99578082371 0.832907026643 1.16399967802 5.00528120721 0.996394201936 30.5841297966 0.00753464155925 0.00015759
pedestrian -1 -1 -10 103.02 116.72 141.997 221.91 2.0937701137 0.332963705273 1.12099994677 -16.4506701525 1.06434606566 24.6226696787 0.00753464155925 3.6987e-05
pedestrian -1 -1 -10 587.23 153.64 607.102 206.519 2.08677091276 0.811911325728 0.955999707595 -0.446698424603 1.17381617411 26.8732394798 0.00753464155925 1.651e-05
pedestrian -1 -1 -10 382.09 148.08 413.279 214.23 1.85279657686 1.12787669489 1.14599955764 -6.76093239659 1.1563461702 23.2678387642 0.00753464155925 1.4272e-05
pedestrian -1 -1 -10 903.75 178.74 918.557 221.502 0.808911199687 0.72792089351 0.95299977694 8.65236985835 1.31238645986 20.4592954033 0.00753464155925 5.9618e-06
pedestrian -1 -1 -10 898.46 167.79 928.256 220.08 0.832908523919 0.780914584247 0.785999057492 9.59218105247 1.10833193052 21.8471042184 0.00753464155925 3.894e-06
