pedestrian -1 -1 -10 1011.6 138.83 1076.72 290.5 1.73599221706 0.699999334891 0.851997037227 5.4084639931 1.35961445194 8.52211892603 0.00692802392802 0.79086
pedestrian -1 -1 -10 1004.1 123.43 1117.78 302.62 2.25798989832 0.693999773832 1.18799574121 7.42594619391 1.3715642384 11.567927335 0.00692802392802 0.076194
pedestrian -1 -1 -10 766.42 162.0 781.938 233.435 0.761996594071 0.0880011915842 0.705997438595 4.08925897363 0.748828501926 17.6363392669 0.00692802392802 0.037047
pedestrian -1 -1 -10 891.07 224.77 918.59 281.17 1.17899472564 1.14199942446 0.56499793563 4.28189240595 1.39639820298 10.5553407039 0.00692802392802 0.034753
pedestrian -1 -1 -10 999.8 155.67 1052.77 276.4 1.73599221706 0.699999334891 0.682997523054 5.32396626577 1.35984681329 8.52270460796 0.00692802392802 0.017471
pedestrian -1 -1 -10 1001.4 217.0 1015.51 255.919 0.985995569825 1.0599987476 0.293999044794 5.52665753017 1.41130888666 10.2558388276 0.00692802392802 0.011907
pedestrian -1 -1 -10 899.66 227.4 925.214 276.689 0.945995786786 1.0589992976 0.63699769197 4.24348159277 1.39695599435 10.1612324917 0.00692802392802 0.0058124
pedestrian -1 -1 -10 362.54 238.03 386.932 281.013 0.973995658755 0.950999569152 0.670997484191 -3.49748953794 1.3880883854 10.3498399522 0.00692802392802 0.0036966
pedestrian -1 -1 -10 637.97 210.29 661.869 270.931 2.26598987877 1.1489993892 0.780997025839 1.08393210791 1.44165511393 12.7914712608 0.00692802392802 0.0021234
pedestrian -1 -1 -10 351.71 221.72 378.657 280.594 0.977995589376 0.735999562265 0.628997586589 -3.51922822336 1.3922710833 10.2424903706 0.00692802392802 0.0016721
pedestrian -1 -1 -10 908.86 229.99 937.214 275.656 2.17299024016 0.917000149138 1.19699553193 5.48778082503 1.39854718685 11.8849432035 0.00692802392802 0.001169
pedestrian -1 -1 -10 1005.9 212.12 1023.79 265.493 1.70899238735 0.699999334891 0.639997940104 5.30242976012 1.33290610471 8.522838184 0.00692802392802 0.00073252
pedestrian -1 -1 -10 887.27 244.81 904.5 283.885 0.945995786786 0.81499998175 0.63699769197 4.24263638298 1.39709787785 10.0392357616 0.00692802392802 0.00072944
pedestrian -1 -1 -10 296.07 216.25 327.538 281.515 1.0569952324 0.88899933651 1.17499577858 -4.65036473521 1.32220223823 11.2807254465 0.00692802392802 0.00064397
pedestrian -1 -1 -10 662.89 210.71 681.395 258.501 2.06399075985 0.411999423251 1.1909955125 1.42252481319 1.16973173298 14.5304700061 0.00692802392802 0.00054543
pedestrian -1 -1 -10 268.24 196.07 289.048 242.657 1.31599411517 0.750999895422 0.932996584297 -6.34227240591 1.16707366832 13.7221759729 0.00692802392802 0.00052102
pedestrian -1 -1 -10 648.96 191.42 661.475 239.671 1.47399343848 1.19099917763 0.887996736584 1.13941648371 1.44135797321 12.9205499552 0.00692802392802 0.00041055
pedestrian -1 -1 -10 659.39 204.68 673.947 255.984 2.26598987877 1.15099924288 1.0479961024 1.21681184908 1.44139151636 12.7015479243 0.00692802392802 0.00040425
pedestrian -1 -1 -10 659.11 195.91 671.146 240.911 2.26598987877 1.1489993892 1.03299617303 1.20992865489 1.44130863446 12.7905979367 0.00692802392802 0.0003737
pedestrian -1 -1 -10 993.24 213.7 1020.82 276.179 2.25298998505 1.14699858184 1.1979954557 6.72272598073 1.37137281057 11.6823046579 0.00692802392802 0.00035837
pedestrian -1 -1 -10 651.95 206.6 678.525 267.722 2.26598987877 1.15399854657 1.0479961024 1.21789607777 1.44120950929 12.858044402 0.00692802392802 0.00034781
pedestrian -1 -1 -10 362.13 216.7 396.114 278.672 0.973995658755 1.16899983341 0.670997484191 -3.49673438846 1.38796162013 10.4588374685 0.00692802392802 0.00031506
pedestrian -1 -1 -10 917.95 227.22 944.605 273.882 2.25098990053 1.02799918128 1.1939952838 5.54278725975 1.39845911585 11.8290157288 0.00692802392802 0.00027507
pedestrian -1 -1 -10 881.92 203.57 912.573 278.79 1.17899472564 1.14999979288 0.64099786387 4.24386564147 1.39650734919 10.5516039998 0.00692802392802 0.00026138
pedestrian -1 -1 -10 651.4 194.85 667.253 243.545 2.25898994058 0.796999391227 0.877996664462 1.1305782696 1.43483116221 12.5251373899 0.00692802392802 0.00017831
pedestrian -1 -1 -10 318.62 222.54 349.076 285.359 1.06899526268 1.17899910184 1.1669956732 -4.08935359593 1.39218027035 10.8219014653 0.00692802392802 0.00011226
pedestrian -1 -1 -10 476.97 92.802 531.247 225.922 1.3369940117 1.16400067603 0.319998970052 -2.27639159764 0.360636400003 16.5376271437 0.00692802392802 0.00010326
pedestrian -1 -1 -10 300.45 210.65 317.35 277.252 1.0569952324 0.778999754377 1.03899565602 -4.76698055162 1.32246000552 11.3365348619 0.00692802392802 5.9681e-05
pedestrian -1 -1 -10 767.24 162.16 795.327 251.002 2.18699023575 1.00899914075 1.03899613286 3.2376640678 1.33623468914 12.3374627631 0.00692802392802 5.3896e-05
pedestrian -1 -1 -10 895.63 210.73 940.16 274.714 2.23499005884 1.12899894499 1.1949956844 5.25141608426 1.38540285887 11.7065251605 0.00692802392802 2.7675e-05
pedestrian -1 -1 -10 986.73 226.04 1018.83 296.465 2.11599057317 1.13199920235 1.19599560817 6.33030691031 1.40106281916 11.1516247047 0.00692802392802 2.4371e-05
pedestrian -1 -1 -10 997.49 180.41 1034.82 283.87 1.73599221706 0.699999334891 0.682997523054 5.32396626577 1.35984681329 8.52270460796 0.00692802392802 1.8365e-05
pedestrian -1 -1 -10 698.29 173.52 709.239 222.537 1.38599377275 0.978998474433 0.597997684875 1.56923544915 1.43105499427 13.0236143399 0.00692802392802 1.5972e-05
pedestrian -1 -1 -10 1047.3 67.271 1106.22 270.951 1.74899217039 0.636999652243 1.17399585481 7.64596479543 0.857002434994 11.5285997305 0.00692802392802 8.3275e-06
pedestrian -1 -1 -10 1034.7 86.576 1089.98 242.816 1.72899227887 0.66999962225 1.1939952838 7.41513413774 0.842608072509 11.5556942956 0.00692802392802 1.0577e-06
