pedestrian -1 -1 -10 810.7 205.34 830.768 257.376 1.2018680135 1.19086951905 0.284999998589 3.73975243273 1.42744425942 12.5619207823 0.00753464155925 0.04837
pedestrian -1 -1 -10 800.92 203.29 821.571 252.38 1.195868675 1.17487147771 0.16399998413 3.65588054426 1.43462796995 13.0434687725 0.00753464155925 0.0084709
pedestrian -1 -1 -10 35.627 107.77 72.319 223.2 1.35085165846 0.47194841777 1.19699918345 -11.1732193774 0.549337796176 14.5751502439 0.00753464155925 0.0036322
pedestrian -1 -1 -10 258.19 193.9 271.865 242.95 1.86479522407 1.17586986534 1.12899936448 -8.73718524761 1.05645053872 18.5336407509 0.00753464155925 0.0014391
pedestrian -1 -1 -10 815.07 200.08 845.102 274.695 1.20086819577 1.16187241354 0.248999996257 3.75418438963 1.4194223605 12.0883582899 0.00753464155925 0.00022397
pedestrian -1 -1 -10 0.0 205.9 41.046 302.92 1.42384366494 0.859905449752 1.19299947459 -9.66006538353 1.55297739326 11.8380568088 0.00753464155925 7.9691e-05
pedestrian -1 -1 -10 729.89 135.59 760.629 233.017 2.21275700653 1.17586986534 0.796999687364 3.65735629255 1.44699945874 18.0059851385 0.00753464155925 6.3211e-05
pedestrian -1 -1 -10 688.21 162.54 705.342 218.777 1.74580833125 0.591936111754 0.337999717243 3.19263810141 1.4740959854 24.0674652515 0.00753464155925 4.3084e-05
pedestrian -1 -1 -10 0.0 192.35 67.048 327.38 1.53183183072 0.85790676735 1.17400038068 -9.48446941349 1.55111630142 11.8555627733 0.00753464155925 9.3586e-06
pedestrian -1 -1 -10 712.13 115.73 748.964 207.161 1.89979140758 1.10087922535 0.706999800745 3.51777699884 1.11887858915 19.2752525466 0.00753464155925 8.9248e-06
