pedestrian -1 -1 -10 641.17 165.29 651.013 197.644 0.0999890208244 0.118982631364 0.4039999202 3.63401959223 0.761986578366 63.7134688617 0.00753464155925 0.038403
pedestrian -1 -1 -10 247.6 124.52 282.403 192.582 1.41884421122 0.692924880085 1.12399925157 -11.4757730563 0.660968722936 24.3971354786 0.00753464155925 0.00091156
pedestrian -1 -1 -10 94.032 129.22 126.713 252.37 2.04677528298 1.18586995234 1.19700013712 -8.14490244305 1.34393348718 11.904355638 0.00753464155925 0.00043047
pedestrian -1 -1 -10 365.76 140.54 404.679 217.749 1.46983863324 0.301965056652 0.664999758288 -11.2690508844 0.576474485468 36.6643977997 0.00753464155925 4.0641e-05
pedestrian -1 -1 -10 107.58 122.0 145.816 244.58 1.98478205383 1.19186981382 1.15599930663 -7.7762380789 1.28111760394 11.6620160136 0.00753464155925 2.1776e-05
pedestrian -1 -1 -10 46.949 123.72 82.196 254.73 1.5048347348 0.883902988549 0.907000264043 -9.29420047675 0.884239636266 12.5518967519 0.00753464155925 2.0098e-05
pedestrian -1 -1 -10 58.358 114.74 91.71 236.26 2.0127789768 1.18686929354 1.19099962016 -8.65402505918 1.30809407178 11.7589501813 0.00753464155925 1.0239e-05
pedestrian -1 -1 -10 81.779 128.74 116.484 256.85 2.08277134382 1.1938694498 1.18799936168 -8.147560771 1.37566680011 11.6161329542 0.00753464155925 6.1474e-06
pedestrian -1 -1 -10 29.897 118.27 66.21 232.07 2.01177909946 1.19286915503 0.788999315973 -8.58486241914 1.3025972148 10.850377751 0.00753464155925 4.7906e-06
pedestrian -1 -1 -10 69.455 124.11 104.14 251.6 2.0127789768 1.17787140845 1.19599973307 -8.54837885798 1.31027536995 11.9106430621 0.00753464155925 4.745e-06
pedestrian -1 -1 -10 153.16 135.12 183.8 245.4 2.0127790364 1.18387031637 1.13199914613 -7.50519828912 1.30484012029 12.3299218762 0.00753464155925 3.9283e-06
pedestrian -1 -1 -10 118.1 147.47 155.409 256.5 2.01477879107 1.18886988308 1.19399940181 -8.0757331758 1.30813635628 12.3936951645 0.00753464155925 8.988e-07
pedestrian -1 -1 -10 140.66 149.62 174.007 257.99 2.01477879107 1.19086951905 1.17099964536 -7.69847746248 1.30740263639 12.3598595485 0.00753464155925 4.4775e-07
pedestrian -1 -1 -10 130.2 113.71 166.895 239.09 1.99878051531 1.19786872174 1.18999969295 -7.8959353043 1.29059932566 12.499996063 0.00753464155925 8.3595e-08
