pedestrian -1 -1 -10 488.74 172.69 505.266 224.257 0.112987604974 0.484947481939 0.518000444156 -9.09746376967 2.63467315863 61.2574232867 0.00753464155925 0.00086011
pedestrian -1 -1 -10 1140.5 166.65 1171.93 246.185 1.48683676398 1.18986970107 0.653999843672 3.13311434392 1.50775268717 3.77970002096 0.00753464155925 0.00076853
pedestrian -1 -1 -10 357.89 174.27 397.561 258.053 2.87968377114 1.18187163397 0.638999743359 -5.81798139701 2.10421215779 18.0985904188 0.00753464155925 0.0007119
pedestrian -1 -1 -10 489.73 148.12 509.922 222.418 0.0999890208244 0.121988283525 0.378999594067 -8.88888337479 0.735164436606 61.5834176305 0.00753464155925 0.000592
pedestrian -1 -1 -10 767.85 171.72 802.516 237.214 2.25075282205 1.19686938054 0.63699988893 3.12214990064 1.59718125142 12.1197634981 0.00753464155925 0.00031085
pedestrian -1 -1 -10 482.77 144.99 505.876 201.63 0.388957295536 0.0299954931412 0.606999211468 -9.096804364 0.716946104708 60.414230813 0.00753464155925 0.00026664
pedestrian -1 -1 -10 480.86 185.1 493.706 237.501 0.63293049419 0.139984053698 0.857000088614 -7.9277819149 1.97181856277 47.2778406478 0.00753464155925 0.00022565
pedestrian -1 -1 -10 780.96 184.4 796.044 233.84 2.24675325311 1.19686938054 0.63699988893 3.12083272705 1.59459081278 11.9447578291 0.00753464155925 0.00021503
pedestrian -1 -1 -10 1087.3 53.7 1117.17 162.64 1.49883544099 1.19586908577 1.19599949465 3.70706317327 0.953623833713 5.41989353439 0.00753464155925 9.3698e-05
pedestrian -1 -1 -10 1188.7 269.06 1216.56 354.588 1.96778393054 1.19186933704 1.19499980586 4.09455719374 1.40713115741 4.99767363967 0.00753464155925 5.135e-05
pedestrian -1 -1 -10 481.7 126.59 521.074 228.8 0.387957388402 0.155981141469 0.575000586925 -8.32820560314 -0.76714244462 59.4382659585 0.00753464155925 4.2026e-05
pedestrian -1 -1 -10 756.09 160.01 788.668 238.497 2.28874869716 1.19586908577 0.63699988893 3.12680322003 1.6273195087 12.7371485425 0.00753464155925 2.279e-05
pedestrian -1 -1 -10 1129.3 82.29 1166.58 173.197 1.59382503938 1.14287491825 1.19799982592 4.06214104909 1.03948176979 5.42515118457 0.00753464155925 2.1467e-05
pedestrian -1 -1 -10 1091.4 82.439 1131.64 192.479 1.71781143808 1.19086951905 1.19699966029 3.72920454855 1.17174710895 5.3616106556 0.00753464155925 1.1612e-05
pedestrian -1 -1 -10 1179.8 217.05 1221.79 292.638 1.95378549885 1.1888694063 1.19199978579 4.48662367077 1.38690470199 5.47148111004 0.00753464155925 5.3184e-06
pedestrian -1 -1 -10 353.17 245.04 393.441 341.715 0.181980035065 1.19287010859 0.88899990525 -4.30995290775 2.02187510816 13.1893044539 0.00753464155925 1.2291e-06
pedestrian -1 -1 -10 478.13 119.83 504.169 196.391 0.0999890208244 0.0 0.0 -8.65396427448 -0.998249424334 55.0274035811 0.0 7.2066e-07
