pedestrian -1 -1 -10 972.64 243.42 1006.28 348.9 2.02277792894 1.19786872174 0.388999819887 2.93277526042 1.48614343688 5.55774120786 0.00753464155925 0.18098
pedestrian -1 -1 -10 1118.8 58.335 1150.77 147.81 1.54483036459 1.19786919852 0.478999706506 3.20726817403 1.022571168 4.31482618946 0.00753464155925 0.024641
pedestrian -1 -1 -10 977.28 252.39 1001.99 297.321 2.02277792894 1.19686890375 0.642999690636 2.79919727173 1.48706253379 5.61424153258 0.00753464155925 0.023414
pedestrian -1 -1 -10 1173.8 108.6 1189.04 171.53 1.75380743933 1.19886853972 0.480999799354 3.24563552974 1.23421080695 3.95440130699 0.00753464155925 0.017831
pedestrian -1 -1 -10 1016.1 268.25 1049.48 333.421 2.00877940786 1.19786872174 0.373999957993 2.96507638949 1.47779635819 5.26547719456 0.00753464155925 0.017202
pedestrian -1 -1 -10 981.43 253.5 1020.03 344.534 2.0187783898 1.19886853972 0.353999983189 2.95602155326 1.48366097946 5.39104989369 0.00753464155925 0.016408
pedestrian -1 -1 -10 1170.4 203.65 1193.75 263.399 1.99878054511 1.19786872174 0.4729999048 3.24211428431 1.4799787573 4.0061100349 0.00753464155925 0.014832
pedestrian -1 -1 -10 970.69 254.25 996.595 321.129 2.02877719295 1.19686890375 0.672999891261 2.77659622148 1.48783339492 5.80047035781 0.00753464155925 0.011225
pedestrian -1 -1 -10 1173.6 99.53 1203.51 182.528 1.73380965423 1.19886853972 0.480999799354 3.24524699167 1.21645778471 3.90351187534 0.00753464155925 0.010462
pedestrian -1 -1 -10 1062.9 253.7 1102.12 369.87 2.00877937806 1.19786872174 0.382999779762 3.01122207151 1.48418728751 4.68595499301 0.00753464155925 0.010323
pedestrian -1 -1 -10 928.8 102.98 950.45 174.674 1.63882005584 1.19786872174 0.645999710699 2.75874269208 1.09933156042 6.17102067709 0.00753464155925 0.0088459
pedestrian -1 -1 -10 1165.6 192.78 1197.32 282.272 2.00078029978 1.19886853972 0.4729999048 3.24196799275 1.48168986315 3.98659789992 0.00753464155925 0.0076155
pedestrian -1 -1 -10 925.67 68.954 959.284 194.614 1.56082855094 1.19886853972 0.651999750824 2.76790847258 1.01974150948 6.06403792329 0.00753464155925 0.0066468
pedestrian -1 -1 -10 1043.1 241.11 1081.1 357.35 2.01377885413 1.19886853972 0.374999885208 2.99523520231 1.48616030664 4.95362032129 0.00753464155925 0.0063923
pedestrian -1 -1 -10 1164.7 82.403 1198.39 232.973 1.79580288338 1.19786872174 0.4729999048 3.2417880193 1.27648301066 3.97261798082 0.00753464155925 0.0063082
pedestrian -1 -1 -10 1112.5 118.57 1164.8 246.15 1.94278666937 1.19886877812 0.480999799354 3.20794263919 1.41964599858 4.25238030952 0.00753464155925 0.0061541
pedestrian -1 -1 -10 1165.9 94.91 1196.46 159.421 1.67481611669 1.19786872174 0.480999799354 3.24541337964 1.15782691012 3.92844545061 0.00753464155925 0.0059808
pedestrian -1 -1 -10 1032.8 252.47 1070.84 341.719 2.0157786088 1.19886853972 0.395999787227 2.97422601725 1.48913787769 5.01875836832 0.00753464155925 0.0057942
pedestrian -1 -1 -10 1118.9 64.784 1184.1 240.714 1.76880577815 1.19886877812 0.487999766694 3.22064644283 1.25018918558 4.15449182737 0.00753464155925 0.0055484
pedestrian -1 -1 -10 1125.9 52.489 1158.94 208.259 1.62682143842 1.19786872174 0.484999746631 3.2095783005 1.10415369793 4.21919477472 0.00753464155925 0.0043289
pedestrian -1 -1 -10 1030.2 268.03 1052.96 337.501 2.00677962339 1.19486926778 0.383999945395 2.96911630716 1.47590540299 5.1379425347 0.00753464155925 0.0038465
pedestrian -1 -1 -10 1156.4 67.898 1190.79 194.758 1.67981556296 1.19786872174 0.4729999048 3.24191799751 1.1608213426 3.99547362079 0.00753464155925 0.003746
pedestrian -1 -1 -10 1182.7 103.57 1200.78 160.621 1.71781137848 1.19786848335 0.480999799354 3.24514788757 1.20027447888 3.89113213156 0.00753464155925 0.0033799
pedestrian -1 -1 -10 1175.6 85.766 1196.99 136.117 1.59382503938 1.19586908577 0.4729999048 3.2416730065 1.07440154968 3.96711453955 0.00753464155925 0.0033112
pedestrian -1 -1 -10 856.16 114.23 876.456 180.453 1.6548183018 1.19586908577 0.592999992044 2.63510490965 1.08485332343 7.48446633744 0.00753464155925 0.0031733
pedestrian -1 -1 -10 1012.7 284.26 1040.09 339.992 2.01677854574 1.19786872174 0.376999978056 2.96601379405 1.48468421999 5.19041721357 0.00753464155925 0.0030494
pedestrian -1 -1 -10 843.81 167.04 870.613 240.924 2.08277128422 1.19386897301 0.301000026116 2.78997486182 1.50200938134 8.24439656803 0.00753464155925 0.0028883
pedestrian -1 -1 -10 1064.4 262.92 1082.32 326.035 2.01377885413 1.19686890375 0.375999812423 3.00861339412 1.48594393077 4.80450199537 0.00753464155925 0.0028381
pedestrian -1 -1 -10 1164.5 148.09 1190.27 213.366 1.98178245162 1.19886853972 0.4729999048 3.24199980464 1.46276602914 3.99173799595 0.00753464155925 0.0027737
pedestrian -1 -1 -10 929.47 140.77 949.58 205.464 1.94778611565 1.19586860898 0.635999723297 2.7543963535 1.39841264839 6.24392311606 0.00753464155925 0.0027646
pedestrian -1 -1 -10 1105.1 55.379 1135.97 148.413 1.51183399534 1.19586908577 0.461999751765 3.19936034754 0.989765311658 4.39513840149 0.00753464155925 0.0027084
pedestrian -1 -1 -10 1096.3 59.814 1124.57 141.548 1.51083411801 1.19686890375 0.461999751765 3.19985164987 0.986735306149 4.46068121501 0.00753464155925 0.002687
pedestrian -1 -1 -10 1157.4 178.32 1191.54 260.977 2.00178017712 1.19886877812 0.4729999048 3.24220123068 1.48214874062 4.01760104603 0.00753464155925 0.0023719
pedestrian -1 -1 -10 1138.9 95.496 1193.61 252.506 1.88979242564 1.19886853972 0.4729999048 3.22877677905 1.37037030607 4.09953920767 0.00753464155925 0.0023528
pedestrian -1 -1 -10 1176.4 151.69 1196.36 205.143 1.9637844212 1.19786896013 0.480999799354 3.24568897227 1.44416558494 3.95134671034 0.00753464155925 0.0019278
pedestrian -1 -1 -10 1136.7 55.332 1169.3 210.682 1.64381950212 1.19686914215 0.487999766694 3.22047229684 1.12493646286 4.13741965604 0.00753464155925 0.0017581
pedestrian -1 -1 -10 1118.2 171.21 1141.28 233.41 2.01477879107 1.19686842697 0.53699977649 3.17836489196 1.49244449237 4.30506549597 0.00753464155925 0.0016262
pedestrian -1 -1 -10 994.21 248.47 1014.96 303.81 2.01877830041 1.19786872174 0.402999754566 2.91904570189 1.48268688764 5.59387096572 0.00753464155925 0.0015373
pedestrian -1 -1 -10 1110.8 135.79 1143.85 251.88 1.98878156317 1.19786872174 0.474999759229 3.20567574096 1.46605683523 4.34756381649 0.00753464155925 0.0015049
pedestrian -1 -1 -10 1188.4 138.61 1213.37 227.742 1.97278337681 1.19786872174 0.480999799354 3.24502309269 1.45484680895 3.86224782331 0.00753464155925 0.0015042
pedestrian -1 -1 -10 1182.7 88.926 1205.18 142.347 1.62482153476 1.19886853972 0.480999799354 3.24526612281 1.10757328221 3.91131789148 0.00753464155925 0.0014378
pedestrian -1 -1 -10 1057.3 259.97 1086.21 342.52 2.01377885413 1.19586908577 0.375999812423 3.00863976391 1.48599574279 4.80800173576 0.00753464155925 0.0014046
pedestrian -1 -1 -10 1103.3 129.2 1129.23 197.491 1.87479411662 1.19886853972 0.463999844612 3.20093375316 1.35063536392 4.45397908181 0.00753464155925 0.0013474
pedestrian -1 -1 -10 1195.4 193.34 1210.07 261.062 1.99578082371 1.19786896013 0.480999799354 3.24479787238 1.47938516637 3.83105241748 0.00753464155925 0.0012888
pedestrian -1 -1 -10 1066.3 160.22 1093.77 213.149 2.01177906967 1.19786872174 0.382999779762 3.01141702414 1.48457215259 4.71197364132 0.00753464155925 0.0012711
pedestrian -1 -1 -10 1168.0 149.92 1198.66 241.301 2.00078029978 1.19886853972 0.480999799354 3.24571921328 1.48119846883 3.9535723643 0.00753464155925 0.0012407
pedestrian -1 -1 -10 919.37 110.58 948.146 215.85 1.83079897749 1.19586908577 0.645999710699 2.75903618357 1.28078536304 6.20175768666 0.00753464155925 0.0012039
pedestrian -1 -1 -10 991.3 245.99 1009.95 289.141 2.01977826714 1.19786872174 0.394999860012 2.93489467154 1.48440935974 5.44071245933 0.00753464155925 0.0011931
pedestrian -1 -1 -10 1166.8 221.97 1202.98 328.48 1.99878054511 1.19786896013 0.4729999048 3.24199374504 1.47974191874 3.99011232847 0.00753464155925 0.0011541
pedestrian -1 -1 -10 1136.8 86.662 1156.21 153.865 1.63082091797 1.19786896013 0.486999839479 3.2113094699 1.10961861773 4.18312556883 0.00753464155925 0.0011408
pedestrian -1 -1 -10 1176.4 239.95 1213.31 350.68 1.99578085351 1.19886853972 0.480999799354 3.24550857766 1.47878424624 3.92556894414 0.00753464155925 0.0010928
pedestrian -1 -1 -10 310.37 144.94 345.958 212.957 1.02188778377 1.14387473623 0.377000216474 -5.36264785731 0.618390471668 14.0748484181 0.00753464155925 0.0010847
pedestrian -1 -1 -10 327.04 158.71 341.202 210.566 1.02188778377 1.1828700216 0.377000216474 -5.36313378277 0.617435713186 14.0103574592 0.00753464155925 0.0010829
pedestrian -1 -1 -10 1176.5 150.38 1211.73 292.84 1.99778060818 1.19886877812 0.480999799354 3.24529071622 1.4803547298 3.89655821194 0.00753464155925 0.0010567
pedestrian -1 -1 -10 1180.2 144.76 1200.73 192.406 1.92878817809 1.19786872174 0.480999799354 3.24539374931 1.41160653898 3.91356667369 0.00753464155925 0.0010385
pedestrian -1 -1 -10 956.88 239.06 994.369 355.54 2.03277673209 1.19786872174 0.678999931386 2.75869163794 1.49000098988 5.94612280175 0.00753464155925 0.0010178
pedestrian -1 -1 -10 1002.2 264.85 1039.86 349.195 2.01677854574 1.19786872174 0.376999978056 2.96610419962 1.48486185112 5.20241564238 0.00753464155925 0.0010123
pedestrian -1 -1 -10 1071.0 160.93 1101.78 234.675 2.009779315 1.19786872174 0.382999779762 3.01140887435 1.48255759651 4.71098865908 0.00753464155925 0.0010074
pedestrian -1 -1 -10 1184.1 202.8 1199.85 267.009 1.99778060818 1.19686890375 0.480999799354 3.2453660527 1.4805027528 3.90655670396 0.00753464155925 0.00094111
pedestrian -1 -1 -10 1175.7 110.12 1206.52 252.87 1.92778836035 1.19686914215 0.480999799354 3.24527666837 1.41037728339 3.89807626531 0.00753464155925 0.00092994
pedestrian -1 -1 -10 1018.2 241.86 1060.59 356.1 2.00577974606 1.19186933704 0.383999945395 2.96877382797 1.47523188555 5.09244112818 0.00753464155925 0.00087934
pedestrian -1 -1 -10 864.52 113.71 882.529 188.908 1.64781910085 1.19186886025 0.608999781153 2.64229062295 1.0792493165 7.37642816862 0.00753464155925 0.00078538
pedestrian -1 -1 -10 846.96 113.21 880.42 213.194 1.89879147065 1.18786958831 0.401999827352 2.71813681593 1.3276393247 7.67607886753 0.00753464155925 0.00065554
pedestrian -1 -1 -10 316.51 174.66 330.598 208.713 1.01288876856 1.16187336711 0.377000216474 -5.36442859269 0.605898074886 13.8389480182 0.00753464155925 0.00064055
pedestrian -1 -1 -10 919.17 70.749 949.864 168.677 1.51483365715 1.19686890375 0.674999745691 2.71839114354 0.96372310933 6.33093638307 0.00753464155925 0.00060679
pedestrian -1 -1 -10 318.99 148.87 338.229 209.312 1.01288876856 1.1458743722 0.377000216474 -5.36448886546 0.60577964943 13.8309487478 0.00753464155925 0.00060344
pedestrian -1 -1 -10 855.89 164.63 875.026 240.131 2.07677196062 1.19786824495 0.311999940733 2.78298399565 1.49708273863 8.04645049572 0.00753464155925 0.00059072
pedestrian -1 -1 -10 331.76 159.73 348.022 212.089 1.02188778377 1.18586995234 0.377000216474 -5.36242937658 0.618819748068 14.1038447006 0.00753464155925 0.00055347
pedestrian -1 -1 -10 1187.0 232.66 1203.65 297.566 1.99778060818 1.19686890375 0.480999799354 3.24545645827 1.48068038393 3.91855513277 0.00753464155925 0.00047065
pedestrian -1 -1 -10 1035.4 260.55 1058.71 317.514 2.00577974606 1.19786872174 0.395999787227 2.9746455057 1.47497587543 5.07539837079 0.00753464155925 0.000423
pedestrian -1 -1 -10 847.85 186.38 867.135 251.119 2.08277128422 1.19786872174 0.301000026116 2.78973378329 1.50153570422 8.21240115518 0.00753464155925 0.0003935
pedestrian -1 -1 -10 1002.5 246.27 1017.33 293.03 2.01877830041 1.19786872174 0.38999998552 2.9331535539 1.48190660039 5.54176899694 0.00753464155925 0.00038341
pedestrian -1 -1 -10 930.43 122.58 960.399 212.621 1.86979464055 1.19886901651 0.645999710699 2.75898341914 1.33063920172 6.19180734026 0.00753464155925 0.00038092
pedestrian -1 -1 -10 838.45 164.81 857.501 228.35 2.08977060436 1.18987017785 0.301000026116 2.79109584778 1.50521488829 8.39341296546 0.00753464155925 0.00034255
pedestrian -1 -1 -10 988.64 122.7 1020.02 210.215 1.87479417622 1.19786872174 0.366999990654 2.96221014775 1.34014645491 5.35655741015 0.00753464155925 0.00032362
pedestrian -1 -1 -10 875.99 113.71 889.268 176.803 1.61382279468 1.19886806294 0.592999992044 2.63569119993 1.04503461017 7.5642586488 0.00753464155925 0.000315
pedestrian -1 -1 -10 845.97 137.31 881.558 260.2 2.08577097583 1.18986970107 0.681999951449 2.6751764722 1.52778620692 6.87371315089 0.00753464155925 0.00024403
pedestrian -1 -1 -10 995.84 240.81 1024.11 327.281 2.01877830041 1.19886853972 0.38999998552 2.93319499008 1.48198801524 5.54726831654 0.00753464155925 0.00023653
pedestrian -1 -1 -10 1067.4 146.64 1104.87 278.81 2.009779315 1.19886853972 0.37799990527 3.00895044405 1.4826408315 4.71650678769 0.00753464155925 0.00023159
pedestrian -1 -1 -10 910.68 125.54 936.933 211.001 1.8827932247 1.19686890375 0.662999903859 2.72430908845 1.33229332074 6.30215540769 0.00753464155925 0.00021396
pedestrian -1 -1 -10 1120.0 162.45 1134.55 223.722 2.01477879107 1.19786872174 0.53699977649 3.17839125995 1.49249630086 4.30856499798 0.00753464155925 0.00018607
pedestrian -1 -1 -10 1068.5 198.75 1089.51 261.633 2.00877937806 1.19686890375 0.382999779762 3.01131624368 1.48437231934 4.69845331662 0.00753464155925 0.0001815
pedestrian -1 -1 -10 1094.7 135.97 1133.03 266.92 2.00278008425 1.19886853972 0.463999844612 3.20106362126 1.47879896269 4.46502982725 0.00753464155925 0.0001807
pedestrian -1 -1 -10 865.12 109.24 896.928 191.88 1.660817685 1.19286915503 0.57300001724 2.64576566364 1.09214063817 7.57183422679 0.00753464155925 0.00017101
pedestrian -1 -1 -10 1161.7 249.71 1195.59 347.781 2.00377999139 1.19886877812 0.480999799354 3.24558638235 1.48693141064 3.93550844422 0.00753464155925 0.00016627
pedestrian -1 -1 -10 1103.2 146.81 1121.55 211.834 1.96178457713 1.19886853972 0.463999844612 3.20117151929 1.43804029236 4.48133096933 0.00753464155925 0.00015878
pedestrian -1 -1 -10 1183.3 188.4 1217.13 285.598 1.99778060818 1.19786896013 0.480999799354 3.2450534025 1.47988844986 3.8650624555 0.00753464155925 0.00015695
pedestrian -1 -1 -10 942.16 129.5 969.717 200.425 1.90679060853 1.19686890375 0.645999710699 2.7591914562 1.35703604005 6.21869274834 0.00753464155925 0.00013196
pedestrian -1 -1 -10 1146.8 95.553 1164.8 159.442 1.67981556296 1.19786872174 0.487999766694 3.22040429081 1.16077709647 4.12665449483 0.00753464155925 0.0001154
pedestrian -1 -1 -10 828.98 157.89 847.346 199.673 2.05877387059 1.194868791 0.251000089105 2.81888447525 1.46771523936 8.76608112146 0.00753464155925 8.0209e-05
pedestrian -1 -1 -10 1147.9 150.24 1186.29 272.56 2.00278005445 1.19786896013 0.488999932327 3.22089093462 1.48351918672 4.10926139647 0.00753464155925 7.5976e-05
pedestrian -1 -1 -10 1103.1 272.25 1141.46 368.128 2.00178017712 1.19686890375 0.463999844612 3.20066464129 1.47801443109 4.41202976008 0.00753464155925 7.1556e-05
pedestrian -1 -1 -10 1115.1 287.53 1143.1 357.81 2.01477879107 1.19786872174 0.53699977649 3.17845152914 1.49261471926 4.31656379159 0.00753464155925 5.8932e-05
pedestrian -1 -1 -10 947.89 70.857 984.29 217.567 1.69181421018 1.19686890375 0.654999770886 2.76825849596 1.14838728323 5.90507854248 0.00753464155925 5.2227e-05
pedestrian -1 -1 -10 904.56 76.876 936.937 170.301 1.54383048725 1.19386897301 0.635999723297 2.75432453589 0.994560636971 6.2539132451 0.00753464155925 4.9938e-05
pedestrian -1 -1 -10 970.12 72.694 1006.92 200.564 1.59482485712 1.19686890375 0.394999860012 2.93490301854 1.05972979712 5.46235660231 0.00753464155925 4.6862e-05
pedestrian -1 -1 -10 942.11 251.65 976.545 336.046 2.04377553177 1.19786872174 0.660999811011 2.75164721658 1.49385619347 6.20623632623 0.00753464155925 4.5843e-05
pedestrian -1 -1 -10 1024.2 230.33 1040.35 280.283 2.00877940786 1.19786872174 0.376999978056 2.96622227157 1.47709955004 5.21847245993 0.00753464155925 4.0704e-05
pedestrian -1 -1 -10 1001.7 108.02 1041.26 206.858 1.78280426943 1.19786919852 0.375999812423 2.96582580304 1.25146523301 5.2431463049 0.00753464155925 3.7213e-05
pedestrian -1 -1 -10 1026.3 284.52 1049.78 350.433 2.00877940786 1.19686842697 0.376999978056 2.96594729005 1.47655925948 5.18197751709 0.00753464155925 2.914e-05
pedestrian -1 -1 -10 1143.1 227.15 1196.5 361.23 2.00278005445 1.19886853972 0.488999932327 3.22081936294 1.4833785609 4.09976256086 0.00753464155925 2.1754e-05
pedestrian -1 -1 -10 830.08 112.29 868.213 216.15 1.84479743898 1.19386897301 0.311999940733 2.78252194793 1.26633824149 7.99614568311 0.00753464155925 2.103e-05
pedestrian -1 -1 -10 829.56 144.34 858.222 210.898 2.07177245474 1.194868791 0.301000026116 2.79244582331 1.48288938769 8.57412502177 0.00753464155925 1.2251e-05
pedestrian -1 -1 -10 1034.5 282.28 1059.94 353.742 2.00577974606 1.19686842697 0.395999787227 2.97475474606 1.47519051363 5.089896512 0.00753464155925 1.1022e-05
pedestrian -1 -1 -10 899.02 128.66 925.062 222.094 1.95678516066 1.19786872174 0.718999880995 2.69053963929 1.40468697427 6.46240824158 0.00753464155925 8.6909e-06
pedestrian -1 -1 -10 1016.2 219.84 1047.72 296.232 2.00877940786 1.194868791 0.373999957993 2.96499728551 1.47764093272 5.25497868855 0.00753464155925 3.8765e-06
pedestrian -1 -1 -10 918.17 77.083 966.672 237.893 1.75280750239 1.19886853972 0.645999710699 2.75866859981 1.2131043723 6.15567874418 0.00753464155925 3.0974e-06
pedestrian -1 -1 -10 960.5 100.14 996.783 223.84 1.79880245579 1.19886853972 0.678999692968 2.77868196546 1.25719850199 5.69015130664 0.00753464155925 2.7904e-06
