pedestrian -1 -1 -10 418.61 163.03 450.929 214.528 0.103999732971 0.182998172477 0.475000133777 -14.6949151954 -1.12197333451 65.0560494885 0.00775554733258 0.011764
pedestrian -1 -1 -10 433.28 168.58 446.184 210.685 0.0999996781349 0.0 0.0 -14.8529866841 0.434514983174 66.0652382596 0.0 0.0065004
pedestrian -1 -1 -10 410.81 168.27 439.867 215.438 2.53899183834 0.285998540506 0.326000043627 -7.77609130757 1.108908984 32.4325000399 0.00775554733258 0.0051716
pedestrian -1 -1 -10 418.31 165.12 432.585 212.94 2.53899183834 0.285998540506 0.326000043627 -7.77609130757 1.108908984 32.4325000399 0.00775554733258 0.0043654
pedestrian -1 -1 -10 473.4 167.49 496.81 210.977 0.0999996781349 0.0279998037602 0.222000006306 -10.3851095729 0.434578400929 67.1926195093 0.00775554733258 0.002735
pedestrian -1 -1 -10 482.63 168.62 501.327 214.861 0.635997936487 0.482998522206 0.704999556078 -4.17430260606 0.959942331837 29.2531226376 0.00775554733258 0.0024041
pedestrian -1 -1 -10 426.83 157.13 457.248 205.815 0.0999996781349 0.0770032750276 0.234001037646 -16.3671589236 -0.323894121369 76.081547215 0.00775554733258 0.0023121
pedestrian -1 -1 -10 648.2 166.61 660.621 197.002 0.10299968946 0.232001643745 0.120999749983 4.89550396977 -1.13862660309 66.4537030718 0.00775554733258 0.0012241
pedestrian -1 -1 -10 128.54 180.4 141.129 213.084 0.576998155832 0.151000576573 0.238000745643 -20.5837517176 0.361564609445 31.8507760396 0.00775554733258 0.0008706
pedestrian -1 -1 -10 684.62 157.71 721.601 230.213 0.870997194409 0.211997424273 0.8069997394 6.17492596377 0.455752022404 44.1572741343 0.00775554733258 0.00025684
pedestrian -1 -1 -10 124.03 172.46 146.3 213.278 0.576998155832 0.151000576573 0.238000745643 -20.5837517176 0.361564609445 31.8507760396 0.00775554733258 0.00017277
pedestrian -1 -1 -10 655.66 162.87 667.984 194.436 0.0999996781349 0.0 0.0 6.35779842046 0.00561091114831 72.8469444131 0.0 8.8224e-05
