pedestrian -1 -1 -10 873.54 159.47 924.018 300.85 1.69499244392 0.657999546459 0.793996928863 3.5762585593 1.44424606468 8.89094369294 0.00692802392802 0.98684
pedestrian -1 -1 -10 843.83 154.53 908.452 292.76 2.23499005884 1.17999855184 1.19499520757 4.6248919761 1.37688035065 11.9253611356 0.00692802392802 0.29416
pedestrian -1 -1 -10 886.08 210.36 934.19 297.078 1.67599247545 0.657999546459 0.721997172522 3.61223137328 1.42514710208 8.8906833047 0.00692802392802 0.251
pedestrian -1 -1 -10 767.78 172.84 781.217 241.888 0.762996576726 0.085000934218 0.714996990907 4.10877702587 0.749771956091 17.638704201 0.00692802392802 0.071574
pedestrian -1 -1 -10 762.56 181.69 792.448 239.77 0.762996576726 0.0810012268455 0.633997443837 4.14928968149 0.74965826214 17.640423296 0.00692802392802 0.030979
pedestrian -1 -1 -10 868.73 161.12 896.458 251.006 2.24298997968 1.17999855184 1.19599560817 4.6388215911 1.39210629541 11.694272039 0.00692802392802 0.0099068
pedestrian -1 -1 -10 849.24 218.2 883.762 294.328 2.04999076426 1.09699937866 1.17499577858 4.61981166973 1.34143897141 12.3239724903 0.00692802392802 0.006893
pedestrian -1 -1 -10 354.51 221.57 384.435 279.591 0.983995664119 1.1849986629 0.906996420622 -3.60047594945 1.35018498436 10.5135076876 0.00692802392802 0.0065732
pedestrian -1 -1 -10 657.92 228.58 670.1 273.872 1.78899201304 0.43300027114 1.17099560668 1.29537794195 1.17100525346 14.5990135943 0.00692802392802 0.0042606
pedestrian -1 -1 -10 325.81 234.94 350.981 285.429 1.02699539512 1.17299954078 1.19399552222 -4.01925266705 1.34003892694 10.776378869 0.00692802392802 0.0034937
pedestrian -1 -1 -10 641.48 220.86 667.676 270.927 1.47199339867 0.947999311785 0.893996636806 1.11467700936 1.43538076601 12.9602167763 0.00692802392802 0.0027795
pedestrian -1 -1 -10 653.36 222.68 665.368 272.645 2.15899036378 0.791999280174 0.757997110297 1.04198904274 1.33514974604 12.460191969 0.00692802392802 0.0019621
pedestrian -1 -1 -10 308.96 221.24 345.915 276.106 1.02799543738 1.15399950025 1.19799521728 -4.20397243943 1.34150175121 10.8171604866 0.00692802392802 0.0019366
pedestrian -1 -1 -10 362.72 206.17 392.114 277.359 0.934995858371 1.15599935393 0.752997193445 -3.52410687971 1.35009012706 10.4125043891 0.00692802392802 0.00094591
pedestrian -1 -1 -10 309.18 216.11 327.59 270.385 1.10399504304 0.854999916496 1.07099607755 -4.54613532707 1.35104483703 11.1670063636 0.00692802392802 0.00059216
pedestrian -1 -1 -10 637.24 213.48 655.148 268.557 0.876996104419 0.279001046889 1.16799559696 1.10606916859 0.737041256982 17.6484263192 0.00692802392802 0.00059022
pedestrian -1 -1 -10 878.16 158.04 910.867 260.92 1.69499244392 0.657999546459 0.793996928863 3.5762585593 1.44424606468 8.89094369294 0.00692802392802 0.00054915
pedestrian -1 -1 -10 713.5 172.87 724.078 212.274 0.756996636093 0.0950011563229 1.17299569263 2.96053063453 0.741971869152 17.6096532094 0.00692802392802 0.00044511
pedestrian -1 -1 -10 323.77 215.02 357.816 276.64 0.830996350944 0.594999863811 1.0099964363 -3.69836613722 1.36389064352 10.133281351 0.00692802392802 0.00037654
pedestrian -1 -1 -10 1049.5 92.451 1084.73 204.501 1.61999273896 0.783999865429 1.1979954557 7.53394560973 0.733287117918 11.5498071582 0.00692802392802 0.00034893
pedestrian -1 -1 -10 1038.3 96.266 1073.06 204.056 1.68199249804 0.69000006646 1.19599560817 7.30191431403 0.798946883304 11.5324544901 0.00692802392802 0.00034429
pedestrian -1 -1 -10 279.9 250.8 298.25 283.137 1.11699499637 1.19299903131 0.982996587279 -4.61773891405 1.36484001872 10.6444982593 0.00692802392802 0.00032287
pedestrian -1 -1 -10 898.21 217.72 924.121 282.012 0.997995480895 1.07799933813 0.346998819075 4.9417017952 1.41182699786 10.3388870501 0.00692802392802 0.0002668
pedestrian -1 -1 -10 1077.3 88.097 1115.15 208.217 1.84599173963 1.01699855549 1.1979954557 8.25195041131 0.94318836657 11.6534481025 0.00692802392802 0.00023063
pedestrian -1 -1 -10 1069.0 79.344 1106.14 183.384 1.5849928692 1.01699855549 1.1919959131 8.04360761701 0.686761451458 11.6547450746 0.00692802392802 0.00015219
pedestrian -1 -1 -10 274.02 232.46 302.485 279.671 0.929995825887 0.950998615478 1.10299602224 -4.55920091683 1.36496344841 10.3961953206 0.00692802392802 9.7491e-05
pedestrian -1 -1 -10 296.01 208.4 325.862 270.367 0.344998462498 0.225999678998 0.580998146392 -7.84391664538 1.51242582598 18.7881706733 0.00692802392802 8.2186e-05
pedestrian -1 -1 -10 1016.3 99.965 1051.86 222.015 1.81999183297 0.730000001206 1.1949956844 7.00392624338 0.93571358133 11.5805989444 0.00692802392802 7.0607e-05
pedestrian -1 -1 -10 980.57 219.04 1014.1 289.289 2.31198961735 1.05599904023 1.19899537947 6.55282492314 1.4289194023 11.6140126898 0.00692802392802 2.7326e-05
pedestrian -1 -1 -10 492.99 105.66 529.348 221.44 0.848996217549 1.14400023182 0.282998929698 -2.16473253803 -0.140143945703 16.9505646876 0.00692802392802 8.3748e-06
