pedestrian -1 -1 -10 61.497 219.12 112.709 299.149 2.65670832431 1.19086951905 1.19899951472 -6.67351974102 2.00283323087 9.25716598837 0.00753464155925 0.026236
pedestrian -1 -1 -10 393.86 207.26 414.076 261.242 1.52883214843 0.895901757947 0.839999418617 -5.03169115961 1.6681876227 17.38002325 0.00753464155925 0.0085084
pedestrian -1 -1 -10 398.36 204.07 422.481 270.639 1.53183179534 0.802912487072 0.720999735424 -3.41372105788 1.65896353856 13.5829691113 0.00753464155925 0.0016208
pedestrian -1 -1 -10 404.86 204.88 418.457 260.073 1.70481277943 0.843908361981 1.16799938688 -3.63300694436 1.83240778847 13.6038370855 0.00753464155925 0.00084198
pedestrian -1 -1 -10 410.25 201.29 422.768 258.363 1.7068125639 0.897902347488 1.04399982919 -3.49380818808 1.83270625283 13.6298023132 0.00753464155925 0.00050596
pedestrian -1 -1 -10 682.55 174.95 700.576 228.413 0.590935109735 0.617932332953 0.915999608975 3.09620356431 1.20313402168 27.436120628 0.00753464155925 0.00022446
pedestrian -1 -1 -10 999.59 153.8 1038.73 273.3 1.40484571994 1.04988517058 0.701999926253 4.98563913353 1.22481123627 8.25194162135 0.00753464155925 9.7779e-05
pedestrian -1 -1 -10 1175.7 71.531 1212.62 197.861 1.6348204571 0.963894148825 1.19699966029 5.94953022981 1.02655763626 7.40019916957 0.00753464155925 6.3498e-05
pedestrian -1 -1 -10 684.72 158.11 709.622 231.497 0.583935908791 0.617932332953 0.668999705566 3.21969786236 1.1960449037 27.4352432662 0.00753464155925 4.2817e-05
pedestrian -1 -1 -10 1019.7 140.37 1055.31 267.59 1.80380193186 1.194868791 0.733000054093 4.99904444003 1.21892934694 7.99334490888 0.00753464155925 4.2406e-05
pedestrian -1 -1 -10 1044.6 114.35 1082.52 272.09 1.81780033375 1.0428859679 1.1979995875 5.30290189486 1.19440536102 8.30856574759 0.00753464155925 3.1396e-05
pedestrian -1 -1 -10 1167.8 99.329 1199.86 232.009 1.81580063867 0.97189364628 1.19699966029 5.83765705408 1.2077525889 7.40870081026 0.00753464155925 3.0331e-05
pedestrian -1 -1 -10 1032.1 137.16 1068.01 267.38 1.80180217719 1.04488560387 0.700999999038 5.01504884291 1.21496328677 7.86125004875 0.00753464155925 2.2852e-05
pedestrian -1 -1 -10 1156.7 122.9 1187.59 249.97 1.81580063867 0.964893966811 1.19499980586 5.7449121598 1.20831618245 7.44289585789 0.00753464155925 2.0671e-05
pedestrian -1 -1 -10 1154.7 76.077 1189.36 193.017 1.59082531798 0.92189845593 1.19499980586 5.7126816664 0.983045904966 7.42330532402 0.00753464155925 9.0765e-06
pedestrian -1 -1 -10 1010.1 127.51 1047.18 248.35 1.61782230402 0.987891687622 0.864000055953 5.0667918361 1.20421341948 8.28421601815 0.00753464155925 7.3853e-06
pedestrian -1 -1 -10 403.35 199.47 435.362 274.731 1.42684328205 0.732919506653 0.863999817535 -3.31558956996 1.55025232901 13.5390557572 0.00753464155925 4.7687e-06
