pedestrian -1 -1 -10 739.95 160.61 753.963 202.608 0.394956708542 0.272972718991 0.786999461543 10.9176696366 2.0555716172 56.4176244097 0.00753464155925 0.035695
pedestrian -1 -1 -10 1191.5 41.013 1221.71 160.263 1.53683125651 1.0008905134 1.01399962857 3.27835685385 1.02380313635 3.86065061245 0.00753464155925 0.0045753
pedestrian -1 -1 -10 743.16 159.25 768.571 226.019 2.1427646991 0.825909731098 0.679999620182 4.72268503284 1.27582140839 23.4417249803 0.00753464155925 0.0012865
pedestrian -1 -1 -10 1012.3 232.73 1029.19 276.561 2.2437536807 0.900901324661 1.06099954552 6.05378299908 1.57386432882 10.5997603397 0.00753464155925 0.0010497
pedestrian -1 -1 -10 736.22 162.81 749.481 205.903 0.370959280013 0.264970360826 0.706000111949 10.5486436279 0.638677193969 56.3521907788 0.00753464155925 0.00097165
pedestrian -1 -1 -10 1180.9 41.232 1236.79 184.322 1.54183070278 1.18587042913 0.91499968176 3.21371138823 1.02659143495 3.70861235394 0.00753464155925 0.00017064
pedestrian -1 -1 -10 1013.2 212.17 1041.65 276.645 2.23775429749 0.875904444663 1.14599955764 6.09618578203 1.56764897418 10.5869869162 0.00753464155925 0.00013471
pedestrian -1 -1 -10 751.59 148.74 774.257 242.758 2.13576537896 1.0308871985 0.596999939321 4.76243426771 1.27234962743 23.2088938619 0.00753464155925 0.00010839
pedestrian -1 -1 -10 161.39 259.15 177.272 309.55 1.1208769511 1.06488339394 1.07099977134 -3.7009761523 1.80596562678 6.20589796129 0.00753464155925 0.00010608
pedestrian -1 -1 -10 1003.9 194.39 1038.26 267.313 2.2407539891 0.915900024801 1.08499970602 6.06583831915 1.57096692149 10.6071914022 0.00753464155925 7.7829e-05
pedestrian -1 -1 -10 1222.0 57.139 1241.28 170.869 1.58382614683 1.08688081998 1.01399962857 3.27816793238 1.0703983584 3.83330628902 0.00753464155925 2.1022e-05
pedestrian -1 -1 -10 729.2 160.9 742.817 202.282 0.395956526279 0.139984053698 1.0180002911 10.2066911395 2.05807384876 56.4894626295 0.00753464155925 1.4341e-05
pedestrian -1 -1 -10 150.89 254.8 183.727 312.704 2.24575343537 1.18886988308 0.882999626706 -6.40991472953 1.60989380361 10.2850967278 0.00753464155925 1.0569e-05
pedestrian -1 -1 -10 165.87 233.96 199.219 313.544 2.2407539295 1.17187154697 0.898999892652 -6.43011607439 1.59942620741 10.6579187194 0.00753464155925 8.451e-06
pedestrian -1 -1 -10 395.97 199.44 413.331 251.2 0.290968052104 1.0798816173 0.513999781623 -2.67611910824 0.272058267742 8.21851812998 0.00753464155925 7.1967e-06
pedestrian -1 -1 -10 869.99 152.11 906.332 242.628 0.557938740491 0.461949284343 0.449000221137 8.61684872132 0.526049138407 21.3844728541 0.00753464155925 1.1294e-07
