pedestrian -1 -1 -10 736.47 138.4 789.888 328.29 1.86999162138 0.579999530653 0.426998442379 1.71932514718 1.46288353091 7.56469542788 0.00692802392802 0.92784
pedestrian -1 -1 -10 830.34 165.71 873.478 263.597 0.689996919036 0.100000313702 0.605997671048 6.4049196354 0.783376395805 17.6943802886 0.00692802392802 0.13217
pedestrian -1 -1 -10 735.67 227.44 778.431 318.232 1.86099171787 0.579999530653 0.426998442379 1.71931273703 1.45388362741 7.56469028037 0.00692802392802 0.078468
pedestrian -1 -1 -10 718.18 190.8 779.275 322.81 1.86099171787 0.579999530653 0.426998442379 1.71931273703 1.45388362741 7.56469028037 0.00692802392802 0.054383
pedestrian -1 -1 -10 324.94 236.7 350.666 281.86 1.06199523509 1.1269990913 1.17499530174 -4.0188971103 1.38807569424 10.7434106369 0.00692802392802 0.048253
pedestrian -1 -1 -10 362.04 241.58 385.388 280.462 0.966995660961 1.03299929233 0.611997690479 -3.51877976633 1.38011031123 10.3819831002 0.00692802392802 0.0063182
pedestrian -1 -1 -10 331.75 226.27 363.672 279.604 0.966995660961 1.05699944391 1.09599584062 -3.76068989224 1.38076181563 10.395660224 0.00692802392802 0.0062218
pedestrian -1 -1 -10 722.7 237.99 765.016 316.544 1.86099171787 0.579999530653 0.426998442379 1.71931273703 1.45388362741 7.56469028037 0.00692802392802 0.0059723
pedestrian -1 -1 -10 897.42 228.73 921.681 280.802 0.95799575746 1.19199958131 0.659997607512 4.24715332803 1.37674047303 10.3406810965 0.00692802392802 0.003783
pedestrian -1 -1 -10 365.79 217.79 385.805 275.376 1.01299545914 1.17699924815 0.749997183729 -3.44784292543 1.3795844707 10.6704714446 0.00692802392802 0.0034055
pedestrian -1 -1 -10 307.71 225.93 338.194 278.981 1.06199523509 1.09999868235 1.18599565526 -4.27239363517 1.38877335914 10.7446679688 0.00692802392802 0.0031936
pedestrian -1 -1 -10 349.69 237.28 381.379 280.947 0.942995719612 0.72699974384 0.57999774579 -3.51187292475 1.35626630692 10.2289178208 0.00692802392802 0.0025894
pedestrian -1 -1 -10 747.82 206.49 774.454 310.08 1.86999162138 0.579999530653 0.426998442379 1.71932514718 1.46288353091 7.56469542788 0.00692802392802 0.0021744
pedestrian -1 -1 -10 355.85 216.14 373.728 270.83 0.942995719612 0.751999345428 0.57999774579 -3.51178632652 1.35625176987 10.2414173217 0.00692802392802 0.0012354
pedestrian -1 -1 -10 1087.5 91.968 1123.88 204.738 1.62199276388 0.700999738571 1.1949956844 8.14429116142 0.711621825919 11.5340515993 0.00692802392802 0.0011277
pedestrian -1 -1 -10 1049.0 90.056 1084.52 205.056 1.54599312842 0.680999294361 1.19799593254 7.47891555901 0.653424195039 11.5626386813 0.00692802392802 0.0007187
pedestrian -1 -1 -10 911.77 231.62 936.559 276.881 2.1469903931 1.11499996918 1.19499520757 5.391941049 1.38194809511 11.7656001621 0.00692802392802 0.00056947
pedestrian -1 -1 -10 353.08 254.09 375.855 286.791 0.99199552536 0.52599966643 0.375998754048 -3.49923892796 1.36296337325 11.3373364641 0.00692802392802 0.00040521
pedestrian -1 -1 -10 290.59 211.69 317.451 266.302 1.07199527025 0.836999325973 0.939996050659 -4.83656182536 1.33766860147 11.3220256589 0.00692802392802 0.00040469
pedestrian -1 -1 -10 331.62 219.87 345.202 269.399 0.991995614767 1.08499930287 1.18999558874 -4.10614024152 1.31809265224 10.9389798432 0.00692802392802 0.00031871
pedestrian -1 -1 -10 344.62 218.9 371.1 282.481 0.966995660961 1.13599890972 0.989996292059 -3.70741773815 1.38057013689 10.4347916587 0.00692802392802 0.0002977
pedestrian -1 -1 -10 730.45 172.89 769.69 280.31 0.822996349539 0.494999550109 0.946996470691 2.84377849123 -0.0830150250372 14.3793845197 0.00692802392802 0.00028628
pedestrian -1 -1 -10 349.61 211.34 362.917 270.731 1.01299545914 1.16699902605 0.989996292059 -3.7073737843 1.38055211059 10.4502650352 0.00692802392802 0.00026355
pedestrian -1 -1 -10 745.86 146.97 787.031 255.02 1.86999162138 0.579999530653 0.426998442379 1.71932514718 1.46288353091 7.56469542788 0.00692802392802 0.00026224
pedestrian -1 -1 -10 886.64 214.22 915.785 277.95 1.15699483901 1.18999877395 0.664997703177 4.25119403897 1.37642889691 10.602543569 0.00692802392802 0.00023333
pedestrian -1 -1 -10 371.69 240.16 394.81 281.513 0.325998613238 0.0629996826483 0.344998733126 -3.3217160418 1.02714102018 11.6296109426 0.00692802392802 0.00021601
pedestrian -1 -1 -10 1066.8 84.854 1104.86 208.004 1.80499197394 0.631000091184 1.19799593254 7.82985403075 0.91152646451 11.5013554275 0.00692802392802 0.00019502
pedestrian -1 -1 -10 927.54 226.67 952.692 276.892 1.06899526268 1.16299931867 0.8269965589 5.28077084315 1.38452312876 10.6609725062 0.00692802392802 0.00015166
pedestrian -1 -1 -10 302.5 210.68 324.353 272.692 1.04899528176 1.16799942973 1.1079961179 -4.53757751466 1.37603586526 11.1545080037 0.00692802392802 0.00012538
pedestrian -1 -1 -10 346.4 213.38 357.74 271.932 1.01299545914 1.16699902605 1.07599593479 -3.75037257278 1.38067035349 10.4505630741 0.00692802392802 6.835e-05
pedestrian -1 -1 -10 259.33 196.16 297.517 281.915 1.32399409562 0.676999586989 0.935996355595 -6.38489901073 1.17521377713 13.7024756363 0.00692802392802 4.6179e-05
pedestrian -1 -1 -10 488.81 94.37 527.374 220.75 0.951995719969 1.19799914237 0.312998788437 -2.20466458271 -0.0348557507572 16.794900866 0.00692802392802 4.6127e-05
pedestrian -1 -1 -10 996.34 226.68 1023.6 292.144 2.269989869 1.0599987476 1.1949956844 6.57033096654 1.39411157136 11.403870127 0.00692802392802 2.5655e-05
pedestrian -1 -1 -10 929.76 217.68 970.806 280.58 0.993995609879 0.99700001863 0.732997049201 5.2308976922 1.40816281863 10.2223786553 0.00692802392802 2.2811e-05
pedestrian -1 -1 -10 692.8 171.79 703.392 218.8 1.74299221486 0.277999689535 1.18599541684 2.42280854991 0.736423317332 17.6332994949 0.00692802392802 2.1125e-05
pedestrian -1 -1 -10 943.29 222.2 983.67 278.222 1.09199516177 1.16199891499 1.13599541385 5.43507311708 1.40713597482 10.6274158115 0.00692802392802 7.0541e-06
pedestrian -1 -1 -10 494.65 92.299 564.641 216.619 0.831996258162 0.326999442706 0.159999365817 -1.44101221905 -0.0668248001401 14.9270966328 0.00692802392802 3.6341e-08
