pedestrian -1 -1 -10 834.64 144.19 869.656 262.78 2.09676974571 0.769916109619 1.08699956044 4.06166510078 1.45163048669 12.3242282498 0.00753464155925 0.76461
pedestrian -1 -1 -10 841.61 151.98 859.759 254.96 2.09676974571 0.78491385619 1.08699956044 4.06172160156 1.45174150085 12.3317269102 0.00753464155925 0.091073
pedestrian -1 -1 -10 327.66 212.54 340.263 275.914 1.01088901388 0.272969858281 0.173000282736 -4.82215853462 1.69284875351 12.837119954 0.00753464155925 0.013531
pedestrian -1 -1 -10 809.74 138.65 866.075 243.94 1.5568290714 1.15487321086 0.34500016142 4.41271173859 0.863617375451 13.6889793797 0.00753464155925 0.010806
pedestrian -1 -1 -10 843.86 146.72 878.33 233.065 2.09676974571 0.945896471512 0.953999704154 4.20182398058 1.45283153703 12.4111663652 0.00753464155925 0.0036549
pedestrian -1 -1 -10 908.13 190.31 953.657 242.878 1.92778833055 0.979893143736 1.19399987864 6.45584612242 1.21908680757 14.4136709419 0.00753464155925 0.00084103
pedestrian -1 -1 -10 843.33 182.75 866.005 261.101 2.09676974571 0.890902191234 1.06599965843 4.12561900062 1.45247979984 12.3842418134 0.00753464155925 0.00073612
pedestrian -1 -1 -10 842.63 199.54 857.385 256.073 2.11776746774 0.91390038883 1.13999951752 4.08871323342 1.47367469448 12.3958634861 0.00753464155925 0.00048146
pedestrian -1 -1 -10 847.29 151.22 864.151 222.675 2.09676974571 0.78491385619 1.01599972141 4.09722051628 1.45171565429 12.3314598162 0.00753464155925 0.00022679
pedestrian -1 -1 -10 951.16 185.82 970.474 213.746 1.84279762471 1.06788380147 1.03799978907 7.06145052851 1.13492863104 14.4957364741 0.00753464155925 0.0001222
pedestrian -1 -1 -10 332.07 201.95 344.625 272.826 1.01088901388 0.272969858281 0.173000282736 -4.82215853462 1.69284875351 12.837119954 0.00753464155925 4.7802e-05
pedestrian -1 -1 -10 334.05 199.15 356.46 265.565 1.1208769213 0.447950878974 0.825999483937 -5.51920269434 1.64068038599 15.7018524076 0.00753464155925 2.3259e-06
pedestrian -1 -1 -10 913.6 209.44 949.046 251.444 1.92778833055 0.979893143736 1.18899976573 6.41934718958 1.21911338223 14.4139455601 0.00753464155925 1.6354e-06
pedestrian -1 -1 -10 847.89 160.76 880.463 277.68 1.63882005584 0.819909869614 0.720999735424 4.31961952471 1.40209136256 12.5656623914 0.00753464155925 7.8711e-07
pedestrian -1 -1 -10 864.47 155.11 900.855 265.02 1.27486000508 1.17887170323 0.258999745241 6.59648012675 1.29009559816 17.1836102323 0.00753464155925 6.5736e-07
pedestrian -1 -1 -10 898.36 203.54 940.53 267.42 2.01777848267 1.08388184281 1.10299982639 6.29977000101 1.30996063341 14.4661749495 0.00753464155925 7.6098e-08
