pedestrian -1 -1 -10 900.17 152.18 960.168 306.93 1.68699241877 0.713999264368 0.483998388559 4.06477641602 1.4341428482 8.6775468573 0.00692802392802 0.88348
pedestrian -1 -1 -10 938.79 222.89 951.732 276.484 0.65299705416 1.02599932759 0.209999249591 5.48514977171 1.4054162234 10.2633138052 0.00692802392802 0.21937
pedestrian -1 -1 -10 930.97 220.46 957.266 285.891 0.934995798767 1.08699915655 0.267999119537 5.51521848763 1.40509167116 10.4734456043 0.00692802392802 0.086719
pedestrian -1 -1 -10 910.36 171.68 941.33 301.01 1.68699241877 0.713999264368 0.483998388559 4.06477641602 1.4341428482 8.6775468573 0.00692802392802 0.066896
pedestrian -1 -1 -10 664.43 224.7 675.888 263.128 2.25898994058 1.194998885 1.14699570776 1.24226996826 1.44116481617 12.838379295 0.00692802392802 0.054864
pedestrian -1 -1 -10 933.03 222.62 946.468 271.735 0.934995798767 1.09399912129 0.267999119537 5.51612951657 1.40493873875 10.6049426035 0.00692802392802 0.045616
pedestrian -1 -1 -10 943.75 225.91 955.518 266.457 0.743996667862 0.765999274906 0.28499877723 4.96284048187 1.39496199919 10.1708643194 0.00692802392802 0.036657
pedestrian -1 -1 -10 659.79 229.42 671.664 268.253 2.25898994058 1.19399943499 1.06799600823 1.20214408743 1.44137868441 12.7481554303 0.00692802392802 0.012268
pedestrian -1 -1 -10 899.11 202.18 925.063 278.333 0.897996023297 0.835998922293 0.642997711402 4.25386424617 1.34901843964 10.0816310364 0.00692802392802 0.0119
pedestrian -1 -1 -10 894.5 214.4 915.921 269.883 0.939995771647 1.09299871761 0.651997502131 4.259312191 1.3908563708 10.2101206825 0.00692802392802 0.0097523
pedestrian -1 -1 -10 836.6 175.14 870.016 266.529 0.688996936381 0.0909995416031 0.611997690479 6.37586981171 0.783464864291 17.6870814005 0.00692802392802 0.007899
pedestrian -1 -1 -10 914.5 199.38 936.225 289.124 1.68699241877 0.713999264368 0.483998388559 4.06477641602 1.4341428482 8.6775468573 0.00692802392802 0.0073485
pedestrian -1 -1 -10 842.01 212.96 856.338 261.303 0.554997502267 0.267999467431 0.631997596305 4.91014142704 1.28084041545 13.9012986585 0.00692802392802 0.0061515
pedestrian -1 -1 -10 908.28 206.96 920.287 268.881 1.68699241877 0.713999264368 0.483998388559 4.06477641602 1.4341428482 8.6775468573 0.00692802392802 0.0036221
pedestrian -1 -1 -10 937.53 224.8 968.335 277.633 0.651997071505 0.800999098599 0.183999324334 5.471372103 1.40558280699 10.1509070674 0.00692802392802 0.0031199
pedestrian -1 -1 -10 751.87 164.91 763.065 206.593 0.764996571839 0.0990008636954 1.13699557604 3.897752334 0.750356823327 17.636165917 0.00692802392802 0.0030377
pedestrian -1 -1 -10 704.73 167.72 717.342 215.285 1.00399546623 0.509997975919 1.13099579503 2.77141514059 0.988237157402 17.8336115426 0.00692802392802 0.0015885
pedestrian -1 -1 -10 755.87 165.53 768.312 207.619 0.764996571839 0.0920008989567 1.02499600805 3.9537750206 0.750198762103 17.6392776715 0.00692802392802 0.0015526
pedestrian -1 -1 -10 530.29 195.43 557.373 261.033 1.63399268053 0.857999220189 1.08599588771 -1.12008705322 1.4416250791 12.8886105431 0.00692802392802 0.0014526
pedestrian -1 -1 -10 760.76 160.41 791.217 234.441 0.762996576726 0.0840014842117 0.685997294352 4.12330077361 0.749728013317 17.6421035985 0.00692802392802 0.0013362
pedestrian -1 -1 -10 920.02 182.31 960.39 294.2 1.68699241877 0.713999264368 0.483998388559 4.06477641602 1.4341428482 8.6775468573 0.00692802392802 0.0013245
pedestrian -1 -1 -10 670.76 208.93 686.427 265.676 2.05999082923 0.648000278028 1.19699553193 1.54839341295 1.16557097654 14.3675912818 0.00692802392802 0.0012978
pedestrian -1 -1 -10 655.98 228.51 667.803 274.589 2.25698997527 0.771999789638 0.959996373716 1.14641081524 1.43981795635 12.4985342605 0.00692802392802 0.0012536
pedestrian -1 -1 -10 761.37 167.78 773.208 227.877 2.39798925817 0.686999809094 1.03599612314 3.26121836712 1.49887601178 14.3424151414 0.00692802392802 0.0011811
pedestrian -1 -1 -10 661.37 217.19 685.718 272.957 1.47399343848 1.04899907549 1.12199582548 1.28505674064 1.44085108923 13.012543057 0.00692802392802 0.00078198
pedestrian -1 -1 -10 840.74 195.37 862.881 258.917 0.554997502267 0.267999467431 0.631997596305 4.91014142704 1.28084041545 13.9012986585 0.00692802392802 0.0007185
pedestrian -1 -1 -10 755.34 159.17 779.667 239.14 2.39798925817 0.686999809094 1.04199614257 3.25821842947 1.49888426134 14.342435935 0.00692802392802 0.00071199
pedestrian -1 -1 -10 837.88 208.21 851.781 259.719 0.554997502267 0.267999467431 0.631997596305 4.91014142704 1.28084041545 13.9012986585 0.00692802392802 0.00066019
pedestrian -1 -1 -10 922.15 214.78 942.87 281.55 1.68699241877 0.713999264368 0.483998388559 4.06477641602 1.4341428482 8.6775468573 0.00692802392802 0.00043205
pedestrian -1 -1 -10 909.66 245.57 933.054 300.426 1.68699241877 0.713999264368 0.483998388559 4.06477641602 1.4341428482 8.6775468573 0.00692802392802 0.00026007
pedestrian -1 -1 -10 362.21 184.08 392.218 275.17 1.00899552852 1.1819993592 1.12199576588 -3.57835777921 1.37236628609 11.1758819607 0.00692802392802 0.00015354
pedestrian -1 -1 -10 346.12 210.18 371.291 275.133 1.02399544716 1.15499895025 0.995996073073 -3.69390987136 1.38843958546 10.5161766221 0.00692802392802 0.00015195
pedestrian -1 -1 -10 320.56 209.74 360.063 274.228 1.05599527955 1.08999941392 1.14299559547 -4.09694188332 1.38096603744 11.0274537517 0.00692802392802 0.00012541
pedestrian -1 -1 -10 678.73 210.33 690.25 264.949 1.47199347317 1.1499988392 0.92499653852 1.38264023136 1.43873319744 12.8803621964 0.00692802392802 0.00011216
pedestrian -1 -1 -10 329.14 209.61 347.378 275.37 1.05599527955 1.18299880921 1.14299559547 -4.09726403176 1.38102011578 10.98095517 0.00692802392802 0.00010804
pedestrian -1 -1 -10 341.89 207.34 359.557 275.328 0.971995693445 0.928999271256 1.06399613435 -3.72862024109 1.38866449719 10.4034448957 0.00692802392802 7.9915e-05
pedestrian -1 -1 -10 883.61 206.77 909.921 271.116 0.939995771647 1.17099968709 0.590997622469 4.29301904751 1.39023403966 10.6728981548 0.00692802392802 7.4076e-05
pedestrian -1 -1 -10 361.12 196.15 379.96 271.511 1.0549952969 1.18299976288 1.15799564405 -3.6282976198 1.37965157205 11.0467065668 0.00692802392802 6.8328e-05
pedestrian -1 -1 -10 690.2 208.37 703.817 263.5 2.05999082923 0.648000278028 1.19299559845 1.91838314068 1.16455353718 14.3650267596 0.00692802392802 1.9699e-05
pedestrian -1 -1 -10 349.92 221.77 386.219 281.677 0.971995693445 0.820999542809 0.769997089555 -3.58192215372 1.38831027956 10.3594268573 0.00692802392802 1.8874e-05
pedestrian -1 -1 -10 317.4 211.27 340.65 273.145 1.0729951635 1.18399921289 1.17199576886 -4.11434178047 1.39849657271 10.6055744594 0.00692802392802 9.3286e-06
pedestrian -1 -1 -10 310.17 196.08 350.422 281.922 1.94199126661 0.446999246944 1.19699553193 -5.89089875713 0.994895114094 15.4095262375 0.00692802392802 2.5879e-07
