pedestrian -1 -1 -10 543.52 160.95 555.765 200.299 1.00988910675 0.415954796291 0.330999988322 -2.70019915254 1.06433397643 37.2072933634 0.00753464155925 0.0034039
pedestrian -1 -1 -10 1136.7 137.59 1170.54 216.939 1.93878710044 0.888902555262 1.1979995875 5.10433187697 1.34760724657 6.8954948229 0.00753464155925 0.0017073
pedestrian -1 -1 -10 1192.4 153.18 1223.7 225.407 1.89679171598 0.936897156071 1.19899951472 5.62170079467 1.29604363278 6.87904703008 0.00753464155925 0.0012743
pedestrian -1 -1 -10 1041.2 199.19 1062.43 245.494 2.01977823734 1.17687111368 1.19599973307 4.11305932841 1.43869784122 6.72519034329 0.00753464155925 0.0011527
pedestrian -1 -1 -10 1032.8 198.79 1051.48 250.361 2.0127789768 0.890902668019 1.19799982592 4.04220037778 1.43998549852 6.87667399667 0.00753464155925 0.0010885
pedestrian -1 -1 -10 1020.0 190.38 1047.69 258.57 1.29185812092 0.725920303968 1.19499956744 4.45072305623 0.710187950484 7.31262359627 0.00753464155925 0.00037855
pedestrian -1 -1 -10 176.96 171.29 199.351 218.466 0.512943673745 1.04688523984 0.881999699491 -4.19613783923 0.480094698221 7.41492220674 0.00753464155925 0.00027028
pedestrian -1 -1 -10 1147.6 57.657 1183.94 180.187 1.54383048725 0.752917296722 1.19599973307 5.13969702463 0.951617852064 6.83015775632 0.00753464155925 0.00011121
pedestrian -1 -1 -10 1012.8 79.085 1049.4 206.215 1.59282513225 1.11787756146 1.19399964022 4.1978502439 1.0144361062 7.11622538102 0.00753464155925 0.00010799
pedestrian -1 -1 -10 1007.4 177.96 1040.31 252.974 2.02777731562 0.988891505607 1.1979995875 3.87911173938 1.45491008074 6.86479109941 0.00753464155925 0.00010742
pedestrian -1 -1 -10 163.83 167.68 195.87 242.201 1.2998572588 0.99989045702 1.18499958004 -6.98511262733 0.609258297626 11.9069653773 0.00753464155925 9.6872e-05
pedestrian -1 -1 -10 43.402 108.62 79.609 199.642 0.219975846857 0.203978126203 0.0560006923912 -11.609629822 0.0956899353309 14.7108018178 0.00753464155925 9.5599e-05
pedestrian -1 -1 -10 281.63 133.1 342.285 238.63 1.49283606337 1.17987009086 0.9219996491 -3.38723240623 1.4645286023 7.88307273191 0.00753464155925 8.666e-05
pedestrian -1 -1 -10 244.07 131.26 318.573 247.64 1.49383600031 1.19086904227 1.18199955997 -3.41311321792 1.45988333344 7.50079119899 0.00753464155925 8.3519e-05
pedestrian -1 -1 -10 789.57 165.75 811.124 220.084 0.83290851647 0.839908136468 0.167999931407 3.73871030065 0.771702624997 13.8645840049 0.00753464155925 5.9488e-05
pedestrian -1 -1 -10 1032.9 83.065 1069.23 208.685 1.66481719434 0.879903716606 1.19599973307 4.149263366 1.08629435017 6.90203127272 0.00753464155925 4.8067e-05
pedestrian -1 -1 -10 940.14 116.64 974.88 240.06 1.93178786969 1.19886901651 0.854999757347 3.65111687716 1.3710465248 7.20208651395 0.00753464155925 4.612e-05
pedestrian -1 -1 -10 271.13 129.8 314.325 191.441 1.14587412659 0.659927549062 1.07200017539 -9.49753001252 0.25499824446 22.3214337724 0.00753464155925 3.4011e-05
pedestrian -1 -1 -10 993.91 111.49 1025.21 240.35 1.92478869855 1.14187510026 1.19699966029 3.88562332873 1.35396760376 7.00399317884 0.00753464155925 1.0416e-05
pedestrian -1 -1 -10 1003.5 103.36 1036.14 236.97 1.90479079426 0.859905926537 1.1539994522 3.84305600017 1.33191276295 6.86347290808 0.00753464155925 1.0314e-05
pedestrian -1 -1 -10 174.04 165.35 207.263 238.163 0.586935550109 1.19086951905 1.00699966123 -4.13473180916 0.551850297873 7.26592426313 0.00753464155925 9.3234e-06
pedestrian -1 -1 -10 947.97 91.017 989.339 220.787 1.75780700826 0.831909115797 0.658999718163 3.59541912886 1.19590074078 6.85226250889 0.00753464155925 7.5496e-06
pedestrian -1 -1 -10 982.53 115.28 1013.53 242.63 2.01377882434 0.723921144782 0.875999659366 3.70358504901 1.44599478161 6.79563239659 0.00753464155925 4.7699e-06
pedestrian -1 -1 -10 959.45 114.93 994.469 249.88 1.96778387094 0.751917955521 0.701999687834 3.61668189883 1.40526985084 6.81055151044 0.00753464155925 2.6552e-06
