pedestrian -1 -1 -10 364.57 144.49 446.939 322.83 1.83199180365 0.504999772214 1.07899606372 -2.1095102993 1.47357679116 7.44775325966 0.00692802392802 0.98492
pedestrian -1 -1 -10 892.35 222.66 918.008 276.592 0.949995717406 1.15499895025 0.707997524545 4.26816227876 1.40185952188 10.1860655897 0.00692802392802 0.031876
pedestrian -1 -1 -10 838.98 178.8 870.739 265.601 0.943995732069 0.525998712756 0.549997648633 6.40976625469 1.03711575563 17.9104990434 0.00692802392802 0.0039864
pedestrian -1 -1 -10 274.99 241.13 289.374 281.359 0.973995599151 0.765999274906 1.02899641836 -4.54356156163 1.40015085226 10.1945973954 0.00692802392802 0.0028108
pedestrian -1 -1 -10 763.35 166.94 791.747 241.903 0.762996576726 0.0939997989693 0.626997739057 4.12176640919 0.749737951378 17.6371149562 0.00692802392802 0.0027143
pedestrian -1 -1 -10 348.66 215.05 386.84 320.39 0.938995788992 0.69000006646 0.692997475967 -3.50757598138 1.35228714703 10.2003849659 0.00692802392802 0.0026173
pedestrian -1 -1 -10 638.24 209.7 663.346 271.06 2.06899079233 0.385999417982 1.18799556239 0.975124492274 1.17494837918 14.5455727187 0.00692802392802 0.0019377
pedestrian -1 -1 -10 885.8 221.68 907.685 277.275 0.949995717406 0.891998640202 0.71799723904 4.2176567847 1.40224721219 9.96891084986 0.00692802392802 0.0018218
pedestrian -1 -1 -10 303.41 227.76 332.835 281.476 0.97999561429 1.07599948444 1.18399533089 -4.14183092499 1.39483794946 10.3738086573 0.00692802392802 0.0015415
pedestrian -1 -1 -10 899.3 230.89 928.03 279.495 0.949995717406 1.05299973654 0.707997524545 4.26780895509 1.40191883355 10.1350672067 0.00692802392802 0.0013794
pedestrian -1 -1 -10 768.15 171.23 782.707 231.648 0.762996576726 0.0939997989693 0.629997748773 4.12026644037 0.749742076161 17.637125353 0.00692802392802 0.0011995
pedestrian -1 -1 -10 357.18 180.33 402.348 321.13 0.96799570322 0.862999331241 0.692997475967 -3.50632013243 1.38108295747 10.3758976147 0.00692802392802 0.0011514
pedestrian -1 -1 -10 649.3 192.32 660.618 229.339 1.46799343824 1.15099924288 0.800996991269 1.18219241409 1.43819457785 12.9602548334 0.00692802392802 0.0010993
pedestrian -1 -1 -10 910.18 232.87 938.541 276.334 2.09099064916 1.18199840553 1.1979954557 5.42414282394 1.38375735414 11.854913891 0.00692802392802 0.00062036
pedestrian -1 -1 -10 647.09 195.23 672.938 262.813 2.25898994058 0.760999163853 0.799997067503 1.20736834884 1.43465431328 12.4946051758 0.00692802392802 0.00061963
pedestrian -1 -1 -10 652.96 193.66 664.454 239.98 2.25898994058 0.815999431756 0.789996995381 1.17255981483 1.43471857543 12.5223472399 0.00692802392802 0.00049031
pedestrian -1 -1 -10 1088.1 89.595 1123.89 205.065 1.59799288213 0.703999042264 1.19199495943 8.23673525994 0.696375106633 11.5269074303 0.00692802392802 0.0004455
pedestrian -1 -1 -10 658.41 194.54 673.442 246.881 1.46799343824 1.09499952497 0.987996325318 1.27588381731 1.43790490477 12.9876059586 0.00692802392802 0.00039945
pedestrian -1 -1 -10 477.48 90.029 531.399 225.229 1.52999316752 1.18699756291 0.335998703978 -2.26598790286 0.554585362251 16.5571686601 0.00692802392802 0.00026552
pedestrian -1 -1 -10 922.59 229.37 946.061 275.582 2.13299045712 1.03999925707 1.19299583687 5.59500866657 1.36020603661 11.9246796699 0.00692802392802 0.00023792
pedestrian -1 -1 -10 292.64 210.74 327.795 277.957 0.226998959482 0.145999809506 0.185999171866 -7.67906880388 1.50210219876 18.6740824917 0.00692802392802 0.00017719
pedestrian -1 -1 -10 1066.9 85.542 1102.83 209.562 1.65399256647 0.662999657511 1.1969950551 8.05518381464 0.755897734457 11.5077016926 0.00692802392802 0.00015649
pedestrian -1 -1 -10 270.4 232.08 300.206 280.306 0.973995599151 0.905999523353 1.05799611492 -4.55757610296 1.40010931568 10.2646963406 0.00692802392802 0.00014633
pedestrian -1 -1 -10 319.11 217.92 353.716 285.365 1.06799516082 1.17299954078 1.12299592806 -4.06601877847 1.39005995285 10.8707393864 0.00692802392802 0.00010287
pedestrian -1 -1 -10 895.4 211.64 938.39 275.373 0.903995919228 0.802998952285 0.71799723904 4.21728506111 1.35629916656 9.92438576416 0.00692802392802 4.0902e-05
pedestrian -1 -1 -10 300.38 209.94 318.662 274.85 1.08699509949 0.871999149666 1.10199562163 -4.6944904105 1.35326924454 11.3285506701 0.00692802392802 2.7143e-05
pedestrian -1 -1 -10 497.17 93.823 555.065 215.123 0.985995562375 0.805999209652 0.279999039191 -1.9364434453 -0.0217053166896 17.7650612682 0.00692802392802 5.7614e-08
