pedestrian -1 -1 -10 769.94 157.11 817.716 299.47 1.72599228621 0.623999172772 0.4159985657 2.45443169315 1.41628614538 8.93766583683 0.00692802392802 0.99618
pedestrian -1 -1 -10 768.33 159.98 800.79 259.687 1.72599228621 0.623999172772 0.4159985657 2.45443169315 1.41628614538 8.93766583683 0.00692802392802 0.048127
pedestrian -1 -1 -10 783.12 149.96 835.007 288.77 2.18999024332 0.798999244913 1.19699553193 3.65519240417 1.33816318496 12.2675690032 0.00692802392802 0.020091
pedestrian -1 -1 -10 843.92 218.66 857.927 262.289 0.552997536957 0.255999391639 0.616997786144 4.8976874676 1.27886668182 13.9083844278 0.00692802392802 0.010019
pedestrian -1 -1 -10 766.18 202.42 788.815 291.561 1.72599228621 0.623999172772 0.4159985657 2.45443169315 1.41628614538 8.93766583683 0.00692802392802 0.0045639
pedestrian -1 -1 -10 846.44 217.36 866.993 264.314 0.552997536957 0.255999391639 0.616997786144 4.8976874676 1.27886668182 13.9083844278 0.00692802392802 0.0039119
pedestrian -1 -1 -10 663.49 197.95 693.89 261.819 2.0649907425 0.616999208033 1.19399546261 1.57441993822 1.1644106826 14.4449084884 0.00692802392802 0.0028701
pedestrian -1 -1 -10 695.21 190.02 707.611 228.742 2.06699070781 0.601998874876 1.18699545981 2.048961448 1.16509712821 14.4491207926 0.00692802392802 0.0028079
pedestrian -1 -1 -10 681.02 191.41 710.473 260.119 2.06599078476 0.616999208033 1.19299559845 1.90791217104 1.1644936542 14.442597524 0.00692802392802 0.0021973
pedestrian -1 -1 -10 703.68 165.18 719.332 213.85 0.752996645868 0.280999946902 1.04299606634 2.84724178139 0.738165573686 17.7134382178 0.00692802392802 0.0021766
pedestrian -1 -1 -10 679.43 193.85 692.545 242.224 2.26598987877 1.19099917763 0.957996406975 1.41802560446 1.44063686422 12.8761574714 0.00692802392802 0.0021444
pedestrian -1 -1 -10 699.82 165.4 714.462 221.375 2.06699070781 0.623999172772 1.19699553193 2.16388211425 1.16479368985 14.437323826 0.00692802392802 0.0021217
pedestrian -1 -1 -10 346.47 215.35 369.502 274.741 1.0729951337 1.18099895552 1.18799550279 -3.71919358269 1.39421716718 10.7713359464 0.00692802392802 0.0016604
pedestrian -1 -1 -10 693.68 202.22 711.488 260.745 2.06699070781 0.601998874876 1.19599548896 2.05346135448 1.16508475386 14.4490896023 0.00692802392802 0.0016143
pedestrian -1 -1 -10 881.03 228.95 898.7 278.862 1.18199464381 1.14099902078 0.70099734293 4.27685416895 1.40041944365 10.5488776604 0.00692802392802 0.0014624
pedestrian -1 -1 -10 934.12 225.4 958.722 273.323 1.00399549603 0.904999119673 0.302998835524 4.98471318332 1.4198740364 10.194091587 0.00692802392802 0.0013129
pedestrian -1 -1 -10 689.44 195.21 702.023 235.451 1.76499207169 0.840999033345 1.15699572028 2.41032592581 0.736119528748 17.9288799227 0.00692802392802 0.0012618
pedestrian -1 -1 -10 890.95 229.99 918.466 280.097 1.18199464381 1.14099902078 0.623997490924 4.31535317015 1.40031357476 10.548610811 0.00692802392802 0.0010124
pedestrian -1 -1 -10 943.57 226.74 963.565 272.016 2.26498989612 1.15299909657 1.19499520757 5.79970247976 1.40201174944 11.6007256762 0.00692802392802 0.00073833
pedestrian -1 -1 -10 690.86 173.58 717.95 236.186 2.06699070781 0.613998950667 1.18799550279 2.08941885944 1.1649927375 14.4428401868 0.00692802392802 0.00065097
pedestrian -1 -1 -10 1129.9 72.413 1167.41 203.963 1.62499277145 0.70699929963 1.14099550952 8.79831040545 0.714818753741 11.5335227246 0.00692802392802 0.00040124
pedestrian -1 -1 -10 340.12 217.84 382.778 281.199 1.02199536264 1.16999832974 1.07899570609 -3.66565347123 1.39424000361 10.6224910667 0.00692802392802 0.00030449
pedestrian -1 -1 -10 711.73 168.6 729.516 212.662 0.756996636093 0.10700027844 1.17499554016 2.98764068099 0.741879016242 17.6254654681 0.00692802392802 0.00029523
pedestrian -1 -1 -10 871.23 211.38 896.892 272.016 0.948995675147 1.00799969074 0.63899777792 4.26365753122 1.40087243515 10.185596495 0.00692802392802 0.00027549
pedestrian -1 -1 -10 889.94 243.29 909.598 283.93 1.97899122089 1.18999877395 1.18899518814 4.92141608979 1.37936793397 11.6594520813 0.00692802392802 0.00022407
pedestrian -1 -1 -10 685.98 206.68 697.824 261.668 2.06599078476 0.616999208033 1.12699562313 1.8619133257 1.164620147 14.4429163573 0.00692802392802 0.00020122
pedestrian -1 -1 -10 338.07 214.02 363.519 280.395 0.988995517791 1.04999947917 1.1139956605 -3.70936064622 1.39456737082 10.4418092244 0.00692802392802 0.00019388
pedestrian -1 -1 -10 353.57 210.8 376.294 272.412 0.988995517791 0.713999264368 0.694997561916 -3.51403017908 1.39422240974 10.2724511807 0.00692802392802 0.0001931
pedestrian -1 -1 -10 889.03 222.12 902.318 276.291 0.954995690286 0.756000006474 0.606997833231 4.24679329381 1.40706298339 10.0597140069 0.00692802392802 0.00014662
pedestrian -1 -1 -10 950.21 238.35 967.097 280.198 0.911995899677 0.591999606444 0.197999210728 4.43940184867 1.36350477469 10.0833546469 0.00692802392802 0.00013062
pedestrian -1 -1 -10 846.22 201.34 877.173 266.567 0.110999421776 0.109999582133 0.120999358722 5.56414241578 1.02962438139 15.1367645153 0.00692802392803 0.00012817
pedestrian -1 -1 -10 865.24 228.73 903.018 278.89 1.18799465895 1.19399943499 0.70099734293 4.27609690347 1.40654796813 10.43838396 0.00692802392802 8.296e-05
pedestrian -1 -1 -10 772.37 198.75 786.826 267.983 1.72599228621 0.623999172772 0.4159985657 2.45443169315 1.41628614538 8.93766583683 0.00692802392802 8.0604e-05
pedestrian -1 -1 -10 899.3 224.61 931.544 279.082 0.954995690286 0.823999800175 0.606997833231 4.24702884403 1.4070234421 10.0937130878 0.00692802392802 6.273e-05
pedestrian -1 -1 -10 880.99 211.72 913.086 275.646 1.18199464381 1.18899932394 0.70099734293 4.27845452822 1.40015079488 10.7798719067 0.00692802392802 5.9905e-05
pedestrian -1 -1 -10 671.82 173.12 687.97 228.258 1.47299344093 0.714999668048 0.97599634606 1.38500214631 1.44025480723 13.2928575805 0.00692802392802 5.0943e-05
pedestrian -1 -1 -10 837.56 214.93 851.797 258.945 0.552997536957 0.255999391639 0.616997786144 4.8976874676 1.27886668182 13.9083844278 0.00692802392802 3.9771e-05
pedestrian -1 -1 -10 1109.5 80.446 1143.25 202.796 1.59499287456 0.70699929963 1.19599560817 8.42978779102 0.688832178349 11.5360631216 0.00692802392802 3.3913e-05
pedestrian -1 -1 -10 357.66 189.34 390.379 276.07 1.05799521506 1.19299903131 1.08099603046 -3.60538033964 1.37868343623 10.9635431682 0.00692802392802 3.3631e-05
pedestrian -1 -1 -10 748.03 119.62 763.955 184.814 1.53299317509 0.490999842736 0.841996845896 2.95697598736 0.633722449706 14.3360196964 0.00692802392802 3.0613e-05
pedestrian -1 -1 -10 748.02 154.56 759.676 209.951 0.763996589184 0.114000243179 1.16899552073 3.82177733862 0.749561757726 17.64019201 0.00692802392802 1.9863e-05
pedestrian -1 -1 -10 769.05 202.36 782.002 264.105 2.17599030733 0.367999781132 0.646997406466 3.22858249067 1.2761026746 14.2230081442 0.00692802392802 1.3429e-05
pedestrian -1 -1 -10 328.81 215.87 349.865 278.897 0.988995517791 0.691998966472 1.09399575467 -3.71360069201 1.3947837946 10.2628340573 0.00692802392802 1.0316e-05
pedestrian -1 -1 -10 678.23 169.06 694.685 229.045 1.47299344093 1.15599935393 0.925996521891 1.43647306132 1.44036550343 13.0719956787 0.00692802392802 9.8206e-06
pedestrian -1 -1 -10 319.69 215.44 338.984 276.556 1.07299525291 1.18099895552 1.13999558575 -4.07023676569 1.40035880085 10.6197710817 0.00692802392802 5.4402e-06
pedestrian -1 -1 -10 318.25 201.21 359.865 282.18 0.993995609879 0.980999281793 1.18899566497 -3.82608967044 1.39992794221 10.4081202923 0.00692802392802 1.0173e-07
