pedestrian -1 -1 -10 410.68 157.15 484.099 370.0 1.71599235907 0.764999348062 0.542998003458 -1.25127993724 1.50219630717 5.71186511895 0.00692802392802 0.98697
pedestrian -1 -1 -10 842.69 221.15 856.865 259.892 0.553997519612 0.283999250594 0.635997768204 4.88320572082 1.28090419435 13.9104864518 0.00692802392802 0.073943
pedestrian -1 -1 -10 848.52 218.08 862.66 261.69 2.20899015218 1.1719991371 0.719997086572 4.27788435095 1.37558507818 11.2717625405 0.00692802392802 0.022653
pedestrian -1 -1 -10 699.57 166.14 712.027 215.874 2.06099075228 0.601999828549 1.19899537947 2.11791244727 1.16491669307 14.4406462755 0.00692802392802 0.0082593
pedestrian -1 -1 -10 667.21 212.91 687.285 263.155 2.24898999482 1.19399943499 1.05799605531 1.34011954592 1.43100042469 12.7461928336 0.00692802392802 0.0072874
pedestrian -1 -1 -10 373.4 159.78 521.59 358.84 1.71599235907 0.764999348062 0.542998003458 -1.25127993724 1.50219630717 5.71186511895 0.00692802392802 0.0061151
pedestrian -1 -1 -10 838.71 216.48 852.341 258.17 0.553997519612 0.283999250594 0.635997768204 4.88320572082 1.28090419435 13.9104864518 0.00692802392802 0.0042172
pedestrian -1 -1 -10 1044.8 231.58 1056.42 264.236 0.237998947501 0.584999641706 0.696996932613 9.06627830875 1.57850223669 13.7955331212 0.00692802392802 0.0042103
pedestrian -1 -1 -10 703.01 166.36 716.332 221.883 0.754996626079 0.253000087947 0.977996253196 2.82360390598 0.739253437566 17.6936011351 0.00692802392802 0.0041513
pedestrian -1 -1 -10 896.64 228.91 921.142 278.942 0.976995606721 1.17799965183 0.728997354137 4.27779651127 1.39563668122 10.3574803422 0.00692802392802 0.0028317
pedestrian -1 -1 -10 705.31 164.96 723.151 206.469 0.755996608734 0.253000087947 1.09399575467 2.88160364241 0.740093929816 17.6931997011 0.00692802392802 0.001741
pedestrian -1 -1 -10 326.31 215.06 348.802 279.973 1.05399528444 1.13899916709 1.16899575915 -4.10765593179 1.37611160537 10.9260214354 0.00692802392802 0.0011886
pedestrian -1 -1 -10 887.83 229.4 912.293 278.956 1.17699467093 1.16299931867 0.728997354137 4.27855646159 1.39546281499 10.5068626332 0.00692802392802 0.0011002
pedestrian -1 -1 -10 836.48 156.18 851.289 216.768 2.19399023354 1.01899840918 1.17999587424 4.2276931716 1.33458428694 12.2675959608 0.00692802392802 0.00091973
pedestrian -1 -1 -10 753.87 160.52 784.245 239.044 2.06799080968 0.395000190081 0.901996563374 3.2157253261 1.16917300301 14.1925354514 0.00692802392802 0.00084026
pedestrian -1 -1 -10 1038.5 231.74 1050.39 264.376 2.26898982674 1.07899974181 1.18999558874 7.42529108909 1.37834463936 11.7614377024 0.00692802392802 0.00082532
pedestrian -1 -1 -10 755.23 120.85 768.854 176.088 1.61299280077 0.921999306517 0.718997162806 3.06412032922 0.771676305403 12.3698429326 0.00692802392802 0.00060904
pedestrian -1 -1 -10 658.21 210.9 679.886 271.159 2.25898994058 1.19099917763 1.05599596936 1.27027032066 1.44117018123 12.7661830309 0.00692802392802 0.00042328
pedestrian -1 -1 -10 882.37 230.05 898.768 279.074 0.944995744527 1.15499895025 0.697997571632 4.29278938097 1.3956865162 10.2778929756 0.00692802392802 0.0004028
pedestrian -1 -1 -10 937.2 220.97 967.23 273.681 2.25898988098 1.12899894499 1.1979954557 5.81073290767 1.39289097746 11.6796445596 0.00692802392802 0.00037307
pedestrian -1 -1 -10 890.55 223.47 902.662 276.29 0.954995809495 0.595999313817 0.579997984208 4.23186842784 1.406173875 9.99881452203 0.00692802392802 0.00023395
pedestrian -1 -1 -10 744.3 117.47 772.356 194.859 1.64499266297 0.476999913259 0.807997053675 2.98113937713 0.746654760914 14.3369189314 0.00692802392802 0.00020511
pedestrian -1 -1 -10 664.23 176.9 676.949 229.761 2.25898994058 1.16199986867 1.08599594731 1.28548125508 1.44109346214 12.7965787228 0.00692802392802 0.0001366
pedestrian -1 -1 -10 402.4 173.7 440.742 301.71 2.14899035841 0.708999153316 1.18999558874 -3.82767323331 1.22948450045 15.1653786966 0.00692802392802 9.2105e-05
pedestrian -1 -1 -10 248.7 200.18 282.105 282.127 0.950995700062 0.942999200733 0.691997313783 -4.74269720934 1.3904748846 10.3914843531 0.00692802392802 7.5745e-05
pedestrian -1 -1 -10 339.55 220.29 383.48 281.954 1.00999545157 1.19299998499 1.12799578531 -3.63165393212 1.37922488026 10.5537432964 0.00692802392802 5.7106e-05
pedestrian -1 -1 -10 881.7 208.6 909.323 272.954 0.944995744527 0.809999870698 0.669997322007 4.27759452108 1.39592562838 10.1054946128 0.00692802392802 5.5255e-05
pedestrian -1 -1 -10 692.57 169.07 703.619 216.153 1.46499349028 0.955999680204 0.66899751745 1.53807843367 1.43006551539 13.089284986 0.00692802392802 2.0154e-05
pedestrian -1 -1 -10 319.44 211.81 340.916 276.486 1.06099522263 1.19099917763 1.11999567993 -4.08522528459 1.38839536571 10.6238687511 0.00692802392802 1.3553e-05
pedestrian -1 -1 -10 256.1 217.69 301.459 281.395 0.963995653391 0.936999639674 1.04799592359 -4.56598792401 1.39019823966 10.2072476029 0.00692802392802 1.6498e-06
pedestrian -1 -1 -10 348.08 213.68 371.285 279.772 0.974995581806 1.14099902078 1.06899623001 -3.64759014767 1.37934891152 10.4838723027 0.00692802392802 9.9688e-07
pedestrian -1 -1 -10 330.8 211.23 359.926 290.549 0.982995562256 1.03199984232 1.0959956022 -3.7504538026 1.38769413214 10.4300890386 0.00692802392802 5.9916e-07
