pedestrian -1 -1 -10 355.96 163.06 407.258 311.44 1.66099251956 0.532000181162 0.766997079839 -2.76451878864 1.41757025002 8.1588430336 0.00692802392802 0.94769
pedestrian -1 -1 -10 845.46 215.46 859.357 261.823 0.552997536957 0.30699995217 0.653997349663 4.89521172759 1.27886948615 13.9119016544 0.00692802392802 0.072985
pedestrian -1 -1 -10 700.56 161.79 714.547 215.374 2.05999082923 0.622998769092 1.1979954557 2.15140662871 1.16382523236 14.4399133209 0.00692802392802 0.027602
pedestrian -1 -1 -10 704.69 166.68 724.672 211.7 1.00799551606 0.521999005384 1.12399585183 2.88693820723 0.99191611199 17.8358134692 0.00692802392802 0.012316
pedestrian -1 -1 -10 694.21 162.07 720.727 223.57 2.05999082923 0.622998769092 1.1979954557 2.14840669106 1.16383348193 14.4399341144 0.00692802392802 0.0054773
pedestrian -1 -1 -10 836.5 157.37 851.86 217.452 2.19599013925 1.02899958496 1.17099560668 4.25444041868 1.33747059993 12.302414034 0.00692802392802 0.0038617
pedestrian -1 -1 -10 840.21 210.49 869.027 262.197 0.552997536957 0.30699995217 0.653997349663 4.89521172759 1.27886948615 13.9119016544 0.00692802392802 0.0033685
pedestrian -1 -1 -10 842.19 157.47 856.078 222.473 2.19199020863 0.962999644943 1.18899566497 4.36966034117 1.33311605974 12.334613843 0.00692802392802 0.0033165
pedestrian -1 -1 -10 884.1 231.1 906.709 278.133 0.917995914817 1.05999970128 0.719997086572 4.2049524779 1.37022617163 10.0179812297 0.00692802392802 0.0029729
pedestrian -1 -1 -10 942.49 229.63 965.119 272.122 0.973995599151 0.761999567533 0.666997789127 5.19419562493 1.3883751926 10.1251192959 0.00692802392802 0.0023309
pedestrian -1 -1 -10 661.83 224.4 679.377 264.193 2.2629898712 1.18600002025 1.11399577971 1.2878414642 1.43802515414 12.8505577098 0.00692802392802 0.0022915
pedestrian -1 -1 -10 695.69 161.33 710.054 217.573 2.05999082923 0.620998915405 1.19099539329 2.0699158261 1.16404818109 14.4414781117 0.00692802392802 0.0021142
pedestrian -1 -1 -10 375.26 158.5 414.508 282.75 2.35098947734 0.482000024311 1.19499520757 -4.41368074909 1.42305865505 15.2020473702 0.00692802392802 0.0020669
pedestrian -1 -1 -10 840.46 212.26 854.35 260.789 0.552997536957 0.30699995217 0.653997349663 4.89521172759 1.27886948615 13.9119016544 0.00692802392802 0.0012892
pedestrian -1 -1 -10 1204.9 239.48 1224.03 291.33 0.869996091724 0.304999621647 0.770997013321 4.51320586413 1.37087576225 5.21025591259 0.00692802392802 0.0011683
pedestrian -1 -1 -10 831.99 151.32 857.745 252.61 2.19199020863 0.988999650211 1.1939952838 4.28507255023 1.33336353987 12.3221998342 0.00692802392802 0.0008053
pedestrian -1 -1 -10 335.49 174.24 389.957 306.3 1.68899239153 0.532000181162 0.771996937087 -2.76698004761 1.44557699641 8.15887637561 0.00692802392802 0.00075267
pedestrian -1 -1 -10 874.43 230.21 896.426 275.538 0.917995914817 1.15799920762 0.569997792877 4.28260373592 1.36957451159 10.4004523174 0.00692802392802 0.00055143
pedestrian -1 -1 -10 930.24 227.33 953.813 271.153 0.99299556762 1.19699873869 0.738997068632 5.23192834258 1.40698949252 10.371374576 0.00692802392802 0.00053325
pedestrian -1 -1 -10 713.91 166.02 726.867 211.692 1.00799551606 0.525998712756 1.17699538769 2.99244923385 0.991623678209 17.8370820388 0.00692802392802 0.00038884
pedestrian -1 -1 -10 744.6 134.8 772.575 205.671 1.96599126756 0.528999923796 1.04399599011 3.10445391054 1.06733606998 14.3182498381 0.00692802392802 0.00029087
pedestrian -1 -1 -10 889.0 212.16 902.343 269.844 1.14999490082 1.19099917763 0.622997567158 4.25701429244 1.36944095263 10.5779991681 0.00692802392802 0.00026342
pedestrian -1 -1 -10 894.26 242.04 912.327 284.278 1.14999490082 1.14199942446 0.622997567158 4.25747500002 1.36936361466 10.6444972372 0.00692802392802 0.00026311
pedestrian -1 -1 -10 327.23 213.26 348.61 289.793 0.970995651186 0.669998668576 0.650997578365 -3.89099336813 1.37825107341 10.2820548671 0.00692802392802 0.00022689
pedestrian -1 -1 -10 893.18 213.71 909.565 269.114 0.917995914817 1.01899936285 0.569997792877 4.2815610753 1.36974954073 10.2499557336 0.00692802392802 9.4512e-05
pedestrian -1 -1 -10 314.07 212.1 352.917 309.393 1.06699523777 1.16000001498 1.07199600131 -4.09870066898 1.39434723734 10.6984669888 0.00692802392802 6.3136e-05
pedestrian -1 -1 -10 667.12 168.12 684.938 221.038 1.46799343824 0.847998998084 1.03499608017 1.33015473816 1.43762811592 13.0987326548 0.00692802392802 5.4244e-05
pedestrian -1 -1 -10 331.87 206.86 359.687 297.41 1.04399533868 1.09999868235 0.977996253196 -4.1009170409 1.37605593443 10.9584810898 0.00692802392802 7.2623e-06
pedestrian -1 -1 -10 390.61 159.51 408.137 243.499 2.34898951203 0.482000024311 1.19699553193 -4.31868060138 1.42279742054 15.2013900555 0.00692802392802 3.6957e-06
pedestrian -1 -1 -10 317.31 214.89 342.436 273.436 0.336998482049 0.157998931624 0.288998949129 -7.03612051243 1.59043814206 18.5786640269 0.00692802392802 2.2343e-06
pedestrian -1 -1 -10 286.69 219.98 336.605 291.949 1.07899514884 1.18399825922 1.18099555959 -4.41388556435 1.39916240669 10.7456504411 0.00692802392802 7.5072e-07
pedestrian -1 -1 -10 306.44 191.52 365.06 296.01 1.06699523777 1.18999877395 1.04799616201 -4.10936320448 1.39415577994 10.8915452395 0.00692802392802 3.9126e-07
