pedestrian -1 -1 -10 851.57 149.58 964.24 320.83 1.83399181366 0.768999532272 1.03699604691 3.26988392772 1.46152999798 7.63247451444 0.00692802392802 0.99769
pedestrian -1 -1 -10 845.32 153.97 883.017 296.74 0.689996919036 0.108001635794 0.522998276445 6.39034392344 0.783429061699 17.6834804277 0.00692802392802 0.043269
pedestrian -1 -1 -10 767.03 165.56 781.535 238.418 0.762996576726 0.085998476877 0.685997294352 4.1162386481 0.749757728719 17.6331525138 0.00692802392802 0.0084099
pedestrian -1 -1 -10 847.97 154.65 909.573 314.47 1.83399181366 0.809998917024 0.949996241989 3.22699819182 1.46154669265 7.72127338173 0.00692802392802 0.0070259
pedestrian -1 -1 -10 638.23 210.61 663.275 271.728 2.2789898321 1.14999979288 0.801997034244 1.06729316861 1.46173003349 12.7661018755 0.00692802392802 0.0041907
pedestrian -1 -1 -10 886.08 145.24 952.704 292.75 1.83399181366 0.733999708578 1.08599588771 3.29426202078 1.46148297905 7.61480520952 0.00692802392802 0.0041064
pedestrian -1 -1 -10 364.57 223.18 387.588 278.397 0.973995658755 1.05799889392 0.643997635168 -3.49343322545 1.37998167112 10.4333048669 0.00692802392802 0.0025824
pedestrian -1 -1 -10 360.91 245.82 385.636 281.697 0.982995562256 0.940999347047 0.643997635168 -3.49382609988 1.38904960885 10.3748116449 0.00692802392802 0.001748
pedestrian -1 -1 -10 352.85 219.82 379.583 280.028 0.982995562256 0.749999491742 0.58399791769 -3.50748737073 1.38919642152 10.279404114 0.00692802392802 0.0015259
pedestrian -1 -1 -10 303.61 227.75 332.243 281.347 1.0139955014 1.16599957604 1.09299606932 -4.15494811112 1.39480296763 10.4358815276 0.00692802392802 0.0014616
pedestrian -1 -1 -10 659.34 193.46 671.46 233.229 2.2789898321 1.18699947025 1.06299597217 1.19791766916 1.461349665 12.7836967566 0.00692802392802 0.0013228
pedestrian -1 -1 -10 647.35 195.02 672.966 262.258 2.2789898321 0.756999456481 0.797996981553 1.06332911122 1.46206523887 12.4826225392 0.00692802392802 0.0010793
pedestrian -1 -1 -10 764.29 166.78 791.883 243.225 0.762996576726 0.0849990268707 0.617997471493 4.1502412049 0.749663653013 17.6334165677 0.00692802392802 0.0010514
pedestrian -1 -1 -10 266.78 245.17 286.923 280.892 1.1299949795 1.18299976288 0.985996358577 -4.77749934195 1.39633431977 10.5976331266 0.00692802392802 0.00080743
pedestrian -1 -1 -10 268.88 248.67 295.942 286.947 0.96799570322 0.745999784369 1.04499567545 -4.53465457008 1.39614129172 10.1815341802 0.00692802392802 0.0005022
pedestrian -1 -1 -10 654.03 193.88 665.559 232.002 2.2789898321 0.816999835436 0.94099645126 1.13503496896 1.46183373587 12.5121264321 0.00692802392802 0.00047869
pedestrian -1 -1 -10 319.44 217.07 354.548 283.135 1.0639952004 1.12999934867 1.14999553867 -4.02940452714 1.39010627765 10.7419844655 0.00692802392802 0.00036077
pedestrian -1 -1 -10 479.35 80.31 527.679 226.27 1.22899448425 1.18399921289 0.323998903533 -2.25106597185 0.251487899127 16.6063885388 0.00692802392802 0.00033312
pedestrian -1 -1 -10 773.43 168.87 788.011 229.432 2.17999023795 0.951999019158 0.99599631149 3.24441661132 1.33517548734 12.3729197447 0.00692802392802 0.00028088
pedestrian -1 -1 -10 304.87 249.97 322.682 285.97 1.03799541295 1.12199898025 1.15899580623 -4.5055370632 1.36502105747 11.0902783773 0.00692802392802 0.00014362
pedestrian -1 -1 -10 292.68 208.59 327.137 278.088 0.223999071121 0.0510005605308 0.228999231651 -7.6611571904 1.50298608543 18.7324619497 0.00692802392802 0.00010802
pedestrian -1 -1 -10 651.9 212.5 678.876 271.711 2.2789898321 1.16299931867 1.06299597217 1.19843034097 1.46126360392 12.8576952891 0.00692802392802 7.7761e-05
pedestrian -1 -1 -10 367.18 206.1 399.762 278.688 1.00799548626 1.17799965183 0.71999732499 -3.53011423488 1.37985705794 10.6305434926 0.00692802392802 3.8361e-05
pedestrian -1 -1 -10 918.75 203.1 968.168 307.81 1.83399181366 0.730999451212 0.885996829447 3.39424875499 1.46120974033 7.6126120034 0.00692802392802 2.7593e-05
