pedestrian -1 -1 -10 566.47 156.96 625.745 329.35 1.72099235058 0.74300000384 0.611997720281 -0.0774951998363 1.45842084316 7.93073434629 0.00692802392802 0.94337
pedestrian -1 -1 -10 845.15 217.02 859.072 260.993 0.551997554302 0.275999835849 0.629997271938 4.91016059211 1.2788369621 13.9042977967 0.00692802392802 0.04566
pedestrian -1 -1 -10 702.04 159.75 719.98 211.445 1.00499550849 0.530999777482 1.16899575915 2.79037101838 0.989192511186 17.8269812924 0.00692802392802 0.0056583
pedestrian -1 -1 -10 597.42 263.57 617.868 317.305 1.72099235058 0.74300000384 0.611997720281 -0.0774951998363 1.45842084316 7.93073434629 0.00692802392802 0.0045427
pedestrian -1 -1 -10 891.52 229.95 917.48 279.089 1.16699472517 1.11999912656 0.552997896767 4.30381548792 1.38534818621 10.5461824211 0.00692802392802 0.0033964
pedestrian -1 -1 -10 833.78 158.59 848.268 215.449 2.20599014461 1.13899916709 1.19599560817 4.1826831823 1.34671259243 12.2639151147 0.00692802392802 0.00294
pedestrian -1 -1 -10 698.41 157.78 713.605 222.859 2.06199079454 0.672999879616 1.17699562611 2.1237023991 1.16593570708 14.4101060778 0.00692802392802 0.0028033
pedestrian -1 -1 -10 942.09 229.76 964.69 271.829 0.98699555248 0.763999421219 0.132999397585 5.48723273192 1.41056939098 10.1231068709 0.00692802392802 0.0017866
pedestrian -1 -1 -10 882.97 221.99 899.731 274.144 1.16699472517 1.14699858184 0.639997463268 4.26083981092 1.38537999878 10.6219820738 0.00692802392802 0.0016
pedestrian -1 -1 -10 885.02 230.98 906.642 278.715 0.898995946348 0.756999456481 0.612997614245 4.24323476289 1.3511523159 9.99020451601 0.00692802392802 0.001512
pedestrian -1 -1 -10 704.66 166.17 729.671 208.834 1.00599555075 0.530999777482 1.18099555959 2.91336900669 0.989854323538 17.8261293339 0.00692802392802 0.001308
pedestrian -1 -1 -10 839.99 213.98 853.801 260.327 0.551997554302 0.275999835849 0.629997271938 4.91016059211 1.2788369621 13.9042977967 0.00692802392802 0.00087356
pedestrian -1 -1 -10 841.93 209.94 872.087 264.225 0.551997554302 0.275999835849 0.629997271938 4.91016059211 1.2788369621 13.9042977967 0.00692802392802 0.00068658
pedestrian -1 -1 -10 930.38 226.65 954.142 272.2 0.98699555248 1.15299909657 0.236999098614 5.52840360245 1.41009755196 10.4363292244 0.00692802392802 0.00059296
pedestrian -1 -1 -10 668.66 223.12 681.617 264.017 1.47499336153 1.194998885 1.08299587799 1.30506563843 1.44187721255 12.9414031935 0.00692802392802 0.00044714
pedestrian -1 -1 -10 889.52 213.0 902.102 269.039 1.16699472517 1.18299880921 0.639997463268 4.26112385667 1.38533231665 10.6629809514 0.00692802392802 0.0003664
pedestrian -1 -1 -10 751.03 144.21 763.635 198.014 2.06799080968 0.582999788019 1.15099546243 3.11190723005 1.16934638896 14.2912569097 0.00692802392802 0.00036591
pedestrian -1 -1 -10 893.88 215.16 909.999 270.583 0.968995626271 1.19799914237 0.639997463268 4.25888549681 1.38575389728 10.3006034287 0.00692802392802 0.00014716
pedestrian -1 -1 -10 589.35 237.74 625.353 326.748 1.72099235058 0.74300000384 0.611997720281 -0.0774951998363 1.45842084316 7.93073434629 0.00692802392802 0.00013383
pedestrian -1 -1 -10 346.29 215.7 369.492 274.765 1.00999545157 1.17499939446 1.04299606634 -3.70344287878 1.38947493599 10.508251442 0.00692802392802 0.0001278
pedestrian -1 -1 -10 881.85 208.58 910.73 273.802 1.16699472517 1.18299880921 0.639997463268 4.26112385667 1.38533231665 10.6629809514 0.00692802392802 9.8168e-05
pedestrian -1 -1 -10 895.76 224.71 932.363 277.798 0.922995887697 0.918999049151 0.639997463268 4.25732862118 1.37502093317 10.071122525 0.00692802392802 6.1096e-05
pedestrian -1 -1 -10 578.16 155.52 643.101 253.55 1.72099235058 0.74300000384 0.611997720281 -0.0774951998363 1.45842084316 7.93073434629 0.00692802392802 5.9446e-05
pedestrian -1 -1 -10 672.11 170.99 687.583 225.232 1.46499341577 0.740999673317 0.963996307197 1.36612285158 1.43144965489 13.1679792292 0.00692802392802 5.6075e-05
pedestrian -1 -1 -10 348.93 218.58 388.434 281.57 0.955995672941 0.940999347047 0.647997568649 -3.50671334035 1.37106449695 10.3928958063 0.00692802392802 2.4815e-05
pedestrian -1 -1 -10 363.44 183.75 400.022 273.553 2.2629898116 0.52499926275 1.19599560817 -4.7235465192 1.33095021432 15.169637238 0.00692802392802 1.4243e-05
pedestrian -1 -1 -10 358.53 200.93 382.224 274.277 0.955995672941 0.83199921492 0.647997568649 -3.50709091509 1.37112787958 10.3383970482 0.00692802392802 1.1814e-05
pedestrian -1 -1 -10 907.64 218.71 948.694 274.191 2.21499010772 0.858999623869 1.1979954557 5.63711968214 1.35796925865 12.0298404589 0.00692802392802 9.6295e-06
pedestrian -1 -1 -10 328.03 207.74 373.003 285.789 0.973995599151 1.0139992518 1.10199586005 -3.73345012804 1.38964967637 10.4279783615 0.00692802392802 5.0381e-06
pedestrian -1 -1 -10 320.47 213.44 346.877 280.122 0.334998516738 0.0729999047532 0.258998851972 -7.04400611112 1.5894409091 18.5952195428 0.00692802392802 3.7886e-06
pedestrian -1 -1 -10 601.66 136.51 627.912 238.2 1.98799106479 0.819999139129 1.17999554642 0.364119675441 0.974927590865 17.7846997956 0.00692802392802 1.5884e-06
pedestrian -1 -1 -10 311.88 196.36 359.384 284.218 1.05499523729 1.16399876868 1.18499549307 -4.13570420227 1.37519611786 10.9197137069 0.00692802392802 1.2078e-08
pedestrian -1 -1 -10 590.13 146.13 621.036 229.409 1.9809911862 0.741000626991 1.18499555268 0.14134532994 0.969585470363 17.7467408065 0.00692802392802 1.1184e-08
pedestrian -1 -1 -10 584.05 137.64 610.344 232.363 1.59799287468 0.684000028564 0.611997720281 -0.0778691813354 1.33545567524 7.90116471681 0.00692802392802 4.0006e-12
