pedestrian -1 -1 -10 1200.6 219.83 1214.89 268.145 1.98478205383 0.809911212972 1.19799982592 4.11421515467 1.42738049772 5.15037255328 0.00753464155925 0.022359
pedestrian -1 -1 -10 532.38 165.29 546.052 209.202 1.15087362874 0.278968766195 0.566999738696 -3.01784280743 1.18562072705 35.3901833087 0.00753464155925 0.011453
pedestrian -1 -1 -10 1184.7 212.56 1212.44 279.896 1.9867818085 0.848906975124 1.19799934908 4.07234122614 1.42965507607 5.16717170432 0.00753464155925 0.0053981
pedestrian -1 -1 -10 1147.2 78.129 1183.62 199.109 1.64281959498 0.9348975201 1.1969998987 4.24007903993 1.08822128612 5.34744134172 0.00753464155925 0.0022567
pedestrian -1 -1 -10 1172.0 205.25 1199.53 285.368 1.98278226936 0.861905562508 1.19699942187 3.99384843942 1.42971963056 5.16823260194 0.00753464155925 0.0017116
pedestrian -1 -1 -10 526.63 168.06 539.321 209.438 1.26186144328 1.19086951905 0.811999787676 -3.41882006069 1.25965422489 32.2694990472 0.00753464155925 0.001494
pedestrian -1 -1 -10 1194.4 214.15 1221.86 283.201 1.98278229916 0.815910597671 1.19799934908 4.11823697353 1.42542223857 5.15335687307 0.00753464155925 0.0013242
pedestrian -1 -1 -10 1159.7 204.04 1186.83 280.742 1.95678513086 1.06788332468 1.19199978579 4.1311779514 1.40128144957 5.27944187263 0.00753464155925 0.00097536
pedestrian -1 -1 -10 1168.0 75.043 1204.39 204.933 1.6608176254 0.982892597693 1.1979995875 4.11776675128 1.10469430304 5.23923704309 0.00753464155925 0.00064513
pedestrian -1 -1 -10 1019.9 82.886 1057.54 200.266 1.64981879592 1.19286963181 0.768999818005 3.57736197991 1.11512893614 5.65112927022 0.00753464155925 0.0006333
pedestrian -1 -1 -10 1128.1 99.093 1163.31 230.603 1.83979796291 0.922898750701 1.13999975594 3.80253966146 1.2873262251 5.20122787567 0.00753464155925 0.00049296
pedestrian -1 -1 -10 1010.4 91.849 1047.02 215.119 1.73680925644 1.19086951905 0.713999768084 3.55032651158 1.2029979609 5.70868389586 0.00753464155925 0.00038459
pedestrian -1 -1 -10 1116.4 124.71 1150.68 253.97 2.02877728235 1.18387031637 0.912999588912 3.68677491491 1.4808058257 4.89109195352 0.00753464155925 0.00014918
pedestrian -1 -1 -10 993.64 84.749 1028.9 204.749 1.57482710182 1.18487061114 0.482999892202 3.43565381375 1.04281699021 5.82673648067 0.00753464155925 0.00014421
pedestrian -1 -1 -10 1145.7 193.91 1180.07 269.471 1.95678513086 1.00389020575 1.19699942187 4.15991805803 1.40173438025 5.31122309704 0.00753464155925 0.00014118
pedestrian -1 -1 -10 1032.5 123.01 1069.59 244.34 2.00477983892 1.19786872174 0.869999619241 3.62820412876 1.46552004516 5.67969077327 0.00753464155925 0.00011086
pedestrian -1 -1 -10 1106.2 99.778 1140.68 229.218 1.85879587066 0.673925954432 0.801999800274 3.63261977246 1.31660297349 5.07769816921 0.00753464155925 8.6936e-05
pedestrian -1 -1 -10 982.53 123.87 1017.89 252.58 1.12587636757 0.595934430127 0.393999932798 7.10171530661 0.705811019955 13.4743382756 0.00753464155925 7.3226e-05
pedestrian -1 -1 -10 1002.6 55.057 1038.32 181.707 1.52083301055 1.18687024711 0.666999851136 3.52703937516 0.987586519511 5.74745499583 0.00753464155925 6.3188e-05
pedestrian -1 -1 -10 1084.5 39.313 1119.95 172.003 1.52183285809 0.731919688667 0.701999926253 3.58273583215 0.980105637417 5.10956547469 0.00753464155925 5.1615e-05
pedestrian -1 -1 -10 1001.7 120.12 1037.25 245.92 1.95578519393 1.18687024711 0.692999866065 3.5404669419 1.42310653555 5.78313119997 0.00753464155925 3.2933e-05
pedestrian -1 -1 -10 1051.3 114.81 1088.78 252.64 1.9867818383 1.1938694498 0.843999842731 3.61293325073 1.44607561987 5.37891882422 0.00753464155925 3.2715e-05
pedestrian -1 -1 -10 1093.6 121.55 1130.2 263.84 2.03477654636 1.085881002 0.760999923451 3.61108228419 1.49045221736 4.93156959868 0.00753464155925 6.7218e-06
pedestrian -1 -1 -10 1073.2 110.65 1111.11 258.35 1.95678513086 0.805911941029 0.678999931386 3.57165148747 1.41961351697 5.14336720202 0.00753464155925 5.3956e-06
