pedestrian -1 -1 -10 695.55 164.92 716.838 239.965 1.58682580491 1.13587523878 0.613999655645 2.52016129945 1.6158254816 17.7383837881 0.00753464155925 0.93432
pedestrian -1 -1 -10 704.96 168.3 727.77 236.466 1.53083195897 0.887903214062 0.613999655645 2.52345887919 1.5663447252 18.1787372928 0.00753464155925 0.056899
pedestrian -1 -1 -10 685.91 168.9 710.636 236.684 1.53083195897 1.09288068147 0.613999655645 2.52268667063 1.56482747051 18.0762514683 0.00753464155925 0.027331
pedestrian -1 -1 -10 354.7 179.19 397.291 220.779 1.47383815003 1.11187769998 0.391999601531 -6.13232761655 0.675540506952 19.1208423703 0.00753464155925 0.0018476
pedestrian -1 -1 -10 687.79 171.99 702.168 219.34 1.53083195897 0.84190681887 0.589999733563 2.51163253933 1.56669392995 18.2018251228 0.00753464155925 0.00064066
pedestrian -1 -1 -10 752.28 163.67 791.139 241.514 2.36574020553 0.47194841777 0.413999907602 4.79663933534 1.54600172576 21.1605041765 0.00753464155925 0.0005543
pedestrian -1 -1 -10 172.9 116.29 205.603 183.509 1.56882771862 1.194868791 0.46599993746 -7.34294286976 0.861487342816 12.6505211675 0.00753464155925 0.00019943
pedestrian -1 -1 -10 745.0 184.98 791.868 267.477 2.22375583601 0.47194841777 0.44399963139 4.82568393965 1.54898030337 21.1591902293 0.00753464155925 5.6754e-05
pedestrian -1 -1 -10 342.41 182.03 385.004 230.265 1.37284919823 1.18986922428 0.960999909912 -3.81834750773 1.63754082854 10.9702974015 0.00753464155925 5.2645e-05
pedestrian -1 -1 -10 741.49 144.03 776.872 223.537 0.0999890208244 0.0 0.0 10.3835091081 1.45332370648 47.7366842613 0.0 2.8453e-05
pedestrian -1 -1 -10 401.76 204.03 434.28 275.752 1.3318538103 1.11587697192 0.313999795162 -3.46305429955 1.72034580413 12.6593249198 0.00753464155925 6.0725e-06
pedestrian -1 -1 -10 413.81 198.84 435.731 297.21 1.08488094985 0.707921673086 0.204999860953 -3.40694284075 1.72332583212 12.8610580005 0.00753464155925 3.1473e-07
