pedestrian -1 -1 -10 838.33 133.04 900.035 306.07 1.89199153781 0.49000039273 0.455998138935 3.15341219961 1.40981865406 8.53470957026 0.00692802392802 0.99662
pedestrian -1 -1 -10 841.39 221.62 886.655 299.257 2.06799080968 0.948999715465 1.1979954557 4.40408246804 1.36240636747 11.9984728001 0.00692802392802 0.08234
pedestrian -1 -1 -10 763.69 169.94 789.897 236.648 0.762996576726 0.0929984416157 0.628997586589 4.12176294051 0.749738533659 17.6366142895 0.00692802392802 0.022241
pedestrian -1 -1 -10 320.47 219.13 350.447 280.601 1.06599525511 1.15299909657 1.18499549307 -4.07853096239 1.38917908849 10.7968240265 0.00692802392802 0.013011
pedestrian -1 -1 -10 328.75 228.22 347.711 276.326 1.05799527466 1.13499945972 1.16899575915 -4.09580725585 1.38110532941 10.9029415432 0.00692802392802 0.009839
pedestrian -1 -1 -10 362.67 226.36 384.469 274.91 0.175999188423 0.18300044056 0.0300000971567 -4.78456946409 1.3430958061 13.4492451242 0.00692802392803 0.0040263
pedestrian -1 -1 -10 306.52 225.22 338.037 278.647 1.03799541295 0.971998509694 1.08799621207 -4.48747627653 1.35987643518 11.1731490207 0.00692802392802 0.0040028
pedestrian -1 -1 -10 336.44 225.67 351.253 276.789 0.976995666325 0.87099969966 1.07499577261 -3.7559033633 1.38086415253 10.2946185652 0.00692802392802 0.0023927
pedestrian -1 -1 -10 331.89 220.03 366.822 280.534 1.01099549383 1.14699953551 1.09699576439 -3.74355106503 1.38059898171 10.4965180326 0.00692802392802 0.0016657
pedestrian -1 -1 -10 769.15 168.97 782.437 225.384 0.762996576726 0.0929984416157 0.668997636659 4.10176339589 0.749793530655 17.636752913 0.00692802392802 0.0015257
pedestrian -1 -1 -10 313.38 239.2 343.928 281.798 0.982995681464 1.10799905077 1.15399594898 -4.06531623987 1.38753831145 10.4512703123 0.00692802392802 0.0011702
pedestrian -1 -1 -10 643.52 177.18 656.179 230.212 2.26198982894 1.15499895025 0.653997528476 1.13469774778 1.43763556061 12.686114591 0.00692802392802 0.001167
pedestrian -1 -1 -10 897.6 222.86 920.923 274.286 0.939995771647 1.12700004497 0.574997888543 4.31680415657 1.39153474054 10.3527268136 0.00692802392802 0.00095811
pedestrian -1 -1 -10 366.9 242.21 390.07 280.024 0.976995666325 0.966999352315 0.678997589572 -3.45657922138 1.37998612883 10.340544829 0.00692802392802 0.00071883
pedestrian -1 -1 -10 638.35 175.8 651.743 225.177 2.52498872429 0.840999987019 1.18099551489 0.886882728876 1.63108717124 14.6369519864 0.00692802392802 0.00071705
pedestrian -1 -1 -10 1057.9 91.035 1092.82 205.315 1.7169923082 0.597999167503 1.19599560817 7.5876723158 0.826204494903 11.4924850238 0.00692802392802 0.00070358
pedestrian -1 -1 -10 349.73 246.8 378.45 284.294 1.05599527955 1.19699873869 1.12799578531 -3.62518127478 1.38011887361 10.6306747846 0.00692802392802 0.00068273
pedestrian -1 -1 -10 854.74 208.28 874.53 301.135 1.89199153781 0.49000039273 0.455998138935 3.15341219961 1.40981865406 8.53470957026 0.00692802392802 0.00066123
pedestrian -1 -1 -10 855.0 206.23 904.345 297.827 1.89199153781 0.49000039273 0.455998138935 3.15341219961 1.40981865406 8.53470957026 0.00692802392802 0.00057479
pedestrian -1 -1 -10 1077.4 89.097 1115.31 209.767 1.66599259675 0.714999668048 1.19399576064 7.95199149661 0.772135783852 11.5484294787 0.00692802392802 0.00054893
pedestrian -1 -1 -10 648.43 175.23 660.812 223.074 2.26198982894 1.16599862237 0.75499721979 1.18625289593 1.43731933887 12.8382609576 0.00692802392802 0.000463
pedestrian -1 -1 -10 356.89 214.2 375.396 272.134 0.956995774805 0.792000233848 0.555997906482 -3.5187113581 1.36025711291 10.2534621964 0.00692802392802 0.00044307
pedestrian -1 -1 -10 365.94 211.28 394.045 277.382 1.01099549383 1.14699953551 0.678997589572 -3.45555919606 1.37980702928 10.4945218649 0.00692802392802 0.00040596
pedestrian -1 -1 -10 912.07 232.03 935.698 276.921 2.07399070561 1.06999896971 1.19099598934 5.3962572198 1.3658935233 11.8030948671 0.00692802392802 0.00039144
pedestrian -1 -1 -10 634.51 173.74 647.268 220.666 1.99399107993 0.637998148575 1.16699558379 0.988984761414 0.974145232747 17.8363683381 0.00692802392802 0.00030477
pedestrian -1 -1 -10 654.04 170.98 666.736 221.442 2.24898987561 0.803999355965 0.797997041158 1.20546199166 1.42464172225 12.5101125279 0.00692802392802 0.00030306
pedestrian -1 -1 -10 854.8 132.49 878.229 207.613 1.67699246556 0.459000276409 0.447998271971 3.14900851164 1.19484860731 8.51911463912 0.00692802392802 8.0924e-05
pedestrian -1 -1 -10 304.37 209.77 324.258 275.604 1.09399515688 0.949999165472 1.18799526437 -4.57447476705 1.3601028782 11.1847194082 0.00692802392802 7.4253e-05
pedestrian -1 -1 -10 832.16 175.0 867.943 290.99 1.89199153781 0.49000039273 0.455998138935 3.15341219961 1.40981865406 8.53470957026 0.00692802392802 7.285e-05
pedestrian -1 -1 -10 489.61 93.749 527.459 221.439 0.951995746046 1.15399854657 0.30199867334 -2.19824237805 -0.0328596774391 16.7828583135 0.00692802392802 5.9004e-05
pedestrian -1 -1 -10 762.02 165.57 773.881 226.172 2.06899073273 0.515999444325 0.944996384742 3.22057646968 1.17010182177 14.2430030261 0.00692802392802 4.1646e-05
pedestrian -1 -1 -10 658.93 168.81 672.097 226.5 1.80399190187 1.15199964656 0.964996350172 1.292401081 1.43694338221 12.9127935763 0.00692802392802 3.4601e-05
pedestrian -1 -1 -10 926.59 218.82 959.454 282.59 0.988995577395 1.08099959549 0.737997144866 5.22671386631 1.40212051744 10.2694046127 0.00692802392802 2.8372e-05
pedestrian -1 -1 -10 941.35 223.86 982.592 278.458 2.2449900046 1.19299903131 1.19399576064 5.68917793637 1.38781333548 11.1664758463 0.00692802392802 1.8601e-05
pedestrian -1 -1 -10 270.25 195.49 308.608 279.666 1.97199116349 0.264999210064 1.1909955125 -6.81655470715 1.01238788474 15.4619433452 0.00692802392802 1.2226e-05
pedestrian -1 -1 -10 983.03 225.52 1017.66 291.744 2.00399105549 0.970999059688 1.19299536004 6.66411094669 1.38645261032 11.7548748862 0.00692802392802 1.189e-05
pedestrian -1 -1 -10 879.18 195.77 917.251 278.195 0.939995771647 1.11799927287 0.675997579856 4.26515201736 1.39186724396 10.1865808536 0.00692802392802 1.488e-06
pedestrian -1 -1 -10 852.65 120.68 905.615 238.43 1.99399107993 1.1369993134 1.19199543627 4.62907228296 1.14103427094 11.7806946804 0.00692802392802 2.3951e-07
pedestrian -1 -1 -10 861.49 122.08 882.79 219.712 1.67699246556 0.459000276409 0.447998271971 3.14900851164 1.19484860731 8.51911463912 0.00692802392802 1.201e-07
pedestrian -1 -1 -10 498.19 89.196 560.506 220.436 0.640997113288 0.130999476349 0.125999573596 -1.44592677926 -0.257703624785 14.8330170955 0.00692802392802 7.2759e-08
