pedestrian -1 -1 -10 229.96 145.75 280.397 293.87 1.86799168587 0.459000276409 0.879996810016 -4.47557701439 1.3951599807 9.14507478944 0.00692802392802 0.99251
pedestrian -1 -1 -10 217.98 148.54 260.988 306.45 2.22799000144 1.19299998499 0.72199741094 -7.13895915531 1.31948682647 13.5303375666 0.00692802392802 0.23338
pedestrian -1 -1 -10 245.6 145.04 303.438 292.42 1.29799416289 0.646999874348 0.639997940104 -6.2219614807 1.15077026435 13.6973331885 0.00692802392802 0.1729
pedestrian -1 -1 -10 663.88 230.26 674.725 263.437 1.78799206018 0.412999826931 1.19299553885 1.42206545362 1.16870722978 14.5541330373 0.00692802392802 0.010968
pedestrian -1 -1 -10 842.01 209.69 856.867 260.968 0.555997484923 0.258999649006 0.594998032786 4.88866478577 1.28089546625 13.904947482 0.00692802392802 0.0082306
pedestrian -1 -1 -10 345.37 207.04 377.543 278.735 1.01899547428 1.16699997972 1.17399561639 -3.6233852069 1.38315757469 10.5926863464 0.00692802392802 0.0036949
pedestrian -1 -1 -10 767.13 165.65 779.449 227.936 0.762996576726 0.0919989916094 0.690997151599 4.08781568419 0.749823306511 17.6443494592 0.00692802392802 0.0033377
pedestrian -1 -1 -10 355.97 193.9 388.172 273.303 1.06299518794 1.18699947025 1.18399556931 -3.61496542489 1.38355993124 11.0946156131 0.00692802392802 0.0020621
pedestrian -1 -1 -10 665.09 217.8 678.096 262.005 2.26198982894 1.19599928868 1.06499593891 1.31222164366 1.43697751123 12.8333880227 0.00692802392802 0.0013913
pedestrian -1 -1 -10 655.97 229.27 667.884 273.573 2.25998986363 0.756000006474 0.800996991269 1.20790778022 1.4356464653 12.5001019865 0.00692802392802 0.0013296
pedestrian -1 -1 -10 886.94 232.28 909.395 275.752 0.927995860577 0.713999264368 0.602997661332 4.2356178916 1.38011666127 10.0397753189 0.00692802392802 0.00095581
pedestrian -1 -1 -10 763.2 160.48 792.764 242.601 0.762996576726 0.0889987342432 0.618997395259 4.12382509046 0.749722567751 17.6456000307 0.00692802392802 0.00079926
pedestrian -1 -1 -10 883.06 227.74 898.426 278.015 0.927995860577 0.936998686001 0.608997680763 4.23939029573 1.37997873947 10.1512515603 0.00692802392802 0.00072171
pedestrian -1 -1 -10 647.68 187.49 659.857 231.522 2.26198982894 1.17499939446 0.753997117211 1.15652851721 1.43743825636 12.8059659614 0.00692802392802 0.00071101
pedestrian -1 -1 -10 656.17 217.77 678.29 272.608 1.47899335176 1.14699858184 1.02599617023 1.29605003925 1.43665374573 13.1584626157 0.00692802392802 0.00071017
pedestrian -1 -1 -10 836.7 206.54 851.443 260.448 0.555997484923 0.258999649006 0.594998032786 4.88866478577 1.28089546625 13.904947482 0.00692802392802 0.000454
pedestrian -1 -1 -10 659.07 212.64 673.305 262.097 2.26198982894 1.12599964129 0.971996352974 1.26535578246 1.43716701709 12.7807111783 0.00692802392802 0.00037777
pedestrian -1 -1 -10 762.7 166.43 773.89 215.939 2.39398932755 0.625999026458 0.984996196394 3.24661289841 1.49493281636 14.328014048 0.00692802392802 0.00037153
pedestrian -1 -1 -10 663.13 182.89 679.155 227.199 2.26198982894 1.12299938393 1.02599617023 1.29167956711 1.43720616205 12.6830265959 0.00692802392802 0.00027808
pedestrian -1 -1 -10 891.78 242.92 907.707 280.61 0.927995860577 0.659999400145 0.602997661332 4.23543083692 1.38014806173 10.0127760347 0.00692802392802 0.00026876
pedestrian -1 -1 -10 336.25 202.66 362.058 287.347 0.96999566853 0.899999962295 1.08099579204 -3.70632907157 1.38363579787 10.3747845139 0.00692802392802 0.00026811
pedestrian -1 -1 -10 757.53 161.77 768.411 208.718 2.30898966938 0.625999026458 1.07299592508 3.2024968832 1.41005415106 14.3282704027 0.00692802392802 0.00025081
pedestrian -1 -1 -10 658.32 201.58 686.907 261.583 2.06399081945 0.412999826931 1.18999558874 1.42918468757 1.16868660595 14.5539231955 0.00692802392802 0.00018187
pedestrian -1 -1 -10 317.47 201.93 348.544 276.746 1.93699129373 0.511999736952 1.1979954557 -5.8302183207 0.991697922969 15.4356054265 0.00692802392802 0.00016249
pedestrian -1 -1 -10 648.98 182.6 682.737 243.539 2.26198982894 1.19099917763 0.978996296171 1.26908082735 1.43711959603 12.8131859076 0.00692802392802 0.00011713
pedestrian -1 -1 -10 958.76 239.0 972.746 281.102 2.01099099368 1.11299916182 1.19699553193 6.03527881835 1.40532825338 11.6312459847 0.00692802392802 8.6619e-05
pedestrian -1 -1 -10 934.93 217.88 965.834 272.616 0.917995914817 0.591999606444 0.235999174848 4.41970153843 1.37951553882 10.1215073094 0.00692802392802 7.9783e-05
pedestrian -1 -1 -10 278.82 210.22 315.282 291.164 0.968995626271 1.15199869289 1.06899575318 -4.51898258879 1.39482131017 10.4234295601 0.00692802392802 4.8524e-05
pedestrian -1 -1 -10 880.63 207.06 902.17 271.776 0.927995860577 0.766999678586 0.602997661332 4.2358014842 1.38008584199 10.06627489 0.00692802392802 4.0729e-05
pedestrian -1 -1 -10 910.32 221.02 944.227 272.426 2.21599009037 0.845999144397 1.19599560817 5.60358917287 1.36315126994 11.9515764771 0.00692802392802 1.2619e-05
