pedestrian -1 -1 -10 450.4 176.07 463.568 204.532 1.23899601066 0.138999570765 0.142000124317 -7.50763355264 0.371269065202 37.9192990317 0.00775554733258 0.17418
pedestrian -1 -1 -10 445.92 164.25 468.366 203.684 1.23899601066 0.138999570765 0.142000124317 -7.50763355264 0.371269065202 37.9192990317 0.00775554733258 0.061169
pedestrian -1 -1 -10 647.27 167.91 658.401 192.548 0.381998760819 0.293997939482 0.376999658452 3.36938581102 0.474352899452 45.353467128 0.00775554733258 0.023447
pedestrian -1 -1 -10 442.26 168.84 454.123 201.94 0.100999662042 0.00500486955495 0.21600044431 -14.234969432 -0.78663247225 65.8407367856 0.00775554733258 0.013495
pedestrian -1 -1 -10 745.95 79.306 773.258 198.146 1.38499556839 0.494998574342 0.430999769529 2.89669371992 0.588925054926 12.8144570499 0.00775554733258 7.9199e-05
pedestrian -1 -1 -10 477.3 166.31 494.476 205.952 0.683997774959 0.574999239807 1.01999944904 -5.00201152912 0.835226082959 31.1839469091 0.00775554733258 6.2419e-05
pedestrian -1 -1 -10 751.24 126.67 781.883 214.386 1.86899397814 0.494998574342 0.430999769529 2.89693918122 1.07292346467 12.8138999684 0.00775554733258 5.6063e-05
pedestrian -1 -1 -10 957.0 139.8 992.033 206.744 1.64699471962 1.19199723158 0.501999593269 6.6720963612 1.07433069526 12.4818534389 0.00775554733258 1.6984e-05
pedestrian -1 -1 -10 962.79 135.47 982.183 191.082 1.62499474585 1.17899677774 0.47499965694 6.68880005279 1.04626999062 12.897276299 0.00775554733258 1.4563e-05
pedestrian -1 -1 -10 932.92 105.67 964.683 216.78 0.533998296499 0.386000564426 0.470000975617 16.8980656581 -1.0871797442 34.5779507255 0.00775554733258 1.864e-06
