pedestrian -1 -1 -10 389.41 215.64 402.994 274.239 2.08277128422 1.15987277757 1.12599982126 -3.25747681879 1.44654454413 11.2031861701 0.00753464155925 0.011587
pedestrian -1 -1 -10 1138.9 246.36 1168.13 311.194 2.29874758971 1.19286915503 1.08099952032 5.68400328972 1.69218900127 7.4317649455 0.00753464155925 0.0052096
pedestrian -1 -1 -10 275.89 232.14 298.949 272.06 1.86679497874 0.405955662864 0.721999901057 -5.40667700113 1.21564328858 11.728269528 0.00753464155925 0.0041294
pedestrian -1 -1 -10 384.44 212.46 397.315 271.445 2.03577651309 0.692923926515 0.901999912714 -3.36783443563 1.40288046479 11.4238466017 0.00753464155925 0.0038812
pedestrian -1 -1 -10 287.14 230.6 307.2 279.264 1.91578968334 0.806911759015 1.18699967288 -3.80787637809 1.33370283742 8.96195790782 0.00753464155925 0.0022827
pedestrian -1 -1 -10 1153.1 221.04 1194.9 337.44 2.28274931395 1.18986970107 0.947999664029 5.61422923141 1.68579093493 6.99670697636 0.00753464155925 0.0015471
pedestrian -1 -1 -10 383.84 209.55 408.235 275.666 2.08277128422 1.12787669489 1.12099970835 -3.25985626612 1.44678320115 11.2192025672 0.00753464155925 0.0014848
pedestrian -1 -1 -10 279.13 219.44 309.852 284.685 1.91578968334 0.806911759015 1.19399987864 -3.84137549498 1.33372722793 8.96220995535 0.00753464155925 0.00070994
pedestrian -1 -1 -10 1046.9 128.8 1067.52 179.12 1.03588626388 1.13887516952 0.813999880524 11.3925613393 0.162105330263 18.4035736728 0.00753464155925 0.0006788
pedestrian -1 -1 -10 1179.2 150.96 1215.16 284.5 2.29874758971 1.19786824495 1.19499980586 5.80341923246 1.68703032399 7.08839431305 0.00753464155925 0.00060996
pedestrian -1 -1 -10 1168.3 168.45 1205.02 290.42 2.29874758971 1.19586908577 1.1279999141 5.74841825707 1.68804769957 7.1548030019 0.00753464155925 0.00043453
pedestrian -1 -1 -10 1040.7 118.55 1074.55 188.192 0.910899969221 1.1458743722 0.389999270265 11.7098588929 0.0265171318951 18.714808162 0.00753464155925 0.00037245
pedestrian -1 -1 -10 1174.0 207.99 1213.12 340.11 2.29874758971 1.19686890375 1.05699935982 5.66792779216 1.68418958903 6.89092972135 0.00753464155925 0.00034865
pedestrian -1 -1 -10 766.47 171.76 782.137 227.097 2.54872014177 1.18287097517 0.652999678038 5.49163927945 1.69211684774 22.5481514108 0.00753464155925 0.00034656
pedestrian -1 -1 -10 1128.9 239.22 1165.47 338.735 2.32574457574 0.993890595536 0.917999463404 6.3958632141 1.69414536 8.67424418804 0.00753464155925 0.00011788
pedestrian -1 -1 -10 192.01 216.91 204.597 251.317 1.54083079565 0.567937619388 0.555999585661 -5.73412974322 0.903538672235 10.2217358525 0.00753464155925 0.00010949
pedestrian -1 -1 -10 265.15 213.2 297.499 271.526 1.86879473341 0.405955662864 0.852999902918 -5.47217576474 1.2156909774 11.7287771437 0.00753464155925 8.9465e-05
pedestrian -1 -1 -10 1149.7 191.86 1186.82 312.42 2.29174832917 1.194868791 0.970999420477 5.62654341899 1.68738862891 7.10517188822 0.00753464155925 8.0172e-05
pedestrian -1 -1 -10 0.0 53.103 85.244 163.473 1.62382171702 1.19786872174 0.650999823609 -2.1126811239 1.15260427272 2.33929265762 0.00753464155925 2.4837e-05
pedestrian -1 -1 -10 749.89 141.78 781.807 222.149 2.46072986352 1.18186972683 0.504999483017 5.34625780978 1.59228758389 23.5667132067 0.00753464155925 1.0695e-05
pedestrian -1 -1 -10 27.808 81.505 105.165 164.55 1.65381842446 1.19786896013 0.647999803547 -2.11341216778 1.18209733862 2.44009746621 0.00753464155925 8.6311e-07
