pedestrian -1 -1 -10 854.93 154.74 955.92 301.77 1.67799246311 0.701999188577 0.970996548417 3.71898888117 1.42981235024 8.92594860016 0.00692802392802 0.99828
pedestrian -1 -1 -10 842.85 165.09 904.702 293.78 2.23099000901 1.15199869289 1.19499544598 4.58882521567 1.37298976126 11.9166087657 0.00692802392802 0.43555
pedestrian -1 -1 -10 700.47 164.02 714.32 214.337 2.40098920614 0.654999289093 1.19599536975 2.15998478971 1.49878072118 14.4580457247 0.00692802392802 0.076726
pedestrian -1 -1 -10 704.56 164.7 724.916 208.96 0.755996608734 0.148998159525 1.13299564256 2.88181954984 0.740140236575 17.652197835 0.00692802392802 0.030195
pedestrian -1 -1 -10 694.1 166.76 719.921 228.437 2.40098920614 0.678999440675 1.18799550279 2.15006821315 1.49879426363 14.4701148238 0.00692802392802 0.0088076
pedestrian -1 -1 -10 696.68 199.28 709.301 228.667 2.41598924398 0.799998694919 1.18899542655 2.09112748692 1.51386778572 14.54803376 0.00692802392802 0.0032675
pedestrian -1 -1 -10 833.98 158.43 848.352 215.062 2.19999018908 1.04799867181 1.19399552222 4.19182496298 1.33866169703 12.2863460214 0.00692802392802 0.0026026
pedestrian -1 -1 -10 664.08 228.94 675.807 265.647 1.46699350029 1.04599881813 1.02799613697 1.33497060612 1.43356115088 13.1456962324 0.00692802392802 0.0024412
pedestrian -1 -1 -10 1205.4 239.67 1224.01 290.761 0.890996085107 0.285999581117 0.870996542451 4.562293986 1.37472304374 5.22540853737 0.00692802392802 0.0023491
pedestrian -1 -1 -10 942.43 227.95 965.692 271.434 0.983995664119 0.723999486473 0.263998947638 4.9473127729 1.40112167412 10.0678372719 0.00692802392802 0.0013417
pedestrian -1 -1 -10 682.71 191.0 709.585 260.092 2.41598924398 0.802998952285 1.19099563171 1.93012161223 1.51431225383 14.5476495807 0.00692802392802 0.00081082
pedestrian -1 -1 -10 713.35 165.3 726.468 212.503 0.757996633649 0.0899981842495 1.17199553044 2.98811512338 0.741881711515 17.6219615317 0.00692802392802 0.00060295
pedestrian -1 -1 -10 666.5 195.63 701.993 262.728 1.79999201596 1.13299865236 0.937996501149 1.37758765356 1.43376013597 12.867700567 0.00692802392802 0.00048618
pedestrian -1 -1 -10 750.69 142.39 763.112 199.195 1.96899115592 0.549999818012 1.08499596394 3.09589941488 1.07036921735 14.309810579 0.00692802392802 0.00041963
pedestrian -1 -1 -10 691.25 189.37 703.498 227.163 1.46699350029 1.11799927287 0.666997550709 1.51521615507 1.43310667319 13.1084457982 0.00692802392802 0.0002054
pedestrian -1 -1 -10 678.9 207.87 693.67 263.987 2.39998928308 0.754999602794 1.19399540301 1.72343896285 1.49890804543 14.5250726117 0.00692802392802 0.00017766
pedestrian -1 -1 -10 836.89 197.56 864.647 265.018 0.553997519612 0.317000174275 0.648997253998 4.91967492076 1.27880793051 13.9067312792 0.00692802392802 0.00013488
pedestrian -1 -1 -10 671.41 171.55 688.205 226.335 1.46699350029 0.842998887031 0.967996359888 1.36567296261 1.43336061309 13.2469858278 0.00692802392802 9.9967e-05
pedestrian -1 -1 -10 340.51 221.27 383.032 282.272 0.937995806336 0.671999475936 0.696997409448 -3.51853276607 1.35231041739 10.2064616745 0.00692802392802 6.8041e-05
pedestrian -1 -1 -10 684.88 208.26 700.823 261.523 2.40098920614 0.664999511198 1.13799573822 1.86812459581 1.49956157642 14.479069202 0.00692802392802 5.8716e-05
pedestrian -1 -1 -10 361.93 198.64 380.186 269.757 1.90899142176 0.576999273287 1.19699553193 -4.96049709207 0.97443045599 15.3210733989 0.00692802392802 3.9521e-05
pedestrian -1 -1 -10 355.41 211.78 374.364 265.954 0.962995670736 0.999999322323 0.868996933337 -3.6033598031 1.37735603884 10.3710680394 0.00692802392802 2.2473e-05
pedestrian -1 -1 -10 363.7 189.26 395.142 274.612 1.98999114931 0.407999715878 1.19199543627 -4.77364370051 1.05704190047 15.2103256733 0.00692802392802 1.0659e-05
pedestrian -1 -1 -10 318.31 214.65 341.046 274.677 1.01699550897 1.17499939446 1.16799559696 -4.06205490414 1.39748290635 10.4917406753 0.00692802392802 7.4156e-06
pedestrian -1 -1 -10 328.63 214.15 348.226 278.945 0.983995604515 0.72599934016 1.08199595423 -3.71077692972 1.39880815854 10.234821513 0.00692802392802 4.8174e-06
pedestrian -1 -1 -10 332.46 203.54 361.087 290.507 0.967995643616 0.852999109136 1.08199595423 -3.71035906719 1.38273434837 10.2983107223 0.00692802392802 3.4525e-07
