pedestrian -1 -1 -10 828.43 144.12 904.112 316.4 1.86299163848 0.614999831184 0.571997878827 2.92823286014 1.45148419848 7.62181240172 0.00692802392802 0.9973
pedestrian -1 -1 -10 826.46 196.03 872.165 320.09 1.86299163848 0.614999831184 0.571997878827 2.92823286014 1.45148419848 7.62181240172 0.00692802392802 0.35375
pedestrian -1 -1 -10 762.22 159.53 791.345 239.752 0.762996576726 0.101999213714 0.663997779411 4.12834243975 0.749707284999 17.6480693119 0.00692802392802 0.0064051
pedestrian -1 -1 -10 766.94 162.05 780.097 227.784 0.762996576726 0.108999178453 0.718997401224 4.10081904165 0.749786975674 17.6447600193 0.00692802392802 0.0055936
pedestrian -1 -1 -10 355.11 211.95 390.964 280.526 1.06799525022 1.16699902605 1.13199571879 -3.60250895014 1.3876161093 11.0155287005 0.00692802392802 0.0023349
pedestrian -1 -1 -10 861.81 178.45 926.228 304.97 0.936995764077 0.823999800175 0.601997499148 4.24520595338 1.40408454518 10.0447317707 0.00692802392802 0.00088888
pedestrian -1 -1 -10 664.08 226.39 676.124 261.482 1.47499343604 0.827999507548 1.13399574514 1.26337810645 1.44085750732 13.0591935519 0.00692802392802 0.00059978
pedestrian -1 -1 -10 762.23 161.45 774.103 215.92 2.30998965204 0.64999917804 0.998996321206 3.25950769781 1.40989508483 14.329874562 0.00692802392802 0.00053793
pedestrian -1 -1 -10 761.69 138.99 774.433 196.176 1.76399208903 0.929999674936 0.81999685412 3.11085505361 0.922543073903 12.3736070865 0.00692802392802 0.00052536
pedestrian -1 -1 -10 751.41 137.09 764.129 194.63 1.80899190456 0.518999701691 1.08099579204 3.10103256033 0.909296340549 14.361182318 0.00692802392802 0.00040734
pedestrian -1 -1 -10 340.81 209.99 372.614 278.472 1.00799548626 1.10699960076 1.04099621881 -3.68266524875 1.38845448213 10.4761066136 0.00692802392802 0.00034497
pedestrian -1 -1 -10 328.92 205.52 346.83 280.547 1.06899517328 1.17699924815 1.19399552222 -4.01258166501 1.39008802293 10.7173649649 0.00692802392802 0.00031418
pedestrian -1 -1 -10 837.88 155.79 851.359 209.395 2.18599025309 0.969999609682 1.12299592806 4.25031665052 1.32649975663 12.2869352086 0.00692802392802 0.00014027
pedestrian -1 -1 -10 750.77 153.02 762.811 214.495 0.765996569395 0.173000218455 1.1639959019 3.87809930058 0.750436030489 17.6143007309 0.00692802392802 0.00012578
pedestrian -1 -1 -10 365.56 197.43 399.703 277.193 1.01699544936 1.18699947025 0.802997196428 -3.45771398633 1.38767570104 10.6145457792 0.00692802392802 0.00011205
pedestrian -1 -1 -10 690.42 209.85 706.537 263.626 2.05999082923 0.645999470668 1.19899537947 1.95384631143 1.16437937277 14.4317829057 0.00692802392802 0.00010621
pedestrian -1 -1 -10 930.06 223.99 953.445 273.628 0.981995639205 1.06199955496 0.219998964086 5.51695186105 1.40612052212 10.4439067257 0.00692802392802 0.00010011
pedestrian -1 -1 -10 757.02 155.81 768.904 212.948 2.17699023038 0.398999897453 1.00199633092 3.16695746143 1.27729322688 14.2049360631 0.00692802392802 8.7258e-05
pedestrian -1 -1 -10 958.38 238.51 972.966 279.392 2.09999055266 0.900999412301 1.19599560817 6.15153173783 1.39185717982 11.7623763745 0.00692802392802 5.9387e-05
pedestrian -1 -1 -10 835.48 145.98 874.003 226.093 1.96399124265 0.579999530653 0.749997422147 4.35785855708 1.10398110688 12.4810654289 0.00692802392802 3.5595e-05
pedestrian -1 -1 -10 855.89 137.13 909.215 287.7 1.86299163848 0.614999831184 0.571997878827 2.92823286014 1.45148419848 7.62181240172 0.00692802392802 2.2921e-05
pedestrian -1 -1 -10 319.31 199.19 354.182 283.673 0.100999595225 0.00599860738507 0.0659997369094 -6.91771931984 1.46512563772 18.5668352713 0.00692802392802 1.3787e-05
pedestrian -1 -1 -10 845.66 141.08 888.696 230.482 1.77799209952 0.614999831184 0.571997878827 2.92811565252 1.36648465952 7.62176378605 0.00692802392802 5.0925e-06
pedestrian -1 -1 -10 879.05 204.3 937.317 301.988 0.936995764077 1.07499908076 0.656997597796 4.27357479969 1.40386297035 10.1700377918 0.00692802392802 1.1692e-06
pedestrian -1 -1 -10 302.94 189.34 345.797 283.037 1.01499542445 1.19099917763 1.17099560668 -4.09271345617 1.39659348311 10.4689524027 0.00692802392802 3.9833e-07
pedestrian -1 -1 -10 280.67 186.85 307.539 278.797 1.06899520308 1.19699873869 1.07899594451 -4.52528408899 1.39770158998 10.542921526 0.00692802392802 2.1911e-07
